# triplet j1 / nf 2 / mode 2 / nplat  4 / jkb  20 / start     1 / nmeas 10000
 0.0010   6.4452470854757249E-003   2.7480828439984344E-004   2.4866298965576933E-003   6.0910513326613365E-005  0.34600390645510853        1.5349272180765568E-002
 0.0020   1.2853767265102133E-002   5.4916599929821254E-004   4.9691901237629461E-003   1.2144997305305456E-004  0.34685053619139272        1.5413152793723444E-002
 0.0030   1.9244389334984454E-002   8.2071351660375591E-004   7.4436485807102687E-003   1.8125292032069657E-004  0.34726772460097294        1.5401582739185802E-002
 0.0040   2.5600955435737951E-002   1.0861266392476179E-003   9.9060475367742217E-003   2.3996493030035976E-004  0.34772748843385681        1.5341847220861961E-002
 0.0050   3.1911529330982853E-002   1.3437329927284262E-003   1.2352538927237420E-002   2.9724774746495006E-004  0.34828157337231624        1.5252407468614204E-002
 0.0060   3.8165323106618465E-002   1.5919515749540307E-003   1.4779417455713657E-002   3.5278398160353794E-004  0.34893966332700826        1.5139051037798083E-002
 0.0070   4.4352336942154159E-002   1.8293687963529112E-003   1.7183150891738590E-002   4.0628124823304646E-004  0.34970264072478480        1.5004717233009947E-002
 0.0080   5.0463425467000833E-002   2.0547339867126890E-003   1.9560407046115981E-002   4.5747566047704843E-004  0.35056794932052421        1.4851200188018693E-002
 0.0090   5.6490307281267589E-002   2.2670010128794434E-003   2.1908077014907931E-002   5.0613460566777363E-004  0.35153165995327007        1.4680030738131081E-002
 0.0100   6.2425618287945968E-002   2.4653420240682913E-003   2.4223294400046971E-002   5.5205876784627248E-004  0.35258899183543363        1.4492677490673645E-002
 0.0200  0.11578967947771834        3.6396835224636074E-003   4.5151162157766538E-002   8.4129435443325502E-004  0.36702412378673177        1.2032936614013228E-002
 0.0400  0.19224096052889320        3.2439890080469781E-003   7.4141850934546408E-002   7.4102547217907088E-004  0.40061829444433017        7.0504901504032571E-003
 0.0600  0.24769093564305608        2.3310989311979354E-003   9.1929686193919960E-002   4.6767115631228307E-004  0.42404153519907367        4.1339818756033261E-003
 0.0800  0.29639086938279086        1.7576053349309174E-003  0.10472663145596497        2.9441149196000091E-004  0.43674077256705313        2.6616461904676353E-003
 0.1000  0.34272990252121066        1.4186831154791317E-003  0.11517370449952719        1.9748748445834000E-004  0.44283268515789953        1.8719496614433156E-003
 0.1200  0.38785700568761416        1.1999797668618716E-003  0.12429049478723556        1.4105034015971619E-004  0.44530025003700696        1.4006805338343509E-003
 0.1400  0.43210841895421687        1.0470710971400041E-003  0.13251470411681796        1.0599348171620055E-004  0.44577768377710814        1.0948072826814986E-003
 0.1600  0.47564062385635497        9.3696736148790388E-004  0.14006308504624063        8.2801379470032825E-005  0.44510030621502750        8.8662160998475073E-004
 0.1800  0.51857349944599662        8.5922273676831431E-004  0.14705911283320791        6.6625654660201734E-005  0.44369741844407812        7.4199968662480597E-004
 0.2000  0.56101526806429025        8.0790251846533587E-004  0.15358227316088910        5.4885836066586616E-005  0.44180015156799896        6.4110310528225792E-004
 0.2200  0.60306352151497522        7.7857321787376088E-004  0.15968892422380232        4.6114663129372715E-005  0.43954230006179962        5.7100032759869253E-004
 0.2400  0.64480389793071768        7.6728600089818707E-004  0.16542196538878312        3.9412454194938273E-005  0.43700816637575435        5.2261831395301460E-004
 0.2600  0.68631005787571375        7.7036073264601210E-004  0.17081573643017578        3.4190794167994499E-005  0.43425541947916685        4.8937126887214758E-004
 0.2800  0.72764476275961365        7.8447056669985317E-004  0.17589872066336232        3.0047698979247548E-005  0.43132630606720906        4.6646801777585847E-004
 0.3000  0.76886144493210062        8.0677960755827353E-004  0.18069515629650737        2.6701580770013848E-005  0.42825337794811702        4.5048629573282131E-004
 0.3200  0.81000581649610215        8.3501405710954780E-004  0.18522606337725381        2.3952500019876897E-005  0.42506260344645264        4.3904709958905990E-004
 0.3400  0.85111732068448165        8.6744993404839468E-004  0.18950993576952718        2.1657355541616452E-005  0.42177518038675976        4.3054394305059879E-004
 0.3600  0.89223034290055792        9.0284149091904287E-004  0.19356322911043145        1.9712846794069439E-005  0.41840868327183228        4.2392048908711368E-004
 0.3800  0.93337519276826797        9.4031929517241527E-004  0.19740071786448074        1.8043797069381214E-005  0.41497784013242384        4.1849516500436348E-004
 0.4000  0.97457889011141519        9.7929351482689162E-004  0.20103576464268400        1.6594795802537299E-005  0.41149508896870596        4.1383439099994165E-004


# triplet j3 / nf 2 / mode 2 / nplat  4 / jkb  20 / start     1 / nmeas 10000
 0.0010  0.16255581549473042        2.2195532260413861E-003   2.4866298965576933E-003   6.0910513326613365E-005   1.3718861197649961E-002   2.5163481064400817E-004
 0.0020  0.16267417567488276        2.2183533643641042E-003   4.9691901237629461E-003   1.2144997305305456E-004   2.7406538557726484E-002   5.0184485486142990E-004
 0.0030  0.16287113906385886        2.2163626760722229E-003   7.4436485807102687E-003   1.8125292032069657E-004   4.1032164041506544E-002   7.4922805388653196E-004
 0.0040  0.16314626132134125        2.2136030781133315E-003   9.9060475367742217E-003   2.3996493030035976E-004   5.4565491498711760E-002   9.9242905980127111E-004
 0.0050  0.16349892299961449        2.2100966955648110E-003   1.2352538927237420E-002   2.9724774746495006E-004   6.7977191777206583E-002   1.2301583914964131E-003
 0.0060  0.16392833424102593        2.2058757204789911E-003   1.4779417455713657E-002   3.5278398160353794E-004   8.1239128410889608E-002   1.4612134673293107E-003
 0.0070  0.16443354480812056        2.2009774745522796E-003   1.7183150891738590E-002   4.0628124823304646E-004   9.4324606144602002E-002   1.6844945152277200E-003
 0.0080  0.16501345531866435        2.1954440159559826E-003   1.9560407046115981E-002   4.5747566047704843E-004  0.10720858821780348        1.8990182203949737E-003
 0.0090  0.16566681776257647        2.1893175947161093E-003   2.1908077014907931E-002   5.0613460566777363E-004  0.11986788759541304        2.1039262717282279E-003
 0.0100  0.16639225795606591        2.1826547012614114E-003   2.4223294400046971E-002   5.5205876784627248E-004  0.13228130976299474        2.2985001621222958E-003
 0.0200  0.17723581185426893        2.0985603168005131E-003   4.5151162157766538E-002   8.4129435443325502E-004  0.23978001516307265        3.6125950877512023E-003
 0.0400  0.21248979271610655        1.9633032638125998E-003   7.4141850934546408E-002   7.4102547217907088E-004  0.36244209542959049        3.8072328605724816E-003
 0.0600  0.25566363019078203        1.9313891428506431E-003   9.1929686193919960E-002   4.6767115631228307E-004  0.41081809143756481        3.2746934567095837E-003
 0.0800  0.30082050353885392        1.9450101815524075E-003  0.10472663145596497        2.9441149196000091E-004  0.43030968884519999        2.8472336867876370E-003
 0.1000  0.34602400058929145        1.9696879496585284E-003  0.11517370449952719        1.9748748445834000E-004  0.43861698251826359        2.5249192555023034E-003
 0.1200  0.39070933926975560        1.9963447114579912E-003  0.12429049478723556        1.4105034015971619E-004  0.44204938109261349        2.2725534406464278E-003
 0.1400  0.43474770019286979        2.0238578523782661E-003  0.13251470411681796        1.0599348171620055E-004  0.44307144133607596        2.0702044465402305E-003
 0.1600  0.47815900238247649        2.0526653853553990E-003  0.14006308504624063        8.2801379470032825E-005  0.44275604196912416        1.9051860607342574E-003
 0.1800  0.52101548162575473        2.0829510431372824E-003  0.14705911283320791        6.6625654660201734E-005  0.44161782344689260        1.7683616059252409E-003
 0.2000  0.56340421685147635        2.1143879789228982E-003  0.15358227316088910        5.4885836066586616E-005  0.43992682881907597        1.6528625854083879E-003
 0.2200  0.60541148264847533        2.1463759466654217E-003  0.15968892422380232        4.6114663129372715E-005  0.43783762767507917        1.5535602359063058E-003
 0.2400  0.64711653448240047        2.1783332932526914E-003  0.16542196538878312        3.9412454194938273E-005  0.43544640585026756        1.4667237489512229E-003
 0.2600  0.68858972364828963        2.2098706060111641E-003  0.17081573643017578        3.4190794167994499E-005  0.43281776047505444        1.3897044718019281E-003
 0.2800  0.72989246042294065        2.2408286182120925E-003  0.17589872066336232        3.0047698979247548E-005  0.42999804035294620        1.3206393906055210E-003
 0.3000  0.77107796473266221        2.2712217260192958E-003  0.18069515629650737        2.6701580770013848E-005  0.42702233240500065        1.2581963443324782E-003
 0.3200  0.81219226245174669        2.3011600056241552E-003  0.18522606337725381        2.3952500019876897E-005  0.42391832215596637        1.2013877949310576E-003
 0.3400  0.85327523551661100        2.3307780336249951E-003  0.18950993576952718        2.1657355541616452E-005  0.42070851997087466        1.1494446999287184E-003
 0.3600  0.89436162732790736        2.3602012235527854E-003  0.19356322911043145        1.9712846794069439E-005  0.41741160570982938        1.1017453540619255E-003
 0.3800  0.93548193067856478        2.3895242506337061E-003  0.19740071786448074        1.8043797069381214E-005  0.41404329557408492        1.0577701403866168E-003
 0.4000  0.97666316404923592        2.4188104665343554E-003  0.20103576464268400        1.6594795802537299E-005  0.41061692695640811        1.0170778105465436E-003


