# triplet j1 / nf 5 / mode 2 / nplat  4 / jkb  20 / start     1 / nmeas 10000
 0.0010   3.9731037903467043E-003   6.8326341644402936E-004   1.2407089105269183E-003   2.5773976601646274E-005  0.39647886192746201        6.8307594651431450E-002
 0.0020   7.7752477524972875E-003   1.3832512005328402E-003   2.4812682520820545E-003   5.1523594152685610E-005  0.40518430895470986        7.2206744037116286E-002
 0.0030   1.1621186535162928E-002   2.0898848956624125E-003   3.7215592345141249E-003   7.7228822507205967E-005  0.40661895592898906        7.3245539824396827E-002
 0.0040   1.5475513818621233E-002   2.7923778409515792E-003   4.9614961899763421E-003   1.0287425793613575E-004  0.40710482268938980        7.3578514495761832E-002
 0.0050   1.9332710343441407E-002   3.4909718881981537E-003   6.2010257326335916E-003   1.2844895293980275E-004  0.40732308341957846        7.3672570728434264E-002
 0.0060   2.3191246205533832E-002   4.1856501089009767E-003   7.4401255555479693E-003   1.5394618448402543E-004  0.40743343814252764        7.3655949797578626E-002
 0.0070   2.7050651716296215E-002   4.8761359558923932E-003   8.6788028784712656E-003   1.7936317062862531E-004  0.40748928861603134        7.3574392450653295E-002
 0.0080   3.0910902588477944E-002   5.5620565422744061E-003   9.9170925633675754E-003   2.0470074501899261E-004  0.40751208098691788        7.3447562682431300E-002
 0.0090   3.4772197434354932E-002   6.2429593694470920E-003   1.1155054917226305E-002   2.2996299786746808E-004  0.40751159662370451        7.3284629758198008E-002
 0.0100   3.8634882771011562E-002   6.9183917367046134E-003   1.2392773204149011E-002   2.5515689062680720E-004  0.40749252825634702        7.3090625829525704E-002
 0.0200   7.7442026882111242E-002   1.3252817179146429E-002   2.4785127179307243E-002   5.0606076642936465E-004  0.40658266701897899        6.9703046735829596E-002
 0.0400  0.15576285009565879        2.1083906216675920E-002   4.9845857938275062E-002   1.0007078664246143E-003  0.40541110999114904        5.5026737320387424E-002
 0.0600  0.22555210882434137        1.8787754643478947E-002   7.3357368204418669E-002   1.1705420266693942E-003  0.41597344037844775        3.4807807652166338E-002
 0.0800  0.27976865511487209        1.2513729876289570E-002   9.2027768191828285E-002   9.1179208006555133E-004  0.43373091770083805        1.9518908159415694E-002
 0.1000  0.32560188983980159        7.9153777003763501E-003  0.10612756043883391        6.2630939677854570E-004  0.44744758817303087        1.0957280916321487E-002
 0.1200  0.36926529898606375        5.1993673819474076E-003  0.11740874900845287        4.3715511665703483E-004  0.45458735771766356        6.4564335660207044E-003
 0.1400  0.41272361639560173        3.5960705612007354E-003  0.12702844030894739        3.1495548912297846E-004  0.45695157466080771        4.0215281280672217E-003
 0.1600  0.45622379708809729        2.6205177689823996E-003  0.13556364908287102        2.3366719160071978E-004  0.45652932518496137        2.6516258416644789E-003
 0.1800  0.49963587685425215        2.0188677721611711E-003  0.14330467456746634        1.7840650900894305E-004  0.45459830617859115        1.8585540126704078E-003
 0.2000  0.54283617836426457        1.6499247361906829E-003  0.15041327872504459        1.3970422013588385E-004  0.45186041868955634        1.3893469434190333E-003
 0.2200  0.58577003322302512        1.4275107977833551E-003  0.15699124327126601        1.1156583631522763E-004  0.44868019746644577        1.1049869444616548E-003
 0.2400  0.62843592939879589        1.2966639856322301E-003  0.16310962162409828        9.0380098367021626E-005  0.44524535964996964        9.2692823827603436E-004
 0.2600  0.67086103574802936        1.2226757416820215E-003  0.16882187210716748        7.4010210843571407E-005  0.44165531317551926        8.1073822419467376E-004
 0.2800  0.71308436443235734        1.1843030315038918E-003  0.17417028780260624        6.1152743787938954E-005  0.43796573526510096        7.3143350376678412E-004
 0.3000  0.75514786327068129        1.1688499062651591E-003  0.17918948161723500        5.0959111266299835E-005  0.43421006266835710        6.7491877291639987E-004
 0.3200  0.79709235676074908        1.1687395406938057E-003  0.18390846706593628        4.2835003825466506E-005  0.43040985276496280        6.3307743757844213E-004
 0.3400  0.83895594918985017        1.1793325126197446E-003  0.18835200333110497        3.6338690841030842E-005  0.42657993151648183        6.0105984574944696E-004
 0.3600  0.88077358114552973        1.1976477330305540E-003  0.19254151851273399        3.1129002871499919E-005  0.42273106627031226        5.7583104139308867E-004
 0.3800  0.92257710863942144        1.2216521797282652E-003  0.19649577194554393        2.6936896931243701E-005  0.41887141765933100        5.5540102176023572E-004
 0.4000  0.96439560080143927        1.2498815368414925E-003  0.20023134521491892        2.3548417172609705E-005  0.41500736629265017        5.3841357033807653E-004


# triplet j3 / nf 5 / mode 2 / nplat  4 / jkb  20 / start     1 / nmeas 10000
 0.0010  0.23310205163620074        5.6145464335531602E-003   1.2407089105269183E-003   2.5773976601646274E-005   6.7577769395819011E-003   1.7725886090899428E-004
 0.0020  0.23313549257464353        5.6129294532443691E-003   2.4812682520820545E-003   5.1523594152685610E-005   1.3513207932243955E-002   3.5430433685891002E-004
 0.0030  0.23318983008932881        5.6101098491300539E-003   3.7215592345141249E-003   7.7228822507205967E-005   2.0264154460654663E-002   5.3092548326749743E-004
 0.0040  0.23326393229971265        5.6059913381802688E-003   4.9614961899763421E-003   1.0287425793613575E-004   2.7008703176032156E-002   7.0691471952849375E-004
 0.0050  0.23335668803891083        5.6004833696695734E-003   6.2010257326335916E-003   1.2844895293980275E-004   3.3745161769844281E-002   8.8206851012480921E-004
 0.0060  0.23346701631785188        5.5935021180807303E-003   7.4401255555479693E-003   1.5394618448402543E-004   4.0472051792816759E-002   1.0561880122208101E-003
 0.0070  0.23359387615477345        5.5849709364673714E-003   8.6788028784712656E-003   1.7936317062862531E-004   4.7188098446425485E-002   1.2290795981998797E-003
 0.0080  0.23373627040374387        5.5748244730022380E-003   9.9170925633675754E-003   2.0470074501899261E-004   5.3892218855276078E-002   1.4005561225224265E-003
 0.0090  0.23389326374934105        5.5630056826734145E-003   1.1155054917226305E-002   2.2996299786746808E-004   6.0583504917757942E-002   1.5704368613750812E-003
 0.0100  0.23406398218034502        5.5494723098136918E-003   1.2392773204149011E-002   2.5515689062680720E-004   6.7261207438216022E-002   1.7385495221151355E-003
 0.0200  0.23639496874738242        5.3203519965522826E-003   2.4785127179307243E-002   5.0606076642936465E-004  0.13319482219070242        3.2916960750373919E-003
 0.0400  0.24502887781764759        4.6137248285338835E-003   4.9845857938275062E-002   1.0007078664246143E-003  0.25771652106924808        5.4991226538265428E-003
 0.0600  0.26402427436089942        4.0217566549378934E-003   7.3357368204418669E-002   1.1705420266693942E-003  0.35536007785415247        6.1105813625804972E-003
 0.0800  0.29468756587592349        3.7062177417967156E-003   9.2027768191828285E-002   9.1179208006555133E-004  0.41177277081990643        5.5660383357844364E-003
 0.1000  0.33261647203580691        3.6450706458830912E-003  0.10612756043883391        6.2630939677854570E-004  0.43801132103197904        4.9710273516770931E-003
 0.1200  0.37394499685946525        3.6557722531295666E-003  0.11740874900845287        4.3715511665703483E-004  0.44889846895313212        4.4673974267537423E-003
 0.1400  0.41670223903999581        3.6477222348657284E-003  0.12702844030894739        3.1495548912297846E-004  0.45258865622167133        4.0013966196514889E-003
 0.1600  0.45995123941570881        3.6122983207220105E-003  0.13556364908287102        2.3366719160071978E-004  0.45282961403155292        3.5777166729248446E-003
 0.1800  0.50323560801382883        3.5596681260902751E-003  0.14330467456746634        1.7840650900894305E-004  0.45134648603354910        3.2049652051363599E-003
 0.2000  0.54634735134254986        3.4998779202011568E-003  0.15041327872504459        1.3970422013588385E-004  0.44895647838827962        2.8835437002747251E-003
 0.2200  0.58920963541123184        3.4398394055454610E-003  0.15699124327126601        1.1156583631522763E-004  0.44606095756224173        2.6089481494181712E-003
 0.2400  0.63181250981857284        3.3835737814899534E-003  0.16310962162409828        9.0380098367021626E-005  0.44286584556940428        2.3748709543023609E-003
 0.2600  0.67417805732841540        3.3330251772583507E-003  0.16882187210716748        7.4010210843571407E-005  0.43948232610041232        2.1748626906523964E-003
 0.2800  0.71634207943307437        3.2888158401768752E-003  0.17417028780260624        6.1152743787938954E-005  0.43597399474540072        2.0030737633109910E-003
 0.3000  0.75834479781919406        3.2508149441606671E-003  0.17918948161723500        5.0959111266299835E-005  0.43237957453861942        1.8545113657930088E-003
 0.3200  0.80022635235965667        3.2185148324901749E-003  0.18390846706593628        4.2835003825466506E-005  0.42872420147353218        1.7250538029734087E-003
 0.3400  0.84202479901709182        3.1912643719694098E-003  0.18835200333110497        3.6338690841030842E-005  0.42502521513441416        1.6113624038313133E-003
 0.3600  0.88377538942767586        3.1684028684817395E-003  0.19254151851273399        3.1129002871499919E-005  0.42129522903040850        1.5107597637074334E-003
 0.3800  0.92551049518216488        3.1493379035135347E-003  0.19649577194554393        2.6936896931243701E-005  0.41754381328736773        1.4211111724734635E-003
 0.4000  0.96725979147520225        3.1335741023469799E-003  0.20023134521491892        2.3548417172609705E-005  0.41377847180271643        1.3407143442416415E-003


