# triplet j1 / nf 6 / mode 2 / nplat  4 / jkb  20 / start     1 / nmeas 10000
 0.0010   3.9315189480803878E-003   1.1007904223435273E-003   1.2174835891199081E-003   3.1123915358330081E-005  0.39690464607549764       0.11124552050985147     
 0.0020   7.6857680680225676E-003   2.0789195442399073E-003   2.4348032688953302E-003   6.2220234833803144E-005  0.40604546003400749       0.10995350197367136     
 0.0030   1.1471910442313181E-002   3.1370845342191833E-003   3.6517971306991529E-003   9.3261710728967799E-005  0.40803103671901059       0.11170089238704801     
 0.0040   1.5270177767118248E-002   4.1901951786334551E-003   4.8683072334622483E-003   1.2422178120706024E-004  0.40868612139649813       0.11226618228114887     
 0.0050   1.9073231624484970E-002   5.2386431649310821E-003   6.0841815033291502E-003   1.5507488728577401E-004  0.40895620107747749       0.11244452960865517     
 0.0060   2.2878854804323497E-002   6.2823553213841926E-003   7.2992755339406678E-003   1.8579675991036587E-004  0.40906867092754162       0.11244765806268574     
 0.0070   2.6686144508098576E-002   7.3209538562594356E-003   8.5134542568018178E-003   2.1636466888873458E-004  0.40910151504068287       0.11235135738722365     
 0.0080   3.0494769193886117E-002   8.3538779297060561E-003   9.7265934533255598E-003   2.4675762704634026E-004  0.40908638200901148       0.11218708716629604     
 0.0090   3.4304608050165997E-002   9.3804999934582085E-003   1.0938581082708211E-002   2.7695654453182840E-004  0.40903859325153863       0.11197027314978109     
 0.0100   3.8115677299341920E-002   1.0400166583761822E-002   1.2149318402734942E-002   3.0694433014112973E-004  0.40896610323141908       0.11170918423431007     
 0.0200   7.6336820857674917E-002   2.0057483440243641E-002   2.4176738892408324E-002   5.9282295298513840E-004  0.40737538741628837       0.10715425745573706     
 0.0400  0.15366728045109546        3.3419145254482523E-002   4.7864748824706510E-002   1.0706503495657520E-003  0.40269058912610228        8.7691791669792754E-002
 0.0600  0.22568980244278733        3.2221825106091048E-002   7.0479584203635426E-002   1.2847064589447104E-003  0.40748380539898554        5.8295048063314134E-002
 0.0800  0.28164659766884509        2.2174473723151920E-002   8.9523283690994104E-002   1.0962485980411097E-003  0.42493595928610273        3.3556880157027284E-002
 0.1000  0.32644844303654186        1.3828802629327227E-002  0.10423279731072090        7.9061222104381888E-004  0.44228538920004551        1.8810750606674677E-002
 0.1200  0.36833005642694899        8.7808055641869776E-003  0.11593128257758137        5.6326381419907962E-004  0.45286502543491064        1.0851986129091431E-002
 0.1400  0.41037427369907448        5.8007725403425381E-003  0.12581930850250800        4.1002426055313716E-004  0.45737511907950490        6.5079566558271388E-003
 0.1600  0.45298972812912980        3.9849668750419976E-003  0.13454397755304817        3.0443403286618435E-004  0.45805620044959133        4.0627236280046195E-003
 0.1800  0.49592809867868060        2.8598780541596561E-003  0.14243102652506417        2.3093448208446918E-004  0.45659887485168676        2.6589687997394251E-003
 0.2000  0.53892108644439984        2.1685985712438165E-003  0.14965795885052913        1.7926951400746595E-004  0.45399882397542213        1.8469996378048196E-003
 0.2200  0.58180418035061554        1.7551922815251270E-003  0.15633416578886536        1.4214825766392975E-004  0.45079226044125298        1.3753099732868529E-003
 0.2400  0.62450714546351060        1.5166412289567819E-003  0.16253512020363955        1.1464657876034080E-004  0.44725665894155453        1.0975751756713600E-003
 0.2600  0.66701907153784545        1.3843279412700026E-003  0.16831731897135482        9.3643555662202107E-005  0.44353492484116241        9.2874195101156525E-004
 0.2800  0.70935801279440380        1.3147108716040615E-003  0.17372535207488299        7.7216822670248005E-005  0.43970371500079425        8.2077645179634768E-004
 0.3000  0.75155337043601045        1.2818351439851698E-003  0.17879563773612162        6.4163223229961875E-005  0.43580705625203253        7.4740621371958906E-004
 0.3200  0.79363792737765637        1.2709837606134080E-003  0.18355862952109234        5.3690702711752973E-005  0.43187192849386091        6.9450601080918765E-004
 0.3400  0.83564454846697500        1.2740010355829661E-003  0.18804024424311394        4.5243445699037227E-005  0.42791575375225521        6.5441670432518357E-004
 0.3600  0.87760480779751759        1.2863197431166311E-003  0.19226284706060795        3.8408351990432063E-005  0.42395029227198477        6.2283211484684192E-004
 0.3800  0.91954844895520560        1.3052613012990962E-003  0.19624596148528237        3.2865506294858175E-005  0.41998380517966960        5.9718616882670596E-004
 0.4000  0.96150325074678433        1.3291324264445574E-003  0.20000679714177408        2.8360886558113678E-005  0.41602230338102830        5.7584365877439748E-004


# triplet j3 / nf 6 / mode 2 / nplat  4 / jkb  20 / start     1 / nmeas 10000
 0.0010  0.23866976644245771        7.3672652155505605E-003   1.2174835891199081E-003   3.1123915358330081E-005   6.5380637015169420E-003   2.1843556883400733E-004
 0.0020  0.23870501295202265        7.3641824104147355E-003   2.4348032688953302E-003   6.2220234833803144E-005   1.3073756567995296E-002   4.3655683491025991E-004
 0.0030  0.23876364275721609        7.3590318646917429E-003   3.6517971306991529E-003   9.3261710728967799E-005   1.9604724810152116E-002   6.5405017339825603E-004
 0.0040  0.23884548926189964        7.3517945111357622E-003   4.8683072334622483E-003   1.2422178120706024E-004   2.6128648039216315E-002   8.7060323697806332E-004
 0.0050  0.23895031746332132        7.3424466496911280E-003   6.0841815033291502E-003   1.5507488728577401E-004   3.2643255845924916E-002   1.0859059425874125E-003
 0.0060  0.23907783200346988        7.3309565047654556E-003   7.2992755339406678E-003   1.8579675991036587E-004   3.9146342631269052E-002   1.2996508011755541E-003
 0.0070  0.23922767825706248        7.3172860868994114E-003   8.5134542568018178E-003   2.1636466888873458E-004   4.5635781897805650E-002   1.5115335972581715E-003
 0.0080  0.23939944457027892        7.3013958158685563E-003   9.7265934533255598E-003   2.4675762704634026E-004   5.2109539444083919E-002   1.7212547966358157E-003
 0.0090  0.23959267131082837        7.2832412701301112E-003   1.0938581082708211E-002   2.7695654453182840E-004   5.8565683758671529E-002   1.9285196475381924E-003
 0.0100  0.23980684908025257        7.2627759167499216E-003   1.2149318402734942E-002   3.0694433014112973E-004   6.5002397041301840E-002   2.1330392839777092E-003
 0.0200  0.24296873357531990        6.9230470445153253E-003   2.4176738892408324E-002   5.9282295298513840E-004  0.12799071515670091        3.9701802919782049E-003
 0.0400  0.25336516240228912        5.7017007105533424E-003   4.7864748824706510E-002   1.0706503495657520E-003  0.24423392350999290        6.1375623392691337E-003
 0.0600  0.27021475393567573        4.8164840567032621E-003   7.0479584203635426E-002   1.2847064589447104E-003  0.34034018572140728        6.8134696124987244E-003
 0.0800  0.29694080477020407        4.3533286007792485E-003   8.9523283690994104E-002   1.0962485980411097E-003  0.40304924495876132        6.4035441948517456E-003
 0.1000  0.33190361945801189        4.1326166430406151E-003  0.10423279731072090        7.9061222104381888E-004  0.43501597517357388        5.6621811221232044E-003
 0.1200  0.37154939736586351        4.0943379330794939E-003  0.11593128257758137        5.6326381419907962E-004  0.44894111403437742        5.0659540121339008E-003
 0.1400  0.41340233886794681        4.0940699922219432E-003  0.12581930850250800        4.1002426055313716E-004  0.45402496467305903        4.5568238632845903E-003
 0.1600  0.45618958209347893        4.0638351500922711E-003  0.13454397755304817        3.0443403286618435E-004  0.45484325345028220        4.0843878081473295E-003
 0.1800  0.49927632367603025        4.0018699226350455E-003  0.14243102652506417        2.3093448208446918E-004  0.45353685149098732        3.6537989854035125E-003
 0.2000  0.54234699853756652        3.9220085395234314E-003  0.14965795885052913        1.7926951400746595E-004  0.45113099200523543        3.2735455426510531E-003
 0.2200  0.58525943239559985        3.8365084206309036E-003  0.15633416578886536        1.4214825766392975E-004  0.44813087509052546        2.9446559688259431E-003
 0.2400  0.62796451678672327        3.7532066647132122E-003  0.16253512020363955        1.1464657876034080E-004  0.44479420715422591        2.6630621224357069E-003
 0.2600  0.67046086325601084        3.6762437477051032E-003  0.16831731897135482        9.3643555662202107E-005  0.44125805095530740        2.4225998559339770E-003
 0.2800  0.71277016926895742        3.6073508165312797E-003  0.17372535207488299        7.7216822670248005E-005  0.43759877578937351        2.2168344926761928E-003
 0.3000  0.75492421857331160        3.5468805327193266E-003  0.17879563773612162        6.4163223229961875E-005  0.43386111337770522        2.0399072036251810E-003
 0.3200  0.79695814596336256        3.4944683912965717E-003  0.18355862952109234        5.3690702711752973E-005  0.43007270075411957        1.8868132578300468E-003
 0.3400  0.83890704825391971        3.4494142379164067E-003  0.18804024424311394        4.5243445699037227E-005  0.42625159434585519        1.7534093937254598E-003
 0.3600  0.88080443004038833        3.4108985661179606E-003  0.19226284706060795        3.8408351990432063E-005  0.42241024463057725        1.6363197724989179E-003
 0.3800  0.92268159632750324        3.3780976512179563E-003  0.19624596148528237        3.2865506294858175E-005  0.41855766732144878        1.5328130938417066E-003
 0.4000  0.96456756801023424        3.3502502414789713E-003  0.20000679714177408        2.8360886558113678E-005  0.41470064964881703        1.4406874373440344E-003


