# triplet j1 / nf 0 / mode 2 / nplat  4 / jkb  20 / start     1 / nmeas 10000
 0.0010  0.17486819055080968        1.0729638843938741E-002   2.8859263513046463        2.6586752271779084E-002  0.43445700450092989        2.6732614936156980E-002
 0.0020  0.17228395496802071        9.1889722408617178E-003   1.4464791153360501        1.3256835099446331E-002  0.44151071359956673        2.3635258832052662E-002
 0.0030  0.17521773714824435        7.6829783284757059E-003  0.96795675451253249        8.8002698393592777E-003  0.43493617943462448        1.9173370507994097E-002
 0.0040  0.17781522463857985        6.4801068116313179E-003  0.72962012945017696        6.5623337316178402E-003  0.42965953524386619        1.5776818246081944E-002
 0.0050  0.17982620423443813        5.6453111263280939E-003  0.58732245059680488        5.2124824270760386E-003  0.42617240345390783        1.3511891880588250E-002
 0.0060  0.18147830569434162        5.0395280945714103E-003  0.49301840427624238        4.3075396874255011E-003  0.42383563952000863        1.1914372943513425E-002
 0.0070  0.18294115754567833        4.5679185122434827E-003  0.42611974105464351        3.6576608206216840E-003  0.42220018797913222        1.0696650584344805E-002
 0.0080  0.18431711665504100        4.1807952233839582E-003  0.37633400336114736        3.1678886342630485E-003  0.42099898965479199        9.7123649322841902E-003
 0.0090  0.18566700497078939        3.8527774490734589E-003  0.33794433649923106        2.7853925677193518E-003  0.42007236038622309        8.8871630449189505E-003
 0.0100  0.18702719789646807        3.5699619587724954E-003  0.30752152409282213        2.4783946134424970E-003  0.41932232954827670        8.1804074780008340E-003
 0.0200  0.20318877043194622        2.0708705730224431E-003  0.17764871391288448        1.0936898478382522E-003  0.41486932742916249        4.4169355323281090E-003
 0.0400  0.24456196160132113        1.2188241744268882E-003  0.12763435738611362        4.3769751930538490E-004  0.41318056236055711        2.1776353585994915E-003
 0.0600  0.28842376408884313        9.0873884710251723E-004  0.12063532438545869        2.4945680467397682E-004  0.41715440205452475        1.3832909242520448E-003
 0.0800  0.33185864222046696        7.5377220302222131E-004  0.12262543060071303        1.6780669990026659E-004  0.42208229188734114        1.0012574674292116E-003
 0.1000  0.37449542061184893        6.5656241592058830E-004  0.12741309921629715        1.2388547834184477E-004  0.42626092812658689        7.7551741403357759E-004
 0.1200  0.41642479367018859        5.8730284945101999E-004  0.13317245008855663        9.6834119136915124E-005  0.42931517186397977        6.2527735409869431E-004
 0.1400  0.45780163957172582        5.3669886181382902E-004  0.13922394514552291        7.8590666928221462E-005  0.43127932587173273        5.2005241353482695E-004
 0.1600  0.49876454405491299        5.0145715512905909E-004  0.14527755661660427        6.5487885072912765E-005  0.43229347428555731        4.4541468932439334E-004
 0.1800  0.53942456405200756        4.8008559978417583E-004  0.15119918030105520        5.5644251952121294E-005  0.43250910002657272        3.9307252460998643E-004
 0.2000  0.57986866956858985        4.7148595476658107E-004  0.15692480744536902        4.7999234631965359E-005  0.43206208145479780        3.5746619143532248E-004
 0.2200  0.62016523976110105        4.7439381337665329E-004  0.16242475832035014        4.1908669752944584E-005  0.43106725351733161        3.3440041454981044E-004
 0.2400  0.66036881785288581        4.8725224158677329E-004  0.16768725611005256        3.6957534075580648E-005  0.42961960341532041        3.2051009944335620E-004
 0.2600  0.70052372292117149        5.0834319731366245E-004  0.17271027327418992        3.2865751996461660E-005  0.42779717312131399        3.1309311271227069E-004
 0.2800  0.74066667796037244        5.3600156797237023E-004  0.17749722177700661        2.9437231798956680E-005  0.42566406377362848        3.1005791739996516E-004
 0.3000  0.78082869714628766        5.6876949260465043E-004  0.18205455739612289        2.6530618205745034E-005  0.42327306846069779        3.0985834079651984E-004
 0.3200  0.82103645055740926        6.0545601320187957E-004  0.18639039457648604        2.4041392778499357E-005  0.42066784089378101        3.1139668548149814E-004
 0.3400  0.86131326686415355        6.4513076393249034E-004  0.19051368181239350        2.1890770537736185E-005  0.41788463656390457        3.1391846686691551E-004
 0.3600  0.90167988258859699        6.8708256969017448E-004  0.19443370105197172        2.0018218575164384E-005  0.41495369821024536        3.1691658752584496E-004
 0.3800  0.94215501383510936        7.3077226601968835E-004  0.19815976088889373        1.8376540809039822E-005  0.41190035596107633        3.2005638427802681E-004
 0.4000  0.98275580372119864        7.7579029416549551E-004  0.20170100887310152        1.6928443622119651E-005  0.40874590194460886        3.2312079768513673E-004


# triplet j3 / nf 0 / mode 2 / nplat  4 / jkb  20 / start     1 / nmeas 10000
 0.0010  0.23725438032493032        1.1659957159253281E-003   2.8859263513046463        2.6586752271779084E-002  0.32021625963303446        2.1569001259999629E-003
 0.0020  0.23690689951760988        1.1884504435770427E-003   1.4464791153360501        1.3256835099446331E-002  0.32107638930976906        2.1815341863459562E-003
 0.0030  0.23642158851702397        1.2247524379858032E-003  0.96795675451253249        8.8002698393592777E-003  0.32234168479478825        2.2215996916734380E-003
 0.0040  0.23587383552651001        1.1934606542759708E-003  0.72962012945017696        6.5623337316178402E-003  0.32390199873995451        2.1926226824360360E-003
 0.0050  0.23531870782755032        1.1880179113027934E-003  0.58732245059680488        5.2124824270760386E-003  0.32567306853795069        2.1890273591184013E-003
 0.0060  0.23474766963246832        1.1930178213339798E-003  0.49301840427624238        4.3075396874255011E-003  0.32765809293610298        2.1958509661904459E-003
 0.0070  0.23418402274983616        1.2094988960315407E-003  0.42611974105464351        3.6576608206216840E-003  0.32981665528657195        2.2147931624496788E-003
 0.0080  0.23364727820385023        1.2368288307508901E-003  0.37633400336114736        3.1678886342630485E-003  0.33211309151290586        2.2460416766685071E-003
 0.0090  0.23315349374087269        1.2731964578598072E-003  0.33794433649923106        2.7853925677193518E-003  0.33451601248833246        2.2885215976594471E-003
 0.0100  0.23271566110539196        1.3161943122968166E-003  0.30752152409282213        2.4783946134424970E-003  0.33699786227673212        2.3402803574645806E-003
 0.0200  0.23276320681015800        1.5900292108942155E-003  0.17764871391288448        1.0936898478382522E-003  0.36215684465548975        2.7135071472483533E-003
 0.0400  0.25727024314577335        1.0076815147612209E-003  0.12763435738611362        4.3769751930538490E-004  0.39277083735323143        1.6793663775980844E-003
 0.0600  0.29204565763302193        9.8660446512822356E-004  0.12063532438545869        2.4945680467397682E-004  0.41198093415237363        1.4555007842353956E-003
 0.0800  0.33339811123165297        7.9035615989506397E-004  0.12262543060071303        1.6780669990026659E-004  0.42013332281211013        1.0366269140036307E-003
 0.1000  0.37539418266413577        7.3483496565846516E-004  0.12741309921629715        1.2388547834184477E-004  0.42524038182015805        8.5769662475374420E-004
 0.1200  0.41718304073736706        7.5551307582951452E-004  0.13317245008855663        9.6834119136915124E-005  0.42853487415728075        7.9155561815803343E-004
 0.1400  0.45859610666528999        8.1950549091851547E-004  0.13922394514552291        7.8590666928221462E-005  0.43053218208320138        7.7889289239295597E-004
 0.1600  0.49965423113116475        9.0759819739709641E-004  0.14527755661660427        6.5487885072912765E-005  0.43152373014399542        7.8985346889511206E-004
 0.1800  0.54042369912844268        1.0076636405119202E-003  0.15119918030105520        5.5644251952121294E-005  0.43170947740933585        8.0886747897082546E-004
 0.2000  0.58097430546088225        1.1120984330342902E-003  0.15692480744536902        4.7999234631965359E-005  0.43123983623592183        8.2810786717818269E-004
 0.2200  0.62136831060831399        1.2162837770791370E-003  0.16242475832035014        4.1908669752944584E-005  0.43023263669339484        8.4397653271916519E-004
 0.2400  0.66165868568456476        1.3175354928060840E-003  0.16768725611005256        3.6957534075580648E-005  0.42878208322810979        8.5512371876736643E-004
 0.2600  0.70189000540296964        1.4144087837195745E-003  0.17271027327418992        3.2865751996461660E-005  0.42696443326336025        8.6135294886896454E-004
 0.2800  0.74209989184195435        1.5062387587982545E-003  0.17749722177700661        2.9437231798956680E-005  0.42484198085487651        8.6302031428464013E-004
 0.3000  0.78232038955251193        1.5928415710171899E-003  0.18205455739612289        2.6530618205745034E-005  0.42246599091240172        8.6071151575360216E-004
 0.3200  0.82257913755353151        1.6743224440892281E-003  0.18639039457648604        2.4041392778499357E-005  0.41987890913243858        8.5507331401526239E-004
 0.3400  0.86290031460420547        1.7509510486839273E-003  0.19051368181239350        2.1890770537736185E-005  0.41711606242290966        8.4672873235617282E-004
 0.3600  0.90330538137797844        1.8230811224400542E-003  0.19443370105197172        2.0018218575164384E-005  0.41420698868321792        8.3623828341641707E-004
 0.3800  0.94381367657194815        1.8911025379248472E-003  0.19815976088889373        1.8376540809039822E-005  0.41117648027598902        8.2408751047287918E-004
 0.4000  0.98444287819768983        1.9554091854861988E-003  0.20170100887310152        1.6928443622119651E-005  0.40804541967812774        8.1068574425690665E-004


