# triplet j1 / nf 3 / mode 2 / nplat  4 / jkb  20 / start     1 / nmeas 10000
 0.0010   4.1993342568304413E-003   2.7014871497695660E-004   1.3726620169607325E-003   1.8487792944982740E-005  0.39456300384759524        2.5521454129956312E-002
 0.0020   8.3924015702800999E-003   5.4854461266949899E-004   2.7674765055014333E-003   3.8573164843296204E-005  0.39644752472577172        2.6059498462235105E-002
 0.0030   1.2662039824350203E-002   8.3827245370103197E-004   4.1841090555267664E-003   6.0274373419120664E-005  0.39570674023752955        2.6351795722958236E-002
 0.0040   1.6991119785717108E-002   1.1314066225558432E-003   5.6221265541128145E-003   8.3588285624870096E-005  0.39470561129096404        2.6445980877453000E-002
 0.0050   2.1374327216126296E-002   1.4273971996091358E-003   7.0809936451028286E-003   1.0849090109871375E-004  0.39369024032819555        2.6463416213700960E-002
 0.0060   2.5807719925627304E-002   1.7255706112323974E-003   8.5600699997763936E-003   1.3493789329560655E-004  0.39271694813182872        2.6439876883917489E-002
 0.0070   3.0287421948239326E-002   2.0250510352697077E-003   1.0058608510682550E-002   1.6286520683334881E-004  0.39180562127811569        2.6387903239227649E-002
 0.0080   3.4809440168801220E-002   2.3248614373302776E-003   1.1575754512368214E-002   1.9218975111513363E-004  0.39096475378151174        2.6312778545320690E-002
 0.0090   3.9369553614308980E-002   2.6239181388721419E-003   1.3110546120675382E-002   2.2281022741949409E-004  0.39019900105966526        2.6216656817774010E-002
 0.0100   4.3963295948774295E-002   2.9210896376268038E-003   1.4661915766518166E-002   2.5460812119783673E-004  0.38951134689200440        2.6100661896012584E-002
 0.0200   9.0651699697014532E-002   5.5285223362947517E-003   3.0786354427671980E-002   6.0193535726827557E-004  0.38710891818946547        2.3909776549296914E-002
 0.0400  0.17432220006591848        6.8150297394412142E-003   6.1394465392565760E-002   9.6582207456517367E-004  0.40202855979758867        1.6032045347761179E-002
 0.0600  0.23645637538993330        5.0099508264095909E-003   8.3799929168325626E-002   7.5908133602040084E-004  0.42409330916914995        9.1885351158821627E-003
 0.0800  0.28697758146386537        3.4035873879155239E-003   9.9423752761756648E-002   4.9500165724839580E-004  0.43949819514525806        5.3260803976814125E-003
 0.1000  0.33359958430075187        2.4375481752583251E-003  0.11141132949858949        3.2608929589303122E-004  0.44745995584533538        3.3344361927305816E-003
 0.1200  0.37887492209629392        1.8706625679720896E-003  0.12144152266089367        2.2554626405714697E-004  0.45060225700247492        2.2638178259658313E-003
 0.1400  0.42342418248602320        1.5201202905849999E-003  0.13026670189812062        1.6372573701641918E-004  0.45104520147802357        1.6439025384182124E-003
 0.1600  0.46738222298120274        1.2918885238203026E-003  0.13824328308855929        1.2375827380368382E-004  0.45001275028318916        1.2600816842608387E-003
 0.1800  0.51080434224320104        1.1394459458253503E-003  0.14556091481384137        9.6475628276266841E-005  0.44814551882283538        1.0106448802449665E-003
 0.2000  0.55375048102835545        1.0382376549779176E-003  0.15233384951583270        7.6949292335903977E-005  0.44577333612396886        8.4333838462215065E-004
 0.2200  0.59629048389086103        9.7385526947728752E-004  0.15863877746141358        6.2492686287581557E-005  0.44307080764168366        7.2886195776478222E-004
 0.2400  0.63849643956492064        9.3688873646051397E-004  0.16453162659033246        5.1555437889178195E-005  0.44013594145288620        6.4949826458384396E-004
 0.2600  0.68043667379164596        9.2063635303209603E-004  0.17005567697366591        4.3164945640845403E-005  0.43702826510592824        5.9389845237179393E-004
 0.2800  0.72217291492545166        9.2003903640332880E-004  0.17524584651536557        3.6661000593432930E-005  0.43378715126226158        5.5449880686877411E-004
 0.3000  0.76375960494467077        9.3116770024710476E-004  0.18013115748423522        3.1570246111947063E-005  0.43044073086189216        5.2614267480329772E-004
 0.3200  0.80524431122481321        9.5095163865766268E-004  0.18473626770146204        2.7543181152937347E-005  0.42701035245938701        5.0528072394731202E-004
 0.3400  0.84666858586713645        9.7701307382510824E-004  0.18908248238187736        2.4318877394613753E-005  0.42351291404578101        4.8947095033068414E-004
 0.3600  0.88806892325029574        1.0075457678028837E-003  0.19318845679399252        2.1702325857656867E-005  0.41996216127199515        4.7704556447606902E-004
 0.3800  0.92947764818371725        1.0412104563506986E-003  0.19707070355487369        1.9548284514708986E-005  0.41636947149139447        4.6687831023135102E-004
 0.4000  0.97092368252455441        1.0770414566887824E-003  0.20074397029402605        1.7748970581691091E-005  0.41274436593318592        4.5821898643455441E-004


# triplet j3 / nf 3 / mode 2 / nplat  4 / jkb  20 / start     1 / nmeas 10000
 0.0010  0.20342397967911169        4.8077156947100748E-003   1.3726620169607325E-003   1.8487792944982740E-005   8.1450669736615362E-003   2.0016243149180733E-004
 0.0020  0.20272965600797924        4.7393881153960215E-003   2.7674765055014333E-003   3.8573164843296204E-005   1.6411742093180842E-002   4.0035639827386467E-004
 0.0030  0.20208924207462062        4.6723828674507511E-003   4.1841090555267664E-003   6.0274373419120664E-005   2.4793276733658640E-002   6.0040314787988521E-004
 0.0040  0.20150391807005338        4.6066304831476283E-003   5.6221265541128145E-003   8.3588285624870096E-005   3.3282183223891135E-002   8.0008798216234093E-004
 0.0050  0.20097478771132593        4.5420649511213910E-003   7.0809936451028286E-003   1.0849090109871375E-004   4.1870247081226462E-002   9.9915983825704527E-004
 0.0060  0.20050287630177480        4.4786287136978900E-003   8.5600699997763936E-003   1.3493789329560655E-004   5.0548546706028610E-002   1.1973325599774346E-003
 0.0070  0.20008912822190306        4.4162676376856584E-003   1.0058608510682550E-002   1.6286520683334881E-004   5.9307481015069621E-002   1.3942851782688304E-003
 0.0080  0.19973439602766785        4.3549371772342088E-003   1.1575754512368214E-002   1.9218975111513363E-004   6.8136808058750345E-002   1.5896653089822190E-003
 0.0090  0.19943943585016605        4.2945972865632330E-003   1.3110546120675382E-002   2.2281022741949409E-004   7.7025691669170990E-002   1.7830906760909109E-003
 0.0100  0.19920491136070181        4.2352130453913129E-003   1.4661915766518166E-002   2.5460812119783673E-004   8.5962753136201317E-002   1.9741522515508616E-003
 0.0200  0.20025506145291114        3.6915020905998823E-003   3.0786354427671980E-002   6.0193535726827557E-004  0.17523692608388478        3.6564634885817154E-003
 0.0400  0.21947525711050048        2.9361709949776086E-003   6.1394465392565760E-002   9.6582207456517367E-004  0.31931846876918557        4.9555515748065668E-003
 0.0600  0.25398791661313497        2.6570837256484638E-003   8.3799929168325626E-002   7.5908133602040084E-004  0.39482022629447250        4.5008656317406821E-003
 0.0800  0.29521368986462587        2.6088735398461962E-003   9.9423752761756648E-002   4.9500165724839580E-004  0.42723672184158157        3.9225275276375199E-003
 0.1000  0.33876744907742912        2.6114501413002141E-003  0.11141132949858949        3.2608929589303122E-004  0.44063399735645431        3.4573750475993250E-003
 0.1200  0.38290367923269691        2.6158348037813935E-003  0.12144152266089367        2.2554626405714697E-004  0.44586120290183051        3.0739450927869580E-003
 0.1400  0.42694135801077820        2.6150687574000115E-003  0.13026670189812062        1.6372573701641918E-004  0.44732945664930018        2.7543314499102267E-003
 0.1600  0.47062233849343277        2.6110377200443216E-003  0.13824328308855929        1.2375827380368382E-004  0.44691452656188951        2.4875620741433751E-003
 0.1800  0.51387238700674576        2.6064749016931660E-003  0.14556091481384137        9.6475628276266841E-005  0.44546989244730806        2.2643396578497202E-003
 0.2000  0.55670085895651011        2.6032029783099632E-003  0.15233384951583270        7.6949292335903977E-005  0.44341084684323512        2.0764669337569449E-003
 0.2200  0.59915334170903845        2.6020166103716330E-003  0.15863877746141358        6.2492686287581557E-005  0.44095373904277541        1.9169523718585576E-003
 0.2400  0.64128839366834323        2.6030060028190329E-003  0.16453162659033246        5.1555437889178195E-005  0.43821973751104676        1.7800696811463897E-003
 0.2600  0.68316634001038667        2.6059058820349134E-003  0.17005567697366591        4.3164945640845403E-005  0.43528207062586005        1.6612817653927209E-003
 0.2800  0.72484431529733595        2.6103669243003184E-003  0.17524584651536557        3.6661000593432930E-005  0.43218843670695012        1.5570876967953165E-003
 0.3000  0.76637442242356435        2.6161089636359824E-003  0.18013115748423522        3.1570246111947063E-005  0.42897209632275130        1.4648289826091772E-003
 0.3200  0.80780334965912004        2.6229751263018774E-003  0.18473626770146204        2.7543181152937347E-005  0.42565762731377876        1.3824943620924922E-003
 0.3400  0.84917266244129963        2.6309271317755713E-003  0.18908248238187736        2.4318877394613753E-005  0.42226404109705851        1.3085503765902637E-003
 0.3600  0.89051932442738180        2.6400038832516824E-003  0.19318845679399252        2.1702325857656867E-005  0.41880657065640214        1.2418028187481946E-003
 0.3800  0.93187628091863028        2.6502751953319699E-003  0.19707070355487369        1.9548284514708986E-005  0.41529774398358282        1.1812948626157302E-003
 0.4000  0.97327303426708367        2.6618061966912380E-003  0.20074397029402605        1.7748970581691091E-005  0.41174805589357361        1.1262376159140014E-003


