# triplet j1 / nf 4 / mode 2 / nplat  4 / jkb  20 / start     1 / nmeas 10000
 0.0010   4.0147551662145196E-003   4.3489727334780528E-004   1.2823612267025492E-003   2.1165106862685020E-005  0.39889732260718291        4.3335653983314446E-002
 0.0020   7.9178575718193527E-003   8.8011865362705736E-004   2.5652978848867700E-003   4.2384958208236145E-005  0.40456770504639517        4.5094220341919761E-002
 0.0030   1.1854668018167787E-002   1.3321889091278765E-003   3.8493803278297658E-003   6.3714018753390300E-005  0.40539803574002425        4.5680680220257883E-002
 0.0040   1.5802465496994031E-002   1.7820734971161561E-003   5.1351687646244756E-003   8.5206168855358458E-005  0.40559958619488956        4.5863831374552272E-002
 0.0050   1.9759124113278848E-002   2.2301644845333169E-003   6.4232082194235224E-003   1.0691435203856797E-004  0.40560968011758997        4.5904469916811769E-002
 0.0060   2.3725037034387126E-002   2.6766033583772689E-003   7.7140235304283319E-003   1.2889015491147142E-004  0.40553113544783431        4.5876345229722094E-002
 0.0070   2.7701125185822986E-002   3.1212790299177053E-003   9.0081144053679226E-003   1.5118330459460487E-004  0.40539982277708719        4.5805728259613356E-002
 0.0080   3.1688437022223293E-002   3.5639740331230314E-003   1.0305950553063069E-002   1.7384107481409046E-004  0.40523150232351740        4.5704041305241222E-002
 0.0090   3.5687952217284671E-002   4.0043429380977619E-003   1.1607966914051507E-002   1.9690759848162246E-004  0.40503514116859612        4.5576352795745928E-002
 0.0100   3.9700538263090071E-002   4.4419726170592299E-003   1.2914559017039468E-002   2.2042309198904171E-004  0.40481667502363278        4.5425264863487018E-002
 0.0200   8.0593138112933879E-002   8.5288223990050791E-003   2.6282719410369852E-002   4.8453809971683967E-004  0.40231579040946841        4.2736541408204071E-002
 0.0400  0.16200557672921440        1.2528129599178095E-002   5.3827716253421698E-002   1.0054353419188522E-003  0.40505873880609256        3.1551399144889761E-002
 0.0600  0.22907289707499440        1.0099085646522577E-002   7.7701182501714344E-002   1.0038094018891784E-003  0.42153217441953383        1.8782406598016058E-002
 0.0800  0.28153097589457099        6.6368376129108189E-003   9.5287981974670921E-002   7.0699729306542719E-004  0.43858408704442375        1.0466462176777389E-002
 0.1000  0.32797806324226431        4.3756858207452580E-003  0.10847964181457787        4.7158485324491926E-004  0.44910131026858380        6.0706384180276504E-003
 0.1200  0.37276004073168734        3.0602547139978527E-003  0.11920987552551922        3.2530337384577664E-004  0.45376645539241373        3.7763918821175908E-003
 0.1400  0.41703975071145233        2.2788514155310338E-003  0.12848233398597456        2.3366282832945157E-004  0.45480294896712264        2.5193779874119158E-003
 0.1600  0.46097883738551659        1.7976780215847791E-003  0.13677466719655462        1.7427338004006053E-004  0.45383379658072137        1.7932761213880488E-003
 0.1800  0.50455007758937220        1.4948710354519596E-003  0.14433125243037109        1.3419038672099744E-004  0.45178016864167270        1.3549015149482424E-003
 0.2000  0.54773815212191290        1.3033724874516759E-003  0.15129276328103566        1.0585635132840300E-004  0.44912381145386326        1.0802024927514793E-003
 0.2200  0.59056358499910333        1.1836661463271519E-003  0.15775022466394281        8.4982665657227155E-005  0.44611278243440050        9.0218182806354335E-004
 0.2400  0.63306984483603868        1.1114433465876652E-003  0.16376835167444101        6.9145234857031110E-005  0.44287787075245927        7.8313547443216230E-004
 0.2600  0.67530964733821686        1.0714227613146659E-003  0.16939636815317680        5.6910147802648534E-005  0.43949178864311750        7.0117964612805266E-004
 0.2800  0.71733659025527796        1.0538185237483921E-003  0.17467349293240564        4.7359732593055093E-005  0.43599803489026229        6.4323356878466596E-004
 0.3000  0.75920112272850027        1.0521925307053030E-003  0.17963199644021552        3.9857626111022832E-005  0.43242483848248453        6.0122361818045497E-004
 0.3200  0.80094907145649308        1.0621532542666365E-003  0.18429905644687233        3.3935425903397923E-005  0.42879196696185989        5.6999760506491227E-004
 0.3400  0.84262145108119590        1.0805888863413150E-003  0.18869796775403472        2.9236111845934765E-005  0.42511414610874276        5.4616579475669246E-004
 0.3600  0.88425484360128936        1.1052234021270222E-003  0.19284897568932105        2.5483215544072184E-005  0.42140285057418270        5.2744358657963301E-004
 0.3800  0.92588197341403888        1.1343579662926645E-003  0.19676987515798053        2.2461862516971067E-005  0.41766729782260736        5.1226624454888108E-004
 0.4000  0.96753231094172143        1.1667152193961343E-003  0.20047645532090971        2.0005523424245836E-005  0.41391503660123091        4.9955353521322565E-004


# triplet j3 / nf 4 / mode 2 / nplat  4 / jkb  20 / start     1 / nmeas 10000
 0.0010  0.22234101372016371        4.8897554770750348E-003   1.2823612267025492E-003   2.1165106862685020E-005   7.2027875556145878E-003   1.6918984987113669E-004
 0.0020  0.22233784618371069        4.8865807156585235E-003   2.5652978848867700E-003   4.2384958208236145E-005   1.4407396319151106E-002   3.3827878823936691E-004
 0.0030  0.22233286287994491        4.8813117179625932E-003   3.8493803278297658E-003   6.3714018753390300E-005   2.1615604039203016E-002   5.0716627404536331E-004
 0.0040  0.22232650374312007        4.8739773893859513E-003   5.1351687646244756E-003   8.5206168855358458E-005   2.8829102057240177E-002   6.7575196753458992E-004
 0.0050  0.22231937441780752        4.8646217198393465E-003   6.4232082194235224E-003   1.0691435203856797E-004   3.6049453773331776E-002   8.4393639856829837E-004
 0.0060  0.22231225349980141        4.8532981229246451E-003   7.7140235304283319E-003   1.2889015491147142E-004   4.3278051729638577E-002   1.0116204972425143E-003
 0.0070  0.22230606721806714        4.8400696674063522E-003   9.0081144053679226E-003   1.5118330459460487E-004   5.0516080742153774E-002   1.1787055498041449E-003
 0.0080  0.22230189570377268        4.8250040853834684E-003   1.0305950553063069E-002   1.7384107481409046E-004   5.7764477896810780E-002   1.3450917199473804E-003
 0.0090  0.22230095935365243        4.8081820339367365E-003   1.1607966914051507E-002   1.9690759848162246E-004   6.5023897361370139E-002   1.5106794037433732E-003
 0.0100  0.22230459774273356        4.7896818629775849E-003   1.2914559017039468E-002   2.2042309198904171E-004   7.2294680629645031E-002   1.6753651178191607E-003
 0.0200  0.22295305020978284        4.5312406570645076E-003   2.6282719410369852E-002   4.8453809971683967E-004  0.14542923737071947        3.2454597266150906E-003
 0.0400  0.23266546379464717        3.8335448152709293E-003   5.3827716253421698E-002   1.0054353419188522E-003  0.28204346927659046        5.3417551843134023E-003
 0.0600  0.25778326107042521        3.3212195982516932E-003   7.7701182501714344E-002   1.0038094018891784E-003  0.37458443191245172        5.3986388226195730E-003
 0.0800  0.29370739303925714        3.1710664301699393E-003   9.5287981974670921E-002   7.0699729306542719E-004  0.42040142319789114        4.7994118043651075E-003
 0.1000  0.33464030476562173        3.1659418772701409E-003  0.10847964181457787        4.7158485324491926E-004  0.44016030299941705        4.2727303907136617E-003
 0.1200  0.37754265049718450        3.1691381780030530E-003  0.11920987552551922        3.2530337384577664E-004  0.44801826276316542        3.8100752081868987E-003
 0.1400  0.42108430043117151        3.1557677893695357E-003  0.12848233398597456        2.3366282832945157E-004  0.45043452882443646        3.4004872918460354E-003
 0.1600  0.46466664305011374        3.1293881828864402E-003  0.13677466719655462        1.7427338004006053E-004  0.45023196530910259        3.0457116674866580E-003
 0.1800  0.50802869832202735        3.0966974898262692E-003  0.14433125243037109        1.3419038672099744E-004  0.44868669800422617        2.7429194134516170E-003
 0.2000  0.55107631769693255        3.0628611043023051E-003  0.15129276328103566        1.0585635132840300E-004  0.44640322702994428        2.4860021622017518E-003
 0.2200  0.59379796187374001        3.0310662813323465E-003  0.15775022466394281        8.4982665657227155E-005  0.44368283662853658        2.2679483819375216E-003
 0.2400  0.63622087880647515        3.0029198858577818E-003  0.16376835167444101        6.9145234857031110E-005  0.44068441363405481        2.0820803364102096E-003
 0.2600  0.67838834714280272        2.9789592340599873E-003  0.16939636815317680        5.6910147802648534E-005  0.43749726251437221        1.9225562004821061E-003
 0.2800  0.72034828583864985        2.9590987280033120E-003  0.17467349293240564        4.7359732593055093E-005  0.43417517589017585        1.7845071199506330E-003
 0.3000  0.76214784949314462        2.9429496987931117E-003  0.17963199644021552        3.9857626111022832E-005  0.43075293473559240        1.6639912301428363E-003
 0.3200  0.80383115999006327        2.9300394419366610E-003  0.18429905644687233        3.3935425903397923E-005  0.42725455901753107        1.5578793423394240E-003
 0.3400  0.84543857916165710        2.9199310137750386E-003  0.18869796775403472        2.9236111845934765E-005  0.42369760204756240        1.4637124166649816E-003
 0.3600  0.88700671132844777        2.9122829447974993E-003  0.19284897568932105        2.5483215544072184E-005  0.42009548176871914        1.3795663334843129E-003
 0.3800  0.92856870933087798        2.9068618532495528E-003  0.19676987515798053        2.2461862516971067E-005  0.41645881242021021        1.3039309005991120E-003
 0.4000  0.97015468310319863        2.9035278220983988E-003  0.20047645532090971        2.0005523424245836E-005  0.41279620546213058        1.2356089583238404E-003


