# triplet j1 / nf 0 / mode 2 / nplat  4 / jkb  20 / start     1 / nmeas 10000
 0.0010  0.16211086354079551        2.1129664963452026E-002   5.3918462018527986        3.5182700218287226E-002  0.64057742082450286        8.3519547214311943E-002
 0.0020  0.16100689570258406        8.0306977085763034E-003   2.7717771890252325        1.7889753354012609E-002  0.65398031655516919        3.2687416134624621E-002
 0.0030  0.16710391986703943        8.6640336893727358E-003   1.8887864804666541        1.2269553860379720E-002  0.63706012193603945        3.3095153790407623E-002
 0.0040  0.17456361271185281        8.0055225021584495E-003   1.4434744113778282        9.4886677360613136E-003  0.61559603921817241        2.8303769741788047E-002
 0.0050  0.18172990851059156        7.1921370019693079E-003   1.1744572923644696        7.8012255608689556E-003  0.59633761830292753        2.3683596551663418E-002
 0.0060  0.18843642831625565        6.6323128655582644E-003  0.99412869816896599        6.6498785451851129E-003  0.57962494094607342        2.0492701732578250E-002
 0.0070  0.19471250608808929        6.2701013779632381E-003  0.86475260544751653        5.8045095492455104E-003  0.56508803391661266        1.8295439599934175E-002
 0.0080  0.20059234675150237        6.0132081166995909E-003  0.76737314951745195        5.1525089187012471E-003  0.55239397318530881        1.6662778298457512E-002
 0.0090  0.20610585898143527        5.8080388018609732E-003  0.69141451311833790        4.6317911968760707E-003  0.54127150015141323        1.5360336587307134E-002
 0.0100  0.21128323365629900        5.6296004610512738E-003  0.63050672021204013        4.2050154845686902E-003  0.53148966347588866        1.4271911507695927E-002
 0.0200  0.25074085787404882        4.3528338271989955E-003  0.35538090890262997        2.1451145699560698E-003  0.47550154800952588        8.3784724977708381E-003
 0.0400  0.30474240475923270        3.3174635799823327E-003  0.22111858662225004        1.0545413005915445E-003  0.43644018184986699        4.8637889925778307E-003
 0.0600  0.34833024964045267        1.8963761497147850E-003  0.18153872477346919        7.0685757811929210E-004  0.42372498422661159        2.4499013152042286E-003
 0.0800  0.39338366828805721        2.8302955392441832E-003  0.16591632466690456        5.3948699942270122E-004  0.41417914278393486        3.0550458457867628E-003
 0.1000  0.43456521150681993        2.6812196205660598E-003  0.15976194887923711        4.4048844642838916E-004  0.41133599586475583        2.6004771088289653E-003
 0.1200  0.47469358433433023        2.5363376587898591E-003  0.15817421645014074        3.7420077722631146E-004  0.41044985316519922        2.2461759038400731E-003
 0.1400  0.51414008592915827        2.3957597236478512E-003  0.15903720853783099        3.2591005672359094E-004  0.41043739450799560        1.9582235990091169E-003
 0.1600  0.55314853379183682        2.2629467625430218E-003  0.16129304934511124        2.8850334539059824E-004  0.41071545922583702        1.7199306416757661E-003
 0.1800  0.59188479633692803        2.1401626481804335E-003  0.16435883945192437        2.5817767427775869E-004  0.41097045284805578        1.5206567084083519E-003
 0.2000  0.63046474206245062        2.0281235342614785E-003  0.16789092279196746        2.3275258060224502E-004  0.41103878153648765        1.3526071658762490E-003
 0.2200  0.66769285642547482        1.2493042747104509E-003  0.17167672056037112        2.1090667509976761E-004  0.41162838276450819        8.1062955562897360E-004
 0.2400  0.70623415030105741        1.2040643079123674E-003  0.17558019712900594        1.9179898919274963E-004  0.41106421447465646        7.3591183657240034E-004
 0.2600  0.74481431924535257        1.1632347158390141E-003  0.17951228465543209        1.7486931453513337E-004  0.41020480331339676        6.7108126682354462E-004
 0.2800  0.78346855648631397        1.1264548478099451E-003  0.18341388289370486        1.5972806383813561E-004  0.40906144176557069        6.1451990830149760E-004
 0.3000  0.82222462279591080        1.0933542327123400E-003  0.18724561358505309        1.4609320569437478E-004  0.40765331027446317        5.6492353088694275E-004
 0.3200  0.86110501048090615        1.0635616126702105E-003  0.19098139951464821        1.3375290183500845E-004  0.40600315319345676        5.2122391224279391E-004
 0.3400  0.90010975460364628        1.1013150353321539E-003  0.19460430725098252        1.2254265631811049E-004  0.40414314087567488        5.1059241852614520E-004
 0.3600  0.93927577936214646        1.0685419930959131E-003  0.19810378106559648        1.1233093417798459E-004  0.40208651392925537        4.7141410553861043E-004
 0.3800  0.97861569914293522        1.0389301319236261E-003  0.20147375988191774        1.0300982856533544E-004  0.39985622657848857        4.3663413276018179E-004
 0.4000   1.0181420589626786        1.0121437957092854E-003  0.20471137055241445        9.4488868612763687E-005  0.39747296833296158        4.0563940813630135E-004


# triplet j3 / nf 0 / mode 2 / nplat  4 / jkb  20 / start     1 / nmeas 10000
 0.0010  0.14353259497544948        1.2322588610148793E-002   5.3918462018527986        3.5182700218287226E-002  0.72349112668350912        6.2158137817884165E-002
 0.0020  0.15312831839099930        9.1208358936865699E-003   2.7717771890252325        1.7889753354012609E-002  0.68762813910278120        4.1017506817372686E-002
 0.0030  0.16359725738565822        8.0117652507663874E-003   1.8887864804666541        1.2269553860379720E-002  0.65071533146507821        3.1937161467039003E-002
 0.0040  0.17176553334381245        7.4158281067709568E-003   1.4434744113778282        9.4886677360613136E-003  0.62562416618201411        2.7088937776226389E-002
 0.0050  0.17850175778793603        6.8967599926071212E-003   1.1744572923644696        7.8012255608689556E-003  0.60712220517382154        2.3543842089100517E-002
 0.0060  0.18445086613346717        6.4197596121221504E-003  0.99412869816896599        6.6498785451851129E-003  0.59214931284663197        2.0704526724636196E-002
 0.0070  0.18991325557185312        6.0065430450042369E-003  0.86475260544751653        5.8045095492455104E-003  0.57936823268592452        1.8427035209483269E-002
 0.0080  0.19502610914675017        5.6694721636232530E-003  0.76737314951745195        5.1525089187012471E-003  0.56815984227655392        1.6626368341232576E-002
 0.0090  0.19985875872322256        5.4053180718885109E-003  0.69141451311833790        4.6317911968760707E-003  0.55819033498237414        1.5211977422916479E-002
 0.0100  0.20445189378004311        5.2020067393439388E-003  0.63050672021204013        4.2050154845686902E-003  0.54924829835469691        1.4094402349254900E-002
 0.0200  0.24236005429602772        3.6943264408529153E-003  0.35538090890262997        2.1451145699560698E-003  0.49194437761066662        7.6443425942726928E-003
 0.0400  0.29843693623122941        3.2639449825019539E-003  0.22111858662225004        1.0545413005915445E-003  0.44566142592830821        4.9886161479463101E-003
 0.0600  0.34659375442826035        3.2589451942572475E-003  0.18153872477346919        7.0685757811929210E-004  0.42584792036436614        4.0890829906360445E-003
 0.0800  0.39035586718402304        2.0930875767261612E-003  0.16591632466690456        5.3948699942270122E-004  0.41739172948036568        2.3386674901157492E-003
 0.1000  0.43202614942031253        1.9183144191654226E-003  0.15976194887923711        4.4048844642838916E-004  0.41375345979215311        1.9236869794451875E-003
 0.1200  0.47242963407159427        1.8009423367885021E-003  0.15817421645014074        3.7420077722631146E-004  0.41241678746799632        1.6461161800279650E-003
 0.1400  0.51205715782019479        1.7085487988549206E-003  0.15903720853783099        3.2591005672359094E-004  0.41210695731545594        1.4384257754752427E-003
 0.1600  0.55125668245330872        1.4256847315482835E-003  0.16129304934511124        2.8850334539059824E-004  0.41212498878987347        1.1277863098728645E-003
 0.1800  0.59008443519961185        1.3761036016737950E-003  0.16435883945192437        2.5817767427775869E-004  0.41222433311968598        1.0143819532604887E-003
 0.2000  0.62875519713927652        1.3319318500522343E-003  0.16789092279196746        2.3275258060224502E-004  0.41215636953480639        9.1865038434899818E-004
 0.2200  0.66735200343715395        1.2911524161239361E-003  0.17167672056037112        2.1090667509976761E-004  0.41183862378217251        8.3599459965411917E-004
 0.2400  0.70593558507590493        1.2529495867775078E-003  0.17558019712900594        1.9179898919274963E-004  0.41123806812694624        7.6367602451264790E-004
 0.2600  0.74455173291191201        1.2170005704060433E-003  0.17951228465543209        1.7486931453513337E-004  0.41034947314693609        6.9987871099491921E-004
 0.2800  0.78323594000530961        1.1831706597430060E-003  0.18341388289370486        1.5972806383813561E-004  0.40918293061489164        6.4328553787169093E-004
 0.3000  0.82198085094877293        1.2304818152413621E-003  0.18724561358505309        1.4609320569437478E-004  0.40777420652201291        6.3081365628097003E-004
 0.3200  0.86087447793377880        1.1903863992948865E-003  0.19098139951464821        1.3375290183500845E-004  0.40611187629240619        5.7928377186135032E-004
 0.3400  0.89990681101850101        1.1536451984895423E-003  0.19460430725098252        1.2254265631811049E-004  0.40423428171038905        5.3361288945772355E-004
 0.3600  0.93909450344467815        1.1199600223207084E-003  0.19810378106559648        1.1233093417798459E-004  0.40216412976179061        4.9298586695586326E-004
 0.3800  0.97845211881937577        1.0890385879798652E-003  0.20147375988191774        1.0300982856533544E-004  0.39992307564515511        4.5671317869014875E-004
 0.4000   1.0179927035511198        1.0606027936608000E-003  0.20471137055241445        9.4488868612763687E-005  0.39753128381848696        4.2421038727779220E-004


