# triplet j1 / nf 2 / mode 2 / nplat  4 / jkb  20 / start     1 / nmeas 10000
 0.0010  -100.00000000000000        132.11547475922646        7.5403381071601861E-004   1.5637883047305389E-005  -1.2280340473423517E-005   1.6224729847249906E-005
 0.0020  -100.00000000000000        95.952333077852344        1.5080504747374567E-003   3.1271763136651202E-005  -2.4560541319258063E-005   2.3567788204164043E-005
 0.0030  0.71296002699143168        101.44964591984115        2.2620328459609009E-003   4.6897639314412853E-005   5.1672550377814437E-003  0.73526730182003397     
 0.0040  0.71550468139886947        101.35370438159934        3.0159637794678167E-003   6.2511514638198808E-005   6.8650795596193566E-003  0.97246218535369655     
 0.0050  0.72786351468721799        112.03110589978880        3.7698261321197930E-003   7.8109398174044524E-005   8.4354976753285293E-003   1.2983727257285478     
 0.0060  0.75007670966592577        92.259037142362331        4.5236027631587062E-003   9.3687306993224474E-005   9.8226161467814977E-003   1.2081765764149410     
 0.0070  0.71878595049657057        1.1988089737193888        5.2772765348120523E-003   1.0924126816766590E-004   1.1958297791504854E-002   1.9944728659271181E-002
 0.0080  0.69969754511756255       0.34876281831898770        6.0308303129059104E-003   1.2476732074597125E-004   1.4039065351340356E-002   6.9992502797735943E-003
 0.0090  0.63236222948527732        4.3914129582950769E-003   6.7842469674849123E-003   1.4026151773249306E-004   1.7475159775465793E-002   2.1762373975929406E-004
 0.0100  0.63226356408233308        4.2164577901025457E-003   7.5375093734433357E-003   1.5571992804258686E-004   1.9419174992234549E-002   2.3876529983485448E-004
 0.0200  0.63284182459754623        3.5091511781709171E-003   1.5057887028187113E-002   3.0748616877077632E-004   3.8780806707471291E-002   4.5058336673822589E-004
 0.0400  0.63635693306455277        3.3072588214834793E-003   2.9979115110244620E-002   5.8450213832573420E-004   7.6957972642633724E-002   8.5018071333575404E-004
 0.0600  0.64296161778191518        3.1968033602624204E-003   4.4629450763169376E-002   8.0638702052472178E-004  0.11381941419363269        1.1737115527198623E-003
 0.0800  0.65218543016383790        3.0509222400391463E-003   5.8880798508072089E-002   9.5844593655305542E-004  0.14882494968958984        1.3970915289750624E-003
 0.1000  0.66391802569437175        2.8836704995983606E-003   7.2616536133051385E-002   1.0373962514829526E-003  0.18151741669295579        1.5174610366905246E-003
 0.1200  0.67805118577686185        2.7075066600834720E-003   8.5737571127242812E-002   1.0500135054924669E-003  0.21155764753518538        1.5465548792751294E-003
 0.1400  0.69446547165100392        2.5326134428947248E-003   9.8167508537283149E-002   1.0098195191196740E-003  0.23873288277626295        1.5052212487181836E-003
 0.1600  0.71303089971807809        2.3664946219466776E-003  0.10985551427702760        9.3313737993866940E-004  0.26295266045279431        1.4173419458828977E-003
 0.1800  0.73361018356242513        2.2139673995929515E-003  0.12077630236229740        8.3571348533615167E-004  0.28423448221607239        1.3049330692391187E-003
 0.2000  0.75360172112119772        1.8941081009976649E-003  0.13092759936091430        7.3056674506023929E-004  0.30367127748872025        1.1403298895272945E-003
 0.2200  0.77792269585737905        1.7238680300507442E-003  0.14032600042052079        6.2712813687229834E-004  0.31941769369258677        1.0052159515380379E-003
 0.2400  0.80382645108850503        1.5792188482971997E-003  0.14900222354329312        5.3134709159468794E-004  0.33270145501904741        8.8268828308503910E-004
 0.2600  0.83118048474634343        1.4588256263708130E-003  0.15699654425341109        4.4632650403090283E-004  0.34375686533336924        7.7638788140016685E-004
 0.2800  0.85986155093188665        1.3601968941279396E-003  0.16435486625213591        3.7312049900510157E-004  0.35282290172876501        6.8694604688060987E-004
 0.3000  0.88975639987762711        1.2802308649378939E-003  0.17112560201966917        3.1146972926214030E-004  0.36013223740894401        6.1312631946035799E-004
 0.3200  0.92076206573711283        1.2156767326683474E-003  0.17735735395153812        2.6037671884394551E-004  0.36590400981134358        5.5274512264121738E-004
 0.3400  0.95281285939000904        1.2112210135690775E-003  0.18309729393781410        2.1850734218045763E-004  0.37032907413035054        5.2004690099541264E-004
 0.3600  0.98582333154968038        1.1721627722842080E-003  0.18839010797951303        1.8444544553582309E-004  0.37359082624690143        4.8038124260786250E-004
 0.3800   1.0196851467551500        1.1404074036100555E-003  0.19327737461078137        1.5683955310827964E-004  0.37586441588201136        4.4717164421421469E-004
 0.4000   1.0543350516973340        1.1142314901990138E-003  0.19779726270760498        1.3447756377956040E-004  0.37729103606267206        4.1884479082066132E-004


# triplet j3 / nf 2 / mode 2 / nplat  4 / jkb  20 / start     1 / nmeas 10000
 0.0010  0.62942790282973760        5.2690574972213289E-003   7.5403381071601861E-004   1.5637883047305389E-005   1.9510321068091242E-003   2.6000966387342449E-005
 0.0020  0.62943786946785607        5.2686674474349679E-003   1.5080504747374567E-003   3.1271763136651202E-005   3.9019802446939224E-003   5.1995298464853262E-005
 0.0030  0.62945448013863103        5.2680176103819800E-003   2.2620328459609009E-003   4.6897639314412853E-005   5.8527604575900312E-003   7.7976366292081776E-005
 0.0040  0.62947773460399403        5.2671081747087019E-003   3.0159637794678167E-003   6.2511514638198808E-005   7.8032888108004132E-003   1.0393754718419476E-004
 0.0050  0.62950763261172094        5.2659388959786189E-003   3.7698261321197930E-003   7.8109398174044524E-005   9.7534814004194177E-003   1.2987222435550049E-004
 0.0060  0.62954417318659384        5.2645106249282186E-003   4.5236027631587062E-003   9.3687306993224474E-005   1.1703254375933213E-002   1.5577380365590043E-004
 0.0070  0.62958735637944030        5.2628231170565431E-003   5.2772765348120523E-003   1.0924126816766590E-004   1.3652523922681096E-002   1.8163569673206763E-004
 0.0080  0.62963718089438070        5.2608773225529711E-003   6.0308303129059104E-003   1.2476732074597125E-004   1.5601206313967131E-002   2.0745134964760060E-004
 0.0090  0.62969364561584651        5.2586731294370801E-003   6.7842469674849123E-003   1.4026151773249306E-004   1.7549217898518512E-002   2.3321421739054833E-004
 0.0100  0.62975674998978315        5.2562112854139384E-003   7.5375093734433357E-003   1.5571992804258686E-004   1.9496475095071106E-002   2.5891779346222420E-004
 0.0200  0.63075264720204793        5.2175727008756927E-003   1.5057887028187113E-002   3.0748616877077632E-004   3.8909256401835374E-002   5.1128677025183466E-004
 0.0400  0.63472702821290150        5.0672575744859956E-003   2.9979115110244620E-002   5.8450213832573420E-004   7.7155591725181119E-002   9.7218235379319009E-004
 0.0600  0.64131799530238920        4.8310370482636785E-003   4.4629450763169376E-002   8.0638702052472178E-004  0.11411111994514045        1.3422662212478475E-003
 0.0800  0.65047532266765407        4.5278211373585269E-003   5.8880798508072089E-002   9.5844593655305542E-004  0.14921621228359511        1.5980333713041537E-003
 0.1000  0.66212797547010505        4.1797087221370575E-003   7.2616536133051385E-002   1.0373962514829526E-003  0.18200814553163511        1.7350087801143972E-003
 0.1200  0.67618470448079648        3.8090055566789827E-003   8.5737571127242812E-002   1.0500135054924669E-003  0.21214161281796595        1.7650877659276839E-003
 0.1400  0.69253596031055165        3.4357841407451854E-003   9.8167508537283149E-002   1.0098195191196740E-003  0.23939802918172773        1.7107695837832386E-003
 0.1600  0.71105713727134989        3.0763202599810397E-003  0.10985551427702760        9.3313737993866940E-004  0.26368256816240632        1.5986152518897428E-003
 0.1800  0.73161279961855874        2.7424375203420749E-003  0.12077630236229740        8.3571348533615167E-004  0.28501047382169703        1.4538619162025338E-003
 0.2000  0.75406135774332417        2.4415981435793660E-003  0.13092759936091430        7.3056674506023929E-004  0.30348617525693444        1.2971361098211688E-003
 0.2200  0.77825963614017379        2.1774660645384179E-003  0.14032600042052079        6.2712813687229834E-004  0.31927940476811395        1.1432352990353050E-003
 0.2400  0.80406691027071364        1.9506891069859234E-003  0.14900222354329312        5.3134709159468794E-004  0.33260195941890319        1.0013895623825738E-003
 0.2600  0.83134815915340765        1.7597094034329315E-003  0.15699654425341109        4.4632650403090283E-004  0.34368753309520356        8.7629683464948845E-004
 0.2800  0.85996674962055297        1.6274947695400545E-003  0.16435486625213591        3.7312049900510157E-004  0.35277974133144768        7.7852154834366378E-004
 0.3000  0.88979618796605386        1.5041057552313522E-003  0.17112560201966917        3.1146972926214030E-004  0.36011613375116136        6.9135196368218645E-004
 0.3200  0.92075458546511357        1.4015090691962624E-003  0.17735735395153812        2.6037671884394551E-004  0.36590698244005726        6.1834008244174266E-004
 0.3400  0.95274519682339975        1.3164714040525497E-003  0.18309729393781410        2.1850734218045763E-004  0.37035537435808114        5.5742192413299094E-004
 0.3600  0.98568172873329729        1.2460002245195880E-003  0.18839010797951303        1.8444544553582309E-004  0.37364449622132556        5.0650387026214593E-004
 0.3800   1.0194878536590646        1.1874420747330339E-003  0.19327737461078137        1.5683955310827964E-004  0.37593715382984622        4.6367705451856936E-004
 0.4000   1.0540965100341047        1.1385217793930787E-003  0.19779726270760498        1.3447756377956040E-004  0.37737641688919710        4.2731237727509463E-004


