# triplet j1 / nf 5 / mode 2 / nplat  4 / jkb  20 / start     1 / nmeas 10000
 0.0010  0.47660869176303772       0.77904933565187973        5.5983085158894464E-004   8.0776045251247364E-006   2.2201455836138684E-003   3.6290143633011833E-003
 0.0020   2.5836006613015512E-002   1.3482067041253130E-002   1.1196569057295338E-003   1.6154731656688856E-005   8.1911917042977719E-002   4.2748382123204032E-002
 0.0030   3.8317541181097509E-002   2.0207157704638705E-002   1.6794733934038090E-003   2.4230912854810026E-005   8.2844666958488133E-002   4.3693092383749493E-002
 0.0040   5.0970143578667838E-002   2.6935395262147201E-002   2.2392755767335218E-003   3.2305689245321499E-005   8.3039152522159626E-002   4.3886491247389879E-002
 0.0050  0.98788883133991645        4.3920947964349324E-002   2.7990587491086012E-003   4.0378611617499375E-005   5.3554742001714973E-003   2.4121428792044344E-004
 0.0060  0.99680145939564280        3.4301265655243628E-002   3.3588182353073487E-003   4.8449240417651516E-005   6.3690580765469506E-003   2.2392979867809042E-004
 0.0070   1.0022126512629730        2.9241580052100272E-002   3.9185493916078168E-003   5.6517145727655008E-005   7.3903805132819805E-003   2.2211802403209992E-004
 0.0080   1.0057589383977510        2.6481250686854130E-002   4.4782476058908933E-003   6.4581907248870740E-005   8.4162793423880663E-003   2.2975702234394557E-004
 0.0090   1.0082180200973512        2.4925693626031455E-002   5.0379082977343457E-003   7.2643114267995825E-005   9.4451079548648186E-003   2.4323348596395864E-004
 0.0100   1.0099949253400542        2.4021390634294131E-002   5.5975269184987400E-003   8.0700365616724379E-005   1.0475961688889751E-002   2.6034961177031659E-004
 0.0200   1.0158648300966713        2.2543645391115034E-002   1.1190421369120046E-002   1.6097377501028950E-004   2.0826547952320064E-002   4.8584278352549866E-004
 0.0400   1.0177858266070423        2.2361909189586297E-002   2.2345271690599976E-002   3.1895766416658607E-004   4.1541427336319110E-002   9.5965904711173701E-004
 0.0600   1.0184757078945257        2.2043928428468952E-002   3.3433622675939932E-002   4.7213857920353196E-004   6.2191590904492867E-002   1.4158934756505854E-003
 0.0800   1.0193447310372636        1.6251290326718026E-002   4.4429271945485266E-002   6.1947704911054745E-004   8.2712949386953880E-002   1.4392461452539969E-003
 0.1000   1.0184932468952250        1.5865343121777918E-002   5.5309928430008502E-002   7.5997123749603653E-004  0.10326624665632367        1.7581053384607872E-003
 0.1200   1.0171382557325350        1.7526096773461741E-002   6.6055990488509228E-002   8.9191545276190443E-004  0.12378890931454820        2.2908607445453759E-003
 0.1400   1.0149923688883540        1.4787995013460228E-002   7.6649020494115344E-002   1.0123531591119182E-003  0.14433429766631811        2.3088193544146601E-003
 0.1600   1.0131551341109442        1.4085015957018375E-002   8.7070032721198426E-002   1.1168979778356037E-003  0.16475302352734689        2.5224219291791628E-003
 0.1800   1.0119393571759390        1.3260456205872351E-002   9.7297733771776515E-002   1.2000389639303854E-003  0.18494735541975260        2.6785127826524603E-003
 0.2000   1.0118804357448290        1.2317985569891601E-002  0.10730691376974424        1.2559477912097894E-003  0.20474563359314901        2.7654922685017959E-003
 0.2200   1.0134669573925215        1.1279322391054137E-002  0.11706728862184951        1.2796653182572480E-003  0.22394146987389216        2.7766603385475904E-003
 0.2400   1.0171007159579009        1.0182470685493435E-002  0.12654319169082068        1.2683908214385059E-003  0.24231262964717429        2.7128475368155434E-003
 0.2600   1.0230762585572033        9.0743810573216850E-003  0.13569450377265840        1.2224897811708622E-003  0.25964190914175411        2.5829179591445712E-003
 0.2800   1.0315783334195627        8.0019359556987892E-003  0.14447899316890381        1.1458521204604851E-003  0.27573643407095366        2.4021642423814726E-003
 0.3000   1.0347942949114413        3.4553895734305614E-003  0.15285581976214380        1.0454149474225611E-003  0.29265947472207637        1.3987783888851338E-003
 0.3200   1.0489127363421924        3.2008276468275163E-003  0.16078950821925214        9.2996271955355953E-004  0.30582957529042165        1.2857556322632034E-003
 0.3400   1.0659853556505525        2.7938491678457206E-003  0.16825346635593974        8.0858918070752346E-004  0.31731107328830210        1.1282645572760184E-003
 0.3600   1.0853434020432331        2.4554580177289474E-003  0.17523226236701026        6.8929999508662355E-004  0.32726993617294042        9.8108583996708116E-004
 0.3800   1.1069028483561654        2.1670013917071446E-003  0.18172230294158059        5.7811240563918889E-004  0.33573870202597766        8.4688799173052967E-004
 0.4000   1.1305480567297803        1.9201006242118852E-003  0.18773103809691030        4.7876357882808117E-004  0.34278673425157180        7.2800483099216991E-004


# triplet j3 / nf 5 / mode 2 / nplat  4 / jkb  20 / start     1 / nmeas 10000
 0.0010   1.0152071130575224        2.6607670953421089E-002   5.5983085158894464E-004   8.0776045251247364E-006   1.0422904533665700E-003   2.8333506487039705E-005
 0.0020   1.0152095658437590        2.6607027411603753E-002   1.1196569057295338E-003   1.6154731656688856E-005   2.0845714043762724E-003   5.6665252530762408E-005
 0.0030   1.0152136026497942        2.6605957840412177E-002   1.6794733934038090E-003   2.4230912854810026E-005   3.1268335348646945E-003   8.4993497732347082E-005
 0.0040   1.0152191816380323        2.6604464717504873E-002   2.2392755767335218E-003   3.2305689245321499E-005   4.1690677276963054E-003   1.1331652371237360E-004
 0.0050   1.0152262610068332        2.6602550540021131E-002   2.7990587491086012E-003   4.0378611617499375E-005   5.2112650667956711E-003   1.4163263426034554E-004
 0.0060   1.0152347989991659        2.6600217823484432E-002   3.3588182353073487E-003   4.8449240417651516E-005   6.2534168371062918E-003   1.6994015546994003E-004
 0.0070   1.0152447539116536        2.6597469102087382E-002   3.9185493916078168E-003   5.6517145727655008E-005   7.2955145244740435E-003   1.9823743586675461E-004
 0.0080   1.0152560841040701        2.6594306925587872E-002   4.4782476058908933E-003   6.4581907248870740E-005   8.3375498154527224E-003   2.2652284650529324E-004
 0.0090   1.0152687480083773        2.6590733860694077E-002   5.0379082977343457E-003   7.2643114267995825E-005   9.3795145970365038E-003   2.5479478107640996E-004
 0.0100   1.0152827041382186        2.6586752488322242E-002   5.5975269184987400E-003   8.0700365616724379E-005   1.0421400956314372E-002   2.8305165597372920E-004
 0.0200   1.0154842885501938        2.6525058791303183E-002   1.1190421369120046E-002   1.6097377501028950E-004   2.0834352471656232E-002   5.6446006118278250E-004
 0.0400   1.0161026206444306        2.6290668508122717E-002   2.2345271690599976E-002   3.1895766416658607E-004   4.1610242017796409E-002   1.1168320255793649E-003
 0.0600   1.0167675724202530        2.5926642374522468E-002   3.3433622675939932E-002   4.7213857920353196E-004   6.2296070694670039E-002   1.6482682196013528E-003
 0.0800   1.0172535190432410        2.5455492301905001E-002   4.4429271945485266E-002   6.1947704911054745E-004   8.2882985969360265E-002   2.1530274508605269E-003
 0.1000   1.0178388926387367        2.1551241490570677E-002   5.5309928430008502E-002   7.5997123749603653E-004  0.10333263506861548        2.3002058803714511E-003
 0.1200   1.0168219566410288        2.0657398753302612E-002   6.6055990488509228E-002   8.9191545276190443E-004  0.12382741587835616        2.6509030169633574E-003
 0.1400   1.0155853374691739        1.9669286410994025E-002   7.6649020494115344E-002   1.0123531591119182E-003  0.14425002537477036        2.9516958513298350E-003
 0.1600   1.0144830729835352        1.8605921171005100E-002   8.7070032721198426E-002   1.1168979778356037E-003  0.16453736498148722        3.1968692039882280E-003
 0.1800   1.0136563151063607        1.4979602151652520E-002   9.7297733771776515E-002   1.2000389639303854E-003  0.18463408668767239        2.9565276000975702E-003
 0.2000   1.0135676972461425        1.3783966962102032E-002  0.10730691376974424        1.2559477912097894E-003  0.20440479851517407        3.0262443055786613E-003
 0.2200   1.0026169716097233        6.5066766334610192E-003  0.11706728862184951        1.2796653182572480E-003  0.22636488961753526        1.9206089016180080E-003
 0.2400   1.0072049908860590        5.6183546776607408E-003  0.12654319169082068        1.2683908214385059E-003  0.24469333584513905        1.8349220874505081E-003
 0.2600   1.0141420856848322        4.8571846792436505E-003  0.13569450377265840        1.2224897811708622E-003  0.26192924711335447        1.7221716854683082E-003
 0.2800   1.0235513169045001        4.2200317557698841E-003  0.14447899316890381        1.1458521204604851E-003  0.27789884730176828        1.5897042454010679E-003
 0.3000   1.0354771780904533        3.6921519944550464E-003  0.15285581976214380        1.0454149474225611E-003  0.29246646976098711        1.4449033536804920E-003
 0.3200   1.0499037208152491        3.2533993693997518E-003  0.16078950821925214        9.2996271955355953E-004  0.30554090847792670        1.2950461662922480E-003
 0.3400   1.0667703248272946        2.8838088152802108E-003  0.16825346635593974        8.0858918070752346E-004  0.31707758402995528        1.1468286969216371E-003
 0.3600   1.0859842196281275        2.5671643587066102E-003  0.17523226236701026        6.8929999508662355E-004  0.32707682072400807        1.0058037260017049E-003
 0.3800   1.1074299987093592        2.2922016271137977E-003  0.18172230294158059        5.7811240563918889E-004  0.33557888625833537        8.7600833192957124E-004
 0.4000   1.1309769271097438        2.0520209985960126E-003  0.18773103809691030        4.7876357882808117E-004  0.34265674833104504        7.5988972910862919E-004


