# triplet j1 / nf 4 / mode 2 / nplat  4 / jkb  20 / start     1 / nmeas 10000
 0.0010   2.0688337628032169E-002   1.2280399940505303E-002   5.7173257382705524E-004   7.1923936005225156E-006   5.1687540935843101E-002   3.0682953922657116E-002
 0.0020   4.0439232841360660E-002   2.4233377369621140E-002   1.1434637256288003E-003   1.4385020710656753E-005   5.2885703214179798E-002   3.1693721995832501E-002
 0.0030   6.0394589441933405E-002   3.6317359078240651E-002   1.7151920328951319E-003   2.1578114524455798E-005   5.3117052437953526E-002   3.1942871438994463E-002
 0.0040   8.0346986301414430E-002   4.8402407065785830E-002   2.2869160721471445E-003   2.8771907605066955E-005   5.3235399210817026E-002   3.2071668887113963E-002
 0.0050  0.10025681261048740        6.0444210096153798E-002   2.8586344184525722E-003   3.5966631570394650E-005   5.3329242620379885E-002   3.2153619667198506E-002
 0.0060  0.12011792248225169        7.2379884354923540E-002   3.4303456449418174E-003   4.3162516775639992E-005   5.3413587965133284E-002   3.2187370128751766E-002
 0.0070  0.13993886444929834        8.4122456631992346E-002   4.0020483223238467E-003   5.0359792004025233E-005   5.3489290397383427E-002   3.2156163205638702E-002
 0.0080  0.94802808838920483        1.9319292105132998E-002   4.5737410184027716E-003   5.7558684149342030E-005   9.0234906207558047E-003   1.9245056851094970E-004
 0.0090  0.94936731680090736        1.8184983767025466E-002   5.1454222975946011E-003   6.4759417896997600E-005   1.0137070996598746E-002   2.0438428660363687E-004
 0.0100  0.95035067466341883        1.7503789644693627E-002   5.7170907204443936E-003   7.1962215422084630E-005   1.1251713165112497E-002   2.1900156334030656E-004
 0.0200  0.95170511187828055        1.3661499036593935E-002   1.1432747438760217E-002   1.4415015418665379E-004   2.2469990997374550E-002   3.5228683580726676E-004
 0.0400  0.95084925240619722        1.3740851061312974E-002   2.2853733963371297E-002   2.8991933642548521E-004   4.4968863098691823E-002   7.0969370061252065E-004
 0.0600  0.94694575656619517        1.3598291718015198E-002   3.4249672838733300E-002   4.3795421837607043E-004   6.7700789684279297E-002   1.0641989035613713E-003
 0.0800  0.94133549877142542        1.2122289631392349E-002   4.5604289207070083E-002   5.8708052422759289E-004   9.0744100529257979E-002   1.3064235087163064E-003
 0.1000  0.93595676969627584        1.1754112202439843E-002   5.6896954756087588E-002   7.3373614246397066E-004  0.11397345647039805        1.6089610167762678E-003
 0.1200  0.93126249603011790        1.1253003134478355E-002   6.8101425107637906E-002   8.7187022892269380E-004  0.13728137096283477        1.8772420292587648E-003
 0.1400  0.92795141703596040        1.0617892687272333E-002   7.9184711416075901E-002   9.9346026147312423E-004  0.16046282932187314        2.0938850967706208E-003
 0.1600  0.92656596263667990        9.8647044035946891E-003   9.0106234154659987E-002   1.0896809042251349E-003  0.18326353796147124        2.2438398766067174E-003
 0.1800  0.92749749461646080        9.0262479489885087E-003  0.10081759190392593        1.1525648161962792E-003  0.20540294455131800        2.3182540865082603E-003
 0.2000  0.93100090596388929        8.1448213358853248E-003  0.11126342021575886        1.1767791603950071E-003  0.22659801182467393        2.3164165353247866E-003
 0.2200  0.92866185113408573        4.4346377791665620E-003  0.12138375249970476        1.1609993244411187E-003  0.24885651361435038        1.6818421263672929E-003
 0.2400  0.93868007343000937        3.8066710941264087E-003  0.13111792994980362        1.1084032204283902E-003  0.26726006032869681        1.5654953675496280E-003
 0.2600  0.95118902720007947        3.3301774668991493E-003  0.14040953761692643        1.0260792560590117E-003  0.28407508463006781        1.4375523482534471E-003
 0.2800  0.96618188886608469        2.9356636894919269E-003  0.14921135777455743        9.2354193084718096E-004  0.29918241419610392        1.2975489944567220E-003
 0.3000  0.98359434871300189        2.5945369442199489E-003  0.15748922633147489        8.1087241623137144E-004  0.31252518802827672        1.1519194595261545E-003
 0.3200   1.0033209769192473        2.2957524567597106E-003  0.16522402808150929        6.9707207319560840E-004  0.32410572133859289        1.0086685299057112E-003
 0.3400   1.0252293063611779        2.0352300961224822E-003  0.17241166907648736        5.8902610985487637E-004  0.33397716386931531        8.7465946008500695E-004
 0.3600   1.0491713876562359        1.8111301468380072E-003  0.17906140609702945        4.9117007446527507E-004  0.34223214964445292        7.5454081927296224E-004
 0.3800   1.0749929805492640        1.6218237974952871E-003  0.18519318908274049        4.0570681272206275E-004  0.34899055456965306        6.5065362141490267E-004
 0.4000   1.1025406011132477        1.4651176366863206E-003  0.19083466962084289        3.3312063424586368E-004  0.35438802700860228        5.6342528493185404E-004


# triplet j3 / nf 4 / mode 2 / nplat  4 / jkb  20 / start     1 / nmeas 10000
 0.0010  0.94567061929559515        1.2399916031794791E-002   5.7173257382705524E-004   7.1923936005225156E-006   1.1307629487738245E-003   1.6444592855668316E-005
 0.0020  0.94566087973106905        1.2398333961187485E-002   1.1434637256288003E-003   1.4385020710656753E-005   2.2615477832449967E-003   3.2886475606581926E-005
 0.0030  0.94564465296256783        1.2395698189935207E-002   1.7151920328951319E-003   2.1578114524455798E-005   3.3923763691844563E-003   4.9322940648026322E-005
 0.0040  0.94562194831423307        1.2392010087349943E-002   2.2869160721471445E-003   2.8771907605066955E-005   4.5232705298000157E-003   6.5751284656621016E-005
 0.0050  0.94559277798660901        1.2387271835065614E-002   2.8586344184525722E-003   3.5966631570394650E-005   5.6542520295415795E-003   8.2168812294022928E-005
 0.0060  0.94555715855931699        1.2381486179656249E-002   3.4303456449418174E-003   4.3162516775639992E-005   6.7853425471077165E-003   9.8572838027113216E-005
 0.0070  0.94551510903253433        1.2374656276901236E-002   4.0020483223238467E-003   5.0359792004025233E-005   7.9165636666214661E-003   1.1496068752527510E-004
 0.0080  0.94546665337950864        1.2366785953002016E-002   4.5737410184027716E-003   5.7558684149342030E-005   9.0479368396711446E-003   1.3132970087987558E-004
 0.0090  0.94541181766108917        1.2357879595139464E-002   5.1454222975946011E-003   6.4759417896997600E-005   1.0179483387535979E-002   1.4767723497937201E-004
 0.0100  0.94535063264611541        1.2347942214104266E-002   5.7170907204443936E-003   7.1962215422084630E-005   1.1311224458223641E-002   1.6400066585552163E-004
 0.0200  0.94439861707182393        1.2193342603996318E-002   1.1432747438760217E-002   1.4415015418665379E-004   2.2643833768377843E-002   3.2534980342278030E-004
 0.0400  0.94084243419083147        1.1614989269998056E-002   2.2853733963371297E-002   2.8991933642548521E-004   4.5447152791021968E-002   6.3078192263779252E-004
 0.0600  0.93571879666859581        1.0771006987102989E-002   3.4249672838733300E-002   4.3795421837607043E-004   6.8513078647082309E-002   9.0213635614347051E-004
 0.0800  0.92996218371721651        9.7826771003499350E-003   4.5604289207070083E-002   5.8708052422759289E-004   9.1853888930012881E-002   1.1327837165193289E-003
 0.1000  0.92450434539678372        8.7528196905015294E-003   5.6896954756087588E-002   7.3373614246397066E-004  0.11538531828465322        1.3217084787040172E-003
 0.1200  0.92013539336575223        7.7552364062798296E-003   6.8101425107637906E-002   8.7187022892269380E-004  0.13894150046075654        1.4705071869559230E-003
 0.1400  0.91745752443932727        6.8370129899798515E-003   7.9184711416075901E-002   9.9346026147312423E-004  0.16229820551292315        1.5809334609176999E-003
 0.1600  0.91689580293825301        6.0232219583120005E-003   9.0106234154659987E-002   1.0896809042251349E-003  0.18519635047223534        1.6534995008371893E-003
 0.1800  0.91872966066790429        5.3209609490413113E-003  0.10081759190392593        1.1525648161962792E-003  0.20736319356413560        1.6873923764225136E-003
 0.2000  0.92312515097314030        4.7235266295677604E-003  0.11126342021575886        1.1767791603950071E-003  0.22853126044284952        1.6816576718523049E-003
 0.2200  0.93016167968745089        4.2155093735903870E-003  0.12138375249970476        1.1609993244411187E-003  0.24845524777749592        1.6369800422318653E-003
 0.2400  0.93985293206967091        3.7782875159886398E-003  0.13111792994980362        1.1084032204283902E-003  0.26692654190246523        1.5570403861030356E-003
 0.2600  0.95216297158237706        3.3946545482877355E-003  0.14040953761692643        1.0260792560590117E-003  0.28378451112418324        1.4487335448974399E-003
 0.2800  0.96701845418793420        3.0516003402637866E-003  0.14921135777455743        9.2354193084718096E-004  0.29892359221443465        1.3212204391480700E-003
 0.3000  0.98431786024067314        2.7410710091317183E-003  0.15748922633147489        8.1087241623137144E-004  0.31229546998153640        1.1843448700393396E-003
 0.3200   1.0039386556451897        2.4592097528293483E-003  0.16522402808150929        6.9707207319560840E-004  0.32390631352826366        1.0470864491830354E-003
 0.3400   1.0257432850765837        2.2048668249953066E-003  0.17241166907648736        5.8902610985487637E-004  0.33380981482968930        9.1651428533004464E-004
 0.3600   1.0495847029223191        1.9780881250729874E-003  0.17906140609702945        4.9117007446527507E-004  0.34209738227255937        7.9738133115279724E-004
 0.3800   1.0753116808284438        1.7789978893558867E-003  0.18519318908274049        4.0570681272206275E-004  0.34888712094277496        6.9224533738110469E-004
 0.4000   1.1027737140528859        1.6071780727558321E-003  0.19083466962084289        3.3312063424586368E-004  0.35431311369348073        6.0189252021752469E-004


