# triplet j1 / nf 3 / mode 2 / nplat  4 / jkb  20 / start     1 / nmeas 10000
 0.0010  0.17606285641921407        208.16448425673804        5.9025974729892228E-004   6.1987340267900573E-006   6.1711888678634766E-003   7.2963847915976396     
 0.0020  0.33634209431535028        208.40347185491018        1.1810840881849407E-003   1.2464922368340820E-005   6.4623307338905851E-003   4.0041736792053451     
 0.0030  0.48281316145959136        196.95202657159504        1.7724675716915036E-003   1.8798348878599484E-005   6.7543828552878941E-003   2.7552881691961235     
 0.0040  0.57382360402962540        196.99819487581652        2.3644046868573007E-003   2.5198767188692195E-005   7.5792719550751694E-003   2.6020241818520384     
 0.0050  0.64841064179948937        179.70006893230820        2.9568898626761704E-003   3.1665900597788337E-005   8.3862429588591799E-003   2.3241574720135141     
 0.0060  0.70694238684431498        168.54419737974541        3.5499174680519037E-003   3.8199441966054240E-005   9.2324237450160870E-003   2.2011290867927005     
 0.0070  0.72931234591171912        153.77629539078717        4.1434818117566091E-003   4.4799053635858093E-005   1.0443189791357934E-002   2.2019578411197274     
 0.0080  0.78909555101824191        120.80856287972513        4.7375771423937719E-003   5.1464367334276502E-005   1.1033379185060420E-002   1.6891828653362300     
 0.0090  0.79825490717994196        120.76633198889716        5.3321976483643296E-003   5.8194984109994672E-005   1.2272916375730806E-002   1.8567441065959438     
 0.0100  0.80474218126364960        113.11518170679624        5.9273374578373665E-003   6.4990474262356722E-005   1.3529696628541346E-002   1.9017445951897189     
 0.0200  0.81953889439140426       0.45181589986147830        1.1905962333027842E-002   1.3639681942075046E-004   2.6628253223723173E-002   1.4681081829201352E-002
 0.0400  0.81626788948949025        7.1594910770292300E-002   2.3991415216815536E-002   2.9563219638091960E-004   5.3671065179203337E-002   4.7190926833430621E-003
 0.0600  0.80977174074847946        2.6097865016207551E-002   3.6199013586371100E-002   4.6911799192953581E-004   8.1390998120903016E-002   2.6756152382502564E-003
 0.0800  0.80528997116334344        1.2905609484603547E-002   4.8461824066978000E-002   6.4423704047508236E-004  0.10934717792828737        1.8971486205404482E-003
 0.1000  0.80345079894618676        7.9520134143023190E-003   6.0703557778736247E-002   8.0601480838377005E-004  0.13713957005882696        1.6343940899907095E-003
 0.1200  0.80441491439919910        5.7979869549221359E-003   7.2839327609155860E-002   9.3957675673007294E-004  0.16436466949503550        1.5897476363780747E-003
 0.1400  0.80824988965661548        4.7068816327614305E-003   8.4777530661243827E-002   1.0329041003671049E-003  0.19062231652517642        1.6064875881596117E-003
 0.1600  0.81495721786171305        4.0392116834043895E-003   9.6423403126152316E-002   1.0791539094483229E-003  0.21554175080701773        1.6112322813235512E-003
 0.1800  0.82448476160095807        3.5511189332828185E-003  0.10768430112992056        1.0778230452437197E-003  0.23880576893117461        1.5767770693099858E-003
 0.2000  0.83674071705437469        3.1493964463539552E-003  0.11847600272065953        1.0343836983982119E-003  0.26016824613251338        1.4996010658214931E-003
 0.2200  0.85160366930252085        2.7991873037031003E-003  0.12872872761123741        9.5857520359538483E-004  0.27946443863919396        1.3879736588940455E-003
 0.2400  0.86893031842903412        2.4883920125606798E-003  0.13839151169405725        8.6201169438335625E-004  0.29661314557737800        1.2549391126570617E-003
 0.2600  0.88856258746050698        2.2134599501388631E-003  0.14743409362572918        7.5590529526978743E-004  0.31161087829306433        1.1138544965840049E-003
 0.2800  0.91033441701341111        1.9735121943567058E-003  0.15584625828153473        6.4948366302299790E-004  0.32451983086880642        9.7581342322983786E-004
 0.3000  0.93430978559159983        1.7600941935085742E-003  0.16363523055000981        5.4928884206777715E-004  0.33536916845239206        8.4615950995775915E-004
 0.3200  0.95980705990549076        1.5906030930145421E-003  0.17082199566782549        4.5921294883574204E-004  0.34449104944382769        7.3506890534089748E-004
 0.3400  0.98696006996499530        1.4490348764753858E-003  0.17743736084066022        3.8097386524151250E-004  0.35194711414174018        6.4012303211772052E-004
 0.3600   1.0156229387754581        1.3332966321172042E-003  0.18351832720640140        3.1474502731561712E-004  0.35790969934967987        5.6121883294880362E-004
 0.3800   1.0456610980294982        1.2404453794334156E-003  0.18910506950609388        2.5974681962062353E-004  0.36254960035788003        4.9696048473044942E-004
 0.4000   1.0769522708473735        1.1670674051565404E-003  0.19423861102878626        2.1470930806566268E-004  0.36602969424486398        4.4526805599134239E-004


# triplet j3 / nf 3 / mode 2 / nplat  4 / jkb  20 / start     1 / nmeas 10000
 0.0010  0.84064520592164749        9.1370692900392438E-003   5.9025974729892228E-004   6.1987340267900573E-006   1.2924800283459518E-003   1.5601530229855263E-005
 0.0020  0.83990865515703228        9.0520665176302174E-003   1.1810840881849407E-003   1.2464922368340820E-005   2.5878455232597156E-003   3.1054028654349717E-005
 0.0030  0.83918021468313442        8.9688881915284870E-003   1.7724675716915036E-003   1.8798348878599484E-005   3.8860603276989415E-003   4.6364291494387871E-005
 0.0040  0.83845984402596474        8.8874860111429199E-003   2.3644046868573007E-003   2.5198767188692195E-005   5.1870881833754436E-003   6.1538870647606249E-005
 0.0050  0.83774750452254376        8.8078127464169889E-003   2.9568898626761704E-003   3.1665900597788337E-005   6.4908927211182171E-003   7.6584077245382573E-005
 0.0060  0.83704315795255257        8.7298233258299648E-003   3.5499174680519037E-003   3.8199441966054240E-005   7.7974374638276065E-003   9.1505994671239239E-005
 0.0070  0.83634676851514378        8.6534730882173658E-003   4.1434818117566091E-003   4.4799053635858093E-005   9.1066858057677336E-003   1.0631047285547601E-004
 0.0080  0.83565830116973483        8.5787191024089826E-003   4.7375771423937719E-003   5.1464367334276502E-005   1.0418601018432358E-002   1.2100314269720615E-004
 0.0090  0.83497772175241058        8.5055199831533639E-003   5.3321976483643296E-003   5.8194984109994672E-005   1.1733146247033865E-002   1.3558942268367314E-004
 0.0100  0.83430499845900707        8.4338349536287587E-003   5.9273374578373665E-003   6.4990474262356722E-005   1.3050284484448978E-002   1.5007451330599717E-004
 0.0200  0.82800351412527018        7.7921358475329175E-003   1.1905962333027842E-002   1.3639681942075046E-004   2.6356034526736093E-002   2.9036319850494596E-004
 0.0400  0.81765711607614033        6.8262317748578570E-003   2.3991415216815536E-002   2.9563219638091960E-004   5.3579876257570033E-002   5.5593703855006478E-004
 0.0600  0.81023639518809321        6.1402947906728511E-003   3.6199013586371100E-002   4.6911799192953581E-004   8.1344322004098010E-002   8.1107564045079209E-004
 0.0800  0.80569986187752418        5.6223939552729882E-003   4.8461824066978000E-002   6.4423704047508236E-004  0.10929154878525855        1.0532719066354277E-003
 0.1000  0.80403482508048119        5.2018997721731026E-003   6.0703557778736247E-002   8.0601480838377005E-004  0.13703995609875722        1.2703621965335580E-003
 0.1200  0.80523161710452096        4.8333257896875162E-003   7.2839327609155860E-002   9.3957675673007294E-004  0.16419796333573364        1.4466845157071809E-003
 0.1400  0.80926927239221480        4.4882820750061104E-003   8.4777530661243827E-002   1.0329041003671049E-003  0.19038220225775673        1.5684279667811179E-003
 0.1600  0.81610812464588234        4.1510295987260146E-003   9.6423403126152316E-002   1.0791539094483229E-003  0.21523778561443596        1.6276505795024367E-003
 0.1800  0.82568650452103087        3.8153484014738161E-003  0.10768430112992056        1.0778230452437197E-003  0.23845819979868399        1.6242749611654504E-003
 0.2000  0.83791997473924240        3.4817775575410824E-003  0.11847600272065953        1.0343836983982119E-003  0.25980209493328249        1.5657831062901523E-003
 0.2200  0.85270237710355024        3.1550035823831998E-003  0.12872872761123741        9.5857520359538483E-004  0.27910434845170534        1.4650329919511811E-003
 0.2400  0.86990841600207025        2.8415335572140477E-003  0.13839151169405725        8.6201169438335625E-004  0.29627964311610383        1.3371803651500405E-003
 0.2600  0.88939755303861756        2.5478713257924648E-003  0.14743409362572918        7.5590529526978743E-004  0.31131833829646705        1.1967878488574662E-003
 0.2800  0.91101882471697659        2.2793216171963001E-003  0.15584625828153473        6.4948366302299790E-004  0.32427603363193225        1.0558500426061366E-003
 0.3000  0.93461603406187566        2.0394003400489450E-003  0.16363523055000981        5.4928884206777715E-004  0.33525927701989666        9.2293470951395576E-004
 0.3200  0.96003273640754561        1.8297252297489780E-003  0.17082199566782549        4.5921294883574204E-004  0.34441006935629587        8.0323102444213468E-004
 0.3400  0.98711656617750621        1.6502067897501064E-003  0.17743736084066022        3.8097386524151250E-004  0.35189131689118791        6.9912473217642395E-004
 0.3600   1.0157226418820970        1.4993867510694661E-003  0.18351832720640140        3.1474502731561712E-004  0.35787456701389253        6.1095568437985102E-004
 0.3800   1.0457159814803669        1.3748175467156120E-003  0.18910506950609388        2.5974681962062353E-004  0.36253057227230895        5.3773668679093199E-004
 0.4000   1.0769729917927344        1.2734293408589777E-003  0.19423861102878626        2.1470930806566268E-004  0.36602265183864519        4.7773702020050365E-004


