# triplet j1 / nf 6 / mode 2 / nplat  4 / jkb  20 / start     1 / nmeas 10000
 0.0010  0.46671711515841263        1.5545373543754488        5.5128244455908892E-004   8.3533154603761452E-006   2.2498229977468013E-003   7.4937104827326661E-003
 0.0020  0.81211950508670061       0.31104882116964278        1.1025602431318845E-003   1.6706297462447742E-005   2.5858969775678195E-003   9.9061473579394196E-004
 0.0030  0.94440909663392369       0.14438661174988418        1.6538287502140948E-003   2.5058612649193881E-005   3.3354983666915123E-003   5.1057558868979926E-004
 0.0040  0.99790451863511243        8.4181767414547193E-002   2.2050833212663317E-003   3.3409927865948366E-005   4.2088990223052899E-003   3.5648539315959340E-004
 0.0050   1.0247188962247515        5.7071998051875010E-002   2.7563193131957052E-003   4.1759910259985800E-005   5.1234207073710793E-003   2.8797765610851731E-004
 0.0060   1.0387878155378301        4.4120994087663346E-002   3.3075320848375144E-003   5.0108227384302748E-005   6.0647905786728705E-003   2.6165759024469204E-004
 0.0070   1.0464853231498445        3.7643921095683319E-002   3.8587169974358872E-003   5.8454547294492298E-005   7.0234798389684858E-003   2.5818702125687397E-004
 0.0080   1.0510371621671446        3.4224875155108733E-002   4.4098694151240292E-003   6.6798538645482025E-005   7.9919872816019127E-003   2.6718921055765799E-004
 0.0090   1.0539590830481280        3.2329024999055621E-002   4.9609847054033970E-003   7.5139870796622201E-005   8.9659527462606046E-003   2.8327857449130656E-004
 0.0100   1.0559680533083873        3.1231707950757592E-002   5.5120582396217480E-003   8.3478213909451597E-005   9.9430842008007090E-003   3.0356581919034777E-004
 0.0200   1.0623351398894674        2.9381161599794960E-002   1.1019482395111167E-002   1.6662544536585216E-004   1.9762825959757827E-002   5.6663815496404502E-004
 0.0400   1.0647948324734446        2.9137784792522176E-002   2.2002177003659099E-002   3.3066040188516510E-004   3.9401421088367895E-002   1.1181194918200687E-003
 0.0600   1.0665022205430463        2.8757093267558514E-002   3.2912775235305725E-002   4.8979222037054035E-004   5.8926563022250397E-002   1.6482788342589690E-003
 0.0800   1.0683757148355919        2.8214798374554297E-002   4.3718738302064034E-002   6.4213934139997297E-004   7.8283420569824777E-002   2.1458405728024001E-003
 0.1000   1.0703737805806071        2.7526215659027853E-002   5.4391230995547546E-002   7.8619969938937585E-004   9.7441504208557739E-002   2.6029273294107627E-003
 0.1200   1.0723604775421871        2.6701893298276214E-002   6.4905571708068321E-002   9.2058831039946716E-004  0.11638735839292422        3.0133053130045745E-003
 0.1400   1.0745716292736933        2.0158173319862430E-002   7.5241131436924666E-002   1.0436388075987426E-003  0.13507385795918667        2.7015052231264985E-003
 0.1600   1.0755093672068683        2.1816012842073882E-002   8.5380683836615096E-002   1.1530063448145682E-003  0.15368822908246174        3.2856464027354831E-003
 0.1800   1.0764407280058554        2.0579543203062784E-002   9.5309275353766210E-002   1.2454351995936043E-003  0.17207933255595254        3.4766491727724540E-003
 0.2000   1.0765690144431095        1.6932485913628066E-002  0.10501274190319702        1.3168335819350029E-003  0.19037465040942697        3.2233942711780194E-003
 0.2200   1.0775973507456666        1.5694933306565167E-002  0.11447605121934534        1.3627296483146578E-003  0.20827020445902625        3.2769218583189757E-003
 0.2400   1.0794991176603213        1.4385570409201331E-002  0.12368171162315407        1.3790758400311735E-003  0.22571014012744359        3.2604616455283895E-003
 0.2600   1.0827353110932700        1.3025313531751619E-002  0.13260856223708864        1.3632454085304533E-003  0.24252982557059613        3.1728037943439002E-003
 0.2800   1.0877242264726297        1.1648419068873057E-002  0.14123131450637738        1.3149606517842422E-003  0.25854772020158329        3.0190859808041873E-003
 0.3000   1.0948042614881464        1.0297920588519199E-002  0.14952117655180761        1.2368517159139167E-003  0.27358387645818799        2.8111721543532687E-003
 0.3200   1.1042149490093724        9.0178988207401493E-003  0.15744768901788295        1.1344088054006957E-003  0.28747793056036242        2.5660449950530664E-003
 0.3400   1.1142169102304211        7.0455878566574133E-003  0.16498154604426965        1.0152679144578220E-003  0.30060928838483508        2.1139524378002827E-003
 0.3600   1.1226431956934397        3.1965462903856693E-003  0.17209780848379538        8.8800557024764130E-004  0.31355387316745775        1.2047756424686232E-003
 0.3800   1.1398891555089921        2.8758914826585318E-003  0.17877874005975292        7.6079947883473634E-004  0.32337177485655000        1.0672596639172477E-003
 0.4000   1.1599340524854238        2.5032143743804517E-003  0.18501562351652059        6.4033876984739856E-004  0.33167741271589396        9.1748691826087100E-004


# triplet j3 / nf 6 / mode 2 / nplat  4 / jkb  20 / start     1 / nmeas 10000
 0.0010   1.0616696670913106        3.2602210453670802E-002   5.5128244455908892E-004   8.3533154603761452E-006   9.8903729820429102E-004   3.1282476672197620E-005
 0.0020   1.0616722024214424        3.2601617757082639E-002   1.1025602431318845E-003   1.6706297462447742E-005   1.9780657050620714E-003   6.2563402618309735E-005
 0.0030   1.0616764273237105        3.2600629965850572E-002   1.6538287502140948E-003   2.5058612649193881E-005   2.9670763315823205E-003   9.3841227415762760E-005
 0.0040   1.0616823408264091        3.2599247134338996E-002   2.2050833212663317E-003   3.3409927865948366E-005   3.9560602934848015E-003   1.2511440124794184E-004
 0.0050   1.0616899415695253        3.2597469338960558E-002   2.7563193131957052E-003   4.1759910259985800E-005   4.9450087135524817E-003   1.5638137520792219E-004
 0.0060   1.0616992278052335        3.2595296677429657E-002   3.3075320848375144E-003   5.0108227384302748E-005   5.9339127239807421E-003   1.8764060159870934E-004
 0.0070   1.0617101973982728        3.2592729269173851E-002   3.8587169974358872E-003   5.8454547294492298E-005   6.9227634687229122E-003   2.1889053423489383E-004
 0.0080   1.0617228478268552        3.2589767255084431E-002   4.4098694151240292E-003   6.6798538645482025E-005   7.9115521058284975E-003   2.5012962874105659E-004
 0.0090   1.0617371761830579        3.2586410797183836E-002   4.9609847054033970E-003   7.5139870796622201E-005   8.9002698097786180E-003   2.8135634284951887E-004
 0.0100   1.0617531791741492        3.2582660078542734E-002   5.5120582396217480E-003   8.3478213909451597E-005   9.8889077738082871E-003   3.1256913669587257E-004
 0.0200   1.0620043166362252        3.2523523448953075E-002   1.1019482395111167E-002   1.6662544536585216E-004   1.9768982245824511E-002   6.2359498744938213E-004
 0.0400   1.0629803247130130        3.2288496304311368E-002   2.2002177003659099E-002   3.3066040188516510E-004   3.9468679326996332E-002   1.2350175549177115E-003
 0.0600   1.0645092280055715        3.1901569453405380E-002   3.2912775235305725E-002   4.8979222037054035E-004   5.9036886349914185E-002   1.8229554757156134E-003
 0.0800   1.0664578218847629        3.1368114507815702E-002   4.3718738302064034E-002   6.4213934139997297E-004   7.8424203653221655E-002   2.3775344723689748E-003
 0.1000   1.0686667410318573        3.0693337667888503E-002   5.4391230995547546E-002   7.8619969938937585E-004   9.7597152826585348E-002   2.8904872985477548E-003
 0.1200   1.0709772194805640        2.9882236225797037E-002   6.4905571708068321E-002   9.2058831039946716E-004  0.11653768255373700        3.3550016223249470E-003
 0.1400   1.0738448014494226        2.6221010041939195E-002   7.5241131436924666E-002   1.0436388075987426E-003  0.13516528219308324        3.4309917528378090E-003
 0.1600   1.0751661287968528        2.4896503373342711E-002   8.5380683836615096E-002   1.1530063448145682E-003  0.15373729285221366        3.7081931867412603E-003
 0.1800   1.0763590583150611        2.3437147011335875E-002   9.5309275353766210E-002   1.2454351995936043E-003  0.17209238922674783        3.9122777877021149E-003
 0.2000   1.0776362356364353        2.1873171485023060E-002  0.10501274190319702        1.3168335819350029E-003  0.19018611567491248        4.0402541057090041E-003
 0.2200   1.0792541161028966        1.7577356303867128E-002  0.11447605121934534        1.3627296483146578E-003  0.20795048841204292        3.6058835106854638E-003
 0.2400   1.0810620016450232        1.5959657486576521E-002  0.12368171162315407        1.3790758400311735E-003  0.22538383251265995        3.5566843359530805E-003
 0.2600   1.0842088482030887        1.4335670877693335E-002  0.13260856223708864        1.3632454085304533E-003  0.24220020577565679        3.4359016728025167E-003
 0.2800   1.0767498165732527        6.3233278096205331E-003  0.14123131450637738        1.3149606517842422E-003  0.26118288077126101        1.9572991993377126E-003
 0.3000   1.0848719808531748        5.3827897505312619E-003  0.14952117655180761        1.2368517159139167E-003  0.27608860686522563        1.7833941578775582E-003
 0.3200   1.0952703168795195        4.5892694729983141E-003  0.15744768901788295        1.1344088054006957E-003  0.28982564718765114        1.6015254853185121E-003
 0.3400   1.1080440278508508        3.9367883487605162E-003  0.16498154604426965        1.0152679144578220E-003  0.30228397434745435        1.4207544746968419E-003
 0.3600   1.1232193930925640        3.4070874560373204E-003  0.17209780848379538        8.8800557024764130E-004  0.31339302398045521        1.2479640384939060E-003
 0.3800   1.1407670199403683        2.9765701307303614E-003  0.17877874005975292        7.6079947883473634E-004  0.32312292774377810        1.0879070754370146E-003
 0.4000   1.1606170716608188        2.6223328963758024E-003  0.18501562351652059        6.4033876984739856E-004  0.33148222169340952        9.4339460698220513E-004


