# triplet j1 / nf 1 / mode 2 / nplat  4 / jkb  20 / start     1 / nmeas 10000
 0.0010  0.17652838893140230        1.4597309120030716E-002   5.1338901047543663E-002   2.6902447546414371E-003   5.7401563804388163E-002   4.9791632022463438E-003
 0.0020  0.23572009598388330        1.5503557356401819E-002   5.1945542662667495E-002   2.6598111075477348E-003   6.1151558544640286E-002   4.3159697263170432E-003
 0.0030  0.27194004399462240        1.4564623991233349E-002   5.2551380066459707E-002   2.6297321543377753E-003   6.5297194855777285E-002   3.8600044128514607E-003
 0.0040  0.29671282665402327        1.3205454214002304E-002   5.3156402529074387E-002   2.6000041610892504E-003   6.9500265445593554E-002   3.5294054312630919E-003
 0.0050  0.31480596228295044        1.1862248486082222E-002   5.3760599414277112E-002   2.5706234172842455E-003   7.3652772922028056E-002   3.2868154902964707E-003
 0.0060  0.32864642042071951        1.0665386744491450E-002   5.4363960180366586E-002   2.5415862361425003E-003   7.7717220417111252E-002   3.1082844053503984E-003
 0.0070  0.33961041267913583        9.6403767983999477E-003   5.4966474381062662E-002   2.5128889548384787E-003   8.1683052904352904E-002   2.9770118626656909E-003
 0.0080  0.34853944071755438        8.7772953780515545E-003   5.5568131666370299E-002   2.4845279347739768E-003   8.5550186149091295E-002   2.8808499598522454E-003
 0.0090  0.35597890619796541        8.0556931704306497E-003   5.6168921783411846E-002   2.4564995617989602E-003   8.9322327664602796E-002   2.8108471438575669E-003
 0.0100  0.36229882945085751        7.4536372466090751E-003   5.6768834577228443E-002   2.4288002464227729E-003   9.3004305967600301E-002   2.7603234786679038E-003
 0.0200  0.39815726864306167        4.7827653400278796E-003   6.2717547120949207E-002   2.1691336282700915E-003  0.12579688279402451        2.6487273145580251E-003
 0.0400  0.43547085806747493        3.5930257878402021E-003   7.4312078001440171E-002   1.7340872249733260E-003  0.17705801835242982        2.5301969777915896E-003
 0.0600  0.46646526891941753        3.0547311063652137E-003   8.5451854482055598E-002   1.3917432688618564E-003  0.21708611955598900        2.2685315308085437E-003
 0.0800  0.49639494709465187        2.6917841850753531E-003   9.6090879050154496E-002   1.1222476918921378E-003  0.24978923758656524        1.9905743603903167E-003
 0.1000  0.52625690813834702        2.4261459903366918E-003  0.10619962307841183        9.0973830495214242E-004  0.27693552851645203        1.7426986181206109E-003
 0.1200  0.55693166207247902        1.7113399071985518E-003  0.11576332660907843        7.4178179770614393E-004  0.29928793611470811        1.3286125997104931E-003
 0.1400  0.58739894717183316        1.6055653292454486E-003  0.12477975637856667        6.0872693152534717E-004  0.31821300045057060        1.1657593695584534E-003
 0.1600  0.61842726835969852        1.5193485355313580E-003  0.13325677144492459        5.0309450572072825E-004  0.33391121197786705        1.0345432146253385E-003
 0.1800  0.65005223598425688        1.4466234691073779E-003  0.14120994890890254        4.1906467881148616E-004  0.34684516262025916        9.2771544071052652E-004
 0.2000  0.68236646159328096        1.5546948656586694E-003  0.14866042832730328        3.5207642526228914E-004  0.35736335152368087        9.1761624873789487E-004
 0.2200  0.71528639719067522        1.6270069571798047E-003  0.15563305686665560        2.9852846322089756E-004  0.36584514504121357        9.0310715196608229E-004
 0.2400  0.74879021621091157        1.5529234206576692E-003  0.16215486191219236        2.5556130501197945E-004  0.37258506716843576        8.2660762983511834E-004
 0.2600  0.78284449317031879        1.4882444226023295E-003  0.16825384183185246        2.2089934830133031E-004  0.37784063777583160        7.5992011919484657E-004
 0.2800  0.81742944274921459        1.4316544530856832E-003  0.17395804478483376        1.9273480788220025E-004  0.38182643796105187        7.0138933056071396E-004
 0.3000  0.85252494360719133        1.3819920580238460E-003  0.17929489554482789        1.6963949488630047E-004  0.38472684701228843        6.4967901130415088E-004
 0.3200  0.88811139129437622        1.3382158815841859E-003  0.18429072761980358        1.5049453517108159E-004  0.38670010394814425        6.0369743091610297E-004
 0.3400  0.92417023149766087        1.2993994043000966E-003  0.18897047969736799        1.3443199343290914E-004  0.38788185489583610        5.6254963291029868E-004
 0.3600  0.96068429337513295        1.2647306212140138E-003  0.19335751962714640        1.2078515964565256E-004  0.38838825757080103        5.2550210695142966E-004
 0.3800  0.99715481024860797        1.0520591399434741E-003  0.19747356441252786        1.0904615527700061E-004  0.38850685863304740        4.2370171340984190E-004
 0.4000   1.0345346691450568        1.0293413205040233E-003  0.20133867015269219        9.8830334305212731E-005  0.38793908946776207        3.9756141358941900E-004


# triplet j3 / nf 1 / mode 2 / nplat  4 / jkb  20 / start     1 / nmeas 10000
 0.0010  0.47764758308157085        7.3446755360543044E-003   5.1338901047543663E-002   2.6902447546414371E-003   2.1214397265779238E-002   6.4448801985917856E-004
 0.0020  0.47352848865097180        6.6909823534351490E-003   5.1945542662667495E-002   2.6598111075477348E-003   3.0440937758090016E-002   8.9016537965486207E-004
 0.0030  0.47117867141402192        6.4728473526183133E-003   5.2551380066459707E-002   2.6297321543377753E-003   3.7686175370621994E-002   1.0757077392669087E-003
 0.0040  0.46912731563475807        6.5238554389615202E-003   5.3156402529074387E-002   2.6000041610892504E-003   4.3957406713068248E-002   1.2366737178308468E-003
 0.0050  0.38643221056749394        8.2535310106387396E-003   5.3760599414277112E-002   2.5706234172842455E-003   6.0001033610724251E-002   1.9235660665390072E-003
 0.0060  0.38661535801216790        7.8368864103926465E-003   5.4363960180366586E-002   2.5415862361425003E-003   6.6064334398034455E-002   2.0440633292622646E-003
 0.0070  0.38720159172154461        7.5018730195919696E-003   5.4966474381062662E-002   2.5128889548384787E-003   7.1643340055503824E-002   2.1467676694057252E-003
 0.0080  0.38806552672508393        7.2254643504744819E-003   5.5568131666370299E-002   2.4845279347739768E-003   7.6836544295289980E-002   2.2354694429303152E-003
 0.0090  0.38912666931974937        6.9921211876482481E-003   5.6168921783411846E-002   2.4564995617989602E-003   8.1713403393006104E-002   2.3127129051925535E-003
 0.0100  0.39033107382972876        6.7910855139434595E-003   5.6768834577228443E-002   2.4288002464227729E-003   8.6325054409195370E-002   2.3803159535640550E-003
 0.0200  0.40541778756128483        5.5676083602499427E-003   6.2717547120949207E-002   2.1691336282700915E-003  0.12354402000555734        2.7281677272141254E-003
 0.0400  0.46997309035364837        3.1334038026014448E-003   7.4312078001440171E-002   1.7340872249733260E-003  0.16405962120435430        2.2046611646256526E-003
 0.0600  0.46777616721472953        3.5246556851404407E-003   8.5451854482055598E-002   1.3917432688618564E-003  0.21647775631731375        2.4017379788527685E-003
 0.0800  0.49784027972923400        2.8848424326408675E-003   9.6090879050154496E-002   1.1222476918921378E-003  0.24906404809999413        2.0489756220674026E-003
 0.1000  0.52731935010921416        2.5577771843787503E-003  0.10619962307841183        9.0973830495214242E-004  0.27637755936804281        1.7884215106630144E-003
 0.1200  0.55726703507060737        2.3988849121873864E-003  0.11576332660907843        7.4178179770614393E-004  0.29910781942715686        1.6050558512326488E-003
 0.1400  0.58750817526667731        2.1105161701248645E-003  0.12477975637856667        6.0872693152534717E-004  0.31815383906140682        1.3814792058704766E-003
 0.1600  0.61843192403171154        1.8850687147069080E-003  0.13325677144492459        5.0309450572072825E-004  0.33390869823136721        1.1971705243454130E-003
 0.1800  0.64996381071913478        1.7474975246983453E-003  0.14120994890890254        4.1906467881148616E-004  0.34689234967122295        1.0652689452904482E-003
 0.2000  0.68213462133278313        1.6316867371915036E-003  0.14866042832730328        3.5207642526228914E-004  0.35748481026498879        9.5415983260607696E-004
 0.2200  0.71493005983271884        1.5335049743145403E-003  0.15563305686665560        2.9852846322089756E-004  0.36602749055964884        8.6002717267978559E-004
 0.2400  0.74832911396202861        1.4497012976838323E-003  0.16215486191219236        2.5556130501197945E-004  0.37281464504956613        7.7970069964531416E-004
 0.2600  0.78230758492761154        1.3776841416605634E-003  0.16825384183185246        2.2089934830133031E-004  0.37809995489963322        7.1060921684112466E-004
 0.2800  0.81684029843894179        1.3153770160639999E-003  0.17395804478483376        1.9273480788220025E-004  0.38210182945907956        6.5069857561576004E-004
 0.3000  0.85190247799424135        1.2611092465514243E-003  0.17929489554482789        1.6963949488630047E-004  0.38500795810050553        5.9833992005478174E-004
 0.3200  0.88747057967612397        1.2135294838531323E-003  0.18429072761980358        1.5049453517108159E-004  0.38697932663457940        5.5224329659166833E-004
 0.3400  0.92352277928720028        1.1715385606058423E-003  0.18897047969736799        1.3443199343290914E-004  0.38815378642798920        5.1138415687800238E-004
 0.3600  0.96003923358903676        1.1342372175909602E-003  0.19335751962714640        1.2078515964565256E-004  0.38864921945400899        4.7494386430229089E-004
 0.3800  0.99700219538777901        1.1008861097552701E-003  0.19747356441252786        1.0904615527700061E-004  0.38856632883324921        4.4226331662379384E-004
 0.4000   1.0343960350579138        1.0708748714630565E-003  0.20133867015269219        9.8830334305212731E-005  0.38799108268864912        4.1280732974439147E-004


