# triplet j1 / nf 0 / mode 2 / nplat  5 / jkb  20 / start     1 / nmeas 10000
 0.0010  0.15395763494671369        8.0055861005668381E-003   2.4833648624672988        2.8135912694006057E-002  0.45775598665341483        2.3943519061522634E-002
 0.0020  0.15144729117174455        5.6199846662030621E-003   1.2467633783864589        1.4040260364680323E-002  0.46629472704444358        1.7501568475333053E-002
 0.0030  0.15254686845102539        4.4452027735677573E-003  0.83624000037041224        9.3391227842898068E-003  0.46434181788738865        1.3777074655378951E-002
 0.0040  0.15376809490829932        3.8091167853218427E-003  0.63212443360210824        6.9879086343813263E-003  0.46246625461169405        1.1737852077786657E-002
 0.0050  0.15510828977402799        3.4268136972692449E-003  0.51049721011988736        5.5749238613470708E-003  0.46064003142844318        1.0483150843364823E-002
 0.0060  0.15664872833399943        3.1658145881144615E-003  0.43006377540299789        4.6303571001358812E-003  0.45859591401055777        9.5912341947974478E-003
 0.0070  0.15839630583370756        2.9673295570878176E-003  0.37313437555485585        3.9534440094194786E-003  0.45630118819676579        8.8833727809575578E-003
 0.0080  0.16032453635046021        2.8045514323413682E-003  0.33086903109536403        3.4439981880906197E-003  0.45382462611365165        8.2826457329958601E-003
 0.0090  0.16239963317473347        2.6643247360025922E-003  0.29835972310989461        3.0463821783309956E-003  0.45125425118196605        7.7534270982806087E-003
 0.0100  0.16459041016945852        2.5396960989868180E-003  0.27266368577885752        2.7271871433631732E-003  0.44866699278622252        7.2776411238243627E-003
 0.0200  0.18913583254159475        1.7237563810157841E-003  0.16427491307539235        1.2695341836726681E-003  0.42858977252581648        4.2426761123041112E-003
 0.0400  0.23903342747094616        1.1025998070904972E-003  0.12433157605138440        5.2661626589763761E-004  0.41723148550570088        2.1177296121779638E-003
 0.0600  0.28615386347713301        8.7137563972853823E-004  0.11977476446495403        2.9534759339983497E-004  0.41896107178565278        1.3763958028679942E-003
 0.0800  0.33102871342194951        7.4599744198144686E-004  0.12250774379853838        1.9292185746848432E-004  0.42293740476630048        1.0096225044110231E-003
 0.1000  0.37436270336685079        6.6340735218122751E-004  0.12752587533186555        1.3799090376021310E-004  0.42660071564217411        7.9042625062577794E-004
 0.1200  0.41664291727951280        6.0278673045888458E-004  0.13334446863221264        1.0446123224432485E-004  0.42936745210429161        6.4356032229223820E-004
 0.1400  0.45819359888446004        5.5562404997382641E-004  0.13939710683796527        8.2127057001313251E-005  0.43117828231582683        5.3807071351388933E-004
 0.1600  0.49923411657847694        5.1792527338607531E-004  0.14543376832086194        6.6342096403206974E-005  0.43211899896126416        4.5900378013288454E-004
 0.1800  0.53991711834509615        4.8754671318503717E-004  0.15133468313274673        5.4710084911831895E-005  0.43230811614460685        3.9811983375602792E-004
 0.2000  0.58035224294050314        4.6319327006370294E-004  0.15704073704077068        4.5868716780902612E-005  0.43186150197714823        3.5040190456326492E-004
 0.2200  0.62062079601181042        4.4402160067858723E-004  0.16252363525240010        3.8984553937969243E-005  0.43088192683347770        3.1257493165249260E-004
 0.2400  0.66078495038578156        4.2946045001234444E-004  0.16777172049310438        3.3518850900277986E-005  0.42945716672709666        2.8239248194539463E-004
 0.2600  0.70089363040415942        4.1911392386383394E-004  0.17278267661456262        2.9108339020079364E-005  0.42766101005605084        2.5825358732828161E-004
 0.2800  0.74098636523698191        4.1269475905740842E-004  0.17755953938110888        2.5499786247657659E-005  0.42555510202977315        2.3897602104470898E-004
 0.3000  0.78109588112248374        4.0997498047246631E-004  0.18210841200677355        2.2511826478044279E-005  0.42319086180170196        2.2365564780703340E-004
 0.3200  0.82124988599792670        4.1074958017921285E-004  0.18643711085907022        2.0011628247489600E-005  0.42061121352224795        2.1157710012430016E-004
 0.3400  0.86147233165699044        4.1481200774046183E-004  0.19055434245499853        1.7900029381465178E-005  0.41785206029865340        2.0215702265256576E-004
 0.3600  0.90178432621708426        4.2194222485844129E-004  0.19446919528521772        1.6101738314327550E-005  0.41494350791715434        1.9490932441472596E-004
 0.3800  0.94220480630749037        4.3190336198351952E-004  0.19819082376792543        1.4558779557808343E-005  0.41191086946965949        1.8942363562970120E-004
 0.4000  0.98275104491183274        4.4444612692066986E-004  0.20172825222016488        1.3225887344195937E-005  0.40877548467151364        1.8535247849748367E-004


# triplet j3 / nf 0 / mode 2 / nplat  5 / jkb  20 / start     1 / nmeas 10000
 0.0010  0.22280516131750586        2.7933972219133592E-003   2.4833648624672988        2.8135912694006057E-002  0.31630788385296688        4.3517022750251657E-003
 0.0020  0.22223470992406616        2.8259767956996498E-003   1.2467633783864589        1.4040260364680323E-002  0.31776797298081089        4.4192130091045469E-003
 0.0030  0.22152554287243884        2.8719116710725478E-003  0.83624000037041224        9.3391227842898068E-003  0.31975495597979769        4.5135617623887903E-003
 0.0040  0.22075398397943963        2.9362602299778705E-003  0.63212443360210824        6.9879086343813263E-003  0.32213486546924519        4.6399639674005412E-003
 0.0050  0.21997594448149901        3.0168047421485484E-003  0.51049721011988736        5.5749238613470708E-003  0.32480409457830295        4.7945238515287869E-003
 0.0060  0.21923124614144074        3.1083800956525531E-003  0.43006377540299789        4.6303571001358812E-003  0.32768352145649088        4.9696905090989832E-003
 0.0070  0.21854952965379720        3.2049994590149008E-003  0.37313437555485585        3.9534440094194786E-003  0.33070957724041616        5.1565566471819015E-003
 0.0080  0.21795330562722243        3.3009629742796610E-003  0.33086903109536403        3.4439981880906197E-003  0.33382940697644786        5.3461289620769861E-003
 0.0090  0.21745932370097698        3.3915051641950915E-003  0.29835972310989461        3.0463821783309956E-003  0.33699877114149729        5.5302702294839695E-003
 0.0100  0.21707943625160930        3.4730686927182432E-003  0.27266368577885752        2.7271871433631732E-003  0.34018092937457772        5.7022713328759821E-003
 0.0200  0.22003894854682612        2.9628035366112467E-003  0.16427491307539235        1.2695341836726681E-003  0.36839697690262507        5.1606431009251835E-003
 0.0400  0.24605064849856584        1.9224464968366772E-003  0.12433157605138440        5.2661626589763761E-004  0.40533228681900180        3.2812231760782858E-003
 0.0600  0.28855209914844676        1.0834267686756435E-003  0.11977476446495403        2.9534759339983497E-004  0.41547897136006801        1.6419512164878240E-003
 0.0800  0.33198555306150096        7.4825217368753314E-004  0.12250774379853838        1.9292185746848432E-004  0.42171842619871669        1.0068306286432174E-003
 0.1000  0.37482633558545853        6.1563247499493061E-004  0.12752587533186555        1.3799090376021310E-004  0.42607304237731691        7.3679196670220113E-004
 0.1200  0.41694384043845117        5.6227567450619254E-004  0.13334446863221264        1.0446123224432485E-004  0.42905756238413967        6.0252465974243051E-004
 0.1400  0.45845882747127598        5.4477779671078955E-004  0.13939710683796527        8.2127057001313251E-005  0.43092883612866295        5.2756465226503940E-004
 0.1600  0.49951463502874760        5.4819637552253303E-004  0.14543376832086194        6.6342096403206974E-005  0.43187632869012360        4.8409394136440955E-004
 0.1800  0.54023296086080341        5.6578967912248408E-004  0.15133468313274673        5.4710084911831895E-005  0.43205537095344670        4.5918467913331980E-004
 0.2000  0.58071014938043364        5.9305543641825060E-004  0.15704073704077068        4.5868716780902612E-005  0.43159533474573236        4.4525449849210124E-004
 0.2200  0.62102164715041286        6.2651614751502724E-004  0.16252363525240010        3.8984553937969243E-005  0.43060380527078024        4.3747264036611333E-004
 0.2400  0.66122706342961390        6.6357296301081418E-004  0.16777172049310438        3.3518850900277986E-005  0.42917002086498912        4.3282111235076173E-004
 0.2600  0.70137426335298991        7.0241471684344295E-004  0.17278267661456262        2.9108339020079364E-005  0.42736794544974432        4.2951317524446718E-004
 0.2800  0.74150242231152097        7.4185943525822051E-004  0.17755953938110888        2.5499786247657659E-005  0.42525893209910176        4.2655809558275911E-004
 0.3000  0.78164423804894489        7.8117925664114064E-004  0.18210841200677355        2.2511826478044279E-005  0.42289397527841194        4.2344991355297524E-004
 0.3200  0.82182754048277185        8.1995389665202834E-004  0.18643711085907022        2.0011628247489600E-005  0.42031557004244369        4.1996357921025038E-004
 0.3400  0.86207646628111634        8.5796178366347338E-004  0.19055434245499853        1.7900029381465178E-005  0.41755923372553311        4.1602875138901533E-004
 0.3600  0.90241233152881384        8.9510512929466307E-004  0.19446919528521772        1.6101738314327550E-005  0.41465474111074535        4.1165519386273010E-004
 0.3800  0.94285428173412333        9.3135972823606703E-004  0.19819082376792543        1.4558779557808343E-005  0.41162712892473508        4.0688986693827736E-004
 0.4000  0.98341979066081386        9.6674438188354851E-004  0.20172825222016488        1.3225887344195937E-005  0.40849750890749320        4.0179401407570568E-004


