# triplet j1 / nf 5 / mode 2 / nplat  5 / jkb  20 / start     1 / nmeas 10000
 0.0010   2.8105858508139176E-003   1.2357549384193259E-003   1.1407600514427160E-003   2.2754554537977436E-004  0.53742181869688799       0.24229579754618016     
 0.0020   5.3297426327425235E-003   2.4386617554823797E-003   2.2813826278979188E-003   4.5513457712422877E-004  0.56679083985550693       0.26543035727321279     
 0.0030   7.9718017611124427E-003   3.6883649328001149E-003   3.4217423764158093E-003   6.8300438310713778E-004  0.56838523673567243       0.26902715873668753     
 0.0040   1.0623584941304300E-002   4.9373922410849954E-003   4.5617272399792793E-003   9.1159657533998906E-004  0.56864150528407276       0.27031906891501201     
 0.0050   1.2807136873541040E-002   6.2430218963766427E-003   5.7012384526728601E-003   1.1415450568654636E-003  0.58956616538103357       0.29339089752547237     
 0.0060   1.5387125328268504E-002   7.4719981055436655E-003   6.8401904439400803E-003   1.3736595343388299E-003  0.58879922355496439       0.29196982344621364     
 0.0070   1.7967921969611059E-002   8.7173147358774478E-003   7.9785106535077560E-003   1.6089048078420020E-003  0.58820278924953817       0.29146992251602416     
 0.0080   2.0550065696475005E-002   9.9804101799458467E-003   9.1161392590726718E-003   1.8483761037442798E-003  0.58769534686756375       0.29157418775378258     
 0.0090   2.3134240879356460E-002   1.1264297441705625E-002   1.0253028819294031E-002   2.0932707450959940E-003  0.58722845035807092       0.29214363114562630     
 0.0100   2.5721211922677248E-002   1.2572711470179665E-002   1.1389143835017702E-002   2.3448564840911987E-003  0.58677163162172274       0.29310965697405472     
 0.0200   5.1920975042826938E-002   2.7717826999171993E-002   2.2707175113904667E-002   5.4829553683902899E-003  0.58045520593324118       0.31769950923313978     
 0.0400  0.10863880377402843        5.8875790090082522E-002   4.5202347477858618E-002   1.3360397717956964E-002  0.55352917119138501       0.31093361925721708     
 0.0600  0.17267902003284671        5.7253278777013424E-002   6.7160838956092789E-002   1.2775041925417417E-002  0.51988717494049430       0.17932479324443301     
 0.0800  0.23712265470115701        3.9614853124444641E-002   8.6642287264183632E-002   7.7677036203169470E-003  0.49653732154767782        8.5888110488935770E-002
 0.1000  0.29547748396504853        2.4673676273754379E-002  0.10230619034364398        4.0214120283187521E-003  0.48410722241955662        4.1529686096035155E-002
 0.1200  0.34803163618211691        1.5440191272982689E-002  0.11481148564928685        2.0745468493094687E-003  0.47695737222324630        2.1594202890484065E-002
 0.1400  0.39707200340069870        1.0176507851324061E-002  0.12525314034356907        1.1504746657970987E-003  0.47163286460106180        1.2279956584553792E-002
 0.1600  0.44413853133545822        7.1146183126095386E-003  0.13434042092190010        6.9115572918081484E-004  0.46683121676838890        7.5739386084600841E-003
 0.1800  0.48998764623348107        5.2282442698073674E-003  0.14245948962259272        4.4210164185893116E-004  0.46218070624254320        4.9834120827848289E-003
 0.2000  0.53497350614238204        4.0017386879742855E-003  0.14982978015396919        2.9674357075282752E-004  0.45761135475516540        3.4529152620652900E-003
 0.2200  0.57928338608792229        3.1745801707707840E-003  0.15658950602946017        2.0747170639326306E-004  0.45312350624398617        2.5012784909373507E-003
 0.2400  0.62304041062165616        2.6036755841583165E-003  0.16283415691358163        1.5059893368202064E-004  0.44872178806054214        1.8866467331146491E-003
 0.2600  0.66634176346640861        2.2025594084894417E-003  0.16863408259196683        1.1321135234849668E-004  0.44440334083319433        1.4765079734290005E-003
 0.2800  0.70927137703707543        1.9156215299051503E-003  0.17404335244622202        8.7846201156380560E-005  0.44015972277849968        1.1939752191004605E-003
 0.3000  0.75190375569996593        1.7062268226215034E-003  0.17910478231356938        7.0058047704886156E-005  0.43598039667640331        9.9299842198778275E-004
 0.3200  0.79430520269092653        1.5502015579111515E-003  0.18385308047546112        5.7159120162010848E-005  0.43185508259034566        8.4549694410611625E-004
 0.3400  0.83653451315324912        1.4316587494082353E-003  0.18831694864907719        4.7505921860221270E-005  0.42777489872807356        7.3408653541785524E-004
 0.3600  0.87864366325234544        1.3401538688447244E-003  0.19252054121068701        4.0077867682273168E-005  0.42373272296402809        6.4780277805174603E-004
 0.3800  0.92067856655936164        1.2687558926823231E-003  0.19648450388694683        3.4226817990105535E-005  0.41972314228832003        5.7956032811417690E-004
 0.4000  0.96267985151069457        1.2127773326256527E-003  0.20022672637766570        2.9529144667360839E-005  0.41574222367897162        5.2464558052371581E-004


# triplet j3 / nf 5 / mode 2 / nplat  5 / jkb  20 / start     1 / nmeas 10000
 0.0010  0.25945484314422179        4.0079905346389333E-002   1.1407600514427160E-003   2.2754554537977436E-004   5.8217073200230798E-003   1.0704688692194824E-003
 0.0020  0.25947663595759229        4.0099049171092145E-002   2.2813826278979188E-003   4.5513457712422877E-004   1.1642085970004441E-002   2.1413862880662379E-003
 0.0030  0.25951133053382158        4.0142389479584782E-002   3.4217423764158093E-003   6.8300438310713778E-004   1.7459948364794899E-002   3.2141513846177809E-003
 0.0040  0.25955759993026639        4.0218904469381790E-002   4.5617272399792793E-003   9.1159657533998906E-004   2.3274261027839228E-002   4.2911599823632256E-003
 0.0050  0.25961412628275055        4.0337043587686160E-002   5.7012384526728601E-003   1.1415450568654636E-003   2.9084143779680435E-002   5.3757348443926965E-003
 0.0060  0.25967960503988019        4.0504546643751353E-002   6.8401904439400803E-003   1.3736595343388299E-003   3.4888867936455958E-002   6.4720286646503056E-003
 0.0070  0.25975275501684708        4.0728256796348984E-002   7.9785106535077560E-003   1.6089048078420020E-003   4.0687852642247474E-002   7.5848994938896184E-003
 0.0080  0.25983231960709374        4.1013939503820609E-002   9.1161392590726718E-003   1.8483761037442798E-003   4.6480661089057906E-002   8.7197609621009423E-003
 0.0090  0.25991707471708947        4.1366113350857547E-002   1.0253028819294031E-002   2.0932707450959940E-003   5.2266994912056899E-002   9.8824093323434357E-003
 0.0100  0.26000583825955831        4.1787899646323033E-002   1.1389143835017702E-002   2.3448564840911987E-003   5.8046686905895303E-002   1.1078831049215188E-002
 0.0200  0.26089515738521873        4.9402669919022799E-002   2.2707175113904667E-002   5.4829553683902899E-003  0.11551690174240954        2.5941901469248681E-002
 0.0400  0.26190871529264975        5.8029733839671721E-002   4.5202347477858618E-002   1.3360397717956964E-002  0.22960193189855679        6.1149654245777077E-002
 0.0600  0.26810610154425729        3.9962271492098855E-002   6.7160838956092789E-002   1.2775041925417417E-002  0.33484358386207946        5.9204450725533563E-002
 0.0800  0.28851699438347339        2.0491460011197268E-002   8.6642287264183632E-002   7.7677036203169470E-003  0.40808773880091298        3.4273831668923310E-002
 0.1000  0.32198015940930025        9.8308972907090505E-003  0.10230619034364398        4.0214120283187521E-003  0.44425962243221062        1.6131658854946399E-002
 0.1200  0.36270685949451614        5.7537073526804806E-003  0.11481148564928685        2.0745468493094687E-003  0.45765954047662316        8.3548393455701534E-003
 0.1400  0.40641208829610609        4.5988190404435726E-003  0.12525314034356907        1.1504746657970987E-003  0.46079388829672357        5.6272727835952555E-003
 0.1600  0.45080240943955741        4.1420729689627279E-003  0.13434042092190010        6.9115572918081484E-004  0.45993039667827368        4.3884374266058368E-003
 0.1800  0.49516862813049722        3.7788991619636626E-003  0.14245948962259272        4.4210164185893116E-004  0.45734487914010069        3.5616595968208974E-003
 0.2000  0.53926002868637168        3.4484760351103068E-003  0.14982978015396919        2.9674357075282752E-004  0.45397384912857192        2.9376871667804554E-003
 0.2200  0.58297496184363429        3.1584807626643236E-003  0.15658950602946017        2.0747170639326306E-004  0.45025418961895730        2.4575857197717543E-003
 0.2400  0.62629933181863495        2.9130443755475202E-003  0.16283415691358163        1.5059893368202064E-004  0.44638688385042530        2.0864715567807841E-003
 0.2600  0.66926430707897322        2.7093861333015649E-003  0.16863408259196683        1.1321135234849668E-004  0.44246272016746208        1.7973710321195486E-003
 0.2800  0.71192087067305221        2.5417435563323417E-003  0.17404335244622202        8.7846201156380560E-005  0.43852161883695850        1.5695433043342449E-003
 0.3000  0.75432607229894011        2.4040116677942962E-003  0.17910478231356938        7.0058047704886156E-005  0.43458036214163243        1.3875984387216444E-003
 0.3200  0.79653607875345500        2.2908018963950570E-003  0.18385308047546112        5.7159120162010848E-005  0.43064557659064284        1.2403251287093449E-003
 0.3400  0.83860302926443919        2.1976699431531092E-003  0.18831694864907719        4.7505921860221270E-005  0.42671974004261326        1.1195699404607411E-003
 0.3600  0.88057397013618499        2.1210333698120985E-003  0.19252054121068701        4.0077867682273168E-005  0.42280385813292359        1.0193556085185010E-003
 0.3800  0.92249084525318503        2.0580180598050906E-003  0.19648450388694683        3.4226817990105535E-005  0.41889857550590937        9.3524786216929326E-004
 0.4000  0.96439096157483140        2.0063127409736528E-003  0.20022672637766570        2.9529144667360839E-005  0.41500457605330116        8.6391501933734459E-004


