# triplet j1 / nf 4 / mode 2 / nplat  5 / jkb  20 / start     1 / nmeas 10000
 0.0010   2.9467380405262074E-003   1.2096508114808066E-003   1.1743524205336474E-003   2.4659787839381199E-004  0.52008304033575881       0.22036915976877372     
 0.0020   5.7020891421934649E-003   2.4112668351631002E-003   2.3490274154022075E-003   4.9529150644593914E-004  0.53757620356636282       0.23428521068204344     
 0.0030   8.5436653390417502E-003   3.6552490709880711E-003   3.5243460627041256E-003   7.4814380808845330E-004  0.53823343156607628       0.23725373107722250     
 0.0040   1.1397617248982026E-002   4.9139799725545193E-003   4.7006264414633167E-003   1.0071519684285803E-003  0.53803285234788845       0.23902183938523683     
 0.0050   1.3800534397953045E-002   6.2872292335962752E-003   5.8781821157735522E-003   1.2742143845984172E-003  0.55555315031582320       0.26016219889270920     
 0.0060   1.6597060858730098E-002   7.5790217224276897E-003   7.0573205998949061E-003   1.5510975072166536E-003  0.55447166833741979       0.26042715216679529     
 0.0070   1.9404746072392551E-002   8.9064930988739209E-003   8.2383417988447730E-003   1.8394027071689687E-003  0.55344689722145790       0.26142985877279901     
 0.0080   2.2225580177894718E-002   1.0270694338262370E-002   9.4215364197973942E-003   2.1405334371852615E-003  0.55241790984652073       0.26287863853555987     
 0.0090   2.5061566609926450E-002   1.1672726808736695E-002   1.0607184350576053E-002   2.4556631113891842E-003  0.55135090977141876       0.26461021067851315     
 0.0100   2.7914592438865949E-002   1.3113122373538332E-002   1.1795553002695835E-002   2.7857042889238011E-003  0.55022821873222405       0.26651545196818827     
 0.0200   5.7716552806039004E-002   2.9021457348917631E-002   2.3875303686391635E-002   6.8752865032068906E-003  0.53543167980197814       0.28004993516739318     
 0.0400  0.12541952006704074        4.7441482483698595E-002   4.9059245024348427E-002   1.2953399735389464E-002  0.49950551684498368       0.20012109832911182     
 0.0600  0.19555565159568622        3.6104635122204805E-002   7.2895109395392815E-002   9.5543807209298517E-003  0.47826593334745859        9.3698106948162052E-002
 0.0800  0.25726004466554853        2.1388379970450625E-002   9.1824940389822710E-002   4.8815189389076344E-003  0.47115952813568124        4.1125086302245109E-002
 0.1000  0.31103969350786703        1.2457889536838653E-002  0.10617134806227328        2.3263098904793555E-003  0.46849272179641971        1.9453550291451717E-002
 0.1200  0.36054201279886339        7.7569872966129104E-003  0.11766969278375294        1.1780906284535649E-003  0.46610316473838687        1.0295981911747026E-002
 0.1400  0.40784025650164624        5.2329877720638032E-003  0.12745161058266935        6.5557100858913068E-004  0.46319257432091143        6.0614243203939008E-003
 0.1600  0.45380975796575684        3.7803905481592942E-003  0.13608810808051067        3.9794461855653456E-004  0.45984476573100513        3.8892182499209145E-003
 0.1800  0.49882873641705761        2.8862554876374407E-003  0.14387818439831748        2.5945242098627126E-004  0.45624409913191710        2.6717173461947730E-003
 0.2000  0.54309831769913153        2.3081160216038648E-003  0.15099752219882706        1.7927736852434546E-004  0.45251861426455214        1.9418322653506456E-003
 0.2200  0.58675661177000615        1.9206925242640216E-003  0.15756107260959715        1.2995154709648194E-004  0.44873796125767240        1.4805120758470739E-003
 0.2400  0.62991497656236595        1.6531382223449005E-003  0.16365013214000121        9.8014268804314271E-005  0.44493530193830882        1.1752580628432629E-003
 0.2600  0.67266888260637281        1.4630444240639603E-003  0.16932533926561372        7.6395902891476038E-005  0.44112463414895953        9.6458618945282563E-004
 0.2800  0.71510142985381842        1.3243314531943761E-003  0.17463368916864383        6.1174462205097418E-005  0.43731097966444948        8.1349167371750296E-004
 0.3000  0.75728502256948560        1.2207399546896071E-003  0.17961270549484118        5.0077520889140599E-005  0.43349569110966318        7.0140120111786665E-004
 0.3200  0.79928265556372668        1.1419978715065259E-003  0.18429309624359708        4.1739013577783329E-005  0.42967900272017556        6.1584131622363604E-004
 0.3400  0.84114912378513984        1.0814940879182542E-003  0.18870052322058573        3.5309436645777271E-005  0.42586113934673964        5.4899190970785080E-004
 0.3600  0.88293217254063117        1.0348604732901552E-003  0.19285681895889581        3.0243019092889868E-005  0.42204271258691367        4.9577025877942007E-004
 0.3800  0.92467357283157925        9.9911756570406985E-004  0.19678084454068745        2.6177811475775312E-005  0.41822477918789597        4.5275081307957689E-004
 0.4000  0.96641008735641631        9.7215733815152986E-004  0.20048910730488598        2.2866304336243101E-005  0.41440876277797872        4.1754256354646901E-004


# triplet j3 / nf 4 / mode 2 / nplat  5 / jkb  20 / start     1 / nmeas 10000
 0.0010  0.24711011829802249        4.9255796992733220E-002   1.1743524205336474E-003   2.4659787839381199E-004   6.2018847700182206E-003   1.3972137175673189E-003
 0.0020  0.24705879574617357        4.9348641904035401E-002   2.3490274154022075E-003   4.9529150644593914E-004   1.2407198149733619E-002   2.8022767269477878E-003
 0.0030  0.24697361640698182        4.9500921598155050E-002   3.5243460627041256E-003   7.4814380808845330E-004   1.8619342343057618E-002   4.2228468209910578E-003
 0.0040  0.24685511708427765        4.9709017865150446E-002   4.7006264414633167E-003   1.0071519684285803E-003   2.4841666605378475E-002   5.6662036567971859E-003
 0.0050  0.24670404456886769        4.9968005181534159E-002   5.8781821157735522E-003   1.2742143845984172E-003   3.1077440883562270E-002   7.1390711422820137E-003
 0.0060  0.24652135435322672        5.0271786307073775E-002   7.0573205998949061E-003   1.5510975072166536E-003   3.7329829085118012E-002   8.6474531202037769E-003
 0.0070  0.24630820340015613        5.0613249863811452E-002   8.2383417988447730E-003   1.8394027071689687E-003   4.3601862856708737E-002   1.0196485137160469E-002
 0.0080  0.24606594664911324        5.0984460615464848E-002   9.4215364197973942E-003   2.1405334371852615E-003   4.9896414819669679E-002   1.1790306647243884E-002
 0.0090  0.24579613047769289        5.1376847939862566E-002   1.0607184350576053E-002   2.4556631113891842E-003   5.6216172011438477E-002   1.3431952111311509E-002
 0.0100  0.24550048213715620        5.1781414288960999E-002   1.1795553002695835E-002   2.7857042889238011E-003   6.2563610224163374E-002   1.5123266391900345E-002
 0.0200  0.24161473211787649        5.4583921524685643E-002   2.3875303686391635E-002   6.8752865032068906E-003  0.12790308997482933        3.4264633007935245E-002
 0.0400  0.23739880917705408        4.2529403569606161E-002   4.9059245024348427E-002   1.2953399735389464E-002  0.26389240287559218        5.8725731315354406E-002
 0.0600  0.25138275140357902        2.2179204379303742E-002   7.2895109395392815E-002   9.5543807209298517E-003  0.37205259990821199        4.0890558323771024E-002
 0.0800  0.28304194560650014        1.0103774300771938E-002   9.1824940389822710E-002   4.8815189389076344E-003  0.42824225573017149        1.9059470824025086E-002
 0.1000  0.32391335943219490        5.3202490350539528E-003  0.10617134806227328        2.3263098904793555E-003  0.44987286987379865        8.8819954971154531E-003
 0.1200  0.36827743423517273        3.8822491664499696E-003  0.11766969278375294        1.1780906284535649E-003  0.45631297919650932        5.3251057808621528E-003
 0.1400  0.41331159445213739        3.4015620544956219E-003  0.12745161058266935        6.5557100858913068E-004  0.45706092172687518        3.9410097317461078E-003
 0.1600  0.45808615531503305        3.0927499866903012E-003  0.13608810808051067        3.9794461855653456E-004  0.45555195112738928        3.1469340276267807E-003
 0.1800  0.50239659688323524        2.8367320478371702E-003  0.14387818439831748        2.5945242098627126E-004  0.45300399899127475        2.5902475540490705E-003
 0.2000  0.54619723180878021        2.6210414120762808E-003  0.15099752219882706        1.7927736852434546E-004  0.44995119678793988        2.1756439812901664E-003
 0.2200  0.58951357513698444        2.4413672077370041E-003  0.15756107260959715        1.2995154709648194E-004  0.44663935967708546        1.8588265448397476E-003
 0.2400  0.63240479577046971        2.2929012783247551E-003  0.16365013214000121        9.8014268804314271E-005  0.44318356243769386        1.6123160348602153E-003
 0.2600  0.67494111085409747        2.1707162002784562E-003  0.16932533926561372        7.6395902891476038E-005  0.43963956257995690        1.4174236331154543E-003
 0.2800  0.71719240475405743        2.0703767808457254E-003  0.17463368916864383        6.1174462205097418E-005  0.43603599923239811        1.2610548052985238E-003
 0.3000  0.75922330570248509        1.9881378830766874E-003  0.17961270549484118        5.0077520889140599E-005  0.43238898458472536        1.1338774355680939E-003
 0.3200  0.80109155696250756        1.9209143836953632E-003  0.18429309624359708        4.1739013577783329E-005  0.42870876786712780        1.0291341131041297E-003
 0.3400  0.84284797758660179        1.8661849563553698E-003  0.18870052322058573        3.5309436645777271E-005  0.42500276887577315        9.4185613155318754E-004
 0.3600  0.88453709241436351        1.8218920779194130E-003  0.19285681895889581        3.0243019092889868E-005  0.42127695076323951        8.6833787198551727E-004
 0.3800  0.92619799108461065        1.7863517511794613E-003  0.19678084454068745        2.6177811475775312E-005  0.41753642800013596        8.0577841704614973E-004
 0.4000  0.96786519679580030        1.7581850634394301E-003  0.20048910730488598        2.2866304336243101E-005  0.41378573169423072        7.5203683724196758E-004


