# triplet j1 / nf 3 / mode 2 / nplat  5 / jkb  20 / start     1 / nmeas 10000
 0.0010   3.4934810996172590E-003   9.1375789947252962E-004   1.3015081269358597E-003   2.4307571658809329E-004  0.46182776811209020       0.12826374738486168     
 0.0020   6.9799099657262848E-003   1.8941051983681078E-003   2.6231175439713791E-003   5.1410388121217931E-004  0.46407593789120860       0.13389382911462661     
 0.0030   1.0565106171605870E-002   2.9397283573170774E-003   3.9646910098900647E-003   8.1240585927290076E-004  0.46164318900881768       0.13688281910811950     
 0.0040   1.3892682150533114E-002   4.1193858790079382E-003   5.3260213032154703E-003   1.1369596714653320E-003  0.46985120333240393       0.14806924091582555     
 0.0050   1.7537586415224082E-002   5.2457062709811066E-003   6.7068260386975095E-003   1.4863831106288229E-003  0.46696969487498574       0.14895326199102438     
 0.0060   2.1242446836936178E-002   6.4136803778657662E-003   8.1067428279876421E-003   1.8589236255011645E-003  0.46431132965026994       0.14995570561335064     
 0.0070   2.5005135970113668E-002   7.6132048191918300E-003   9.5253248964640800E-003   2.2524564893170616E-003  0.46182208354738563       0.15083909537003473     
 0.0080   2.8823423128706775E-002   8.8350161706241270E-003   1.0962037272940652E-002   2.6644925032683754E-003  0.45947307962225048       0.15150493437205542     
 0.0090   3.2694795713984884E-002   1.0069864139470286E-002   1.2416253671038721E-002   3.0921961309113939E-003  0.45724915637698749       0.15190533414101912     
 0.0100   3.6616430128343529E-002   1.1308366278350952E-002   1.3887254179844717E-002   3.5324145216497180E-003  0.45514228869289941       0.15201556776193342     
 0.0200   7.7796561310288712E-002   2.1903530088751122E-002   2.9295621854422801E-002   7.8075461763152379E-003  0.44001851913741635       0.13706170534195475     
 0.0400  0.15811694022574752        2.2654805493547866E-002   5.9479190760650939E-002   8.7909238199154714E-003  0.43626373932400792        7.0331749196074614E-002
 0.0600  0.22260965102087610        1.3220194336860140E-002   8.2229001931338336E-002   4.6016820954502486E-003  0.44623038960915518        2.9294562026583242E-002
 0.0800  0.27638122641297480        7.3268045772231409E-003   9.8235237251297694E-002   2.0568350200171346E-003  0.45361259104112983        1.2928887410473353E-002
 0.1000  0.32570624491533179        4.4642413444967227E-003  0.11055352590522506        9.7390469854726196E-004  0.45653619129372675        6.5726148273271313E-003
 0.1200  0.37296238446668789        3.0437230094817165E-003  0.12085379254020304        5.1803926584119756E-004  0.45663661273650158        3.8529531177169830E-003
 0.1400  0.41891744166700989        2.2701663898883665E-003  0.12988347580458395        3.0912334592096328E-004  0.45522648799830590        2.5257084934065242E-003
 0.1600  0.46387932986454816        1.8073592772010771E-003  0.13800540905451189        2.0254597772457626E-004  0.45302067455721101        1.7960862780187254E-003
 0.1800  0.50803263922935460        1.5096264238622162E-003  0.14542178072187292        1.4235679612322182E-004  0.45037509274663701        1.3563299995238782E-003
 0.2000  0.55152236562034362        1.3074611223356390E-003  0.15225965182429047        1.0535502438791748E-004  0.44746521823582103        1.0720160570527547E-003
 0.2200  0.59447247746156906        1.1643675742077008E-003  0.15860619283689703        8.1045895085400378E-005  0.44438015467190312        8.7776203856374760E-004
 0.2400  0.63699007745278613        1.0598093177331229E-003  0.16452504338211160        6.4235784517600037E-005  0.44116795420992116        7.3904027019973189E-004
 0.2600  0.67916719814302595        9.8163880492879241E-004  0.17006484415209086        5.2135047361938727E-005  0.43785694438607514        6.3640823421679286E-004
 0.2800  0.72108251951950930        9.2236772489592909E-004  0.17526412187854790        4.3138780627831872E-005  0.43446576097741724        5.5831010171883562E-004
 0.3000  0.76280318296978922        8.7720260339557189E-004  0.18015428424163751        3.6271082524020304E-005  0.43100809392927530        4.9754285105925704E-004
 0.3200  0.80438656998571512        8.4295760613145349E-004  0.18476154944537396        3.0911327326854318E-005  0.42749493526999349        4.4941871292764063E-004
 0.3400  0.84588193151586921        8.1743551666889141E-004  0.18910823732933879        2.6649958709877458E-005  0.42393564233561798        4.1076656734689041E-004
 0.3600  0.88733181904256642        7.9905985673786812E-004  0.19321366042612362        2.3207972252310856E-005  0.42033843901782297        3.7936395671749344E-004
 0.3800  0.92877330412368331        7.8665763424950194E-004  0.19709475572400770        2.0389974802775928E-005  0.41671065634860838        3.5360551251841735E-004
 0.4000  0.97023899730863217        7.7932289239385005E-004  0.20076654367044586        1.8055743075216927E-005  0.41305885632284217        3.3229984518591408E-004


# triplet j3 / nf 3 / mode 2 / nplat  5 / jkb  20 / start     1 / nmeas 10000
 0.0010  0.20881151842846593        3.9178268740642938E-002   1.3015081269358597E-003   2.4307571658809329E-004   7.7265209856261785E-003   1.6193175765578543E-003
 0.0020  0.20731758412024581        3.9177289621659922E-002   2.6231175439713791E-003   5.1410388121217931E-004   1.5624377823454922E-002   3.3259574520612279E-003
 0.0030  0.20589418567618123        3.9125680308311261E-002   3.9646910098900647E-003   8.1240585927290076E-004   2.3688426602525008E-002   5.1140526736080973E-003
 0.0040  0.20454230337142032        3.9024135323510657E-002   5.3260213032154703E-003   1.1369596714653320E-003   3.1912681720854458E-002   6.9765930500734381E-003
 0.0050  0.20326293787159783        3.8873441042023463E-002   6.7068260386975095E-003   1.4863831106288229E-003   4.0290283427538785E-002   8.9053892526593723E-003
 0.0060  0.20205709056501517        3.8674495240512287E-002   8.1067428279876421E-003   1.8589236255011645E-003   4.8813474985226472E-002   1.0891062904407063E-002
 0.0070  0.20092575329557508        3.8428327737832869E-002   9.5253248964640800E-003   2.2524564893170616E-003   5.7473588147338245E-002   1.2923067064766102E-002
 0.0080  0.19986989639772071        3.8136107813093068E-002   1.0962037272940652E-002   2.6644925032683754E-003   6.6261038950301540E-002   1.4989738200093581E-002
 0.0090  0.19889045378864775        3.7799158821864187E-002   1.2416253671038721E-002   3.0921961309113939E-003   7.5165335858823554E-002   1.7078386613286076E-002
 0.0100  0.19798831205279271        3.7418963333376694E-002   1.3887254179844717E-002   3.5324145216497180E-003   8.4175099224716249E-002   1.9175422660188728E-002
 0.0200  0.19335563826107563        3.1673873223827601E-002   2.9295621854422801E-002   7.8075461763152379E-003  0.17704126970176734        3.7385046409194246E-002
 0.0400  0.20702565172093162        1.7065144335095452E-002   5.9479190760650939E-002   8.7909238199154714E-003  0.33319874624203810        3.6887081325309538E-002
 0.0600  0.24159850182314460        7.9366647951959086E-003   8.2229001931338336E-002   4.6016820954502486E-003  0.41115814277076579        1.7742294977751927E-002
 0.0800  0.28490464123078374        4.2412439650243135E-003   9.8235237251297694E-002   2.0568350200171346E-003  0.44004198628256153        8.0083707986140559E-003
 0.1000  0.33076257026936734        3.0365422396478048E-003  0.11055352590522506        9.7390469854726196E-004  0.44955718058766836        4.5775746914218296E-003
 0.1200  0.37671874913488534        2.6209409200993530E-003  0.12085379254020304        5.1803926584119756E-004  0.45208336540748534        3.2911349485140787E-003
 0.1400  0.42201192939070681        2.3847112958540256E-003  0.12988347580458395        3.0912334592096328E-004  0.45188844781388204        2.6095458490061423E-003
 0.1600  0.46655735298247381        2.2040327348213447E-003  0.13800540905451189        2.0254597772457626E-004  0.45042035150666410        2.1533205713558422E-003
 0.1800  0.51041541659362955        2.0586215226407016E-003  0.14542178072187292        1.4235679612322182E-004  0.44827260222314974        1.8212503946925689E-003
 0.2000  0.55367832256668370        1.9408356057603958E-003  0.15225965182429047        1.0535502438791748E-004  0.44572284237210835        1.5700055545084044E-003
 0.2200  0.59644550118293804        1.8454423561305594E-003  0.15860619283689703        8.1045895085400378E-005  0.44291015852852644        1.3750579380448747E-003
 0.2400  0.63881177281270252        1.7683793899651522E-003  0.16452504338211160        6.4235784517600037E-005  0.43990987843653734        1.2207970213325406E-003
 0.2600  0.68086220811083309        1.7064021523118225E-003  0.17006484415209086        5.2135047361938727E-005  0.43676689727174456        1.0966867445924764E-003
 0.2800  0.72267088333716256        1.6568973034937135E-003  0.17526412187854790        4.3138780627831872E-005  0.43351084538491541        9.9535901652780335E-004
 0.3000  0.76430148570687162        1.6177494346797236E-003  0.18015428424163751        3.6271082524020304E-005  0.43016316477642719        9.1152878626183222E-004
 0.3200  0.80580860344837357        1.5872413420126507E-003  0.18476154944537396        3.0911327326854318E-005  0.42674052274514646        8.4132973133956002E-004
 0.3400  0.84723916253707809        1.5639723692058222E-003  0.18910823732933879        2.6649958709877458E-005  0.42325652051238805        7.8188497786705062E-004
 0.3600  0.88863376942539207        1.5467964134538009E-003  0.19321366042612362        2.3207972252310856E-005  0.41972259499925790        7.3102300782201097E-004
 0.3800  0.93002787488843341        1.5347707739788855E-003  0.19709475572400770        2.0389974802775928E-005  0.41614853017913472        6.8708293216483349E-004
 0.4000  0.97145274157814232        1.5271162570427640E-003  0.20076654367044586        1.8055743075216927E-005  0.41254277581951498        6.4877934847469294E-004


