# triplet j1 / nf 6 / mode 2 / nplat  5 / jkb  20 / start     1 / nmeas 10000
 0.0010   2.7999915700315050E-003   1.1575053527267530E-003   1.1310789529762120E-003   2.0729649205889972E-004  0.53716132274791129       0.22745057927065390     
 0.0020   5.2173275256813733E-003   2.2596335186558262E-003   2.2619964337689470E-003   4.1453720530112233E-004  0.57653788758774416       0.25522682230401122     
 0.0030   7.7975728369442813E-003   3.4229418748854871E-003   3.3925917408321646E-003   6.2169198364086002E-004  0.57860473750345132       0.25946693359565337     
 0.0040   1.0388853040147774E-002   4.5834152100453036E-003   4.5227057065690334E-003   8.2878104598890030E-004  0.57899732223343614       0.26089597460601499     
 0.0050   1.2516861329571600E-002   5.7537135848106935E-003   5.6521814460789525E-003   1.0358980227635807E-003  0.60063772598762977       0.28153211378307191     
 0.0060   1.5036655786156129E-002   6.8725854543639211E-003   6.7808650842857299E-003   1.2432304798712496E-003  0.59990421955932471       0.27965024870993066     
 0.0070   1.7555889621630089E-002   8.0004668926929694E-003   7.9086064546562158E-003   1.4510772018317155E-003  0.59936469630635303       0.27861863758467226     
 0.0080   2.0074542451585405E-002   9.1365541499197067E-003   9.0352597630653959E-003   1.6598615896350633E-003  0.59894184684570140       0.27809344699885846     
 0.0090   2.2592830837081811E-002   1.0282028228574540E-002   1.0160684210781470E-002   1.8701406233101884E-003  0.59858672193512463       0.27793153098788775     
 0.0100   2.5111009748608224E-002   1.1439172447771054E-002   1.1284744571027388E-002   2.0826089394361657E-003  0.59826925882669901       0.27807306921879377     
 0.0200   5.0351880437637435E-002   2.4547255209009508E-002   2.2425429880466943E-002   4.5600240153232325E-003  0.59481880453864955       0.29622157016348394     
 0.0400  0.10250025740549752        6.0759342914983208E-002   4.3991229911589561E-002   1.2577880345749354E-002  0.57876610567925579       0.35291285626612617     
 0.0600  0.15990155953015539        6.9650957323108942E-002   6.4516176396639383E-002   1.4171798505685789E-002  0.55026543561893460       0.24719017746878541     
 0.0800  0.22156255376417081        5.4547035263399227E-002   8.3358087313015458E-002   9.6826210497590118E-003  0.52123971611033459       0.13184773597891947     
 0.1000  0.28145206868456751        3.7272088037283047E-002   9.9387173259419967E-002   5.4880287057844888E-003  0.50092847785282357        6.7763250731262659E-002
 0.1200  0.33637900173669760        2.4466073545809607E-002  0.11248942511179631        2.9485761540695133E-003  0.48846403436399599        3.6099943913106884E-002
 0.1400  0.38711150556482621        1.6326094953834525E-002  0.12340433565530221        1.6563436318814640E-003  0.48018450904027843        2.0506162439594709E-002
 0.1600  0.43522075558738244        1.1382712271499115E-002  0.13283279173510448        1.0101273260338462E-003  0.47371598604215742        1.2519755698374440E-002
 0.1800  0.48177813712448808        8.3069695359925758E-003  0.14120800748848800        6.5747431365160156E-004  0.46798703844442757        8.1423976781553938E-003
 0.2000  0.52734077046901739        6.2910893113003619E-003  0.14878004894627853        4.4563355656798909E-004  0.46260571627296304        5.5621270325883132E-003
 0.2200  0.57217958770704358        4.9080836896814124E-003  0.15570298254299988        3.1076523770159767E-004  0.45744874835747545        3.9504027497560190E-003
 0.2400  0.61644085695537809        3.9323702145307553E-003  0.16208116451692745        2.2251211750984578E-004  0.45247592583488844        2.9030751459957331E-003
 0.2600  0.66022234040647965        3.2339240102903541E-003  0.16799087497330209        1.6392093875468235E-004  0.44766619678171976        2.2036246030744046E-003
 0.2800  0.70360309650441133        2.7293271724159987E-003  0.17349071780012251        1.2447121331876312E-004  0.44300068050429597        1.7257640030517759E-003
 0.3000  0.74665358960564809        2.3611287500534613E-003  0.17862716752143193        9.7360946372249056E-005  0.43846024651483650        1.3916740500983004E-003
 0.3200  0.78943842997449831        2.0888253433645290E-003  0.18343790881020575        7.8195938568403951E-005  0.43402652160297966        1.1521382615532264E-003
 0.3400  0.83201679807506967        1.8840504891654629E-003  0.18795404779387806        6.4189925233563814E-005  0.42968303141204522        9.7575316444381143E-004
 0.3600  0.87444244374495272        1.7272711934152711E-003  0.19220166445729378        5.3607269051309217E-005  0.42541577598689495        8.4240814281929892E-004
 0.3800  0.91676381058347622        1.6052184250671595E-003  0.19620293772827052        4.5372104867332949E-005  0.42121331176376381        7.3913473540376589E-004
 0.4000  0.95902436603856045        1.5089163764377693E-003  0.19997697545259174        3.8809065755963297E-005  0.41706654069914334        6.5745376663410733E-004


# triplet j3 / nf 6 / mode 2 / nplat  5 / jkb  20 / start     1 / nmeas 10000
 0.0010  0.26247549700341205        2.6725782037631436E-002   1.1310789529762120E-003   2.0729649205889972E-004   5.7302384131558476E-003   7.8495880311345767E-004
 0.0020  0.26250229969525574        2.6742999913509025E-002   2.2619964337689470E-003   4.1453720530112233E-004   1.1458897670617607E-002   1.5701271077998113E-003
 0.0030  0.26254688278646465        2.6773720045600101E-002   3.3925917408321646E-003   6.2169198364086002E-004   1.7184407358413263E-002   2.3558574504927631E-003
 0.0040  0.26260911628434441        2.6820933910263946E-002   4.5227057065690334E-003   8.2878104598890030E-004   2.2905214321688985E-002   3.1427838780407630E-003
 0.0050  0.26268881684084311        2.6888731249375280E-002   5.6521814460789525E-003   1.0358980227635807E-003   2.8619791340609005E-002   3.9319506826139645E-003
 0.0060  0.26278575073653843        2.6982207619438543E-002   6.7808650842857299E-003   1.2432304798712496E-003   3.4326645295238815E-002   4.7249273803048478E-003
 0.0070  0.26289963410574202        2.7107339355936476E-002   7.9086064546562158E-003   1.4510772018317155E-003   4.0024325203982296E-002   5.5239050941171585E-003
 0.0080  0.26303013287460686        2.7270828730937061E-002   9.0352597630653959E-003   1.6598615896350633E-003   4.5711430090281321E-002   6.3317699915243003E-003
 0.0090  0.26317686417935393        2.7479922714266011E-002   1.0160684210781470E-002   1.8701406233101884E-003   5.1386616343248190E-002   7.1521500229832276E-003
 0.0100  0.26333939744902618        2.7742202676250518E-002   1.1284744571027388E-002   2.0826089394361657E-003   5.7048604713990210E-002   7.9894309233789918E-003
 0.0200  0.26570818011121899        3.4683242499962054E-002   2.2425429880466943E-002   4.5600240153232325E-003  0.11271856709737753        1.8649860245737691E-002
 0.0400  0.27245827266992462        5.9536960463481559E-002   4.3991229911589561E-002   1.2577880345749354E-002  0.21773490020459033        5.6856438759750362E-002
 0.0600  0.28081269610720905        5.2714408260209233E-002   6.4516176396639383E-002   1.4171798505685789E-002  0.31333448426924282        6.8147231006815370E-002
 0.0800  0.29647043764370407        3.1739675470738651E-002   8.3358087313015458E-002   9.6826210497590118E-003  0.38954036544955212        4.7445037960515406E-002
 0.1000  0.32372347286777670        1.6299905191436610E-002   9.9387173259419967E-002   5.4880287057844888E-003  0.43551786685630417        2.5009237424607499E-002
 0.1200  0.36011981688849731        8.6546706801469368E-003  0.11248942511179631        2.9485761540695133E-003  0.45626215653251700        1.2489761739279215E-002
 0.1400  0.40157448805610274        5.9995194126052876E-003  0.12340433565530221        1.6563436318814640E-003  0.46289033235975802        7.5812540352816005E-003
 0.1600  0.44502395553403179        5.2475699833807845E-003  0.13283279173510448        1.0101273260338462E-003  0.46328074436281302        5.7398277671164028E-003
 0.1800  0.48902229211165121        4.8243150605007416E-003  0.14120800748848800        6.5747431365160156E-004  0.46105449018811850        4.6733374469713875E-003
 0.2000  0.53308687320254700        4.4131394657572843E-003  0.14878004894627853        4.4563355656798909E-004  0.45761932455250420        3.8498765091282399E-003
 0.2200  0.57697759231975898        4.0132500812607875E-003  0.15570298254299988        3.1076523770159767E-004  0.45364471639173548        3.1877009967543478E-003
 0.2400  0.62058462437380324        3.6523095274072037E-003  0.16208116451692745        2.2251211750984578E-004  0.44945465375456856        2.6630939431322247E-003
 0.2600  0.66387855353979131        3.3433432209803806E-003  0.16799087497330209        1.6392093875468235E-004  0.44520074128645509        2.2525617851664325E-003
 0.2800  0.70687430964203612        3.0864429891171241E-003  0.17349071780012251        1.2447121331876312E-004  0.44095059942725667        1.9318205534463735E-003
 0.3000  0.74960909362944783        2.8755133216621241E-003  0.17862716752143193        9.7360946372249056E-005  0.43673151745609939        1.6795320996883922E-003
 0.3200  0.79212946903013925        2.7028649215009057E-003  0.18343790881020575        7.8195938568403951E-005  0.43255203748582183        1.4788092803136161E-003
 0.3400  0.83448402150237533        2.5613525354651707E-003  0.18795404779387806        6.4189925233563814E-005  0.42841263675606739        1.3169965834696604E-003
 0.3600  0.87671946676859802        2.4450241809411861E-003  0.19220166445729378        5.3607269051309217E-005  0.42431088262788874        1.1848107333608552E-003
 0.3800  0.91887891397075128        2.3491194032796139E-003  0.19620293772827052        4.5372104867332949E-005  0.42024375017198995        1.0754539149593297E-003
 0.4000  0.96100139350719127        2.2698762630222425E-003  0.19997697545259174        3.8809065755963297E-005  0.41620852736765396        9.8390984440160619E-004


