# triplet j1 / nf 2 / mode 2 / nplat  5 / jkb  20 / start     1 / nmeas 10000
 0.0010   6.8227157855445175E-003   6.4376317937071424E-004   2.7992159033017384E-003   4.5047984137601248E-004  0.34679746644622683        4.3005265507263968E-002
 0.0020   1.3494235820786581E-002   1.2995913751848909E-003   5.5913290783601716E-003   8.9594763258741400E-004  0.35046062160636937        4.3904452647308939E-002
 0.0030   2.0203333086396033E-002   1.9121434988178842E-003   8.3693401274885591E-003   1.3315267879997960E-003  0.35075042838189197        4.3364917826990701E-002
 0.0040   2.6856628855696514E-002   2.5072619104614421E-003   1.1126452988883082E-002   1.7526048568092228E-003  0.35129491600341400        4.2907591830617133E-002
 0.0050   3.3437768409744342E-002   3.0758516365752223E-003   1.3856168475895278E-002   2.1549491519133050E-003  0.35203374203200533        4.2402902014433821E-002
 0.0060   3.9931595762043998E-002   3.6117291333318440E-003   1.6552368562696970E-002   2.5348041197118519E-003  0.35294255966191246        4.1825807608860573E-002
 0.0070   4.6324340527388236E-002   4.1101340333046339E-003   1.9209389121686970E-002   2.8889666268139768E-003  0.35400675526853193        4.1172524082586939E-002
 0.0080   5.2603841739902797E-002   4.5674967530158371E-003   2.1822079410970273E-002   3.2148369434135226E-003  0.35521442573094997        4.0446055285570839E-002
 0.0090   5.8759672473082336E-002   4.9813303650563410E-003   2.4385847257862373E-002   3.5104448507757573E-003  0.35655440874794808        3.9652060553548779E-002
 0.0100   6.4783225020449364E-002   5.3501919720776534E-003   2.6896689540113247E-002   3.7744518363385547E-003  0.35801551586308616        3.8797533724906859E-002
 0.0200  0.11703773198538754        6.7848076679428541E-003   4.8630551191998383E-002   4.7528571463434305E-003  0.37684147451255035        2.8572021598279134E-002
 0.0400  0.18853347267318357        4.5780212932634672E-003   7.5997442711621413E-002   2.7075128697230037E-003  0.41357665448268371        1.2455033257055291E-002
 0.0600  0.24268136258510828        2.8038241578787456E-003   9.2489203134001149E-002   1.1937040986565702E-003  0.43410992697525436        5.7448299775671929E-003
 0.0800  0.29212728478294708        1.9689169855013041E-003  0.10482944064500536        5.7481514956974798E-004  0.44333243216276141        3.2257844191006580E-003
 0.1000  0.33954586710533186        1.5434795780656886E-003  0.11516646456332870        3.2218410230693987E-004  0.44697122649439280        2.1258226283402950E-003
 0.1200  0.38556464543768754        1.2846142104131794E-003  0.12428111754442778        2.0548433244831776E-004  0.44793086780869668        1.5376584147289993E-003
 0.1400  0.43045838388437452        1.1067412364713460E-003  0.13252712511183737        1.4325659171011954E-004  0.44750741248038217        1.1757230774067976E-003
 0.1600  0.47443468465509486        9.7719352189253169E-004  0.14009584548522869        1.0592764967192099E-004  0.44628386522698887        9.3456706565084649E-004
 0.1800  0.51767207016894190        8.8037429758857559E-004  0.14710524979407186        8.1576787534795562E-005  0.44453975115754152        7.6598470291723661E-004
 0.2000  0.56032273474184169        8.0717435653502635E-004  0.15363531492946042        6.4737115592197774E-005  0.44242257499158205        6.4411312042476942E-004
 0.2200  0.60251386950774743        7.5160808089298964E-004  0.15974419092707282        5.2589228093884493E-005  0.44001940224210945        5.5366175757688956E-004
 0.2400  0.64435063447377772        7.0951885200023633E-004  0.16547644947945234        4.3538737380673938E-005  0.43738758852281356        4.8504910948276919E-004
 0.2600  0.68591977594049491        6.7795156393979513E-004  0.17086767177239298        3.6620024574106135E-005  0.43456855546973644        4.3203728539341845E-004
 0.2800  0.72729309376201201        6.5478271726567461E-004  0.17594717750934033        3.1217492209098047E-005  0.43159430169617419        3.9044661592294407E-004
 0.3000  0.76853042707650587        6.3846843228717210E-004  0.18073973721368297        2.6922795023856987E-005  0.42849068185801253        3.5740289866843913E-004
 0.3200  0.80968211095220799        6.2786700631251100E-004  0.18526669489698663        2.3456121966813318E-005  0.42527917798623893        3.3087927173470214E-004
 0.3400  0.85079094203137806        6.2211232623123937E-004  0.18954673236370795        2.0620483096670712E-005  0.42197794205617428        3.0940975867725391E-004
 0.3600  0.89189373856172804        6.2052968858463179E-004  0.19359640709017933        1.8273851390034997E-005  0.41860246338047646        2.9190945171517321E-004
 0.3800  0.93302256949985851        6.2257496725054505E-004  0.19743054219128561        1.6311738825030263E-005  0.41516603456597390        2.7755688559136379E-004
 0.4000  0.97420572388916649        6.2779710139368786E-004  0.20106251686849969        1.4655808821473768E-005  0.41168009958501089        2.6571860402263401E-004


# triplet j3 / nf 2 / mode 2 / nplat  5 / jkb  20 / start     1 / nmeas 10000
 0.0010  0.13749589951230198        9.1073918280364825E-003   2.7992159033017384E-003   4.5047984137601248E-004   1.7208517178345512E-002   1.7934947265000345E-003
 0.0020  0.13765505305195341        9.0866090385079701E-003   5.5913290783601716E-003   8.9594763258741400E-004   3.4355428071869760E-002   3.5664234190638591E-003
 0.0030  0.13791967591198456        9.0521799862054268E-003   8.3693401274885591E-003   1.3315267879997960E-003   5.1380107210502020E-002   5.2987942479809135E-003
 0.0040  0.13828882699208245        9.0044155496076424E-003   1.1126452988883082E-002   1.7526048568092228E-003   6.8223857148899947E-002   6.9717351232998336E-003
 0.0050  0.13876121108043135        8.9437383918255266E-003   1.3856168475895278E-002   2.1549491519133050E-003   8.4830786981664658E-002   8.5679807341129382E-003
 0.0060  0.13933518854730004        8.8706786416739083E-003   1.6552368562696970E-002   2.5348041197118519E-003  0.10114860263641336        1.0072283608249166E-002
 0.0070  0.14000880596934295        8.7858570056216518E-003   1.9209389121686970E-002   2.8889666268139768E-003  0.11712927173770840        1.1471724893013053E-002
 0.0080  0.14077981699360570        8.6899772837510571E-003   2.1822079410970273E-002   3.2148369434135226E-003  0.13272956190680416        1.2755925343958826E-002
 0.0090  0.14164571530614267        8.5838069131201327E-003   2.4385847257862373E-002   3.5104448507757573E-003  0.14791142980626668        1.3917143242198492E-002
 0.0100  0.14260375828098587        8.4681705788785411E-003   2.6896689540113247E-002   3.7744518363385547E-003  0.16264227538288570        1.4950279055064800E-002
 0.0200  0.15654709656745219        6.9825260638073094E-003   4.8630551191998383E-002   4.7528571463434305E-003  0.28173420307399011        1.8640165980342509E-002
 0.0400  0.19856090171211199        4.1440188567810196E-003   7.5997442711621413E-002   2.7075128697230037E-003  0.39269081784906834        1.0774891738607496E-002
 0.0600  0.24642539625174334        2.6723381751287238E-003   9.2489203134001149E-002   1.1937040986565702E-003  0.42751433169028036        5.3949044973927145E-003
 0.0800  0.29454014266669659        2.0738473887191937E-003  0.10482944064500536        5.7481514956974798E-004  0.43970067540328894        3.3223441068646600E-003
 0.1000  0.34160216321915104        1.8145981916291307E-003  0.11516646456332870        3.2218410230693987E-004  0.44428065455138149        2.4404781888584101E-003
 0.1200  0.38743765465495633        1.6643402966034886E-003  0.12428111754442778        2.0548433244831776E-004  0.44576541322774721        1.9500388924532414E-003
 0.1400  0.43218406791752750        1.5579052892047717E-003  0.13252712511183737        1.4325659171011954E-004  0.44572054328791955        1.6246602968260071E-003
 0.1600  0.47603249341706017        1.4784284458209693E-003  0.14009584548522869        1.0592764967192099E-004  0.44478590809161600        1.3915818234629868E-003
 0.1800  0.51915990354029717        1.4188701520969009E-003  0.14710524979407186        8.1576787534795562E-005  0.44326576780066845        1.2176692349954840E-003
 0.2000  0.56171729648400559        1.3746568411313928E-003  0.15363531492946042        6.4737115592197774E-005  0.44132418332585477        1.0840210091388133E-003
 0.2200  0.60383009825508227        1.3424077121220964E-003  0.15974419092707282        5.2589228093884493E-005  0.43906024802258681        9.7877070884643371E-004
 0.2400  0.64560147733258566        1.3195718725924133E-003  0.16547644947945234        4.3538737380673938E-005  0.43654015684732322        8.9410896492942988E-004
 0.2600  0.68711621570478509        1.3042182779371720E-003  0.17086767177239298        3.6620024574106135E-005  0.43381186382399956        8.2473136836364090E-004
 0.2800  0.72844430984824904        1.2948791350127495E-003  0.17594717750934033        3.1217492209098047E-005  0.43091222031243143        7.6694080478582199E-004
 0.3000  0.76964401183905051        1.2904304023888368E-003  0.18073973721368297        2.6922795023856987E-005  0.42787070601610439        7.1810063456250806E-004
 0.3200  0.81076430199162686        1.2900013809520796E-003  0.18526669489698663        2.3456121966813318E-005  0.42471152433580373        6.7629015189262778E-004
 0.3400  0.85184684263965649        1.2929085035167413E-003  0.18954673236370795        2.0620483096670712E-005  0.42145488234239231        6.4008269073613966E-004
 0.3600  0.89292751151601102        1.2986072073661011E-003  0.19359640709017933        1.8273851390034997E-005  0.41811783288174287        6.0839951594005720E-004
 0.3800  0.93403760454168716        1.3066574046623363E-003  0.19743054219128561        1.6311738825030263E-005  0.41471486635688631        5.8041181780738233E-004
 0.4000  0.97520477864473187        1.3166999690833775E-003  0.20106251686849969        1.4655808821473768E-005  0.41125835128119964        5.5547421024364392E-004


