# pion mass (\sigma_1)
"*"
    9  64  3.00  0.2350  0.6809682693275825E+00  0.1191358498801714E-02  10000
    9  64  3.00  0.2375  0.6457934098744283E+00  0.9999963887806277E-03  10000
    9  64  3.00  0.2400  0.6101803239781711E+00  0.2801909674640216E-02  10000
    9  64  3.00  0.2425  0.5782944818996203E+00  0.1473335919463576E-02  10000
    9  64  3.00  0.2450  0.5486188664081108E+00  0.2419802385517875E-02  10000
    9  64  3.00  0.2475  0.5157429477059230E+00  0.1591186031027236E-02  10000
    9  64  3.00  0.2500  0.4827005326855354E+00  0.1512675034008445E-02  10000
    9  64  3.00  0.2525  0.4553636432316515E+00  0.2515706890872191E-02  10000
    9  64  3.00  0.2550  0.4283571811288490E+00  0.6901117250470891E-02  10000
    9  64  3.00  0.2575  0.4018627764638349E+00  0.3899821626200679E-02  10000
    9  64  3.00  0.2590  0.4013384879483075E+00  0.9310006641142274E-02  10000
    9  64  3.00  0.2600  0.3886762923839000E+00  0.9321294884892403E-02  10000
    9  64  3.00  0.2605  0.3835304113735920E+00  0.1520523108327658E-01  10000
    9  64  3.00  0.2620  0.3893412886336350E+00  0.1974119503290147E-01  10000
    9  64  3.00  0.2625  0.3693977121198286E+00  0.2894757448255588E-01  10000
    9  64  3.00  0.2630  0.3810384344684711E+00  0.1158897226195245E-01  10000
    9  64  3.00  0.2635  0.4021334365444987E+00  0.3662029433170240E-01  10000
    9  64  3.00  0.2650  0.3604868903828325E+00  0.8615441462751751E-01  10000
    9  64  3.00  0.2675  0.3013750800107369E+00  0.7490524009268351E+02  10000
    9  64  3.00  0.2700  0.3145853086829308E+00  0.1169861567847141E+00  10000


# pseudoscalar mass (\sigma_3)
"*"
    9  64  3.00  0.2350  0.6809828118382381E+00  0.9863002801698969E-03  10000
    9  64  3.00  0.2375  0.6457882901892416E+00  0.9479783787015210E-03  10000
    9  64  3.00  0.2400  0.6107950476178721E+00  0.2246852776390596E-02  10000
    9  64  3.00  0.2425  0.5780776122691019E+00  0.1649936972970112E-02  10000
    9  64  3.00  0.2450  0.5486316411650152E+00  0.2275221414544680E-02  10000
    9  64  3.00  0.2475  0.5155751221811028E+00  0.1240997652207258E-02  10000
    9  64  3.00  0.2500  0.4827187102735089E+00  0.1405661038252300E-02  10000
    9  64  3.00  0.2525  0.4554929545770408E+00  0.2418133213679976E-02  10000
    9  64  3.00  0.2550  0.4281918033953326E+00  0.7358343380903530E-02  10000
    9  64  3.00  0.2575  0.4030128953360637E+00  0.5315876708739758E-02  10000
    9  64  3.00  0.2590  0.4021857308836896E+00  0.6540004060093586E-02  10000
    9  64  3.00  0.2600  0.3909234310854199E+00  0.9048105950231072E-02  10000
    9  64  3.00  0.2605  0.3847413434438224E+00  0.2458379354181398E-02  10000
    9  64  3.00  0.2620  0.3908731227079082E+00  0.7505024014855442E-02  10000
    9  64  3.00  0.2625  0.3792367604472383E+00  0.7121047786400542E-02  10000
    9  64  3.00  0.2630  0.3790786723369219E+00  0.3669246233055343E-02  10000
    9  64  3.00  0.2635  0.3961362401949485E+00  0.9791943443445096E-02  10000
    9  64  3.00  0.2650  0.3833839197603897E+00  0.1146266606176358E-01  10000
    9  64  3.00  0.2675  0.3946828705425631E+00  0.6525526202633461E-02  10000
    9  64  3.00  0.2700  0.3922107499824131E+00  0.2216766845645002E-01  10000


# eta mass (\sigma_1)
"*"
    9  64  3.00  0.2350                     NaN                     NaN  10000
    9  64  3.00  0.2375                     NaN                     NaN  10000
    9  64  3.00  0.2400                     NaN                     NaN  10000
    9  64  3.00  0.2425  0.6837432452225632E+00  0.5111410336783667E+02  10000
    9  64  3.00  0.2450                     NaN                     NaN  10000
    9  64  3.00  0.2475                     NaN                     NaN  10000
    9  64  3.00  0.2500                     NaN                     NaN  10000
    9  64  3.00  0.2525 -0.3392097939386576E-01  0.1111804384358607E+03  10000
    9  64  3.00  0.2550  0.4256490666966599E+00  0.1063515880911479E+03  10000
    9  64  3.00  0.2575  0.3143529818139684E+00  0.1225277265781943E+03  10000
    9  64  3.00  0.2590  0.5148696771770216E-01  0.8781491504130196E+02  10000
    9  64  3.00  0.2600  0.4573711674391514E+00  0.1191737592491658E+03  10000
    9  64  3.00  0.2605  0.4461569420321099E+00  0.4263087268915619E+02  10000
    9  64  3.00  0.2620                     NaN                     NaN  10000
    9  64  3.00  0.2625  0.1363190870538181E+00  0.1557924659351926E+03  10000
    9  64  3.00  0.2630                     NaN                     NaN  10000
    9  64  3.00  0.2635                     NaN                     NaN  10000
    9  64  3.00  0.2650  0.5248230511246885E+00  0.3781788973056351E+02  10000
    9  64  3.00  0.2675  0.4405587875304819E+00  0.9556029132466072E+02  10000
    9  64  3.00  0.2700  0.1229721533799397E+00  0.6671127203605095E+00  10000

