# pion mass (\sigma_1)
"*"
    9  64  3.00  0.2350  0.6810275310569464E+00  0.8231841398225697E-03  10000
    9  64  3.00  0.2375  0.6459684155932713E+00  0.7758946534548937E-03  10000
    9  64  3.00  0.2400  0.6124303147072427E+00  0.1129538771867290E-02  10000
    9  64  3.00  0.2425  0.5786516246355347E+00  0.1374303955209613E-02  10000
    9  64  3.00  0.2450  0.5486655547121132E+00  0.1547848272131070E-02  10000
    9  64  3.00  0.2475  0.5158643395769639E+00  0.1432188122922981E-02  10000
    9  64  3.00  0.2500  0.4829644421409529E+00  0.1432732697707538E-02  10000
    9  64  3.00  0.2525  0.4551262242904741E+00  0.1768622360386840E-02  10000
    9  64  3.00  0.2550  0.4275679204992004E+00  0.2644012094486460E-02  10000
    9  64  3.00  0.2575  0.4015055686326400E+00  0.2782929741356843E-02  10000
    9  64  3.00  0.2590  0.3965160421885680E+00  0.3850198662892890E-02  10000
    9  64  3.00  0.2600  0.3872860475809150E+00  0.4109310540142488E-02  10000
    9  64  3.00  0.2605  0.3834442819378203E+00  0.5430683266697681E-02  10000
    9  64  3.00  0.2620  0.3859222361134350E+00  0.9408191941851772E-02  10000
    9  64  3.00  0.2625  0.3735741805598231E+00  0.8644031501703679E-02  10000
    9  64  3.00  0.2630  0.3810384344684711E+00  0.1158897226195245E-01  10000
    9  64  3.00  0.2635  0.3830422966714669E+00  0.1554131828565647E-01  10000
    9  64  3.00  0.2650  0.3746850077252052E+00  0.3443581609258522E-01  10000
    9  64  3.00  0.2675  0.1569524416152372E+01  0.3546163475195890E+02  10000
    9  64  3.00  0.2700  0.3691618336106874E+00  0.4630458384918047E-01  10000


# pseudoscalar mass (\sigma_3)
"*"
    9  64  3.00  0.2350  0.6810807073359226E+00  0.7844611470639476E-03  10000
    9  64  3.00  0.2375  0.6459630524351148E+00  0.8091263363445266E-03  10000
    9  64  3.00  0.2400  0.6123050381857111E+00  0.1115205032813750E-02  10000
    9  64  3.00  0.2425  0.5791743193309696E+00  0.1437181033627063E-02  10000
    9  64  3.00  0.2450  0.5486958018860985E+00  0.1361529652097025E-02  10000
    9  64  3.00  0.2475  0.5158297945793201E+00  0.1204640242709397E-02  10000
    9  64  3.00  0.2500  0.4829017356503918E+00  0.1326863297295987E-02  10000
    9  64  3.00  0.2525  0.4552062212597004E+00  0.1617148871554673E-02  10000
    9  64  3.00  0.2550  0.4277507911741222E+00  0.2043612190559644E-02  10000
    9  64  3.00  0.2575  0.4012118263934709E+00  0.1851440648277880E-02  10000
    9  64  3.00  0.2590  0.3944354194899005E+00  0.3233616440314703E-02  10000
    9  64  3.00  0.2600  0.3854660193227157E+00  0.3107471701842433E-02  10000
    9  64  3.00  0.2605  0.3854358568946259E+00  0.2227570965981216E-02  10000
    9  64  3.00  0.2620  0.3808159606869082E+00  0.3811159053952328E-02  10000
    9  64  3.00  0.2625  0.3791424645708658E+00  0.2924817972259188E-02  10000
    9  64  3.00  0.2630  0.3794072406925985E+00  0.3413076779098405E-02  10000
    9  64  3.00  0.2635  0.3811598329090993E+00  0.4132319218672743E-02  10000
    9  64  3.00  0.2650  0.3809556970647516E+00  0.5425564133125165E-02  10000
    9  64  3.00  0.2675  0.3920472241855847E+00  0.5362764436064679E-02  10000
    9  64  3.00  0.2700  0.3976729222631211E+00  0.4403610081005383E-02  10000


# eta mass (\sigma_1)
"*"
    9  64  3.00  0.2350                     NaN                     NaN  10000
    9  64  3.00  0.2375                     NaN                     NaN  10000
    9  64  3.00  0.2400                     NaN                     NaN  10000
    9  64  3.00  0.2425  0.6837432452225632E+00  0.5111410336783667E+02  10000
    9  64  3.00  0.2450                     NaN                     NaN  10000
    9  64  3.00  0.2475                     NaN                     NaN  10000
    9  64  3.00  0.2500                     NaN                     NaN  10000
    9  64  3.00  0.2525  0.5593025355877405E+00  0.2911978749922918E+00  10000
    9  64  3.00  0.2550  0.5357507723812081E+00  0.4751674236811488E+00  10000
    9  64  3.00  0.2575  0.5260682936085057E+00  0.1667242026174646E+00  10000
    9  64  3.00  0.2590  0.5188108483125742E+00  0.2789216144478088E+00  10000
    9  64  3.00  0.2600  0.5036922201176977E+00  0.3426484914165582E+02  10000
    9  64  3.00  0.2605  0.5157654367665157E+00  0.1663993000238321E+00  10000
    9  64  3.00  0.2620                     NaN                     NaN  10000
    9  64  3.00  0.2625  0.4976543336990166E+00  0.5082148489694634E+02  10000
    9  64  3.00  0.2630                     NaN                     NaN  10000
    9  64  3.00  0.2635                     NaN                     NaN  10000
    9  64  3.00  0.2650  0.5248230511246885E+00  0.3781788973056351E+02  10000
    9  64  3.00  0.2675  0.5472595783555843E+00  0.4338596182574363E+02  10000
    9  64  3.00  0.2700  0.5813898452828992E+00  0.2900992794186829E+00  10000

