# fermion mass from PCAC relation
"m"
    9  64  3.00  0.2350  0.2389359645893176E+00  0.4119966339116251E-02  10000
    9  64  3.00  0.2375  0.2204323920666023E+00  0.3342766621864859E-02  10000
    9  64  3.00  0.2400  0.2022082681339508E+00  0.4093351537236016E-02  10000
    9  64  3.00  0.2425  0.1838771080363360E+00  0.4646352598416540E-02  10000
    9  64  3.00  0.2450  0.1657585724192677E+00  0.6104120926715572E-02  10000
    9  64  3.00  0.2475  0.1476621756532068E+00  0.3467768694715187E-02  10000
    9  64  3.00  0.2500  0.1296997445438209E+00  0.3887965499333220E-02  10000
    9  64  3.00  0.2525  0.1121223155290051E+00  0.4526276227444221E-02  10000
    9  64  3.00  0.2550  0.9438209683659990E-01  0.4547997252563161E-02  10000
    9  64  3.00  0.2575  0.7627846185458825E-01  0.3139103082061762E-02  10000
    9  64  3.00  0.2590  0.6637131744622612E-01  0.3239220902305050E-02  10000
    9  64  3.00  0.2600  0.5962268061625305E-01  0.3783469614520916E-02  10000
    9  64  3.00  0.2605  0.5638321575417337E-01  0.3195130483552491E-02  10000
    9  64  3.00  0.2620  0.4653466803456782E-01  0.2882753733698325E-02  10000
    9  64  3.00  0.2625  0.4354083117479449E-01  0.3279536755634121E-02  10000
    9  64  3.00  0.2630  0.3995973376287996E-01  0.3077720302693756E-02  10000
    9  64  3.00  0.2635  0.3697348823224864E-01  0.2978250939023044E-02  10000
    9  64  3.00  0.2650  0.2628235351588125E-01  0.5512459398865081E-02  10000
    9  64  3.00  0.2675  0.7285923843157015E-02  0.2629472982209206E-02  10000
    9  64  3.00  0.2700 -0.1541278122292696E-01  0.6885742272552160E-02  10000

