#  Re(op_pbp_e)                                                    
   9  64  3.00  0.2350    NaN  0.500  0.433
#  Re(op_pbp_e)                                                    
   9  64  3.00  0.2375    NaN  0.500  0.407
#  Re(op_pbp_e)                                                    
   9  64  3.00  0.2400    NaN  0.525  0.442
#  Re(op_pbp_e)                                                    
   9  64  3.00  0.2425    NaN  0.500  0.620
#  Re(op_pbp_e)                                                    
   9  64  3.00  0.2450    NaN  0.500  0.616
#  Re(op_pbp_e)                                                    
   9  64  3.00  0.2475    NaN  0.500  0.584
#  Re(op_pbp_e)                                                    
   9  64  3.00  0.2500  0.702  0.505  0.356
#  Re(op_pbp_e)                                                    
   9  64  3.00  0.2525    NaN  0.518  0.430
#  Re(op_pbp_e)                                                    
   9  64  3.00  0.2550    NaN  0.517  0.638
#  Re(op_pbp_e)                                                    
   9  64  3.00  0.2575  0.540  0.549  0.150
#  Re(op_pbp_e)                                                    
   9  64  3.00  0.2590  0.774  0.568  0.636
#  Re(op_pbp_e)                                                    
   9  64  3.00  0.2600  0.353  0.574  0.662
#  Re(op_pbp_e)                                                    
   9  64  3.00  0.2605    NaN  0.572  0.771
#  Re(op_pbp_e)                                                    
   9  64  3.00  0.2620  0.932  0.641  0.674
#  Re(op_pbp_e)                                                    
   9  64  3.00  0.2625  0.694  0.636  0.326
#  Re(op_pbp_e)                                                    
   9  64  3.00  0.2630  0.872  0.692  0.834
#  Re(op_pbp_e)                                                    
   9  64  3.00  0.2635  1.112  0.652  0.453
#  Re(op_pbp_e)                                                    
   9  64  3.00  0.2650  0.983  0.614  0.654
#  Re(op_pbp_e)                                                    
   9  64  3.00  0.2675  0.837  0.634  0.476
#  Re(op_pbp_e)                                                    
   9  64  3.00  0.2700  6.941  0.810  1.169
