# pion mass (\sigma_1)
"*"
   12  64  5.00  0.2100  0.9197301398704866E+00  0.7663032636586912E-03  10000
   12  64  5.00  0.2150  0.8441094293232201E+00  0.6005106653948636E-03  10000
   12  64  5.00  0.2200  0.7680572193932627E+00  0.4852101363949524E-03  10000
   12  64  5.00  0.2231  0.7221770413623824E+00  0.6606744844690660E-03  10000
   12  64  5.00  0.2250  0.6924906200315840E+00  0.4581389362531910E-03  10000
   12  64  5.00  0.2262  0.6756198027497521E+00  0.4308155896758888E-03  10000
   12  64  5.00  0.2293  0.6302243229666528E+00  0.4898989829578090E-03  10000
   12  64  5.00  0.2300  0.6196482297630920E+00  0.5419179415533883E-03  10000
   12  64  5.00  0.2324  0.5832474735612913E+00  0.5972335410871627E-03  10000
   12  64  5.00  0.2350  0.5468418734088322E+00  0.7925155988462270E-03  10000
   12  64  5.00  0.2356  0.5384142726698582E+00  0.7067587614596599E-03  10000
   12  64  5.00  0.2387  0.4917936786033092E+00  0.7767987298048144E-03  10000
   12  64  5.00  0.2400  0.4739584856968857E+00  0.9149725727414765E-03  10000
   12  64  5.00  0.2418  0.4493590085244388E+00  0.7799181761025885E-03  10000
   12  64  5.00  0.2449  0.4057141337391890E+00  0.7585847152165707E-03  10000
   12  64  5.00  0.2480  0.3643458440285783E+00  0.1009551333160694E-02  10000
   12  64  5.00  0.2500  0.3412632462769832E+00  0.1311930976759377E-02  10000
   12  64  5.00  0.2515  0.3237304647402969E+00  0.1416006545659322E-02  10000
   12  64  5.00  0.2530  0.3058252766804886E+00  0.1397086331236124E-02  10000
   12  64  5.00  0.2545  0.2932524463950248E+00  0.2260551491996736E-02  10000
   12  64  5.00  0.2560  0.2845050424940886E+00  0.3437283621527139E-02  10000
   12  64  5.00  0.2575  0.2789912026683880E+00  0.4234430432355702E-02  10000
   12  64  5.00  0.2590  0.2817856789068388E+00  0.1753044252173933E-01  10000
   12  64  5.00  0.2605  0.3733116566054759E+00  0.2370876857942635E+00  10000
   12  64  5.00  0.2620  0.2559191836186433E+00  0.3532549624895855E-01  10000
   12  64  5.00  0.2625  0.2932655583133534E+00  0.2920928833880743E-01  10000
   12  64  5.00  0.2630  0.3029712177579812E+00  0.1503902360840192E-01  10000
   12  64  5.00  0.2635  0.2926858734520953E+00  0.7607129493811797E-02  10000


# pseudoscalar mass (\sigma_3)
"*"
   12  64  5.00  0.2100  0.9201799264775277E+00  0.1055449854705259E-02  10000
   12  64  5.00  0.2150  0.8442717763434650E+00  0.6967576233177064E-03  10000
   12  64  5.00  0.2200  0.7681866720078563E+00  0.5222872035960843E-03  10000
   12  64  5.00  0.2231  0.7222144221790762E+00  0.6691660676346330E-03  10000
   12  64  5.00  0.2250  0.6926019694737486E+00  0.4358101594916173E-03  10000
   12  64  5.00  0.2262  0.6756670329900556E+00  0.4324166348107148E-03  10000
   12  64  5.00  0.2293  0.6302697221392010E+00  0.4903100054661437E-03  10000
   12  64  5.00  0.2300  0.6196094413960777E+00  0.5529998654285525E-03  10000
   12  64  5.00  0.2324  0.5832596144688361E+00  0.5994862973832517E-03  10000
   12  64  5.00  0.2350  0.5469057339271159E+00  0.7852180366420391E-03  10000
   12  64  5.00  0.2356  0.5384850708869529E+00  0.6838750834749090E-03  10000
   12  64  5.00  0.2387  0.4918362682915509E+00  0.7812903363840914E-03  10000
   12  64  5.00  0.2400  0.4741000033752414E+00  0.9004739858515489E-03  10000
   12  64  5.00  0.2418  0.4493431440452189E+00  0.7749859955425624E-03  10000
   12  64  5.00  0.2449  0.4056505668190677E+00  0.7591797554076068E-03  10000
   12  64  5.00  0.2480  0.3644315416855725E+00  0.1067600843079956E-02  10000
   12  64  5.00  0.2500  0.3407841388067726E+00  0.1067750310265929E-02  10000
   12  64  5.00  0.2515  0.3234575001996557E+00  0.1147557195881641E-02  10000
   12  64  5.00  0.2530  0.3056646518030231E+00  0.1095689370275960E-02  10000
   12  64  5.00  0.2545  0.2933580068701374E+00  0.1660258723560588E-02  10000
   12  64  5.00  0.2560  0.2834482266891427E+00  0.1929067259393930E-02  10000
   12  64  5.00  0.2575  0.2807504205173882E+00  0.1900398151306313E-02  10000
   12  64  5.00  0.2590  0.2848476460753055E+00  0.3479188374384417E-02  10000
   12  64  5.00  0.2605  0.2948386483803222E+00  0.6426663549709103E-02  10000
   12  64  5.00  0.2620  0.3018008974763645E+00  0.3261450610028985E-02  10000
   12  64  5.00  0.2625  0.3019136720129587E+00  0.3298941545451371E-02  10000
   12  64  5.00  0.2630  0.3053922431393363E+00  0.3704428247460674E-02  10000
   12  64  5.00  0.2635  0.3046259722942249E+00  0.3426817029310160E-02  10000


# eta mass (\sigma_1)
"*"
   12  64  5.00  0.2100                     NaN                     NaN  10000
   12  64  5.00  0.2150  0.9713814927770380E+00  0.4825966306393195E+02  10000
   12  64  5.00  0.2200  0.8260112037805266E+00  0.7884304892088508E+02  10000
   12  64  5.00  0.2231                     NaN                     NaN  10000
   12  64  5.00  0.2250  0.8167011379519519E+00  0.5874309864048916E+02  10000
   12  64  5.00  0.2262  0.7995843901557544E+00  0.4976705401577053E+02  10000
   12  64  5.00  0.2293  0.7501662281114777E+00  0.2616081566047712E+00  10000
   12  64  5.00  0.2300  0.7332845475508711E+00  0.2525750465616979E+02  10000
   12  64  5.00  0.2324                     NaN                     NaN  10000
   12  64  5.00  0.2350  0.6583607940351676E+00  0.1800216858876783E+00  10000
   12  64  5.00  0.2356  0.6577546715602924E+00  0.2528814611892218E+02  10000
   12  64  5.00  0.2387  0.6137741253310548E+00  0.1606211697395438E+00  10000
   12  64  5.00  0.2400  0.5846499037357150E+00  0.1392948337423810E+00  10000
   12  64  5.00  0.2418  0.5557431626429918E+00  0.2257401736443523E+00  10000
   12  64  5.00  0.2449  0.5300324565171785E+00  0.1134040660312108E+00  10000
   12  64  5.00  0.2480  0.4339500711141089E+00  0.6741728205955690E-01  10000
   12  64  5.00  0.2500  0.4623779278238701E+00  0.8880988536961934E-01  10000
   12  64  5.00  0.2515  0.4028407581554896E+00  0.8359396422093381E-01  10000
   12  64  5.00  0.2530  0.3847595131805424E+00  0.7069640701732181E-01  10000
   12  64  5.00  0.2545  0.3716426297189977E+00  0.7237147032949776E-01  10000
   12  64  5.00  0.2560  0.3646721366032923E+00  0.1099284539834622E+00  10000
   12  64  5.00  0.2575  0.3955710613384143E+00  0.1045561841059987E+00  10000
   12  64  5.00  0.2590  0.4260660996099205E+00  0.1143897707992757E+00  10000
   12  64  5.00  0.2605  0.4407792689490968E+00  0.1522181653978832E+00  10000
   12  64  5.00  0.2620  0.4527687501475039E+00  0.1200058551469466E+00  10000
   12  64  5.00  0.2625  0.4388807727968285E+00  0.1422067286878505E+00  10000
   12  64  5.00  0.2630  0.4447664163088922E+00  0.1141182171494095E+00  10000
   12  64  5.00  0.2635  0.3998849826058034E+00  0.1302119750479481E+00  10000

