# pion mass (\sigma_1)
"*"
   12  64  5.00  0.2100  0.9195301726222149E+00  0.8264246083707104E-03  10000
   12  64  5.00  0.2150  0.8441094293232201E+00  0.6005106653948636E-03  10000
   12  64  5.00  0.2200  0.7680572193932627E+00  0.4852101363949524E-03  10000
   12  64  5.00  0.2231  0.7221482377522537E+00  0.6793836626424932E-03  10000
   12  64  5.00  0.2250  0.6924419936878574E+00  0.4709272426160857E-03  10000
   12  64  5.00  0.2262  0.6755466256261838E+00  0.4439484309572758E-03  10000
   12  64  5.00  0.2293  0.6301548286958494E+00  0.5320811101222477E-03  10000
   12  64  5.00  0.2300  0.6195890565342592E+00  0.5558923882453342E-03  10000
   12  64  5.00  0.2324  0.5831993214695629E+00  0.6029573903459951E-03  10000
   12  64  5.00  0.2350  0.5467894168874351E+00  0.8514082206659162E-03  10000
   12  64  5.00  0.2356  0.5383644664856720E+00  0.7347699199940304E-03  10000
   12  64  5.00  0.2387  0.4918339201294093E+00  0.9533448208400598E-03  10000
   12  64  5.00  0.2400  0.4736655749027103E+00  0.1241026690605644E-02  10000
   12  64  5.00  0.2418  0.4493262144241111E+00  0.8787601036511230E-03  10000
   12  64  5.00  0.2449  0.4056376330611902E+00  0.7820073871727986E-03  10000
   12  64  5.00  0.2480  0.3640273345659104E+00  0.1131172615046444E-02  10000
   12  64  5.00  0.2500  0.3437587911153652E+00  0.3333116759541579E-02  10000
   12  64  5.00  0.2515  0.3248081724721674E+00  0.2343221717024396E-02  10000
   12  64  5.00  0.2530  0.3057701415987656E+00  0.1739730075328053E-02  10000
   12  64  5.00  0.2545  0.2929248837453254E+00  0.2344935395479256E-02  10000
   12  64  5.00  0.2560  0.2915193136632698E+00  0.6840182086119902E-02  10000
   12  64  5.00  0.2575  0.2774660504114130E+00  0.4988194064380044E-02  10000
   12  64  5.00  0.2590  0.2720890718485114E+00  0.2468107502120850E-01  10000
   12  64  5.00  0.2605  0.2152476511738294E+00  0.4531888209279919E+02  10000
   12  64  5.00  0.2620  0.2720837866004942E+00  0.5941168620290412E-01  10000
   12  64  5.00  0.2625  0.3079962650017637E+00  0.6682844659423121E-01  10000
   12  64  5.00  0.2630  0.2979727164432865E+00  0.5405751577667015E-01  10000
   12  64  5.00  0.2635  0.2906267231086396E+00  0.8373016622986219E-02  10000


# pseudoscalar mass (\sigma_3)
"*"
   12  64  5.00  0.2100  0.9198549804565058E+00  0.1161159915849907E-02  10000
   12  64  5.00  0.2150  0.8442717763434650E+00  0.6967576233177064E-03  10000
   12  64  5.00  0.2200  0.7681391291990994E+00  0.5963852306634054E-03  10000
   12  64  5.00  0.2231  0.7222144221790762E+00  0.6691660676346330E-03  10000
   12  64  5.00  0.2250  0.6926019694737486E+00  0.4358101594916173E-03  10000
   12  64  5.00  0.2262  0.6756060946107373E+00  0.4346575411445507E-03  10000
   12  64  5.00  0.2293  0.6302224500589714E+00  0.5328206550267480E-03  10000
   12  64  5.00  0.2300  0.6196094413960777E+00  0.5529998654285525E-03  10000
   12  64  5.00  0.2324  0.5832323836249032E+00  0.6099322196669360E-03  10000
   12  64  5.00  0.2350  0.5468425207409865E+00  0.8937539364823457E-03  10000
   12  64  5.00  0.2356  0.5384073347616930E+00  0.6937703684995875E-03  10000
   12  64  5.00  0.2387  0.4918269123548811E+00  0.9136837970190566E-03  10000
   12  64  5.00  0.2400  0.4740311013586878E+00  0.9158294517447489E-03  10000
   12  64  5.00  0.2418  0.4493878249334076E+00  0.9330308031223159E-03  10000
   12  64  5.00  0.2449  0.4055621112156974E+00  0.7810097269480575E-03  10000
   12  64  5.00  0.2480  0.3637342401977484E+00  0.1365697741902615E-02  10000
   12  64  5.00  0.2500  0.3424352582492965E+00  0.2474208565577176E-02  10000
   12  64  5.00  0.2515  0.3239789123313540E+00  0.2009986087983294E-02  10000
   12  64  5.00  0.2530  0.3054237822351501E+00  0.1386823794943479E-02  10000
   12  64  5.00  0.2545  0.2931041495576504E+00  0.1959802961591347E-02  10000
   12  64  5.00  0.2560  0.2830964020912725E+00  0.1959578659792570E-02  10000
   12  64  5.00  0.2575  0.2852999468764122E+00  0.5763736824850957E-02  10000
   12  64  5.00  0.2590  0.2770263622596477E+00  0.1278690795347934E-01  10000
   12  64  5.00  0.2605  0.3060651150248180E+00  0.8819336001231812E-02  10000
   12  64  5.00  0.2620  0.2986299811215611E+00  0.9977823531958240E-02  10000
   12  64  5.00  0.2625  0.3068321960581190E+00  0.6661359326120393E-02  10000
   12  64  5.00  0.2630  0.3045416219160979E+00  0.5710492980684084E-02  10000
   12  64  5.00  0.2635  0.2997638796421689E+00  0.6275448599651215E-02  10000


# eta mass (\sigma_1)
"*"
   12  64  5.00  0.2100                     NaN                     NaN  10000
   12  64  5.00  0.2150  0.9713814927770380E+00  0.4825966306393195E+02  10000
   12  64  5.00  0.2200  0.8073748141900081E+00  0.8608950465548394E+02  10000
   12  64  5.00  0.2231                     NaN                     NaN  10000
   12  64  5.00  0.2250  0.8167011379519519E+00  0.5874309864048916E+02  10000
   12  64  5.00  0.2262  0.6653097901516283E+00  0.1245131707096366E+03  10000
   12  64  5.00  0.2293  0.6821141757943403E+00  0.5926570690642050E+02  10000
   12  64  5.00  0.2300  0.7199712784860374E+00  0.1185069728014375E+03  10000
   12  64  5.00  0.2324                     NaN                     NaN  10000
   12  64  5.00  0.2350  0.5945957846793689E+00  0.2499370001500726E+02  10000
   12  64  5.00  0.2356  0.5874876473446948E+00  0.6716085341863598E+02  10000
   12  64  5.00  0.2387  0.5383352864787030E+00  0.5308461673314892E+02  10000
   12  64  5.00  0.2400  0.5169549245258193E+00  0.5526949445111542E+02  10000
   12  64  5.00  0.2418  0.4989343004579735E+00  0.5570330870111322E+02  10000
   12  64  5.00  0.2449  0.4606408677684238E+00  0.4841915621309228E+02  10000
   12  64  5.00  0.2480  0.4181122184777781E+00  0.3807428324085976E+02  10000
   12  64  5.00  0.2500  0.2955758350729163E+00  0.1231558317028427E+03  10000
   12  64  5.00  0.2515  0.2676893820909316E+00  0.1003532335944072E+03  10000
   12  64  5.00  0.2530  0.6650458373267315E-01  0.3430444133719983E+02  10000
   12  64  5.00  0.2545  0.2982889707872358E+00  0.4060520486671819E+02  10000
   12  64  5.00  0.2560  0.2129963147975221E+00  0.1324101254229757E+03  10000
   12  64  5.00  0.2575  0.2490615546096447E+00  0.5078934453166010E+02  10000
   12  64  5.00  0.2590  0.3651398526924168E+00  0.2535143584391421E+02  10000
   12  64  5.00  0.2605  0.1150862961479629E+00  0.4767381463076496E+02  10000
   12  64  5.00  0.2620  0.3772044089856192E+00  0.5289665582702172E+02  10000
   12  64  5.00  0.2625  0.1377312881387374E+00  0.4508062880167414E+02  10000
   12  64  5.00  0.2630  0.3862417344750076E+00  0.2347892200599466E+00  10000
   12  64  5.00  0.2635  0.3443210361424200E+00  0.5875866503592891E+02  10000

