# fermion mass from PCAC relation
"m"
   12  64  5.00  0.2100  0.3944830283544219E+00  0.2786343336073138E-01  10000
   12  64  5.00  0.2150  0.3524272446294938E+00  0.1327713108335506E-01  10000
   12  64  5.00  0.2200  0.3113349409180816E+00  0.4499748406688298E-02  10000
   12  64  5.00  0.2231  0.2865301729408609E+00  0.3839287669067443E-02  10000
   12  64  5.00  0.2250  0.2712205709664840E+00  0.2699332234155296E-02  10000
   12  64  5.00  0.2262  0.2615944170854487E+00  0.2443289387471188E-02  10000
   12  64  5.00  0.2293  0.2375466292048311E+00  0.2754836804732897E-02  10000
   12  64  5.00  0.2300  0.2320671794866033E+00  0.2062025563488201E-02  10000
   12  64  5.00  0.2324  0.2134817244607555E+00  0.2517209444420855E-02  10000
   12  64  5.00  0.2350  0.1936925216882989E+00  0.2972850980953886E-02  10000
   12  64  5.00  0.2356  0.1890016541677237E+00  0.2310058513132142E-02  10000
   12  64  5.00  0.2387  0.1654726677075265E+00  0.2319031766610879E-02  10000
   12  64  5.00  0.2400  0.1556561075160146E+00  0.2715416423338504E-02  10000
   12  64  5.00  0.2418  0.1422488541454769E+00  0.2300397018341834E-02  10000
   12  64  5.00  0.2449  0.1190333107388164E+00  0.1632176759719153E-02  10000
   12  64  5.00  0.2480  0.9615638916282174E-01  0.1880068633451976E-02  10000
   12  64  5.00  0.2500  0.8143597616851990E-01  0.1537924519969906E-02  10000
   12  64  5.00  0.2515  0.7034479053475627E-01  0.1942457838894551E-02  10000
   12  64  5.00  0.2530  0.5917632673803466E-01  0.1288080770157069E-02  10000
   12  64  5.00  0.2545  0.4840164967414779E-01  0.1531641304277989E-02  10000
   12  64  5.00  0.2560  0.3794373331745076E-01  0.1341427699013167E-02  10000
   12  64  5.00  0.2575  0.2753991646613696E-01  0.1816955524455511E-02  10000
   12  64  5.00  0.2590  0.1702626605845407E-01  0.1767596930249207E-02  10000
   12  64  5.00  0.2605  0.5776639639646285E-02  0.1373833282904010E-02  10000
   12  64  5.00  0.2620 -0.8310332931156105E-02  0.2110127591123734E-02  10000
   12  64  5.00  0.2625 -0.1230894857690088E-01  0.1125048241934608E-02  10000
   12  64  5.00  0.2630 -0.1712201257214246E-01  0.1972618511328885E-02  10000
   12  64  5.00  0.2635 -0.2152192048703627E-01  0.2097929107392766E-02  10000

