#  Re(op_pbp_e)                                                    
  12  64  5.00  0.2100    NaN  0.500  0.812
#  Re(op_pbp_e)                                                    
  12  64  5.00  0.2150    NaN  0.511  0.577
#  Re(op_pbp_e)                                                    
  12  64  5.00  0.2200    NaN  0.500  0.423
#  Re(op_pbp_e)                                                    
  12  64  5.00  0.2231    NaN  0.501  0.587
#  Re(op_pbp_e)                                                    
  12  64  5.00  0.2250  4.076  0.555  0.689
#  Re(op_pbp_e)                                                    
  12  64  5.00  0.2262  1.062  0.587  0.520
#  Re(op_pbp_e)                                                    
  12  64  5.00  0.2293 14.502  0.546  0.567
#  Re(op_pbp_e)                                                    
  12  64  5.00  0.2300  0.561  0.554  0.466
#  Re(op_pbp_e)                                                    
  12  64  5.00  0.2324  2.382  0.549  0.581
#  Re(op_pbp_e)                                                    
  12  64  5.00  0.2350  1.199  0.580  0.610
#  Re(op_pbp_e)                                                    
  12  64  5.00  0.2356    NaN  0.536  0.441
#  Re(op_pbp_e)                                                    
  12  64  5.00  0.2387  0.752  0.554  0.703
#  Re(op_pbp_e)                                                    
  12  64  5.00  0.2400  1.180  0.567  0.341
#  Re(op_pbp_e)                                                    
  12  64  5.00  0.2418  3.554  0.645  0.719
#  Re(op_pbp_e)                                                    
  12  64  5.00  0.2449  1.408  0.620  0.602
#  Re(op_pbp_e)                                                    
  12  64  5.00  0.2480  1.829  0.628  0.548
#  Re(op_pbp_e)                                                    
  12  64  5.00  0.2500  1.977  0.731  0.694
#  Re(op_pbp_e)                                                    
  12  64  5.00  0.2515  1.575  0.703  0.993
#  Re(op_pbp_e)                                                    
  12  64  5.00  0.2530  1.027  0.740  0.662
#  Re(op_pbp_e)                                                    
  12  64  5.00  0.2545  1.069  0.975  0.968
#  Re(op_pbp_e)                                                    
  12  64  5.00  0.2560  1.779  1.290  1.866
#  Re(op_pbp_e)                                                    
  12  64  5.00  0.2575  1.441  1.475  1.175
#  Re(op_pbp_e)                                                    
  12  64  5.00  0.2590  3.257  1.784  2.417
#  Re(op_pbp_e)                                                    
  12  64  5.00  0.2605  1.580  1.460  1.267
#  Re(op_pbp_e)                                                    
  12  64  5.00  0.2620  1.089  1.009  1.017
#  Re(op_pbp_e)                                                    
  12  64  5.00  0.2625  1.724  1.193  1.284
#  Re(op_pbp_e)                                                    
  12  64  5.00  0.2630  1.264  0.947  0.550
#  Re(op_pbp_e)                                                    
  12  64  5.00  0.2635  1.193  0.926  0.685
