#-----------------------------------------------------------
#beta =   5.00   kappa =   0.2100
#  Re(op_pbp_e)                                                    
#
#    -7  0.19028E+01  jk failed  0.926E-03  jk failed     4
     -6  0.19040E+01  0.504E-03  0.151E-02  0.888E-06    10
     -5  0.19028E+01  0.163E-03  0.145E-02  0.516E-06    53
     -4  0.19025E+01  0.166E-03  0.159E-02  0.250E-06   172
     -3  0.19024E+01  0.490E-04  0.141E-02  0.150E-06   483
     -2  0.19021E+01  0.507E-04  0.148E-02  0.754E-07   927
     -1  0.19019E+01  0.334E-04  0.152E-02  0.994E-07  1485
      0  0.19020E+01  0.285E-04  0.151E-02  0.731E-07  1982
      1  0.19020E+01  0.375E-04  0.148E-02  0.691E-07  1893
      2  0.19021E+01  0.490E-04  0.148E-02  0.101E-06  1458
      3  0.19023E+01  0.668E-04  0.144E-02  0.108E-06   878
      4  0.19026E+01  0.462E-04  0.136E-02  0.113E-06   426
      5  0.19032E+01  0.802E-04  0.123E-02  0.208E-06   166
      6  0.19030E+01  0.216E-03  0.146E-02  0.395E-06    46
      7  0.19042E+01  0.358E-03  0.143E-02  0.679E-06    17
&-----------------------------------------------------------
#beta =   5.00   kappa =   0.2150
#  Re(op_pbp_e)                                                    
#
#    -7  0.18909E+01  jk failed  0.781E-03  jk failed     3
     -6  0.18913E+01  0.449E-03  0.162E-02  0.105E-05    14
     -5  0.18896E+01  0.374E-03  0.194E-02  0.109E-05    44
     -4  0.18897E+01  0.945E-04  0.161E-02  0.324E-06   183
     -3  0.18890E+01  0.823E-04  0.192E-02  0.257E-06   512
     -2  0.18887E+01  0.521E-04  0.180E-02  0.134E-06   970
     -1  0.18886E+01  0.389E-04  0.187E-02  0.134E-06  1581
      0  0.18885E+01  0.396E-04  0.191E-02  0.114E-06  1929
      1  0.18887E+01  0.403E-04  0.189E-02  0.965E-07  1885
      2  0.18888E+01  0.513E-04  0.185E-02  0.977E-07  1438
      3  0.18890E+01  0.642E-04  0.184E-02  0.167E-06   848
      4  0.18895E+01  0.887E-04  0.183E-02  0.270E-06   402
      5  0.18899E+01  0.174E-03  0.186E-02  0.378E-06   143
      6  0.18899E+01  0.346E-03  0.185E-02  0.666E-06    39
#     7  0.18912E+01  jk failed  0.153E-02  jk failed     8
#     8  0.18911E+01  jk failed  0.000E+00  jk failed     1
&-----------------------------------------------------------
#beta =   5.00   kappa =   0.2200
#  Re(op_pbp_e)                                                    
#
#    -7  0.18768E+01  jk failed  0.175E-02  jk failed     2
     -6  0.18769E+01  0.879E-03  0.292E-02  0.308E-05    12
     -5  0.18751E+01  0.295E-03  0.211E-02  0.917E-06    66
     -4  0.18747E+01  0.136E-03  0.230E-02  0.801E-06   170
     -3  0.18739E+01  0.103E-03  0.230E-02  0.352E-06   506
     -2  0.18737E+01  0.820E-04  0.246E-02  0.271E-06  1054
     -1  0.18735E+01  0.705E-04  0.246E-02  0.230E-06  1558
      0  0.18733E+01  0.575E-04  0.246E-02  0.251E-06  1923
      1  0.18734E+01  0.542E-04  0.242E-02  0.211E-06  1907
      2  0.18735E+01  0.630E-04  0.229E-02  0.157E-06  1357
      3  0.18740E+01  0.812E-04  0.226E-02  0.261E-06   881
      4  0.18744E+01  0.145E-03  0.233E-02  0.377E-06   372
      5  0.18751E+01  0.176E-03  0.235E-02  0.675E-06   143
      6  0.18762E+01  0.395E-03  0.206E-02  0.808E-06    38
#     7  0.18776E+01  jk failed  0.192E-02  jk failed     9
#     8  0.18783E+01  jk failed  0.956E-03  jk failed     2
&-----------------------------------------------------------
#beta =   5.00   kappa =   0.2231
#  Re(op_pbp_e)                                                    
#
#    -7  0.18689E+01  jk failed  0.254E-02  jk failed     2
     -6  0.18660E+01  0.513E-03  0.185E-02  0.111E-05    14
     -5  0.18643E+01  0.382E-03  0.245E-02  0.118E-05    56
     -4  0.18643E+01  0.151E-03  0.250E-02  0.645E-06   179
     -3  0.18639E+01  0.130E-03  0.278E-02  0.536E-06   445
     -2  0.18632E+01  0.794E-04  0.281E-02  0.498E-06   988
     -1  0.18630E+01  0.823E-04  0.288E-02  0.371E-06  1467
      0  0.18628E+01  0.660E-04  0.288E-02  0.238E-06  2034
      1  0.18629E+01  0.584E-04  0.281E-02  0.223E-06  1868
      2  0.18632E+01  0.808E-04  0.284E-02  0.347E-06  1491
      3  0.18636E+01  0.767E-04  0.271E-02  0.327E-06   913
      4  0.18643E+01  0.126E-03  0.282E-02  0.692E-06   363
      5  0.18653E+01  0.203E-03  0.232E-02  0.709E-06   143
      6  0.18656E+01  0.464E-03  0.220E-02  0.924E-06    32
#     7  0.18682E+01  jk failed  0.170E-02  jk failed     4
#     8  0.18714E+01  jk failed  0.000E+00  jk failed     1
&-----------------------------------------------------------
#beta =   5.00   kappa =   0.2250
#  Re(op_pbp_e)                                                    
#
#    -7  0.18623E+01  jk failed  0.292E-02  jk failed     4
#    -6  0.18590E+01  jk failed  0.447E-02  jk failed     6
     -5  0.18584E+01  0.353E-03  0.234E-02  0.104E-05    59
     -4  0.18577E+01  0.178E-03  0.272E-02  0.950E-06   179
     -3  0.18571E+01  0.115E-03  0.286E-02  0.479E-06   476
     -2  0.18564E+01  0.795E-04  0.317E-02  0.527E-06  1022
     -1  0.18561E+01  0.688E-04  0.319E-02  0.313E-06  1587
      0  0.18560E+01  0.748E-04  0.322E-02  0.316E-06  2026
      1  0.18560E+01  0.950E-04  0.323E-02  0.437E-06  1899
      2  0.18562E+01  0.817E-04  0.306E-02  0.398E-06  1433
      3  0.18570E+01  0.128E-03  0.311E-02  0.411E-06   764
      4  0.18576E+01  0.165E-03  0.284E-02  0.454E-06   405
      5  0.18588E+01  0.214E-03  0.265E-02  0.878E-06   102
      6  0.18602E+01  0.449E-03  0.227E-02  0.150E-05    31
#     7  0.18612E+01  jk failed  0.188E-02  jk failed     7
&-----------------------------------------------------------
#beta =   5.00   kappa =   0.2262
#  Re(op_pbp_e)                                                    
#
#    -7  0.18564E+01  jk failed  0.246E-02  jk failed     4
#    -6  0.18551E+01  jk failed  0.322E-02  jk failed     9
     -5  0.18540E+01  0.538E-03  0.328E-02  0.223E-05    45
     -4  0.18530E+01  0.220E-03  0.301E-02  0.971E-06   190
     -3  0.18526E+01  0.149E-03  0.318E-02  0.612E-06   459
     -2  0.18516E+01  0.102E-03  0.338E-02  0.456E-06   957
     -1  0.18514E+01  0.862E-04  0.337E-02  0.376E-06  1563
      0  0.18515E+01  0.847E-04  0.344E-02  0.313E-06  1973
      1  0.18514E+01  0.640E-04  0.337E-02  0.338E-06  1894
      2  0.18518E+01  0.932E-04  0.350E-02  0.527E-06  1439
      3  0.18524E+01  0.106E-03  0.322E-02  0.512E-06   860
      4  0.18534E+01  0.152E-03  0.323E-02  0.103E-05   414
      5  0.18546E+01  0.218E-03  0.283E-02  0.947E-06   138
      6  0.18551E+01  0.493E-03  0.249E-02  0.163E-05    40
      7  0.18580E+01  0.115E-02  0.399E-02  0.578E-05    13
#     8  0.18554E+01  jk failed  0.000E+00  jk failed     1
#     9  0.18536E+01  jk failed  0.000E+00  jk failed     1
&-----------------------------------------------------------
#beta =   5.00   kappa =   0.2293
#  Re(op_pbp_e)                                                    
#
#    -7  0.18457E+01  jk failed  0.308E-02  jk failed     3
     -6  0.18448E+01  0.596E-03  0.253E-02  0.181E-05    19
     -5  0.18432E+01  0.618E-03  0.296E-02  0.234E-05    33
     -4  0.18415E+01  0.290E-03  0.378E-02  0.140E-05   169
     -3  0.18405E+01  0.172E-03  0.377E-02  0.109E-05   486
     -2  0.18395E+01  0.122E-03  0.402E-02  0.718E-06  1014
     -1  0.18390E+01  0.968E-04  0.427E-02  0.611E-06  1647
      0  0.18389E+01  0.836E-04  0.426E-02  0.891E-06  1971
      1  0.18390E+01  0.712E-04  0.423E-02  0.586E-06  1940
      2  0.18396E+01  0.918E-04  0.417E-02  0.568E-06  1379
      3  0.18404E+01  0.122E-03  0.388E-02  0.645E-06   799
      4  0.18414E+01  0.179E-03  0.389E-02  0.798E-06   379
      5  0.18427E+01  0.314E-03  0.349E-02  0.151E-05   120
      6  0.18450E+01  0.681E-03  0.318E-02  0.212E-05    34
#     7  0.18514E+01  jk failed  0.396E-02  jk failed     5
#     8  0.18533E+01  jk failed  0.937E-03  jk failed     2
&-----------------------------------------------------------
#beta =   5.00   kappa =   0.2300
#  Re(op_pbp_e)                                                    
#
#    -8  0.18490E+01  jk failed  0.000E+00  jk failed     1
#    -7  0.18465E+01  jk failed  0.000E+00  jk failed     1
#    -6  0.18400E+01  jk failed  0.320E-02  jk failed     8
     -5  0.18406E+01  0.568E-03  0.363E-02  0.295E-05    50
     -4  0.18391E+01  0.372E-03  0.390E-02  0.143E-05   158
     -3  0.18375E+01  0.153E-03  0.410E-02  0.113E-05   451
     -2  0.18365E+01  0.134E-03  0.414E-02  0.864E-06  1027
     -1  0.18362E+01  0.129E-03  0.434E-02  0.775E-06  1590
      0  0.18360E+01  0.676E-04  0.426E-02  0.471E-06  1990
      1  0.18360E+01  0.959E-04  0.432E-02  0.671E-06  1911
      2  0.18366E+01  0.986E-04  0.425E-02  0.576E-06  1474
      3  0.18375E+01  0.187E-03  0.412E-02  0.696E-06   802
      4  0.18389E+01  0.200E-03  0.371E-02  0.911E-06   352
      5  0.18405E+01  0.438E-03  0.410E-02  0.210E-05   138
      6  0.18435E+01  0.700E-03  0.362E-02  0.279E-05    37
#     7  0.18460E+01  jk failed  0.235E-02  jk failed     6
#     8  0.18457E+01  jk failed  0.176E-02  jk failed     2
#     9  0.18456E+01  jk failed  0.202E-02  jk failed     2
&-----------------------------------------------------------
#beta =   5.00   kappa =   0.2324
#  Re(op_pbp_e)                                                    
#
#    -7  0.18366E+01  jk failed  0.000E+00  jk failed     1
#    -6  0.18349E+01  jk failed  0.126E-02  jk failed     4
     -5  0.18317E+01  0.523E-03  0.451E-02  0.418E-05    56
     -4  0.18291E+01  0.350E-03  0.400E-02  0.186E-05   187
     -3  0.18272E+01  0.232E-03  0.453E-02  0.134E-05   457
     -2  0.18262E+01  0.150E-03  0.497E-02  0.115E-05  1007
     -1  0.18253E+01  0.112E-03  0.501E-02  0.875E-06  1608
      0  0.18254E+01  0.111E-03  0.514E-02  0.824E-06  2010
      1  0.18253E+01  0.135E-03  0.504E-02  0.631E-06  1942
      2  0.18262E+01  0.113E-03  0.491E-02  0.983E-06  1386
      3  0.18274E+01  0.151E-03  0.481E-02  0.129E-05   801
      4  0.18286E+01  0.246E-03  0.436E-02  0.132E-05   386
      5  0.18308E+01  0.443E-03  0.438E-02  0.278E-05   119
      6  0.18331E+01  0.945E-03  0.434E-02  0.764E-05    30
#     7  0.18355E+01  jk failed  0.158E-02  jk failed     5
#     8  0.18387E+01  jk failed  0.000E+00  jk failed     1
&-----------------------------------------------------------
#beta =   5.00   kappa =   0.2350
#  Re(op_pbp_e)                                                    
#
#    -7  0.18232E+01  jk failed  0.600E-03  jk failed     2
#    -6  0.18238E+01  jk failed  0.329E-02  jk failed     9
     -5  0.18196E+01  0.528E-03  0.339E-02  0.305E-05    49
     -4  0.18173E+01  0.472E-03  0.493E-02  0.304E-05   172
     -3  0.18154E+01  0.270E-03  0.568E-02  0.215E-05   488
     -2  0.18141E+01  0.176E-03  0.588E-02  0.143E-05   974
     -1  0.18129E+01  0.170E-03  0.597E-02  0.150E-05  1652
      0  0.18129E+01  0.138E-03  0.614E-02  0.116E-05  2065
      1  0.18130E+01  0.138E-03  0.622E-02  0.138E-05  1909
      2  0.18140E+01  0.149E-03  0.587E-02  0.139E-05  1447
      3  0.18151E+01  0.233E-03  0.552E-02  0.206E-05   758
      4  0.18177E+01  0.259E-03  0.512E-02  0.174E-05   326
      5  0.18194E+01  0.467E-03  0.468E-02  0.264E-05   111
      6  0.18230E+01  0.967E-03  0.454E-02  0.445E-05    33
#     7  0.18250E+01  jk failed  0.255E-02  jk failed     5
&-----------------------------------------------------------
#beta =   5.00   kappa =   0.2356
#  Re(op_pbp_e)                                                    
#
#    -7  0.18256E+01  jk failed  0.501E-02  jk failed     2
#    -6  0.18200E+01  jk failed  0.372E-02  jk failed     8
     -5  0.18161E+01  0.112E-02  0.485E-02  0.849E-05    33
     -4  0.18146E+01  0.449E-03  0.598E-02  0.337E-05   161
     -3  0.18120E+01  0.297E-03  0.576E-02  0.233E-05   381
     -2  0.18106E+01  0.169E-03  0.633E-02  0.168E-05   964
     -1  0.18100E+01  0.166E-03  0.627E-02  0.132E-05  1705
      0  0.18095E+01  0.137E-03  0.651E-02  0.158E-05  2061
      1  0.18101E+01  0.127E-03  0.640E-02  0.127E-05  1953
      2  0.18110E+01  0.173E-03  0.604E-02  0.892E-06  1467
      3  0.18121E+01  0.207E-03  0.577E-02  0.151E-05   825
      4  0.18145E+01  0.265E-03  0.527E-02  0.169E-05   325
      5  0.18165E+01  0.602E-03  0.506E-02  0.375E-05    87
      6  0.18194E+01  0.103E-02  0.470E-02  0.712E-05    22
#     7  0.18231E+01  jk failed  0.304E-02  jk failed     5
#     8  0.18248E+01  jk failed  0.000E+00  jk failed     1
&-----------------------------------------------------------
#beta =   5.00   kappa =   0.2387
#  Re(op_pbp_e)                                                    
#
#    -8  0.18179E+01  jk failed  0.000E+00  jk failed     1
#    -7  0.18133E+01  jk failed  0.000E+00  jk failed     1
#    -6  0.18055E+01  jk failed  0.374E-02  jk failed     8
     -5  0.18037E+01  0.121E-02  0.518E-02  0.655E-05    28
     -4  0.17998E+01  0.859E-03  0.724E-02  0.692E-05   121
     -3  0.17963E+01  0.380E-03  0.719E-02  0.369E-05   403
     -2  0.17944E+01  0.289E-03  0.790E-02  0.247E-05   985
     -1  0.17931E+01  0.149E-03  0.805E-02  0.262E-05  1670
      0  0.17926E+01  0.172E-03  0.830E-02  0.174E-05  2129
      1  0.17933E+01  0.163E-03  0.803E-02  0.239E-05  2020
      2  0.17945E+01  0.168E-03  0.761E-02  0.196E-05  1456
      3  0.17968E+01  0.255E-03  0.721E-02  0.269E-05   783
      4  0.17998E+01  0.370E-03  0.612E-02  0.250E-05   304
      5  0.18025E+01  0.725E-03  0.599E-02  0.691E-05    80
#     6  0.18026E+01  jk failed  0.440E-02  jk failed     7
#     7  0.18088E+01  jk failed  0.549E-02  jk failed     4
&-----------------------------------------------------------
#beta =   5.00   kappa =   0.2400
#  Re(op_pbp_e)                                                    
#
#    -6  0.17995E+01  jk failed  0.311E-02  jk failed     4
     -5  0.17975E+01  0.161E-02  0.676E-02  0.184E-04    28
     -4  0.17930E+01  0.714E-03  0.697E-02  0.410E-05   125
     -3  0.17891E+01  0.464E-03  0.755E-02  0.358E-05   380
     -2  0.17876E+01  0.282E-03  0.835E-02  0.283E-05   910
     -1  0.17857E+01  0.311E-03  0.878E-02  0.287E-05  1623
      0  0.17847E+01  0.154E-03  0.916E-02  0.246E-05  2271
      1  0.17852E+01  0.200E-03  0.911E-02  0.302E-05  2068
      2  0.17869E+01  0.186E-03  0.839E-02  0.253E-05  1382
      3  0.17896E+01  0.367E-03  0.762E-02  0.324E-05   778
      4  0.17931E+01  0.445E-03  0.703E-02  0.342E-05   336
      5  0.17976E+01  0.806E-03  0.588E-02  0.540E-05    78
      6  0.18019E+01  0.120E-02  0.481E-02  0.486E-05    17
&-----------------------------------------------------------
#beta =   5.00   kappa =   0.2418
#  Re(op_pbp_e)                                                    
#
#    -7  0.18019E+01  jk failed  0.000E+00  jk failed     1
#    -6  0.17939E+01  jk failed  0.477E-02  jk failed     9
     -5  0.17880E+01  0.150E-02  0.669E-02  0.150E-04    32
     -4  0.17849E+01  0.553E-03  0.793E-02  0.765E-05   143
     -3  0.17791E+01  0.323E-03  0.814E-02  0.397E-05   429
     -2  0.17762E+01  0.297E-03  0.965E-02  0.395E-05   952
     -1  0.17745E+01  0.240E-03  0.104E-01  0.438E-05  1728
      0  0.17736E+01  0.225E-03  0.107E-01  0.456E-05  2203
      1  0.17748E+01  0.211E-03  0.105E-01  0.278E-05  2083
      2  0.17760E+01  0.311E-03  0.992E-02  0.366E-05  1388
      3  0.17795E+01  0.350E-03  0.916E-02  0.362E-05   714
      4  0.17840E+01  0.525E-03  0.758E-02  0.402E-05   238
      5  0.17899E+01  0.891E-03  0.702E-02  0.112E-04    60
      6  0.17921E+01  0.112E-02  0.489E-02  0.746E-05    20
&-----------------------------------------------------------
#beta =   5.00   kappa =   0.2449
#  Re(op_pbp_e)                                                    
#
#    -7  0.17837E+01  jk failed  0.000E+00  jk failed     1
#    -6  0.17818E+01  jk failed  0.627E-02  jk failed     5
     -5  0.17740E+01  0.179E-02  0.738E-02  0.180E-04    18
     -4  0.17682E+01  0.125E-02  0.973E-02  0.919E-05   114
     -3  0.17614E+01  0.501E-03  0.105E-01  0.887E-05   374
     -2  0.17554E+01  0.474E-03  0.125E-01  0.656E-05   975
     -1  0.17524E+01  0.274E-03  0.135E-01  0.551E-05  1870
      0  0.17508E+01  0.264E-03  0.140E-01  0.452E-05  2379
      1  0.17526E+01  0.241E-03  0.137E-01  0.473E-05  2086
      2  0.17558E+01  0.396E-03  0.121E-01  0.523E-05  1357
      3  0.17613E+01  0.406E-03  0.107E-01  0.741E-05   605
      4  0.17679E+01  0.864E-03  0.978E-02  0.108E-04   170
      5  0.17745E+01  0.133E-02  0.753E-02  0.126E-04    35
#     6  0.17811E+01  jk failed  0.677E-02  jk failed     9
#     7  0.17965E+01  jk failed  0.360E-02  jk failed     2
&-----------------------------------------------------------
#beta =   5.00   kappa =   0.2480
#  Re(op_pbp_e)                                                    
#
#    -6  0.17633E+01  jk failed  0.320E-02  jk failed     2
     -5  0.17636E+01  0.300E-02  0.112E-01  0.331E-04    15
     -4  0.17499E+01  0.152E-02  0.111E-01  0.219E-04    68
     -3  0.17424E+01  0.770E-03  0.133E-01  0.132E-04   264
     -2  0.17320E+01  0.480E-03  0.159E-01  0.885E-05   874
     -1  0.17270E+01  0.418E-03  0.176E-01  0.864E-05  1794
      0  0.17241E+01  0.471E-03  0.196E-01  0.954E-05  2468
      1  0.17265E+01  0.331E-03  0.177E-01  0.871E-05  2283
      2  0.17334E+01  0.468E-03  0.159E-01  0.112E-04  1416
      3  0.17408E+01  0.515E-03  0.138E-01  0.133E-04   617
      4  0.17498E+01  0.900E-03  0.115E-01  0.131E-04   167
      5  0.17617E+01  0.240E-02  0.105E-01  0.307E-04    29
#     6  0.17721E+01  jk failed  0.745E-02  jk failed     3
&-----------------------------------------------------------
#beta =   5.00   kappa =   0.2500
#  Re(op_pbp_e)                                                    
#
#    -6  0.17584E+01  jk failed  0.000E+00  jk failed     1
#    -5  0.17586E+01  jk failed  0.126E-01  jk failed     8
     -4  0.17404E+01  0.170E-02  0.116E-01  0.428E-04    45
     -3  0.17285E+01  0.101E-02  0.158E-01  0.313E-04   198
     -2  0.17165E+01  0.610E-03  0.188E-01  0.170E-04   833
     -1  0.17070E+01  0.490E-03  0.212E-01  0.115E-04  1794
      0  0.17029E+01  0.441E-03  0.234E-01  0.141E-04  2732
      1  0.17070E+01  0.518E-03  0.214E-01  0.109E-04  2337
      2  0.17161E+01  0.429E-03  0.176E-01  0.108E-04  1383
      3  0.17274E+01  0.853E-03  0.149E-01  0.144E-04   492
      4  0.17434E+01  0.128E-02  0.140E-01  0.212E-04   153
      5  0.17569E+01  0.261E-02  0.122E-01  0.575E-04    23
#     6  0.17859E+01  jk failed  0.000E+00  jk failed     1
&-----------------------------------------------------------
#beta =   5.00   kappa =   0.2515
#  Re(op_pbp_e)                                                    
#
#    -5  0.17601E+01  jk failed  0.118E-01  jk failed     2
     -4  0.17393E+01  0.367E-02  0.183E-01  0.849E-04    26
     -3  0.17201E+01  0.138E-02  0.174E-01  0.255E-04   198
     -2  0.17033E+01  0.676E-03  0.195E-01  0.180E-04   809
     -1  0.16907E+01  0.522E-03  0.243E-01  0.176E-04  2049
      0  0.16836E+01  0.535E-03  0.273E-01  0.152E-04  2921
      1  0.16898E+01  0.604E-03  0.240E-01  0.185E-04  2410
      2  0.17034E+01  0.802E-03  0.196E-01  0.137E-04  1161
      3  0.17192E+01  0.104E-02  0.161E-01  0.244E-04   345
      4  0.17364E+01  0.179E-02  0.140E-01  0.299E-04    73
#     5  0.17672E+01  jk failed  0.222E-01  jk failed     5
#     6  0.17857E+01  jk failed  0.000E+00  jk failed     1
&-----------------------------------------------------------
#beta =   5.00   kappa =   0.2530
#  Re(op_pbp_e)                                                    
#
#    -7  0.17890E+01  jk failed  0.000E+00  jk failed     1
#    -5  0.17665E+01  jk failed  0.994E-02  jk failed     3
     -4  0.17350E+01  0.370E-02  0.148E-01  0.543E-04    17
     -3  0.17099E+01  0.144E-02  0.181E-01  0.360E-04   164
     -2  0.16902E+01  0.796E-03  0.218E-01  0.271E-04   713
     -1  0.16718E+01  0.841E-03  0.266E-01  0.247E-04  1991
      0  0.16616E+01  0.599E-03  0.325E-01  0.180E-04  3112
      1  0.16728E+01  0.715E-03  0.270E-01  0.248E-04  2547
      2  0.16903E+01  0.647E-03  0.224E-01  0.237E-04  1117
      3  0.17123E+01  0.139E-02  0.206E-01  0.362E-04   282
      4  0.17315E+01  0.275E-02  0.175E-01  0.568E-04    50
#     5  0.17628E+01  jk failed  0.205E-01  jk failed     3
&-----------------------------------------------------------
#beta =   5.00   kappa =   0.2545
#  Re(op_pbp_e)                                                    
#
#    -5  0.17367E+01  jk failed  0.000E+00  jk failed     1
     -4  0.17349E+01  0.512E-02  0.240E-01  0.197E-03    23
     -3  0.17068E+01  0.204E-02  0.250E-01  0.679E-04   144
     -2  0.16797E+01  0.121E-02  0.246E-01  0.440E-04   637
     -1  0.16533E+01  0.570E-03  0.285E-01  0.366E-04  2104
      0  0.16362E+01  0.787E-03  0.364E-01  0.336E-04  3310
      1  0.16522E+01  0.595E-03  0.285E-01  0.238E-04  2570
      2  0.16786E+01  0.793E-03  0.236E-01  0.323E-04   952
      3  0.17073E+01  0.159E-02  0.222E-01  0.467E-04   232
      4  0.17357E+01  0.437E-02  0.195E-01  0.674E-04    21
#     5  0.17887E+01  jk failed  0.322E-01  jk failed     5
#     6  0.17441E+01  jk failed  0.000E+00  jk failed     1
&-----------------------------------------------------------
#beta =   5.00   kappa =   0.2560
#  Re(op_pbp_e)                                                    
#
#    -4  0.17549E+01  jk failed  0.203E-01  jk failed     5
     -3  0.17050E+01  0.422E-02  0.296E-01  0.242E-03    68
     -2  0.16661E+01  0.112E-02  0.283E-01  0.617E-04   499
     -1  0.16316E+01  0.891E-03  0.294E-01  0.327E-04  1938
      0  0.16048E+01  0.955E-03  0.387E-01  0.626E-04  3929
      1  0.16331E+01  0.567E-03  0.307E-01  0.414E-04  2655
      2  0.16668E+01  0.867E-03  0.291E-01  0.694E-04   758
      3  0.17062E+01  0.260E-02  0.322E-01  0.193E-03   133
      4  0.17405E+01  0.858E-02  0.321E-01  0.335E-03    15
&-----------------------------------------------------------
#beta =   5.00   kappa =   0.2575
#  Re(op_pbp_e)                                                    
#
#    -4  0.17410E+01  jk failed  0.607E-01  jk failed     2
     -3  0.17151E+01  0.754E-02  0.361E-01  0.294E-03    35
     -2  0.16566E+01  0.190E-02  0.344E-01  0.959E-04   306
     -1  0.16107E+01  0.854E-03  0.317E-01  0.642E-04  1867
      0  0.15690E+01  0.632E-03  0.357E-01  0.634E-04  4935
      1  0.16111E+01  0.852E-03  0.318E-01  0.459E-04  2296
      2  0.16561E+01  0.128E-02  0.358E-01  0.910E-04   498
      3  0.17041E+01  0.601E-02  0.409E-01  0.445E-03    57
#     4  0.17214E+01  jk failed  0.258E-01  jk failed     4
&-----------------------------------------------------------
#beta =   5.00   kappa =   0.2590
#  Re(op_pbp_e)                                                    
#
#    -3  0.16986E+01  jk failed  0.740E-01  jk failed     6
     -2  0.16472E+01  0.406E-02  0.474E-01  0.265E-03   169
     -1  0.15900E+01  0.117E-02  0.346E-01  0.832E-04  1501
      0  0.15350E+01  0.618E-03  0.301E-01  0.839E-04  6113
      1  0.15890E+01  0.102E-02  0.334E-01  0.800E-04  2000
      2  0.16493E+01  0.364E-02  0.442E-01  0.323E-03   189
      3  0.17086E+01  0.131E-01  0.599E-01  0.164E-02    22
&-----------------------------------------------------------
#beta =   5.00   kappa =   0.2605
#  Re(op_pbp_e)                                                    
#
     -2  0.16323E+01  0.874E-02  0.631E-01  0.121E-02    74
     -1  0.15614E+01  0.104E-02  0.345E-01  0.638E-04  1109
      0  0.15025E+01  0.293E-03  0.194E-01  0.414E-04  7503
      1  0.15626E+01  0.961E-03  0.353E-01  0.979E-04  1218
      2  0.16341E+01  0.559E-02  0.545E-01  0.446E-03    90
#     3  0.16874E+01  jk failed  0.471E-01  jk failed     6
&-----------------------------------------------------------
#beta =   5.00   kappa =   0.2620
#  Re(op_pbp_e)                                                    
#
     -2  0.15994E+01  0.118E-01  0.473E-01  0.758E-03    17
     -1  0.15343E+01  0.151E-02  0.350E-01  0.111E-03   595
      0  0.14718E+01  0.167E-03  0.151E-01  0.290E-04  8754
      1  0.15307E+01  0.178E-02  0.339E-01  0.113E-03   614
      2  0.15986E+01  0.164E-01  0.714E-01  0.304E-02    20
&-----------------------------------------------------------
#beta =   5.00   kappa =   0.2625
#  Re(op_pbp_e)                                                    
#
#    -2  0.15707E+01  jk failed  0.502E-01  jk failed     7
     -1  0.15240E+01  0.110E-02  0.354E-01  0.131E-03   442
      0  0.14620E+01  0.207E-03  0.151E-01  0.365E-04  8925
      1  0.15220E+01  0.168E-02  0.363E-01  0.120E-03   591
      2  0.15725E+01  0.834E-02  0.406E-01  0.359E-03    33
#     3  0.17034E+01  jk failed  0.758E-01  jk failed     2
&-----------------------------------------------------------
#beta =   5.00   kappa =   0.2630
#  Re(op_pbp_e)                                                    
#
     -2  0.15742E+01  0.798E-02  0.239E-01  0.241E-03    10
     -1  0.15138E+01  0.199E-02  0.352E-01  0.150E-03   318
      0  0.14524E+01  0.150E-03  0.152E-01  0.150E-04  9268
      1  0.15162E+01  0.185E-02  0.360E-01  0.202E-03   396
#     2  0.16039E+01  jk failed  0.521E-01  jk failed     8
&-----------------------------------------------------------
#beta =   5.00   kappa =   0.2635
#  Re(op_pbp_e)                                                    
#
#    -2  0.15903E+01  jk failed  0.952E-01  jk failed     5
     -1  0.15029E+01  0.196E-02  0.341E-01  0.151E-03   271
      0  0.14424E+01  0.217E-03  0.164E-01  0.269E-04  9342
      1  0.15011E+01  0.155E-02  0.349E-01  0.254E-03   378
#     2  0.15900E+01  jk failed  0.399E-01  jk failed     4
&-----------------------------------------------------------
