# triplet j1 / nf 4 / mode 2 / nplat  4 / jkb  20 / start     1 / nmeas 10000
 0.0010   6.5618903930210791E-003   2.6572886677018099E-003   1.0435796398129916E-003   1.6959843213395617E-005  0.22016527634433272        8.9175592195243916E-002
 0.0020   1.3033699671805166E-002   4.9239057788115432E-003   2.0873190351703734E-003   3.3945209684666658E-005  0.22169541070312332        8.3772080623061643E-002
 0.0030   1.9432635915634197E-002   7.3149621390616809E-003   3.1313773452152256E-003   5.0981572184046527E-005  0.22305482077778660        8.3983411274774281E-002
 0.0040   2.5838027068126157E-002   9.7052121799226614E-003   4.1759125366994379E-003   6.8094300279122167E-005  0.22369760870927444        8.4044503141863972E-002
 0.0050   3.2246091546920264E-002   1.2076278780678464E-002   5.2210807888337010E-003   8.5308603253904150E-005  0.22408001457409255        8.3938746990994698E-002
 0.0060   3.8652072096495557E-002   1.4419387665818864E-002   6.2670358994399268E-003   1.0264946664044777E-004  0.22436180915801560        8.3719686660024717E-002
 0.0070   4.5052467492676496E-002   1.6727710121321456E-002   7.3139286929178766E-003   1.2014158057471801E-004  0.22460571204602106        8.3415150237389837E-002
 0.0080   5.1444483522014590E-002   1.8995066866565730E-002   8.3619064306066481E-003   1.3780925842528315E-004  0.22484013201035449        8.3039355996770717E-002
 0.0090   5.7825676893878415E-002   2.1215592161952210E-002   9.4111122241980292E-003   1.5567634452592864E-004  0.22507953199394845        8.2600136028539162E-002
 0.0100   6.4193726080891758E-002   2.3383637974999063E-002   1.0461684452961752E-002   1.7376611008468681E-004  0.22533218158556120        8.2102344129323532E-002
 0.0200  0.12660876255087020        4.1092674842826013E-002   2.1068484312290445E-002   3.7135380376979030E-004  0.22928881939896570        7.4446377594348190E-002
 0.0400  0.23513668847233288        4.8282049649119009E-002   4.2962219179105234E-002   8.7077596962458717E-004  0.24932621789967194        5.1257986551209229E-002
 0.0600  0.30839544474301950        3.2450344553068361E-002   6.5037022228534525E-002   1.3140387678349235E-003  0.28645934380763055        3.0280757369315105E-002
 0.0800  0.35442544500369061        1.7938471783046209E-002   8.5340897076058769E-002   1.3793978333154747E-003  0.32969601648975216        1.6898236230562483E-002
 0.1000  0.38981006853936806        9.8878800901935696E-003  0.10245405296497634        1.1166734634261456E-003  0.36722016127183083        9.5274133108494384E-003
 0.1200  0.42348301102344765        5.9340741614778919E-003  0.11635710699160955        7.8388971882861216E-004  0.39460818203664239        5.6869862243363045E-003
 0.1400  0.45836564878589803        4.0099081882240253E-003  0.12774542031465994        5.2138056424163204E-004  0.41260987955985562        3.7065312315927123E-003
 0.1600  0.49495003766421425        3.0378559291071076E-003  0.13733506452147756        3.4623484555067750E-004  0.42354966781371162        2.6538815453305063E-003
 0.1800  0.53299743167670210        2.5028678483550539E-003  0.14564960889558431        2.3563145345869657E-004  0.42961634446859137        2.0471198660155041E-003
 0.2000  0.57214167641305735        2.1683232602959074E-003  0.15303401943399023        1.6617092155533426E-004  0.43243456872747421        1.6555876203038790E-003
 0.2200  0.61206367636169423        1.9300287303844581E-003  0.15971087327684036        1.2183735068147495E-004  0.43310876605316684        1.3756830140243888E-003
 0.2400  0.65252219923603316        1.7429651960888168E-003  0.16582588224144051        9.2810852891643365E-005  0.43236595096018599        1.1612222350670649E-003
 0.2600  0.69334525073424425        1.5872879820058323E-003  0.17147742861868140        7.3240573423757625E-005  0.43068089606495297        9.9024628948091013E-004
 0.2800  0.73441446779980546        1.4536713308659535E-003  0.17673452154471694        5.9630945081278146E-005  0.42836451160323863        8.5096205514115036E-004
 0.3000  0.77565106372965564        1.3372230339247723E-003  0.18164755625308909        4.9859770914781723E-005  0.42562194552811544        7.3609397185526548E-004
 0.3200  0.81700488358636703        1.2349803559001476E-003  0.18625480239586870        4.2613098999554390E-005  0.42258986214814037        6.4061125400834075E-004
 0.3400  0.85844627999329859        1.1448780498983439E-003  0.19058638100009645        3.7063199249435189E-005  0.41936025247947251        5.6076974667258479E-004
 0.3600  0.89996019520104953        1.0653170305934621E-003  0.19466675470911080        3.2681718388702286E-005  0.41599569989282964        4.9366648079693040E-004
 0.3800  0.94154187124395228        9.9498070860489537E-004  0.19851632523599960        2.9127518610101323E-005  0.41253924699489869        4.3700290803093536E-004
 0.4000  0.98319375687130761        9.3275207027485691E-004  0.20215248490354554        2.6177665423030977E-005  0.40902082784916799        3.8893912515220943E-004


# triplet j3 / nf 4 / mode 2 / nplat  4 / jkb  20 / start     1 / nmeas 10000
 0.0010  0.36328456947537430        8.9814384969708998E-003   1.0435796398129916E-003   1.6959843213395617E-005   3.9767733977994872E-003   1.0349159393212973E-004
 0.0020  0.36327247736410473        8.9777814424918875E-003   2.0873190351703734E-003   3.3945209684666658E-005   7.9541159371285877E-003   2.0694179728564498E-004
 0.0030  0.36325240115690000        8.9716977867584456E-003   3.1313773452152256E-003   5.0981572184046527E-005   1.1932593171020888E-002   3.1030941672057091E-004
 0.0040  0.36322445603651593        8.9632043093430917E-003   4.1759125366994379E-003   6.8094300279122167E-005   1.5912763507103325E-002   4.1355363878441440E-004
 0.0050  0.36318880285344851        8.9523243391094621E-003   5.2210807888337010E-003   8.5308603253904150E-005   1.9895174650268837E-002   5.1663421057483608E-004
 0.0060  0.36314564756224127        8.9390874584999672E-003   6.2670358994399268E-003   1.0264946664044777E-004   2.3880360074505513E-002   6.1951160145662821E-004
 0.0070  0.36309523992988302        8.9235294278791916E-003   7.3139286929178766E-003   1.2014158057471801E-004   2.7868835577621178E-002   7.2214716382861216E-004
 0.0080  0.36303787330976778        8.9056914176262256E-003   8.3619064306066481E-003   1.3780925842528315E-004   3.1861095815820646E-002   8.2450322725975407E-004
 0.0090  0.36297388301241135        8.8856201854553129E-003   9.4111122241980292E-003   1.5567634452592864E-004   3.5857610978755713E-002   9.2654323608431924E-004
 0.0100  0.36290364507668310        8.8633672323552414E-003   1.0461684452961752E-002   1.7376611008468681E-004   3.9858823514590982E-002   1.0282317894900171E-003
 0.0200  0.36196649914698670        8.5346874145430397E-003   2.1068484312290445E-002   3.7135380376979030E-004   8.0200719567322637E-002   2.0188016762493271E-003
 0.0400  0.36091531526065451        7.5051421464407348E-003   4.2962219179105234E-002   8.7077596962458717E-004  0.16243628005622426        3.7575959397777681E-003
 0.0600  0.36540820202414437        6.2092012121970240E-003   6.5037022228534525E-002   1.3140387678349235E-003  0.24176456971951191        4.7793648759605371E-003
 0.0800  0.37845850454336316        5.0799933571015520E-003   8.5340897076058769E-002   1.3793978333154747E-003  0.30875949663574209        4.8376492333787264E-003
 0.1000  0.39983695629837357        4.1259010127876949E-003  0.10245405296497634        1.1166734634261456E-003  0.35801121927206020        4.1778448976404403E-003
 0.1200  0.42782714034268993        3.4049071448251987E-003  0.11635710699160955        7.8388971882861216E-004  0.39060135588759265        3.3756172397393256E-003
 0.1400  0.46040931010596314        2.8894489707191810E-003  0.12774542031465994        5.2138056424163204E-004  0.41077838998606930        2.7108405334425696E-003
 0.1600  0.49604702202262752        2.5191089388030699E-003  0.13733506452147756        3.4623484555067750E-004  0.42261300790048750        2.2113119975378619E-003
 0.1800  0.53369607499693172        2.2422242679334767E-003  0.14564960889558431        2.3563145345869657E-004  0.42905394837203742        1.8356965556002797E-003
 0.2000  0.57267060773318701        2.0251373716022821E-003  0.15303401943399023        1.6617092155533426E-004  0.43203516253442353        1.5457086595215166E-003
 0.2200  0.61252123968837779        1.8480636690808283E-003  0.15971087327684036        1.2183735068147495E-004  0.43278522676184050        1.3161678671786540E-003
 0.2400  0.65295166821529582        1.6995312014358097E-003  0.16582588224144051        9.2810852891643365E-005  0.43208156886474797        1.1311222636325902E-003
 0.2600  0.69376574338426666        1.5726197402194839E-003  0.17147742861868140        7.3240573423757625E-005  0.43041985960844392        9.7999086286125925E-004
 0.2800  0.73483413736697756        1.4628731523727407E-003  0.17673452154471694        5.9630945081278146E-005  0.42811986925466650        8.5533563714219841E-004
 0.3000  0.77607295669351650        1.3672228685495246E-003  0.18164755625308909        4.9859770914781723E-005  0.42539056663192493        7.5168948380835052E-004
 0.3200  0.81742964962708198        1.2834281656812041E-003  0.18625480239586870        4.2613098999554390E-005  0.42237026915604275        6.6491202870920703E-004
 0.3400  0.85887347770172828        1.2097803041616201E-003  0.19058638100009645        3.7063199249435189E-005  0.41915166559966210        5.9180798636520237E-004
 0.3600  0.90038893808497100        1.1449303306179822E-003  0.19466675470911080        3.2681718388702286E-005  0.41579761305665602        5.2987707753882193E-004
 0.3800  0.94197115455670921        1.0877856492016451E-003  0.19851632523599960        2.9127518610101323E-005  0.41235124101007042        4.7714200735577837E-004
 0.4000  0.98362261721663191        1.0374424006601318E-003  0.20215248490354554        2.6177665423030977E-005  0.40884249440054055        4.3202443012473513E-004


