# triplet j1 / nf 0 / mode 2 / nplat  4 / jkb  20 / start     1 / nmeas 10000
 0.0010  0.14283061198132685        3.0080552984348374E-002   3.9064598625843194        3.4758683876799881E-002  0.61884998400825286       0.13036072933841933     
 0.0020  0.15439003432421897        1.8207377396817430E-002   1.9600733849568401        1.7254049086834464E-002  0.57351779507001999        6.7682638858606231E-002
 0.0030  0.16110801671496000        1.1274602390084702E-002   1.3132644113783234        1.1448399718601957E-002  0.55097838466452831        3.8633086082487778E-002
 0.0040  0.16477733222428126        7.7992627780237439E-003  0.99104431894192546        8.5630104918623662E-003  0.54037352660718774        2.5683351739401172E-002
 0.0050  0.16738421885096208        5.9642090055226820E-003  0.79850557032016500        6.8429750973438390E-003  0.53385641432413034        1.9159337167494850E-002
 0.0060  0.16978373079415374        4.9407689800032625E-003  0.67072279407309332        5.7030914273563521E-003  0.52840398409135925        1.5539985107792182E-002
 0.0070  0.17227884941624214        4.3394522567154004E-003  0.57989299946074302        4.8925129645618062E-003  0.52300517748820685        1.3357206571277494E-002
 0.0080  0.17494486832277684        3.9607411169979038E-003  0.51212661212671651        4.2860997991398322E-003  0.51742505627411473        1.1912893473278282E-002
 0.0090  0.17777106615996366        3.7006086695930670E-003  0.45971404760371715        3.8146861809821462E-003  0.51170429577132415        1.0861511760430006E-002
 0.0100  0.18072005360993743        3.5055770622798863E-003  0.41803370938528317        3.4370773899860168E-003  0.50595780871296780        1.0032471150316889E-002
 0.0200  0.21108127586280656        2.5134448817287634E-003  0.23632166356531301        1.7055020211053792E-003  0.46060861090136646        5.7309918140242277E-003
 0.0400  0.26367279311396669        1.8045964337471858E-003  0.15797756379464498        7.9555729470626960E-004  0.42636090938974475        3.1092618147547792E-003
 0.0600  0.31055754144456538        1.5780391160327904E-003  0.14057978405919591        4.8979244979865943E-004  0.41822498959774512        2.2465506919008989E-003
 0.0800  0.35496884245829496        1.4368602105605574E-003  0.13722262257333884        3.3953515459253828E-004  0.41742899723652060        1.7668476717490767E-003
 0.1000  0.39793260368220212        1.3118691613815117E-003  0.13884222788613262        2.5175438248220197E-004  0.41876103182103191        1.4317873880913101E-003
 0.1200  0.43993230232086961        1.1375880578896626E-003  0.14255010001916135        1.9523005164898737E-004  0.42043952090270920        1.1246589597450785E-003
 0.1400  0.48129307919815373        1.0404980699407582E-003  0.14717982524412132        1.5644556074703418E-004  0.42178734019092851        9.3900465339936284E-004
 0.1600  0.52222168618675979        9.5727349746875198E-004  0.15219151455751651        1.2856933490976622E-004  0.42258619547345860        7.9493326087708193E-004
 0.1800  0.56284415512670360        8.8633155269726260E-004  0.15731334045633452        1.0778925793152359E-004  0.42281059978162172        6.8139015129539194E-004
 0.2000  0.60325009378611161        8.2599867767271123E-004  0.16240130478087544        9.1829977115174191E-005  0.42250062394670845        5.9071153758981322E-004
 0.2200  0.64350624235607756        7.7464968066826988E-004  0.16737721032202885        7.9264640899708215E-005  0.42171761010906555        5.1738917703819177E-004
 0.2400  0.68366446226351429        7.3082665051367294E-004  0.17219866983847182        6.9162827615171368E-005  0.42052566819937170        4.5739922756372198E-004
 0.2600  0.72376656111170479        6.9329155078291544E-004  0.17684360133902291        6.0897575800307577E-005  0.41898438026913859        4.0777456200904641E-004
 0.2800  0.76384729799189277        6.6103305240792956E-004  0.18130178573914352        5.4034022216362272E-005  0.41714640740371700        3.6631114129924804E-004
 0.3000  0.80392963538982376        6.5217210721060033E-004  0.18557007668125947        4.8262591907209403E-005  0.41506064857644842        3.4100831362928602E-004
 0.3200  0.84404154601664438        6.2440911669213190E-004  0.18964959046169533        4.3357620346699274E-005  0.41276428972708823        3.0898055419445339E-004
 0.3400  0.88421042274841610        5.9974879033546720E-004  0.19354401199577986        3.9151018102785260E-005  0.41028788767739655        2.8137003337807816E-004
 0.3600  0.92445697506158309        5.7771628299761334E-004  0.19725855059844147        3.5515084513750044E-005  0.40765940241339765        2.5738620538500275E-004
 0.3800  0.96480012856519959        5.5794015898031366E-004  0.20079928476551565        3.2351074822911087E-005  0.40490256152646548        2.3641442540966236E-004
 0.4000   1.0052574012546394        5.4013250241449805E-004  0.20417274548257294        2.9581402471572024E-005  0.40203753222903071        2.1797234406031003E-004


# triplet j3 / nf 0 / mode 2 / nplat  4 / jkb  20 / start     1 / nmeas 10000
 0.0010  0.26411563569696628        9.5448048876934869E-003   3.9064598625843194        3.4758683876799881E-002  0.33466675195991957        1.2185733512320019E-002
 0.0020  0.26022023870767225        1.0075481645627609E-002   1.9600733849568401        1.7254049086834464E-002  0.34027111997957027        1.3259826029426151E-002
 0.0030  0.29908933214766764        7.8382054204292166E-003   1.3132644113783234        1.1448399718601957E-002  0.29679104289245617        7.8848201989411160E-003
 0.0040  0.29773489789958241        7.7651237768279584E-003  0.99104431894192546        8.5630104918623662E-003  0.29906238317078365        7.9060302340579064E-003
 0.0050  0.29633727637953733        7.7469244348192835E-003  0.79850557032016500        6.8429750973438390E-003  0.30154538768107053        7.9882641094232605E-003
 0.0060  0.29493468714493914        7.7802551086357365E-003  0.67072279407309332        5.7030914273563521E-003  0.30418395562078282        8.1277897755142030E-003
 0.0070  0.29355707105473738        7.8561040329608485E-003  0.57989299946074302        4.8925129645618062E-003  0.30693428672206979        8.3155247722877298E-003
 0.0080  0.24277897318032041        1.0975238152611221E-002  0.51212661212671651        4.2860997991398322E-003  0.37285295819068892        1.6927513651679289E-002
 0.0090  0.24135407473982426        1.0800300676633739E-002  0.45971404760371715        3.8146861809821462E-003  0.37689945080049625        1.6938128972485717E-002
 0.0100  0.24024602160210881        1.0590007680386031E-002  0.41803370938528317        3.4370773899860168E-003  0.38059619761949637        1.6849424823032685E-002
 0.0200  0.24097896148586817        7.8299533195622141E-003  0.23632166356531301        1.7055020211053792E-003  0.40346199793942228        1.3189988859628370E-002
 0.0400  0.27210680484754796        3.9174897002494736E-003  0.15797756379464498        7.9555729470626960E-004  0.41314575692581368        6.0382954502592994E-003
 0.0600  0.31331826403200030        2.2579998170639630E-003  0.14057978405919591        4.8979244979865943E-004  0.41453990861793250        3.0735181271165802E-003
 0.0800  0.35580546456585160        1.5544143021976016E-003  0.13722262257333884        3.3953515459253828E-004  0.41644747682100536        1.8908870032434922E-003
 0.1000  0.39803721451210827        1.2341028811025949E-003  0.13884222788613262        2.5175438248220197E-004  0.41865097442570809        1.3523710582262372E-003
 0.1200  0.43978194655450031        1.0684342942753123E-003  0.14255010001916135        1.9523005164898737E-004  0.42058326374361599        1.0616052777386114E-003
 0.1400  0.48107535614346836        9.6830066485365169E-004  0.14717982524412132        1.5644556074703418E-004  0.42197823092553222        8.7846168028875261E-004
 0.1600  0.52200322998346771        8.9883171913038502E-004  0.15219151455751651        1.2856933490976622E-004  0.42276304605698795        7.4953377633424649E-004
 0.1800  0.56264987056049898        8.4571550781751181E-004  0.15731334045633452        1.0778925793152359E-004  0.42295659745844238        6.5204786505680158E-004
 0.2000  0.60308725107468086        8.0257919553998881E-004  0.16240130478087544        9.1829977115174191E-005  0.42261470552787611        5.7496124475530307E-004
 0.2200  0.64337478770119649        7.6628030325688362E-004  0.16737721032202885        7.9264640899708215E-005  0.42180377565977389        5.1221384559112346E-004
 0.2400  0.68356150601620058        7.3509205146863948E-004  0.17219866983847182        6.9162827615171368E-005  0.42058900667632787        4.6011428237541620E-004
 0.2600  0.72368833036867131        7.0796645084329692E-004  0.17684360133902291        6.0897575800307577E-005  0.41902967250063161        4.1622711639419737E-004
 0.2800  0.76378996834956159        6.8421426703962993E-004  0.18130178573914352        5.4034022216362272E-005  0.41717771817673993        3.7884927019804233E-004
 0.3000  0.80389634957690914        6.6335327232910197E-004  0.18557007668125947        4.8262591907209403E-005  0.41507783441278667        3.4673783577826231E-004
 0.3200  0.84403370216132290        6.4503080664892040E-004  0.18964959046169533        4.3357620346699274E-005  0.41276812566795434        3.1895654940509565E-004
 0.3400  0.88422536044125277        6.2897922572988465E-004  0.19354401199577986        3.9151018102785260E-005  0.41028095646425233        2.9478202947199087E-004
 0.3600  0.92449237420676100        6.1498795058152582E-004  0.19725855059844147        3.5515084513750044E-005  0.40764379298840747        2.7364330268958597E-004
 0.3800  0.96485398021887481        6.0288624272931079E-004  0.20079928476551565        3.2351074822911087E-005  0.40487996259132858        2.5508182099829251E-004
 0.4000   1.0053279673847750        5.9253036405543464E-004  0.20417274548257294        2.9581402471572024E-005  0.40200931235080284        2.3872332592697257E-004


