# triplet j1 / nf 2 / mode 2 / nplat  4 / jkb  20 / start     1 / nmeas 10000
 0.0010   1.1023001522104137E-002   8.7250842533317116E-004   1.9562858659598558E-003   6.4290495751980899E-005  0.17944496994174577        1.4506513109733393E-002
 0.0020   2.1935038757347338E-002   1.7221391789676284E-003   3.9111988302138597E-003   1.2838110130603802E-004  0.18032109532361923        1.4463181222494317E-002
 0.0030   3.2773146686800869E-002   2.5596325711722536E-003   5.8633717778172542E-003   1.9207339977467890E-004  0.18098025655455080        1.4442317510833566E-002
 0.0040   4.3489890462822145E-002   3.3658884794552728E-003   7.8114491118921239E-003   2.5517190111645343E-004  0.18177011568467930        1.4377910608087879E-002
 0.0050   5.4044970427741916E-002   4.1318762777542055E-003   9.7540923749517960E-003   3.1748545650534698E-004  0.18274190527087020        1.4284120432106674E-002
 0.0060   6.4402856383586671E-002   4.8501829112812299E-003   1.1689985707553497E-002   3.7882861505617325E-004  0.18390455393301738        1.4166794910571351E-002
 0.0070   7.4532239316731447E-002   5.5148064604655525E-003   1.3617841094280485E-002   4.3902290554820588E-004  0.18525672366404888        1.4029066086420145E-002
 0.0080   8.4406124848058109E-002   6.1212536439983296E-003   1.5536403350543073E-002   4.9789802737878618E-004  0.18679329078989004        1.3873240552053929E-002
 0.0090   9.4001921931669716E-002   6.6665524965027877E-003   1.7444454807868839E-002   5.5529293695151722E-004  0.18850732034102649        1.3701344540497339E-002
 0.0100  0.10330148832658484        7.1491852597168476E-003   1.9340819660145440E-002   6.1105681756189200E-004  0.19039075534015126        1.3515270129374212E-002
 0.0200  0.17877955274645180        8.9366693795062870E-003   3.7439668424959105E-002   1.0544030282224183E-003  0.21646024523049121        1.1241340940015635E-002
 0.0400  0.25995474949674841        6.1334773003072747E-003   6.7233244987025736E-002   1.2628446479777027E-003  0.28212350667193675        7.1644736646412572E-003
 0.0600  0.30620693888912093        3.9466811567621229E-003   8.8666642513163613E-002   9.7385577101277037E-004  0.33686487311667751        4.7195124972444361E-003
 0.0800  0.34519726043215659        2.8741092750021696E-003  0.10437423394933217        6.4875467440362732E-004  0.37435988176819646        3.3269775877551267E-003
 0.1000  0.38345484985358264        2.3134252982499924E-003  0.11662500530263628        4.2055956109010784E-004  0.39828743077141715        2.5079263855986660E-003
 0.1200  0.42229566424841136        1.8793560638707160E-003  0.12675796740309878        2.7870972975040911E-004  0.41302527746583989        1.8933544183453784E-003
 0.1400  0.46183871260938508        1.6727160607255525E-003  0.13550950597242062        1.9194541848765982E-004  0.42176793835182325        1.5565169743267404E-003
 0.1600  0.50194156025927350        1.5149395045445126E-003  0.14329330951852542        1.3770954969295599E-004  0.42661369165112856        1.3038043447800617E-003
 0.1800  0.54241909366651175        1.3854541618061409E-003  0.15035326219692610        1.0274333401181686E-004  0.42891645646499182        1.1053025643026760E-003
 0.2000  0.58313137040091301        1.2749554629022108E-003  0.15684115016422073        7.9546247676510825E-005  0.42953009627391037        9.4541807573930747E-004
 0.2200  0.62396601697036358        1.2191695179832531E-003  0.16285666169815016        6.3772197518910799E-005  0.42901074037644882        8.4244366126442235E-004
 0.2400  0.66487663357023397        1.1292588956571922E-003  0.16846871604672586        5.2785186641035306E-005  0.42769993209752755        7.2951004535473532E-004
 0.2600  0.70582828986999224        1.0495929337179840E-003  0.17372729278740265        4.4920915676219660E-005  0.42583037481783464        6.3561434676770770E-004
 0.2800  0.74680247741215511        9.7873145243813540E-004  0.17867024624114991        3.9107208359855706E-005  0.42355945564908459        5.5703327324275141E-004
 0.3000  0.78779289656425577        9.1556547451780886E-004  0.18332737137840618        3.4652574765096126E-005  0.42099527381750856        4.9089187627716652E-004
 0.3200  0.82880166914647546        8.5918577339134483E-004  0.18772290965759503        3.1114743767744402E-005  0.41821346212751420        4.3492846158669086E-004
 0.3400  0.86983662839239795        8.0882363479716965E-004  0.19187714066542005        2.8212944197493388E-005  0.41526792109698124        3.8734478618399645E-004
 0.3600  0.91090939205751187        7.6381755805823750E-004  0.19580742234795068        2.5768848313988840E-005  0.41219777523033635        3.4669948994592293E-004
 0.3800  0.95203400191462784        7.2359681823028427E-004  0.19952888979235681        2.3667896853503381E-005  0.40903194723421554        3.1183126727314030E-004
 0.4000  0.99322597216828035        6.8766672594863646E-004  0.20305493737634048        2.1834649429825602E-005  0.40579220753527956        2.8179883694543666E-004


# triplet j3 / nf 2 / mode 2 / nplat  4 / jkb  20 / start     1 / nmeas 10000
 0.0010  0.25884395110148495        3.2777908573742194E-003   1.9562858659598558E-003   6.4290495751980899E-005   7.6417554607110432E-003   1.5852907062580005E-004
 0.0020  0.25889929369299070        3.2765987266040087E-003   3.9111988302138597E-003   1.2838110130603802E-004   1.5277562786174556E-002   3.1662714829478096E-004
 0.0030  0.25899148450310072        3.2746150532584118E-003   5.8633717778172542E-003   1.9207339977467890E-004   2.2901496189563469E-002   4.7386632550155527E-004
 0.0040  0.25912045286178137        3.2718444797651056E-003   7.8114491118921239E-003   2.5517190111645343E-004   3.0507674455006996E-002   6.2982481595898589E-004
 0.0050  0.25928610077336739        3.2682933826031360E-003   9.7540923749517960E-003   3.1748545650534698E-004   3.8090282652311916E-002   7.8408990478024950E-004
 0.0060  0.25948830256859551        3.2639703866808307E-003   1.1689985707553497E-002   3.7882861505617325E-004   4.5643593402846135E-002   9.3626084376581412E-004
 0.0070  0.25972690527163372        3.2588854858559280E-003   1.3617841094280485E-002   4.3902290554820588E-004   5.3161987391032471E-002   1.0859514781864895E-003
 0.0080  0.26000172978138963        3.2530504352931314E-003   1.5536403350543073E-002   4.9789802737878618E-004   6.0639972804979445E-002   1.2327927778304985E-003
 0.0090  0.26031257078411613        3.2464787685032169E-003   1.7444454807868839E-002   5.5529293695151722E-004   6.8072203954149868E-002   1.3764351494333011E-003
 0.0100  0.26065919750382721        3.2391854785773899E-003   1.9340819660145440E-002   6.1105681756189200E-004   7.5453498585913242E-002   1.5165504571544649E-003
 0.0200  0.26602651361278423        3.1308294411264660E-003   3.7439668424959105E-002   1.0544030282224183E-003  0.14546920644918299        2.6696309294201217E-003
 0.0400  0.28527325348628890        2.7769058164109671E-003   6.7233244987025736E-002   1.2628446479777027E-003  0.25708454826303040        3.4773496990320937E-003
 0.0600  0.31355333930017365        2.4147692257048973E-003   8.8666642513163613E-002   9.7385577101277037E-004  0.32897229494207725        3.1116761997810253E-003
 0.0800  0.34709749149271663        2.1241430680444249E-003  0.10437423394933217        6.4875467440362732E-004  0.37231039915135528        2.5554086451403915E-003
 0.1000  0.38370641471956540        1.9047652316662390E-003  0.11662500530263628        4.2055956109010784E-004  0.39802630632756897        2.1021465298855482E-003
 0.1200  0.42211668856808399        1.7339520791431712E-003  0.12675796740309878        2.7870972975040911E-004  0.41320039842653350        1.7570632101500941E-003
 0.1400  0.46160792905430753        1.5941132550828816E-003  0.13550950597242062        1.9194541848765982E-004  0.42197880367302770        1.4875884890315964E-003
 0.1600  0.50175436076626645        1.4753287658293274E-003  0.14329330951852542        1.3770954969295599E-004  0.42677285691810302        1.2715037718018316E-003
 0.1800  0.54229485498880836        1.3722564143009292E-003  0.15035326219692610        1.0274333401181686E-004  0.42901472037604726        1.0954567612206255E-003
 0.2000  0.58306599831908301        1.2817594805528386E-003  0.15684115016422073        7.9546247676510825E-005  0.42957825424690660        9.5060838926898763E-004
 0.2200  0.62396567571540529        1.2017463719955382E-003  0.16285666169815016        6.3772197518910799E-005  0.42901097500801272        8.3052575318674153E-004
 0.2400  0.66493179132943858        1.1306808705971087E-003  0.16846871604672586        5.2785186641035306E-005  0.42766445331583280        7.3030024200782125E-004
 0.2600  0.70592901937785890        1.0673746382448043E-003  0.17372729278740265        4.4920915676219660E-005  0.42576961278239961        6.4611874492543307E-004
 0.2800  0.74694016629399662        1.0108854201096727E-003  0.17867024624114991        3.9107208359855706E-005  0.42348137787194340        5.7499723715927133E-004
 0.3000  0.78796035133459918        9.6045617893949825E-004  0.18332737137840618        3.4652574765096126E-005  0.42090580527156796        5.1458800572984787E-004
 0.3200  0.82899301050242835        9.1546814259542972E-004  0.18772290965759503        3.1114743767744402E-005  0.41811693353208884        4.6303054288818082E-004
 0.3400  0.87004711578710525        8.7540642905551314E-004  0.19187714066542005        2.8212944197493388E-005  0.41516745681035683        4.1883842688909362E-004
 0.3600  0.91113523880220459        8.3983303918220068E-004  0.19580742234795068        2.5768848313988840E-005  0.41209560211514901        3.8081313557242164E-004
 0.3800  0.95227220153457981        8.0836651002055956E-004  0.19952888979235681        2.3667896853503381E-005  0.40892963273398925        3.4797914292186439E-004
 0.4000  0.99347414707501946        7.8066737201474027E-004  0.20305493737634048        2.1834649429825602E-005  0.40569083857308058        3.1953531604515215E-004


