# triplet j1 / nf 3 / mode 2 / nplat  4 / jkb  20 / start     1 / nmeas 10000
 0.0010   7.9057856397682213E-003   1.9482853754684260E-003   1.1077676955128244E-003   1.4517067298066632E-005  0.18827571751899813        4.6414673970986885E-002
 0.0020   1.5757250354880879E-002   3.6980430246801644E-003   2.2261196601878813E-003   2.9949552713395401E-005  0.18937550894458177        4.4462478090783387E-002
 0.0030   2.3661367400398443E-002   5.5406090445915771E-003   3.3549720797027443E-003   4.6338294190573963E-005  0.18961829677652006        4.4420832754255901E-002
 0.0040   3.1639751414098596E-002   7.3842443466777766E-003   4.4942219558101876E-003   6.3714907308876285E-005  0.18951307975709505        4.4249912081729834E-002
 0.0050   3.9673544478114241E-002   9.2114488859187035E-003   5.6437464998851912E-003   8.2102106555924262E-005  0.18935760265311513        4.3986833678012677E-002
 0.0060   4.7745519512598956E-002   1.1009800383993405E-002   6.8034025809863494E-003   1.0151403599749214E-004  0.18924354943409924        4.3661141755064470E-002
 0.0070   5.5839373131406113E-002   1.2767692847203744E-002   7.9730262354932580E-003   1.2195659632499146E-004  0.18920607662759417        4.3286232263877469E-002
 0.0080   6.3939151307525505E-002   1.4473916604364950E-002   9.1524322453403837E-003   1.4342776151612884E-004  0.18926111101723536        4.2868727605785410E-002
 0.0090   7.2028957500939975E-002   1.6117710547553506E-002   1.0341413791744246E-002   1.6591788302932115E-004  0.18941705558313199        4.2412532461451206E-002
 0.0100   8.0092983316577798E-002   1.7688932356545728E-002   1.1539742191103574E-002   1.8940998249609558E-004  0.18967870695478165        4.1920395062259412E-002
 0.0200  0.15610315801868538        2.7917866669431812E-002   2.3971108358247513E-002   4.7103682571576739E-004  0.19836377477621650        3.5529352035869752E-002
 0.0400  0.26029825881226809        2.2863748940336905E-002   4.9899355518633802E-002   1.0677419479558263E-003  0.24272873844289591        2.1478077733654986E-002
 0.0600  0.31451308943729472        1.2552880028265436E-002   7.3861602133078075E-002   1.2649626890852946E-003  0.29933759167043122        1.2219070019513962E-002
 0.0800  0.35186038499264088        6.9935908089197602E-003   9.3463134466841236E-002   1.0534395467920955E-003  0.34754399475684472        7.1801007467695030E-003
 0.1000  0.38639486541221807        4.3881234668214546E-003  0.10885032818539490        7.3930118275203674E-004  0.38185503598269954        4.5263009548742799E-003
 0.1200  0.42189845706147105        3.1409347676056810E-003  0.12113957266984500        4.8881268812944214E-004  0.40414824981430070        3.1173186199836131E-003
 0.1400  0.45896168662665704        2.4970005416164584E-003  0.13132733524939574        3.2296917979466358E-004  0.41781126851785799        2.3304545763305319E-003
 0.1600  0.49735497696984887        2.1225778805901221E-003  0.14008071182396395        2.1896653043146892E-004  0.42569415870336241        1.8469630192484582E-003
 0.1800  0.53672386790740811        1.8729691317563432E-003  0.14781462339569365        1.5382944062958257E-004  0.42979270752957216        1.5164007540457122E-003
 0.2000  0.57676592833195550        1.6859441467814368E-003  0.15478680041197579        1.1225943370349248E-004  0.43141710489457097        1.2707418316277030E-003
 0.2200  0.61725750062317208        1.5343459512579339E-003  0.16116165607720112        8.5073697825175591E-005  0.43141061118134449        1.0784058744160050E-003
 0.2400  0.65804279665722432        1.4057938676415329E-003  0.16704814074375554        6.6849134315018197E-005  0.43031580984242274        9.2331816719125152E-004
 0.2600  0.69901735498997508        1.2941756546397299E-003  0.17252157108186042        5.4323876500836722E-005  0.42848479524560495        7.9616909881619264E-004
 0.2800  0.74011381209922467        1.1961015006090238E-003  0.17763628849055141        4.5479285346456170E-005  0.42614887827173514        6.9085843564205599E-004
 0.3000  0.78129114790002019        1.1094131262249390E-003  0.18243313488932317        3.9037417466359535E-005  0.42346213417875589        6.0300967410383867E-004
 0.3200  0.82252689315095706        1.0325521392610809E-003  0.18694397248293540        3.4181215538425212E-005  0.42052867427823321        5.2930513934975807E-004
 0.3400  0.86381155626151329        9.6428727836069981E-004  0.19119448699651634        3.0388581753192712E-005  0.41741988033307281        4.6715206855221661E-004
 0.3600  0.90514465496924634        9.0359622489643687E-004  0.19520597263609107        2.7327158294878925E-005  0.41418542077681642        4.1449199645851896E-004
 0.3800  0.94653189032970142        8.4960788362285322E-004  0.19899649925152188        2.4785375148149959E-005  0.41086038013227022        3.6967519222881487E-004
 0.4000  0.98798313762409329        8.0157257805058728E-004  0.20258169608674548        2.2627393493360690E-005  0.40746992803408461        3.3137165688514183E-004


# triplet j3 / nf 3 / mode 2 / nplat  4 / jkb  20 / start     1 / nmeas 10000
 0.0010  0.33129712152761231        7.0414051621372261E-003   1.1077676955128244E-003   1.4517067298066632E-005   4.4928475593612894E-003   9.9926070160334267E-005
 0.0020  0.33063040172988883        6.9702398010814777E-003   2.2261196601878813E-003   2.9949552713395401E-005   9.0252961914875311E-003   1.9971966688309888E-004
 0.0030  0.32998577283267277        6.9010171331888208E-003   3.3549720797027443E-003   4.6338294190573963E-005   1.3596429165272169E-002   2.9944521282712953E-004
 0.0040  0.32936369012254108        6.8336299746412244E-003   4.4942219558101876E-003   6.3714907308876285E-005   1.8205245183535071E-002   3.9915839899431414E-004
 0.0050  0.32876460043545247        6.7679735375360400E-003   5.6437464998851912E-003   8.2102106555924262E-005   2.2850657464876304E-002   4.9890560248351719E-004
 0.0060  0.32818894094762613        6.7039451088132165E-003   6.8034025809863494E-003   1.0151403599749214E-004   2.7531493157721000E-002   5.9872331631814248E-004
 0.0070  0.32763713958622309        6.6414449659192212E-003   7.9730262354932580E-003   1.2195659632499146E-004   3.2246492949122012E-002   6.9863770821311174E-004
 0.0080  0.32710961304031044        6.5803763391960538E-003   9.1524322453403837E-003   1.4342776151612884E-004   3.6994311177489414E-002   7.9866421395067373E-004
 0.0090  0.32660676739139721        6.5206451554295948E-003   1.0341413791744246E-002   1.6591788302932115E-004   4.1773516071087896E-002   8.9880715675430469E-004
 0.0100  0.32612899678428159        6.4621606260981471E-003   1.1539742191103574E-002   1.8940998249609558E-004   4.6582590513066520E-002   9.9905953650366729E-004
 0.0200  0.32280756680268202        5.9284135722484973E-003   2.3971108358247513E-002   4.7103682571576739E-004   9.5924677310932752E-002   1.9979332613610898E-003
 0.0400  0.32466530549445111        4.9336821390216726E-003   4.9899355518633802E-002   1.0677419479558263E-003  0.19460615874603854        3.6167042331811104E-003
 0.0600  0.33778695678350029        4.1059692787752183E-003   7.3861602133078075E-002   1.2649626890852946E-003  0.27871292496746108        4.1441357476345881E-003
 0.0800  0.36024072048743583        3.3911476899932801E-003   9.3463134466841236E-002   1.0534395467920955E-003  0.33945902515284576        3.7243926561630384E-003
 0.1000  0.38941713440361725        2.8423256636227541E-003  0.10885032818539490        7.3930118275203674E-004  0.37889145648785383        3.0501767756368489E-003
 0.1200  0.42299968504616980        2.4449311008443173E-003  0.12113957266984500        4.8881268812944214E-004  0.40309609923737072        2.4677500560293265E-003
 0.1400  0.45938891657699182        2.1556141670425557E-003  0.13132733524939574        3.2296917979466358E-004  0.41742270562254863        2.0248297672014978E-003
 0.1600  0.49756332001216924        1.9363387943697971E-003  0.14008071182396395        2.1896653043146892E-004  0.42551590919710847        1.6890216541779112E-003
 0.1800  0.53687954881032529        1.7623113971728759E-003  0.14781462339569365        1.5382944062958257E-004  0.42966807898500625        1.4279996678107144E-003
 0.2000  0.57692823747405053        1.6189362433523386E-003  0.15478680041197579        1.1225943370349248E-004  0.43129573288392520        1.2203359459156422E-003
 0.2200  0.61744550868519277        1.4976704363583229E-003  0.16116165607720112        8.5073697825175591E-005  0.43127924951168711        1.0522822011584854E-003
 0.2400  0.65826030992635221        1.3932818725666610E-003  0.16704814074375554        6.6849134315018197E-005  0.43017361776864160        9.1457009715481053E-004
 0.2600  0.69926249575391153        1.3023594772061339E-003  0.17252157108186042        5.4323876500836722E-005  0.42833458114048784        8.0060806194630970E-004
 0.2800  0.74038280277019430        1.2225419970504350E-003  0.17763628849055141        4.5479285346456170E-005  0.42599405285943442        7.0552465116608082E-004
 0.3000  0.78157984314451423        1.1521133865119511E-003  0.18243313488932317        3.9037417466359535E-005  0.42330571829184044        6.2562911350153591E-004
 0.3200  0.82283139582062659        1.0897790181255721E-003  0.18694397248293540        3.4181215538425212E-005  0.42037305053241997        5.5807766482409674E-004
 0.3400  0.86412844609227801        1.0345307626542237E-003  0.19119448699651634        3.0388581753192712E-005  0.41726680573422725        5.0064936726754389E-004
 0.3600  0.90547104413048884        9.8556180776006698E-004  0.19520597263609107        2.7327158294878925E-005  0.41403612209635332        4.5158934224261176E-004
 0.3800  0.94686540083233461        9.4220843369069234E-004  0.19899649925152188        2.4785375148149959E-005  0.41071566447176605        4.0949523328244285E-004
 0.4000  0.98832184742391882        9.0391179823296473E-004  0.20258169608674548        2.2627393493360690E-005  0.40733028318244130        3.7323513669919339E-004


