# triplet j1 / nf 1 / mode 2 / nplat  4 / jkb  20 / start     1 / nmeas 10000
 0.0010   4.8987946523727656E-002   1.9284282752284596E-003   8.2506737423604135E-002   3.7903338444028154E-003  0.26222281167575123        1.1951279009871925E-002
 0.0020   6.9041066091034567E-002   2.5622248737367705E-003   8.2967181519782510E-002   3.6531060235323251E-003  0.26386128629463229        1.1385691705700206E-002
 0.0030   8.4146010376423816E-002   2.9513496265366193E-003   8.3429427768383857E-002   3.5214257576956197E-003  0.26588983104159192        1.0883906892092421E-002
 0.0040   9.6589743503089770E-002   3.2045069455043534E-003   8.3893310304186411E-002   3.3950503530436791E-003  0.26821165525371288        1.0422728883312589E-002
 0.0050  0.10727970575863383        3.3688740412286654E-003   8.4358671307667457E-002   3.2737487263069989E-003  0.27073680017122370        9.9939508934701257E-003
 0.0060  0.11669818207987187        3.4713839979015337E-003   8.4825360622150972E-002   3.1573007806251535E-003  0.27339425842808129        9.5930592281577732E-003
 0.0070  0.12514205747861484        3.5293587530167980E-003   8.5293235390696942E-002   3.0454968200828588E-003  0.27613281555390490        9.2169314163636634E-003
 0.0080  0.13281062801334229        3.5546682107414234E-003   8.5762159711529673E-002   2.9381370003222144E-003  0.27891701941896213        8.8631732172947484E-003
 0.0090  0.13984555794202139        3.5557724195618046E-003   8.6232004310935112E-002   2.8350308125751778E-003  0.28172268372333015        8.5298432945861962E-003
 0.0100  0.14635182273441394        3.5388735544133812E-003   8.6702646232578257E-002   2.7359965986447814E-003  0.28453325914732691        8.2153168095738752E-003
 0.0200  0.19419056204222426        3.0248158612571057E-003   9.1429834917710603E-002   1.9351379734159006E-003  0.31141952988754973        5.8644577997735972E-003
 0.0400  0.25379669188491583        2.2598666139259636E-003  0.10077519157418426        1.0209738581097934E-003  0.35378209772774510        3.6242520130225562E-003
 0.0600  0.30043562270724816        1.9356032214095204E-003  0.10972269350022730        5.8202905989537021E-004  0.38193321389252105        2.6610184071911638E-003
 0.0800  0.34366315302335543        1.7321436947860818E-003  0.11816892242233347        3.5994030817839768E-004  0.40010931155240259        2.1066995051276923E-003
 0.1000  0.38570325457060384        1.4996315649460372E-003  0.12610801796795307        2.4043094132339556E-004  0.41174946575790256        1.6483161669407758E-003
 0.1200  0.42725761979274690        1.2992155220748521E-003  0.13356764689033901        1.7156194126209459E-004  0.41905057563104042        1.3023693115512384E-003
 0.1400  0.46858567917941996        1.1986170622823350E-003  0.14058412217186700        1.2915513474279802E-004  0.42340710432389639        1.1003774708433704E-003
 0.1600  0.50974951299324078        1.1646275912340213E-003  0.14719331781908004        1.0152334143511695E-004  0.42575741163650282        9.8374942660700918E-004
 0.1800  0.55078021472472172        1.0789047318619832E-003  0.15342781223858346        8.2668142593449027E-005  0.42670228208339034        8.4372057279116590E-004
 0.2000  0.59170283728960194        1.0031278402575367E-003  0.15931638172608750        6.9282316301522116E-005  0.42663507877234363        7.2920920914990148E-004
 0.2200  0.63253508112970902        9.3622357755922432E-004  0.16488429936036766        5.9423864358743410E-005  0.42582521349137925        6.3492337171194878E-004
 0.2400  0.67329462049357980        8.7726509722131478E-004  0.17015384257421820        5.1902919283500246E-005  0.42445959440291720        5.5682310073861213E-004
 0.2600  0.71398449485890048        8.5270266398543759E-004  0.17514479350259057        4.5972633915303591E-005  0.42267981343364702        5.0784002973185626E-004
 0.2800  0.75464025609776708        8.0260318185359592E-004  0.17987486625977606        4.1157267444027332E-005  0.42057096476232669        4.4988175094683196E-004
 0.3000  0.79528162772551081        7.5791574733087336E-004  0.18436005183635099        3.7149631232360334E-005  0.41820390745824404        4.0077590565655515E-004
 0.3200  0.83592868575297696        7.1800203250849213E-004  0.18861489033642634        3.3747758979726758E-005  0.41563177887361957        3.5892871274344483E-004
 0.3400  0.87660135503163772        6.8231030172644287E-004  0.19265268469803618        3.0815620263546263E-005  0.41289521646161764        3.2307266538980753E-004
 0.3600  0.91731920743047024        6.5036607210925855E-004  0.19648566919501284        2.8258816756738336E-005  0.41002581567189555        2.9219386227212718E-004
 0.3800  0.95810132530390479        6.2176318230826083E-004  0.20012514364737999        2.6009537076337743E-005  0.40704852332146912        2.6547660493706225E-004
 0.4000  0.99896622374758959        5.9615500900188486E-004  0.20358158178982230        2.4017290217989334E-005  0.40398331747620719        2.4226074842847761E-004


# triplet j3 / nf 1 / mode 2 / nplat  4 / jkb  20 / start     1 / nmeas 10000
 0.0010  0.23745959144127696        3.4272671554537873E-003   8.2506737423604135E-002   3.7903338444028154E-003   5.4096602279592169E-002   1.4675310537098831E-003
 0.0020  0.23587290888144574        3.6341582244331237E-003   8.2967181519782510E-002   3.6531060235323251E-003   7.7233390609895980E-002   2.0753525618829836E-003
 0.0030  0.23423533086865597        2.7854234873963151E-003   8.3429427768383857E-002   3.5214257576956197E-003   9.5517479787697007E-002   2.3138056994554666E-003
 0.0040  0.23345322280818295        2.6694273591372536E-003   8.3893310304186411E-002   3.3950503530436791E-003  0.11097081751054411        2.5791505402217854E-003
 0.0050  0.23283696871388151        2.6263558918415988E-003   8.4358671307667457E-002   3.2737487263069989E-003  0.12474206489130998        2.7997284462537458E-003
 0.0060  0.23238251416017677        2.6358824632122129E-003   8.4825360622150972E-002   3.1573007806251535E-003  0.13729351825344543        2.9922892042376055E-003
 0.0070  0.23208342000027010        2.6796582629778263E-003   8.5293235390696942E-002   3.0454968200828588E-003  0.14889399973396766        3.1656891388837155E-003
 0.0080  0.23193207543815733        2.7432108300288614E-003   8.5762159711529673E-002   2.9381370003222144E-003  0.15971548757394349        3.3246736148246198E-003
 0.0090  0.23192044148053473        2.8161525299873068E-003   8.6232004310935112E-002   2.8350308125751778E-003  0.16987577998172884        3.4717353974935057E-003
 0.0100  0.23204047559647148        2.8915235314121582E-003   8.6702646232578257E-002   2.7359965986447814E-003  0.17945990240595713        3.6081280560608490E-003
 0.0200  0.24041759111819511        1.6645710034131336E-003   9.1429834917710603E-002   1.9351379734159006E-003  0.25154038545398161        3.1810601622019562E-003
 0.0400  0.26218880454006965        2.0826383208047729E-003  0.10077519157418426        1.0209738581097934E-003  0.34245827623690739        3.2263125974310385E-003
 0.0600  0.30241693595860553        1.6517873633098278E-003  0.10972269350022730        5.8202905989537021E-004  0.37943094220122153        2.3038518190641923E-003
 0.0800  0.34382969217291243        1.4639617244854770E-003  0.11816892242233347        3.5994030817839768E-004  0.39991551251179425        1.8084165228826237E-003
 0.1000  0.38539349055225491        1.3535331685479994E-003  0.12610801796795307        2.4043094132339556E-004  0.41208041366489345        1.4996242161855898E-003
 0.1200  0.42688307296239447        1.2678776778471989E-003  0.13356764689033901        1.7156194126209459E-004  0.41941825023516743        1.2744963338550931E-003
 0.1400  0.46824671678560120        1.1925964581895169E-003  0.14058412217186700        1.2915513474279802E-004  0.42371360745674636        1.0965843414553035E-003
 0.1600  0.50947600609931432        1.1240619643470482E-003  0.14719331781908004        1.0152334143511695E-004  0.42598597507389496        9.5126918447069970E-004
 0.1800  0.55057643495264119        1.0613863149136122E-003  0.15342781223858346        8.2668142593449027E-005  0.42686021345907060        8.3088609474906805E-004
 0.2000  0.59155986114488135        1.0042560929769862E-003  0.15931638172608750        6.9282316301522116E-005  0.42673819367714355        7.3036618363607117E-004
 0.2200  0.63244198989734668        9.5240849263030934E-004  0.16488429936036766        5.9423864358743410E-005  0.42588789211570860        6.4592937185678359E-004
 0.2400  0.67324109745737715        9.0554049664613506E-004  0.17015384257421820        5.1902919283500246E-005  0.42449333917328785        5.7462215856449769E-004
 0.2600  0.71397712858948947        8.6332232291424528E-004  0.17514479350259057        4.5972633915303591E-005  0.42268417432036964        5.1410026758540010E-004
 0.2800  0.75467098525704301        8.2541966516578300E-004  0.17987486625977606        4.1157267444027332E-005  0.42055383969403137        4.6248927948163343E-004
 0.3000  0.79534396615124570        7.9151077461668659E-004  0.18436005183635099        3.7149631232360334E-005  0.41817112896951886        4.1828303800387054E-004
 0.3200  0.83601734054412924        7.6129440804974984E-004  0.18861489033642634        3.3747758979726758E-005  0.41558770353359337        3.8026454169963356E-004
 0.3400  0.87671204758005528        7.3449174855766419E-004  0.19265268469803618        3.0815620263546263E-005  0.41284308483656956        3.4744407404185221E-004
 0.3600  0.91744849359580871        7.1084619773569523E-004  0.19648566919501284        2.8258816756738336E-005  0.40996803513623820        3.1901155735299927E-004
 0.3800  0.95824643567319412        6.9012044251004078E-004  0.20012514364737999        2.6009537076337743E-005  0.40698688264184962        2.9429904082177319E-004
 0.4000  0.99912492706390721        6.7209428088708825E-004  0.20358158178982230        2.4017290217989334E-005  0.40391914783086674        2.7275215062777140E-004


