# triplet j1 / nf 5 / mode 2 / nplat  4 / jkb  20 / start     1 / nmeas 10000
 0.0010   5.1949019155373161E-003   2.3526570797082159E-003   1.0095904157731016E-003   2.0664343120161089E-005  0.27353333167394417       0.12390886887364612     
 0.0020   1.0319456214984321E-002   4.2410716375604791E-003   2.0191257308441648E-003   4.1322801816972683E-005  0.27539424765225867       0.11321611252652990     
 0.0030   1.5363383594061655E-002   6.2856694088843645E-003   3.0285562303614664E-003   6.1970781367993194E-005  0.27746395454856865       0.11355518807128272     
 0.0040   2.0413013787636457E-002   8.3427984319011973E-003   4.0378380585417099E-003   8.2605080400078914E-005  0.27842761878717470       0.11382899773436234     
 0.0050   2.5467810669746668E-002   1.0394318798125961E-002   5.0469331764410970E-003   1.0322386666311208E-004  0.27894730162197845       0.11388404169903592     
 0.0060   3.0524364069071663E-002   1.2433873067756089E-002   6.0558092935038606E-003   1.2382664307872686E-004  0.27927373497783675       0.11379590819257987     
 0.0070   3.5580268669133663E-002   1.4457539259005427E-002   7.0644397732647973E-003   1.4441420457705434E-004  0.27950762383502292       0.11360989864389402     
 0.0080   4.0633911418129200E-002   1.6462117870869746E-002   8.0728035136816232E-003   1.6498858625040063E-004  0.27969425950273757       0.11334927302941702     
 0.0090   4.5684147664282845E-002   1.8444759379516947E-002   9.0808848026691681E-003   1.8555300342733673E-004  0.27985612029097640       0.11302675994638174     
 0.0100   5.0730108827108045E-002   2.0402778727842762E-002   1.0088673149490489E-002   2.0611178420345801E-004  0.28000528585694295       0.11264963610396143     
 0.0200  0.10083366287389295        3.8106253958193677E-002   2.0151421038196230E-002   4.1297108557398300E-004  0.28156410651993397       0.10644556843384308     
 0.0400  0.19737068128029181        5.7703520259772073E-002   4.0269583405235634E-002   8.6044774745428626E-004  0.28757486307674546        8.4131835563730384E-002
 0.0600  0.28155391494169191        5.2658193955808216E-002   6.0416065709347350E-002   1.3291156795954633E-003  0.30241635380230997        5.6657770480571246E-002
 0.0800  0.34414622953356461        3.5150101006368721E-002   7.9909000225198978E-002   1.5855120173459468E-003  0.32856010154848903        3.3716110255185769E-002
 0.1000  0.38838197643076111        2.0177704194379274E-002   9.7476688862957933E-002   1.4610152291147456E-003  0.35950614204851467        1.8870827796770386E-002
 0.1200  0.42432193577620170        1.1401972085558843E-002  0.11235325272169196        1.1128223388311537E-003  0.38699286880028427        1.0574033839379335E-002
 0.1400  0.45865385628028288        6.8847259129300982E-003  0.12466470446785888        7.6589348479812463E-004  0.40734812559404554        6.2413102847237393E-003
 0.1600  0.49394851532283729        4.6240259058476221E-003  0.13495815706684794        5.1085248819683995E-004  0.42071972535677654        4.0181920947786809E-003
 0.1800  0.53075645274971095        3.4680570760642379E-003  0.14377460003364545        3.4440113316612167E-004  0.42864429862021408        2.8475016821476679E-003
 0.2000  0.56892665652801411        2.8319329084654046E-003  0.15151527921870461        2.3956162485820747E-004  0.43271497807446901        2.1809108754599188E-003
 0.2200  0.60815135423395017        2.4367048945424814E-003  0.15845073149424993        1.7325196894471217E-004  0.43417197219489201        1.7557336986987217E-003
 0.2400  0.64814500408383613        2.1571696800378208E-003  0.16475956858874008        1.3032771753319691E-004  0.43388412850877711        1.4542227643162182E-003
 0.2600  0.68868426167662244        1.9389609841645695E-003  0.17056127102824525        1.0162482040618673E-004  0.43243588439910147        1.2243015764901697E-003
 0.2800  0.72960577290263673        1.7582051600656475E-003  0.17593817700960801        8.1723596316956592E-005  0.43021524485116058        1.0415371789891427E-003
 0.3000  0.77079461556315509        1.6037612936580378E-003  0.18094918355732861        6.7415575770844960E-005  0.42747947460399138        8.9299696991876278E-004
 0.3200  0.81217267206967614        1.4698060480588817E-003  0.18563810973269904        5.6773212339500184E-005  0.42439981261689008        7.7078217289428149E-004
 0.3400  0.85368907519739468        1.3527994162267070E-003  0.19003881272035722        4.8611226745420670E-005  0.42109092975377260        6.6945212402582679E-004
 0.3600  0.89531285847638131        1.2502495591741362E-003  0.19417835998315985        4.2180841464787957E-005  0.41763014667455395        5.8495629699114194E-004
 0.3800  0.93702745219876038        1.1602063971263047E-003  0.19807903531323964        3.6996093526964456E-005  0.41406997260197836        5.1414835667173183E-004
 0.4000  0.97882661011006666        1.0810512182179357E-003  0.20175963770847744        3.2733423987988659E-005  0.41044632428867905        4.5453275539859448E-004


# triplet j3 / nf 5 / mode 2 / nplat  4 / jkb  20 / start     1 / nmeas 10000
 0.0010  0.37805812936004940        9.8889977995569502E-003   1.0095904157731016E-003   2.0664343120161089E-005   3.7586252439052461E-003   1.0557268753503014E-004
 0.0020  0.37807100162903207        9.8887180338775964E-003   2.0191257308441648E-003   4.1322801816972683E-005   7.5168919812965652E-003   2.1112066504262359E-004
 0.0030  0.37809201813398935        9.8881998037671469E-003   3.0285562303614664E-003   6.1970781367993194E-005   1.1274464846661456E-002   3.1661955390039557E-004
 0.0040  0.37812082083880366        9.8874004306403473E-003   4.0378380585417099E-003   8.2605080400078914E-005   1.5031033754114092E-002   4.2204532898881076E-004
 0.0050  0.37815705406507510        9.8862766255356296E-003   5.0469331764410970E-003   1.0322386666311208E-004   1.8786313750272510E-002   5.2737427429431116E-004
 0.0060  0.37820036428493292        9.8847850672168277E-003   6.0558092935038606E-003   1.2382664307872686E-004   2.2540044818599173E-002   6.3258296355456092E-004
 0.0070  0.37825040176011704        9.8828817684412148E-003   7.0644397732647973E-003   1.4441420457705434E-004   2.6291991508387780E-002   7.3764818130850687E-004
 0.0080  0.37830682219287076        9.8805230482183187E-003   8.0728035136816232E-003   1.6498858625040063E-004   3.0041942407793183E-002   8.4254691594967896E-004
 0.0090  0.37836928723631269        9.8776651753410827E-003   9.0808848026691681E-003   1.8555300342733673E-004   3.3789709565251611E-002   9.4725629038834417E-004
 0.0100  0.37843746628762992        9.8742641079525590E-003   1.0088673149490489E-002   2.0611178420345801E-004   3.7535127700310693E-002   1.0517534682690619E-003
 0.0200  0.37936850879227535        9.8010452407737269E-003   2.0151421038196230E-002   4.1297108557398300E-004   7.4837893858410845E-002   2.0799687227695055E-003
 0.0400  0.38210431930451394        9.3374341354457244E-003   4.0269583405235634E-002   8.6044774745428626E-004  0.14854280304355977        3.9616670910479056E-003
 0.0600  0.38677576539555641        8.3677691712928451E-003   6.0416065709347350E-002   1.3291156795954633E-003  0.22014437297629716        5.3429924580644401E-003
 0.0800  0.39596982885327336        6.9044521269925052E-003   7.9909000225198978E-002   1.5855120173459468E-003  0.28555892869549082        5.7287381008125421E-003
 0.1000  0.41206207560606717        5.5966617268795090E-003   9.7476688862957933E-002   1.4610152291147456E-003  0.33884629101680003        5.2563317598622534E-003
 0.1200  0.43500558103945486        4.5341543854205621E-003  0.11235325272169196        1.1128223388311537E-003  0.37748840561663627        4.3561727241108001E-003
 0.1400  0.46371034504105535        3.7561497510414832E-003  0.12466470446785888        7.6589348479812463E-004  0.40290623370870132        3.4904190837210763E-003
 0.1600  0.49657542209312605        3.2064138591195858E-003  0.13495815706684794        5.1085248819683995E-004  0.41849409870317528        2.8159271498421779E-003
 0.1800  0.53230364619093407        2.8086082670878412E-003  0.14377460003364545        3.4440113316612167E-004  0.42739840137305340        2.3124640815445898E-003
 0.2000  0.56997223452313517        2.5055413217732639E-003  0.15151527921870461        2.3956162485820747E-004  0.43192118983035838        1.9291418545082410E-003
 0.2200  0.60895318550462618        2.2627329570300775E-003  0.15845073149424993        1.7325196894471217E-004  0.43360028183766292        1.6285065287635146E-003
 0.2400  0.64882340615062140        2.0610223372281343E-003  0.16475956858874008        1.3032771753319691E-004  0.43343046440428373        1.3874460594917751E-003
 0.2600  0.68929760647533056        1.8896883286511799E-003  0.17056127102824525        1.0162482040618673E-004  0.43205109806301190        1.1914279540479029E-003
 0.2800  0.73018329607377486        1.7422974535745181E-003  0.17593817700960801        8.1723596316956592E-005  0.42987497512188250        1.0305762825893491E-003
 0.3000  0.77135129911871569        1.6145865139668696E-003  0.18094918355732861        6.7415575770844960E-005  0.42717096304236751        8.9768480877102047E-004
 0.3200  0.81271626979434797        1.5034536926769762E-003  0.18563810973269904        5.6773212339500184E-005  0.42411594630208371        7.8725305304684775E-004
 0.3400  0.85422356034271441        1.4064863937636733E-003  0.19003881272035722        4.8611226745420670E-005  0.42082745440934172        6.9498330133483169E-004
 0.3600  0.89584018467718873        1.3217290600416878E-003  0.19417835998315985        4.2180841464787957E-005  0.41738431340835824        6.1747820882273533E-004
 0.3800  0.93754848551989145        1.2475604013057631E-003  0.19807903531323964        3.6996093526964456E-005  0.41383985729984996        5.5203557507709064E-004
 0.4000  0.97934164224687026        1.1826182141562167E-003  0.20175963770847744        3.2733423987988659E-005  0.41023047208928054        4.9649624524799479E-004


