# pion mass (\sigma_1)
"*"
   11  64  5.00  0.2100  0.9215921032042683E+00  0.5948857222146545E-03  10000
   11  64  5.00  0.2150  0.8455223370276733E+00  0.4547412562798010E-03  10000
   11  64  5.00  0.2200  0.7707567576281901E+00  0.4535392555312906E-03  10000
   11  64  5.00  0.2231  0.7250022423317962E+00  0.5182234249915490E-03  10000
   11  64  5.00  0.2250  0.6964626444805073E+00  0.5742265542615887E-03  10000
   11  64  5.00  0.2262  0.6789264095025394E+00  0.5281036981494161E-03  10000
   11  64  5.00  0.2293  0.6338133810618301E+00  0.6926606551908019E-03  10000
   11  64  5.00  0.2300  0.6235668283053944E+00  0.7075344906909122E-03  10000
   11  64  5.00  0.2324  0.5882880912542710E+00  0.6162880917069803E-03  10000
   11  64  5.00  0.2350  0.5515842162802650E+00  0.9263910853533389E-03  10000
   11  64  5.00  0.2356  0.5418954293909967E+00  0.7104899548364598E-03  10000
   11  64  5.00  0.2387  0.4989422883654661E+00  0.8390001681404462E-03  10000
   11  64  5.00  0.2400  0.4811470611885415E+00  0.9340102370630383E-03  10000
   11  64  5.00  0.2418  0.4578814269696482E+00  0.8447588698336885E-03  10000
   11  64  5.00  0.2449  0.4140413359537106E+00  0.1093427975303308E-02  10000
   11  64  5.00  0.2480  0.3790561340851706E+00  0.1292984755280274E-02  10000
   11  64  5.00  0.2500  0.3560990470250090E+00  0.2322753106473105E-02  10000
   11  64  5.00  0.2515  0.3396437893441085E+00  0.1609615022928481E-02  10000
   11  64  5.00  0.2530  0.3259851499632790E+00  0.2287255860461307E-02  10000
   11  64  5.00  0.2545  0.3136501499596480E+00  0.2427186928461579E-02  10000
   11  64  5.00  0.2560  0.3058554977653133E+00  0.3665815120484253E-02  10000
   11  64  5.00  0.2575  0.3065258997213429E+00  0.6611810455778369E-02  10000
   11  64  5.00  0.2590  0.3175809690334007E+00  0.1873632548955746E-01  10000
   11  64  5.00  0.2605  0.1813257606221072E+01  0.1155079698723860E+03  10000
   11  64  5.00  0.2620  0.3410725590108425E+00  0.9687099146553291E-01  10000
   11  64  5.00  0.2625  0.3263073506805497E+00  0.4654948621918929E-01  10000
   11  64  5.00  0.2630  0.3130673814046405E+00  0.2009150703272582E-01  10000
   11  64  5.00  0.2635  0.3271038355240716E+00  0.1228594657117471E-01  10000


# pseudoscalar mass (\sigma_3)
"*"
   11  64  5.00  0.2100  0.9218830888708055E+00  0.8438171301911738E-03  10000
   11  64  5.00  0.2150  0.8457291895764524E+00  0.5359326562926845E-03  10000
   11  64  5.00  0.2200  0.7708370698465024E+00  0.4810782842797192E-03  10000
   11  64  5.00  0.2231  0.7250486655780558E+00  0.5367925830195898E-03  10000
   11  64  5.00  0.2250  0.6965629989749077E+00  0.5783365487114218E-03  10000
   11  64  5.00  0.2262  0.6789726721228295E+00  0.5361886316231335E-03  10000
   11  64  5.00  0.2293  0.6338564499270273E+00  0.6850964729430216E-03  10000
   11  64  5.00  0.2300  0.6236189487058758E+00  0.6797398503247423E-03  10000
   11  64  5.00  0.2324  0.5883575293574659E+00  0.6158858817262214E-03  10000
   11  64  5.00  0.2350  0.5517768446093840E+00  0.9120755304808001E-03  10000
   11  64  5.00  0.2356  0.5419468705796220E+00  0.6688379968690760E-03  10000
   11  64  5.00  0.2387  0.4988994154548501E+00  0.8188368852094841E-03  10000
   11  64  5.00  0.2400  0.4812617324424641E+00  0.9264835619019262E-03  10000
   11  64  5.00  0.2418  0.4578457475720941E+00  0.8400762167708823E-03  10000
   11  64  5.00  0.2449  0.4138472420816485E+00  0.1151651583050846E-02  10000
   11  64  5.00  0.2480  0.3790028772478680E+00  0.1182164675000808E-02  10000
   11  64  5.00  0.2500  0.3566852369164783E+00  0.1697585182727548E-02  10000
   11  64  5.00  0.2515  0.3392549360618912E+00  0.1515835807809160E-02  10000
   11  64  5.00  0.2530  0.3260071334863204E+00  0.1682001354595912E-02  10000
   11  64  5.00  0.2545  0.3127164195896213E+00  0.1679801131700870E-02  10000
   11  64  5.00  0.2560  0.3055638444442945E+00  0.2003844968323090E-02  10000
   11  64  5.00  0.2575  0.3064335975841059E+00  0.3812579756940976E-02  10000
   11  64  5.00  0.2590  0.3131545603944791E+00  0.3465985423333310E-02  10000
   11  64  5.00  0.2605  0.3218424230459957E+00  0.6764003281924393E-02  10000
   11  64  5.00  0.2620  0.3297210848147425E+00  0.4971070104338779E-02  10000
   11  64  5.00  0.2625  0.3297805054480979E+00  0.4515964039910781E-02  10000
   11  64  5.00  0.2630  0.3307226583671766E+00  0.4302789760231231E-02  10000
   11  64  5.00  0.2635  0.3308948061217219E+00  0.4419653027657728E-02  10000


# eta mass (\sigma_1)
"*"
   11  64  5.00  0.2100  0.1057184516787953E+01  0.2824749424421325E+01  10000
   11  64  5.00  0.2150                     NaN                     NaN  10000
   11  64  5.00  0.2200                     NaN                     NaN  10000
   11  64  5.00  0.2231  0.8554589711350444E+00  0.5366418285312182E+02  10000
   11  64  5.00  0.2250  0.8126736160045003E+00  0.3429216220842081E+02  10000
   11  64  5.00  0.2262  0.7861451879373397E+00  0.2505650241946647E+02  10000
   11  64  5.00  0.2293  0.7582546018000937E+00  0.5573068715507199E+00  10000
   11  64  5.00  0.2300                     NaN                     NaN  10000
   11  64  5.00  0.2324  0.6899547895590818E+00  0.2830551510257805E+00  10000
   11  64  5.00  0.2350  0.6543583806318393E+00  0.7448670248989960E+02  10000
   11  64  5.00  0.2356  0.6453327402824904E+00  0.2054037744319464E+00  10000
   11  64  5.00  0.2387  0.6024417018037775E+00  0.2021433035384779E+00  10000
   11  64  5.00  0.2400  0.5947126159661387E+00  0.2071961658436682E+00  10000
   11  64  5.00  0.2418  0.5535054677194619E+00  0.1695057351552438E+00  10000
   11  64  5.00  0.2449  0.5078332361260716E+00  0.1329161536348683E+00  10000
   11  64  5.00  0.2480  0.4715192518476710E+00  0.9314902953294171E-01  10000
   11  64  5.00  0.2500  0.4154040875154139E+00  0.9231716393381212E-01  10000
   11  64  5.00  0.2515  0.4240127438044304E+00  0.6870715545158257E-01  10000
   11  64  5.00  0.2530  0.4291578043008946E+00  0.9269090490970905E-01  10000
   11  64  5.00  0.2545  0.4069921211415595E+00  0.7939793333588271E-01  10000
   11  64  5.00  0.2560  0.4082684202751445E+00  0.9721177797058156E-01  10000
   11  64  5.00  0.2575  0.4299253310543574E+00  0.1179493457554110E+00  10000
   11  64  5.00  0.2590  0.4094228633782586E+00  0.9755859889778642E-01  10000
   11  64  5.00  0.2605  0.3761016582873789E+00  0.1186127213530822E+00  10000
   11  64  5.00  0.2620  0.4272840645139949E+00  0.2678904438283818E+00  10000
   11  64  5.00  0.2625  0.4244604219752176E+00  0.1113580865387158E+00  10000
   11  64  5.00  0.2630  0.3868860531941324E+00  0.1291879337013371E+00  10000
   11  64  5.00  0.2635  0.4499921296284667E+00  0.1218337650101737E+00  10000

