# pion mass (\sigma_1)
"*"
   11  64  5.00  0.2100  0.9214864572853718E+00  0.7318800701211313E-03  10000
   11  64  5.00  0.2150  0.8454681700424115E+00  0.4702081154853460E-03  10000
   11  64  5.00  0.2200  0.7707360989018471E+00  0.5061675146974704E-03  10000
   11  64  5.00  0.2231  0.7251001859524661E+00  0.5715808263368603E-03  10000
   11  64  5.00  0.2250  0.6964626444805073E+00  0.5742265542615887E-03  10000
   11  64  5.00  0.2262  0.6789264095025394E+00  0.5281036981494161E-03  10000
   11  64  5.00  0.2293  0.6338858899291573E+00  0.8559865475186364E-03  10000
   11  64  5.00  0.2300  0.6228557303679697E+00  0.1136003160914419E-02  10000
   11  64  5.00  0.2324  0.5882029254528309E+00  0.6622809254470215E-03  10000
   11  64  5.00  0.2350  0.5512865025883044E+00  0.1064851344266387E-02  10000
   11  64  5.00  0.2356  0.5415662422874379E+00  0.9839765621324585E-03  10000
   11  64  5.00  0.2387  0.4993124504735662E+00  0.1435433130341270E-02  10000
   11  64  5.00  0.2400  0.4810841638626138E+00  0.1013090118992636E-02  10000
   11  64  5.00  0.2418  0.4577656612677248E+00  0.1810687150274260E-02  10000
   11  64  5.00  0.2449  0.4141316489203237E+00  0.1500495717184863E-02  10000
   11  64  5.00  0.2480  0.3796788777793309E+00  0.2052716244973315E-02  10000
   11  64  5.00  0.2500  0.3476645799589239E+00  0.4764809306197324E-02  10000
   11  64  5.00  0.2515  0.3402455867700270E+00  0.4858382263354616E-02  10000
   11  64  5.00  0.2530  0.3321640649973133E+00  0.3225307230759802E-02  10000
   11  64  5.00  0.2545  0.3132290020269939E+00  0.2543803007496419E-02  10000
   11  64  5.00  0.2560  0.3053257385003134E+00  0.3744831334946834E-02  10000
   11  64  5.00  0.2575  0.3108302594632451E+00  0.1202557978294248E-01  10000
   11  64  5.00  0.2590  0.3163612423192098E+00  0.1919260387612643E-01  10000
   11  64  5.00  0.2605 -0.6664944683078440E+02  0.1237913292375892E+03  10000
   11  64  5.00  0.2620  0.3066336688997400E+00  0.2050257356297100E+00  10000
   11  64  5.00  0.2625  0.3236481054480122E+00  0.9687266994510844E-01  10000
   11  64  5.00  0.2630  0.3077405277379878E+00  0.2027281606553103E-01  10000
   11  64  5.00  0.2635  0.3241632537748649E+00  0.1280989072569512E-01  10000


# pseudoscalar mass (\sigma_3)
"*"
   11  64  5.00  0.2100  0.9217126116770292E+00  0.1062671879634214E-02  10000
   11  64  5.00  0.2150  0.8456368934804507E+00  0.5916673653068537E-03  10000
   11  64  5.00  0.2200  0.7707991478285322E+00  0.5405801911380859E-03  10000
   11  64  5.00  0.2231  0.7250486655780558E+00  0.5367925830195898E-03  10000
   11  64  5.00  0.2250  0.6964829637004579E+00  0.5838071446070874E-03  10000
   11  64  5.00  0.2262  0.6789726721228295E+00  0.5361886316231335E-03  10000
   11  64  5.00  0.2293  0.6338004003907618E+00  0.7070300601265780E-03  10000
   11  64  5.00  0.2300  0.6231927888704503E+00  0.9176300447506041E-03  10000
   11  64  5.00  0.2324  0.5882778870747236E+00  0.6286648534878226E-03  10000
   11  64  5.00  0.2350  0.5514140251280819E+00  0.1050753302659798E-02  10000
   11  64  5.00  0.2356  0.5416689503028973E+00  0.8928711154066410E-03  10000
   11  64  5.00  0.2387  0.4993763376239842E+00  0.1318914604298333E-02  10000
   11  64  5.00  0.2400  0.4810160643336003E+00  0.1131915121505678E-02  10000
   11  64  5.00  0.2418  0.4578518208456808E+00  0.1184138962186470E-02  10000
   11  64  5.00  0.2449  0.4136981017020074E+00  0.1213241335973978E-02  10000
   11  64  5.00  0.2480  0.3793475975593441E+00  0.1773693051385800E-02  10000
   11  64  5.00  0.2500  0.3563833821214584E+00  0.1779162974299019E-02  10000
   11  64  5.00  0.2515  0.3401359661431670E+00  0.2745663952308239E-02  10000
   11  64  5.00  0.2530  0.3257734058225438E+00  0.1791280131179370E-02  10000
   11  64  5.00  0.2545  0.3119472358589047E+00  0.2960821775054333E-02  10000
   11  64  5.00  0.2560  0.3053834197956113E+00  0.2068185131468560E-02  10000
   11  64  5.00  0.2575  0.3093780098387818E+00  0.6724626946595568E-02  10000
   11  64  5.00  0.2590  0.3154201916676002E+00  0.8987169002631858E-02  10000
   11  64  5.00  0.2605  0.3122205062064694E+00  0.9209013609811958E-02  10000
   11  64  5.00  0.2620  0.3352999618104859E+00  0.1112584160442649E-01  10000
   11  64  5.00  0.2625  0.3333181731256369E+00  0.1292336465484194E-01  10000
   11  64  5.00  0.2630  0.3353081480572905E+00  0.8635619928307551E-02  10000
   11  64  5.00  0.2635  0.3322024871303950E+00  0.9111981080839472E-02  10000


# eta mass (\sigma_1)
"*"
   11  64  5.00  0.2100  0.9420896596258559E+00  0.3051508930771017E+01  10000
   11  64  5.00  0.2150                     NaN                     NaN  10000
   11  64  5.00  0.2200                     NaN                     NaN  10000
   11  64  5.00  0.2231  0.7812994234675330E+00  0.6547489327617303E+02  10000
   11  64  5.00  0.2250  0.7250366454290973E+00  0.5444354139229354E+02  10000
   11  64  5.00  0.2262  0.6888328457912190E+00  0.1104933732385682E+03  10000
   11  64  5.00  0.2293  0.6525195843868069E+00  0.1092324076503691E+03  10000
   11  64  5.00  0.2300                     NaN                     NaN  10000
   11  64  5.00  0.2324  0.6243413124491246E+00  0.5913112524793708E+00  10000
   11  64  5.00  0.2350  0.5862955794089207E+00  0.9784262017923129E+02  10000
   11  64  5.00  0.2356  0.5798586324073546E+00  0.6704341095406855E+02  10000
   11  64  5.00  0.2387  0.4566111694048598E+00  0.8135190914464206E+02  10000
   11  64  5.00  0.2400  0.5401132850618005E+00  0.5554635757383986E+02  10000
   11  64  5.00  0.2418  0.5754921017359742E+00  0.5963773466293463E+02  10000
   11  64  5.00  0.2449  0.4262891313178983E+00  0.3442599889116727E+02  10000
   11  64  5.00  0.2480  0.4211339855222299E+00  0.4829953037668731E+02  10000
   11  64  5.00  0.2500  0.3969473846446151E+00  0.5927003942456233E+02  10000
   11  64  5.00  0.2515  0.3814630641736435E+00  0.5083376900990866E+02  10000
   11  64  5.00  0.2530  0.5782089825741613E-01  0.3517912927609888E+02  10000
   11  64  5.00  0.2545  0.3670230279129690E+00  0.1141437420498956E+00  10000
   11  64  5.00  0.2560  0.3592166239399172E+00  0.4500537445655787E+02  10000
   11  64  5.00  0.2575  0.4106430318757536E+00  0.1080440041273345E+03  10000
   11  64  5.00  0.2590 -0.2495606151224730E-01  0.1004906571972800E+03  10000
   11  64  5.00  0.2605  0.1754704751592007E+00  0.1161108282972959E+03  10000
   11  64  5.00  0.2620 -0.1613487236969045E+00  0.1330468137029281E+03  10000
   11  64  5.00  0.2625  0.3681052065644689E+00  0.4442050426578285E+02  10000
   11  64  5.00  0.2630  0.2498940692109548E+00  0.3423774703736910E+02  10000
   11  64  5.00  0.2635  0.5976340248614833E-01  0.6633129523164399E+02  10000

