# fermion mass from PCAC relation
"m"
   11  64  5.00  0.2100  0.3945835577151468E+00  0.2841872646367551E-01  10000
   11  64  5.00  0.2150  0.3523571813372591E+00  0.1343290133390981E-01  10000
   11  64  5.00  0.2200  0.3114574284926712E+00  0.4621441140526402E-02  10000
   11  64  5.00  0.2231  0.2865204523887443E+00  0.3217387675057673E-02  10000
   11  64  5.00  0.2250  0.2713324574367464E+00  0.3202383281761236E-02  10000
   11  64  5.00  0.2262  0.2619124837940676E+00  0.2893116436467635E-02  10000
   11  64  5.00  0.2293  0.2377163864024958E+00  0.3154895986646740E-02  10000
   11  64  5.00  0.2300  0.2322230447182774E+00  0.2774683304990486E-02  10000
   11  64  5.00  0.2324  0.2134461412536106E+00  0.2583748752815506E-02  10000
   11  64  5.00  0.2350  0.1937187418153846E+00  0.2932488390029651E-02  10000
   11  64  5.00  0.2356  0.1890670175798632E+00  0.2301003336314843E-02  10000
   11  64  5.00  0.2387  0.1655979179301251E+00  0.3009153303909582E-02  10000
   11  64  5.00  0.2400  0.1559697259269266E+00  0.2740642469211538E-02  10000
   11  64  5.00  0.2418  0.1424012437381220E+00  0.2209171691660993E-02  10000
   11  64  5.00  0.2449  0.1192078656205369E+00  0.2297383375562457E-02  10000
   11  64  5.00  0.2480  0.9654654700208101E-01  0.1878806961539933E-02  10000
   11  64  5.00  0.2500  0.8182652965324247E-01  0.2505211595390148E-02  10000
   11  64  5.00  0.2515  0.7059722353278346E-01  0.2296472695403106E-02  10000
   11  64  5.00  0.2530  0.5981325547392981E-01  0.2001347802045272E-02  10000
   11  64  5.00  0.2545  0.4878064552103344E-01  0.1711606577514944E-02  10000
   11  64  5.00  0.2560  0.3817965075500074E-01  0.1755065424474265E-02  10000
   11  64  5.00  0.2575  0.2819513127070393E-01  0.2271788981983929E-02  10000
   11  64  5.00  0.2590  0.1751543503897486E-01  0.1927356815789917E-02  10000
   11  64  5.00  0.2605  0.5150605390001711E-02  0.2022891217025793E-02  10000
   11  64  5.00  0.2620 -0.7532951843879265E-02  0.1404299231636514E-02  10000
   11  64  5.00  0.2625 -0.1196018600681066E-01  0.1482755641639711E-02  10000
   11  64  5.00  0.2630 -0.1652901895195442E-01  0.2499557104490816E-02  10000
   11  64  5.00  0.2635 -0.2131121506467751E-01  0.2564955499348122E-02  10000

