#  Re(op_pbp_e)                                                    
  11  64  5.00  0.2100  7.536  0.514  0.519
#  Re(op_pbp_e)                                                    
  11  64  5.00  0.2150  3.075  0.518  0.344
#  Re(op_pbp_e)                                                    
  11  64  5.00  0.2200  6.062  0.587  0.518
#  Re(op_pbp_e)                                                    
  11  64  5.00  0.2231  1.572  0.527  0.489
#  Re(op_pbp_e)                                                    
  11  64  5.00  0.2250  3.525  0.565  0.626
#  Re(op_pbp_e)                                                    
  11  64  5.00  0.2262  0.490  0.543  0.624
#  Re(op_pbp_e)                                                    
  11  64  5.00  0.2293  2.087  0.575  0.294
#  Re(op_pbp_e)                                                    
  11  64  5.00  0.2300  1.285  0.552  0.756
#  Re(op_pbp_e)                                                    
  11  64  5.00  0.2324  7.118  0.543  1.004
#  Re(op_pbp_e)                                                    
  11  64  5.00  0.2350    NaN  0.519  0.569
#  Re(op_pbp_e)                                                    
  11  64  5.00  0.2356  1.404  0.563  0.544
#  Re(op_pbp_e)                                                    
  11  64  5.00  0.2387  1.233  0.582  0.504
#  Re(op_pbp_e)                                                    
  11  64  5.00  0.2400  2.125  0.563  0.361
#  Re(op_pbp_e)                                                    
  11  64  5.00  0.2418  1.017  0.593  0.408
#  Re(op_pbp_e)                                                    
  11  64  5.00  0.2449  2.079  0.621  0.807
#  Re(op_pbp_e)                                                    
  11  64  5.00  0.2480  1.569  0.652  0.725
#  Re(op_pbp_e)                                                    
  11  64  5.00  0.2500  1.072  0.683  0.482
#  Re(op_pbp_e)                                                    
  11  64  5.00  0.2515  1.391  0.781  1.043
#  Re(op_pbp_e)                                                    
  11  64  5.00  0.2530  1.109  0.865  1.473
#  Re(op_pbp_e)                                                    
  11  64  5.00  0.2545  2.184  1.119  0.560
#  Re(op_pbp_e)                                                    
  11  64  5.00  0.2560  1.708  1.228  0.620
#  Re(op_pbp_e)                                                    
  11  64  5.00  0.2575  1.756  1.463  1.701
#  Re(op_pbp_e)                                                    
  11  64  5.00  0.2590  2.150  1.642  1.398
#  Re(op_pbp_e)                                                    
  11  64  5.00  0.2605  1.485  1.436  2.066
#  Re(op_pbp_e)                                                    
  11  64  5.00  0.2620  0.916  1.055  1.634
#  Re(op_pbp_e)                                                    
  11  64  5.00  0.2625  1.012  0.920  0.789
#  Re(op_pbp_e)                                                    
  11  64  5.00  0.2630  1.305  0.868  1.019
#  Re(op_pbp_e)                                                    
  11  64  5.00  0.2635  0.788  0.822  1.008
