#-----------------------------------------------------------
#beta =   5.00   kappa =   0.2100
#  Re(op_pbp_e)                                                    
#
#    -6  0.19038E+01  jk failed  0.801E-03  jk failed     5
     -5  0.19031E+01  0.316E-03  0.148E-02  0.740E-06    23
     -4  0.19026E+01  0.151E-03  0.132E-02  0.253E-06    95
     -3  0.19024E+01  0.954E-04  0.160E-02  0.195E-06   316
     -2  0.19021E+01  0.596E-04  0.158E-02  0.103E-06   738
     -1  0.19020E+01  0.559E-04  0.163E-02  0.105E-06  1340
      0  0.19019E+01  0.409E-04  0.158E-02  0.753E-07  1812
      1  0.19021E+01  0.337E-04  0.163E-02  0.830E-07  1999
      2  0.19021E+01  0.457E-04  0.162E-02  0.995E-07  1704
      3  0.19023E+01  0.546E-04  0.159E-02  0.113E-06  1109
      4  0.19027E+01  0.562E-04  0.150E-02  0.146E-06   558
      5  0.19031E+01  0.124E-03  0.164E-02  0.262E-06   209
      6  0.19036E+01  0.129E-03  0.137E-02  0.266E-06    80
      7  0.19048E+01  0.474E-03  0.157E-02  0.120E-05    12
&-----------------------------------------------------------
#beta =   5.00   kappa =   0.2150
#  Re(op_pbp_e)                                                    
#
#    -6  0.18897E+01  jk failed  0.127E-02  jk failed     3
     -5  0.18900E+01  0.503E-03  0.224E-02  0.137E-05    29
     -4  0.18893E+01  0.211E-03  0.198E-02  0.415E-06   107
     -3  0.18889E+01  0.132E-03  0.202E-02  0.245E-06   255
     -2  0.18889E+01  0.737E-04  0.211E-02  0.275E-06   699
     -1  0.18886E+01  0.549E-04  0.201E-02  0.174E-06  1304
      0  0.18885E+01  0.555E-04  0.214E-02  0.189E-06  1789
      1  0.18885E+01  0.465E-04  0.211E-02  0.146E-06  1986
      2  0.18888E+01  0.463E-04  0.209E-02  0.126E-06  1772
      3  0.18891E+01  0.680E-04  0.207E-02  0.191E-06  1164
      4  0.18894E+01  0.628E-04  0.192E-02  0.213E-06   574
      5  0.18902E+01  0.118E-03  0.196E-02  0.261E-06   237
      6  0.18905E+01  0.263E-03  0.194E-02  0.673E-06    71
#     7  0.18921E+01  jk failed  0.214E-02  jk failed     9
#     8  0.18906E+01  jk failed  0.000E+00  jk failed     1
&-----------------------------------------------------------
#beta =   5.00   kappa =   0.2200
#  Re(op_pbp_e)                                                    
#
#    -6  0.18782E+01  jk failed  0.263E-02  jk failed     3
     -5  0.18751E+01  0.658E-03  0.255E-02  0.320E-05    16
     -4  0.18740E+01  0.304E-03  0.304E-02  0.120E-05   100
     -3  0.18740E+01  0.199E-03  0.269E-02  0.547E-06   277
     -2  0.18736E+01  0.946E-04  0.267E-02  0.363E-06   713
     -1  0.18732E+01  0.817E-04  0.277E-02  0.416E-06  1241
      0  0.18732E+01  0.635E-04  0.283E-02  0.319E-06  1848
      1  0.18733E+01  0.384E-04  0.271E-02  0.228E-06  2066
      2  0.18737E+01  0.723E-04  0.261E-02  0.258E-06  1755
      3  0.18740E+01  0.570E-04  0.266E-02  0.253E-06  1154
      4  0.18749E+01  0.964E-04  0.248E-02  0.299E-06   538
      5  0.18756E+01  0.153E-03  0.236E-02  0.484E-06   211
      6  0.18761E+01  0.247E-03  0.226E-02  0.859E-06    72
#     7  0.18768E+01  jk failed  0.149E-02  jk failed     5
#     8  0.18787E+01  jk failed  0.000E+00  jk failed     1
&-----------------------------------------------------------
#beta =   5.00   kappa =   0.2231
#  Re(op_pbp_e)                                                    
#
#    -6  0.18661E+01  jk failed  0.132E-02  jk failed     4
     -5  0.18660E+01  0.648E-03  0.313E-02  0.329E-05    29
     -4  0.18640E+01  0.306E-03  0.303E-02  0.106E-05    98
     -3  0.18636E+01  0.187E-03  0.301E-02  0.709E-06   308
     -2  0.18632E+01  0.117E-03  0.312E-02  0.415E-06   710
     -1  0.18626E+01  0.951E-04  0.332E-02  0.544E-06  1349
      0  0.18626E+01  0.813E-04  0.335E-02  0.329E-06  1938
      1  0.18628E+01  0.807E-04  0.330E-02  0.286E-06  2054
      2  0.18632E+01  0.767E-04  0.312E-02  0.293E-06  1723
      3  0.18638E+01  0.777E-04  0.307E-02  0.385E-06  1044
      4  0.18649E+01  0.111E-03  0.295E-02  0.496E-06   478
      5  0.18657E+01  0.235E-03  0.278E-02  0.930E-06   192
      6  0.18666E+01  0.499E-03  0.293E-02  0.177E-05    59
      7  0.18678E+01  0.829E-03  0.287E-02  0.394E-05    13
#     8  0.18676E+01  jk failed  0.000E+00  jk failed     1
&-----------------------------------------------------------
#beta =   5.00   kappa =   0.2250
#  Re(op_pbp_e)                                                    
#
#    -7  0.18627E+01  jk failed  0.000E+00  jk failed     1
#    -6  0.18593E+01  jk failed  0.000E+00  jk failed     1
     -5  0.18586E+01  0.485E-03  0.222E-02  0.130E-05    22
     -4  0.18578E+01  0.290E-03  0.301E-02  0.102E-05   133
     -3  0.18563E+01  0.201E-03  0.347E-02  0.778E-06   326
     -2  0.18559E+01  0.122E-03  0.361E-02  0.587E-06   737
     -1  0.18555E+01  0.963E-04  0.369E-02  0.567E-06  1426
      0  0.18556E+01  0.691E-04  0.376E-02  0.479E-06  1972
      1  0.18558E+01  0.647E-04  0.361E-02  0.386E-06  2059
      2  0.18564E+01  0.101E-03  0.357E-02  0.526E-06  1645
      3  0.18570E+01  0.993E-04  0.351E-02  0.582E-06  1022
      4  0.18579E+01  0.158E-03  0.357E-02  0.844E-06   457
      5  0.18587E+01  0.239E-03  0.327E-02  0.138E-05   150
      6  0.18608E+01  0.545E-03  0.273E-02  0.251E-05    36
      7  0.18624E+01  0.665E-03  0.230E-02  0.232E-05    13
&-----------------------------------------------------------
#beta =   5.00   kappa =   0.2262
#  Re(op_pbp_e)                                                    
#
#    -7  0.18560E+01  jk failed  0.000E+00  jk failed     1
#    -6  0.18561E+01  jk failed  0.178E-02  jk failed     4
     -5  0.18546E+01  0.789E-03  0.325E-02  0.398E-05    18
     -4  0.18537E+01  0.331E-03  0.356E-02  0.177E-05    98
     -3  0.18526E+01  0.248E-03  0.385E-02  0.105E-05   311
     -2  0.18519E+01  0.135E-03  0.375E-02  0.534E-06   742
     -1  0.18513E+01  0.104E-03  0.397E-02  0.655E-06  1370
      0  0.18511E+01  0.820E-04  0.408E-02  0.446E-06  2033
      1  0.18515E+01  0.620E-04  0.383E-02  0.628E-06  2051
      2  0.18518E+01  0.866E-04  0.381E-02  0.514E-06  1713
      3  0.18529E+01  0.108E-03  0.371E-02  0.602E-06   997
      4  0.18534E+01  0.182E-03  0.341E-02  0.673E-06   449
      5  0.18548E+01  0.224E-03  0.354E-02  0.162E-05   159
      6  0.18570E+01  0.600E-03  0.335E-02  0.237E-05    43
#     7  0.18603E+01  jk failed  0.188E-02  jk failed     6
#     8  0.18606E+01  jk failed  0.186E-02  jk failed     5
&-----------------------------------------------------------
#beta =   5.00   kappa =   0.2293
#  Re(op_pbp_e)                                                    
#
#    -6  0.18440E+01  jk failed  0.143E-02  jk failed     2
     -5  0.18450E+01  0.984E-03  0.440E-02  0.612E-05    21
     -4  0.18413E+01  0.480E-03  0.455E-02  0.288E-05    92
     -3  0.18402E+01  0.220E-03  0.444E-02  0.163E-05   331
     -2  0.18393E+01  0.143E-03  0.467E-02  0.949E-06   719
     -1  0.18389E+01  0.128E-03  0.471E-02  0.830E-06  1356
      0  0.18385E+01  0.136E-03  0.487E-02  0.692E-06  1871
      1  0.18388E+01  0.999E-04  0.479E-02  0.698E-06  2069
      2  0.18396E+01  0.120E-03  0.470E-02  0.589E-06  1754
      3  0.18405E+01  0.142E-03  0.441E-02  0.716E-06  1047
      4  0.18416E+01  0.228E-03  0.434E-02  0.149E-05   488
      5  0.18432E+01  0.325E-03  0.405E-02  0.156E-05   191
      6  0.18452E+01  0.565E-03  0.345E-02  0.252E-05    48
      7  0.18470E+01  0.105E-02  0.316E-02  0.455E-05    10
#     8  0.18470E+01  jk failed  0.000E+00  jk failed     1
&-----------------------------------------------------------
#beta =   5.00   kappa =   0.2300
#  Re(op_pbp_e)                                                    
#
#    -7  0.18483E+01  jk failed  0.636E-03  jk failed     2
#    -6  0.18428E+01  jk failed  0.214E-02  jk failed     6
     -5  0.18413E+01  0.732E-03  0.422E-02  0.415E-05    34
     -4  0.18390E+01  0.446E-03  0.412E-02  0.262E-05    96
     -3  0.18377E+01  0.264E-03  0.475E-02  0.153E-05   315
     -2  0.18363E+01  0.202E-03  0.493E-02  0.125E-05   769
     -1  0.18357E+01  0.121E-03  0.501E-02  0.891E-06  1336
      0  0.18354E+01  0.894E-04  0.504E-02  0.850E-06  1901
      1  0.18357E+01  0.107E-03  0.518E-02  0.813E-06  2069
      2  0.18364E+01  0.127E-03  0.487E-02  0.748E-06  1717
      3  0.18377E+01  0.122E-03  0.460E-02  0.747E-06  1060
      4  0.18391E+01  0.235E-03  0.436E-02  0.142E-05   482
      5  0.18406E+01  0.360E-03  0.426E-02  0.215E-05   162
      6  0.18443E+01  0.737E-03  0.411E-02  0.343E-05    41
#     7  0.18449E+01  jk failed  0.231E-02  jk failed     8
#     8  0.18483E+01  jk failed  0.738E-03  jk failed     2
&-----------------------------------------------------------
#beta =   5.00   kappa =   0.2324
#  Re(op_pbp_e)                                                    
#
#    -6  0.18332E+01  jk failed  0.348E-03  jk failed     2
     -5  0.18320E+01  0.126E-02  0.506E-02  0.852E-05    17
     -4  0.18289E+01  0.653E-03  0.504E-02  0.516E-05    66
     -3  0.18270E+01  0.350E-03  0.544E-02  0.288E-05   273
     -2  0.18257E+01  0.157E-03  0.586E-02  0.182E-05   665
     -1  0.18248E+01  0.175E-03  0.598E-02  0.177E-05  1447
      0  0.18244E+01  0.137E-03  0.595E-02  0.130E-05  2058
      1  0.18249E+01  0.131E-03  0.588E-02  0.100E-05  2167
      2  0.18258E+01  0.141E-03  0.564E-02  0.119E-05  1710
      3  0.18272E+01  0.178E-03  0.536E-02  0.166E-05   969
      4  0.18287E+01  0.225E-03  0.519E-02  0.189E-05   423
      5  0.18308E+01  0.371E-03  0.444E-02  0.216E-05   159
      6  0.18341E+01  0.922E-03  0.473E-02  0.541E-05    39
#     7  0.18350E+01  jk failed  0.235E-02  jk failed     4
#     8  0.18408E+01  jk failed  0.000E+00  jk failed     1
&-----------------------------------------------------------
#beta =   5.00   kappa =   0.2350
#  Re(op_pbp_e)                                                    
#
#    -6  0.18142E+01  jk failed  0.000E+00  jk failed     1
     -5  0.18209E+01  0.755E-03  0.362E-02  0.335E-05    24
     -4  0.18159E+01  0.527E-03  0.514E-02  0.368E-05    79
     -3  0.18149E+01  0.365E-03  0.658E-02  0.308E-05   281
     -2  0.18132E+01  0.265E-03  0.686E-02  0.194E-05   781
     -1  0.18121E+01  0.207E-03  0.719E-02  0.175E-05  1457
      0  0.18117E+01  0.144E-03  0.727E-02  0.138E-05  2047
      1  0.18122E+01  0.138E-03  0.724E-02  0.160E-05  2155
      2  0.18135E+01  0.143E-03  0.674E-02  0.114E-05  1641
      3  0.18151E+01  0.203E-03  0.641E-02  0.206E-05   987
      4  0.18175E+01  0.316E-03  0.608E-02  0.241E-05   411
      5  0.18201E+01  0.508E-03  0.561E-02  0.461E-05   115
      6  0.18250E+01  0.114E-02  0.470E-02  0.552E-05    18
#     7  0.18267E+01  jk failed  0.205E-02  jk failed     2
#     8  0.18294E+01  jk failed  0.000E+00  jk failed     1
&-----------------------------------------------------------
#beta =   5.00   kappa =   0.2356
#  Re(op_pbp_e)                                                    
#
#    -6  0.18264E+01  jk failed  0.000E+00  jk failed     1
     -5  0.18172E+01  0.113E-02  0.437E-02  0.517E-05    16
     -4  0.18149E+01  0.732E-03  0.577E-02  0.428E-05    91
     -3  0.18116E+01  0.381E-03  0.662E-02  0.399E-05   280
     -2  0.18103E+01  0.253E-03  0.719E-02  0.241E-05   744
     -1  0.18089E+01  0.205E-03  0.754E-02  0.240E-05  1418
      0  0.18087E+01  0.152E-03  0.751E-02  0.188E-05  2084
      1  0.18093E+01  0.140E-03  0.751E-02  0.209E-05  2262
      2  0.18106E+01  0.145E-03  0.705E-02  0.152E-05  1651
      3  0.18122E+01  0.191E-03  0.663E-02  0.275E-05   943
      4  0.18152E+01  0.272E-03  0.596E-02  0.209E-05   364
      5  0.18186E+01  0.492E-03  0.572E-02  0.344E-05   122
      6  0.18220E+01  0.898E-03  0.412E-02  0.603E-05    22
#     7  0.18248E+01  jk failed  0.000E+00  jk failed     1
#     8  0.18283E+01  jk failed  0.000E+00  jk failed     1
&-----------------------------------------------------------
#beta =   5.00   kappa =   0.2387
#  Re(op_pbp_e)                                                    
#
     -5  0.18030E+01  0.229E-02  0.758E-02  0.194E-04    12
     -4  0.17994E+01  0.950E-03  0.715E-02  0.846E-05    79
     -3  0.17963E+01  0.466E-03  0.791E-02  0.513E-05   326
     -2  0.17942E+01  0.344E-03  0.893E-02  0.349E-05   733
     -1  0.17918E+01  0.237E-03  0.965E-02  0.337E-05  1504
      0  0.17911E+01  0.143E-03  0.987E-02  0.275E-05  2199
      1  0.17922E+01  0.255E-03  0.919E-02  0.199E-05  2197
      2  0.17937E+01  0.216E-03  0.881E-02  0.288E-05  1638
      3  0.17968E+01  0.244E-03  0.812E-02  0.281E-05   864
      4  0.17998E+01  0.473E-03  0.728E-02  0.364E-05   325
      5  0.18045E+01  0.735E-03  0.726E-02  0.660E-05    98
      6  0.18098E+01  0.127E-02  0.597E-02  0.896E-05    23
#     7  0.18114E+01  jk failed  0.118E-02  jk failed     2
&-----------------------------------------------------------
#beta =   5.00   kappa =   0.2400
#  Re(op_pbp_e)                                                    
#
#    -6  0.17973E+01  jk failed  0.237E-02  jk failed     2
#    -5  0.17986E+01  jk failed  0.768E-02  jk failed     8
     -4  0.17943E+01  0.121E-02  0.775E-02  0.122E-04    54
     -3  0.17897E+01  0.573E-03  0.825E-02  0.552E-05   232
     -2  0.17856E+01  0.381E-03  0.992E-02  0.598E-05   648
     -1  0.17842E+01  0.207E-03  0.103E-01  0.525E-05  1476
      0  0.17834E+01  0.201E-03  0.107E-01  0.344E-05  2112
      1  0.17841E+01  0.183E-03  0.105E-01  0.268E-05  2317
      2  0.17860E+01  0.212E-03  0.968E-02  0.386E-05  1700
      3  0.17895E+01  0.236E-03  0.902E-02  0.311E-05   937
      4  0.17939E+01  0.288E-03  0.765E-02  0.366E-05   383
      5  0.17981E+01  0.560E-03  0.628E-02  0.575E-05   110
      6  0.18017E+01  0.171E-02  0.640E-02  0.261E-04    15
#     7  0.18097E+01  jk failed  0.672E-02  jk failed     5
#     8  0.18152E+01  jk failed  0.000E+00  jk failed     1
&-----------------------------------------------------------
#beta =   5.00   kappa =   0.2418
#  Re(op_pbp_e)                                                    
#
#    -6  0.17962E+01  jk failed  0.000E+00  jk failed     1
     -5  0.17884E+01  0.274E-02  0.866E-02  0.334E-04    11
     -4  0.17855E+01  0.132E-02  0.888E-02  0.156E-04    68
     -3  0.17783E+01  0.575E-03  0.996E-02  0.797E-05   256
     -2  0.17744E+01  0.446E-03  0.108E-01  0.674E-05   718
     -1  0.17726E+01  0.262E-03  0.121E-01  0.425E-05  1535
      0  0.17710E+01  0.266E-03  0.126E-01  0.520E-05  2294
      1  0.17719E+01  0.287E-03  0.122E-01  0.389E-05  2204
      2  0.17752E+01  0.254E-03  0.109E-01  0.320E-05  1660
      3  0.17793E+01  0.337E-03  0.100E-01  0.523E-05   854
      4  0.17845E+01  0.734E-03  0.879E-02  0.586E-05   300
      5  0.17908E+01  0.115E-02  0.791E-02  0.104E-04    84
      6  0.17971E+01  0.165E-02  0.597E-02  0.152E-04    14
#     7  0.17992E+01  jk failed  0.000E+00  jk failed     1
&-----------------------------------------------------------
#beta =   5.00   kappa =   0.2449
#  Re(op_pbp_e)                                                    
#
#    -5  0.17785E+01  jk failed  0.529E-02  jk failed     4
     -4  0.17692E+01  0.157E-02  0.909E-02  0.206E-04    42
     -3  0.17611E+01  0.673E-03  0.113E-01  0.114E-04   249
     -2  0.17534E+01  0.504E-03  0.138E-01  0.948E-05   756
     -1  0.17491E+01  0.394E-03  0.157E-01  0.920E-05  1540
      0  0.17480E+01  0.320E-03  0.164E-01  0.722E-05  2450
      1  0.17503E+01  0.386E-03  0.156E-01  0.565E-05  2388
      2  0.17543E+01  0.315E-03  0.139E-01  0.666E-05  1588
      3  0.17608E+01  0.450E-03  0.118E-01  0.676E-05   646
      4  0.17697E+01  0.817E-03  0.992E-02  0.838E-05   247
      5  0.17766E+01  0.118E-02  0.941E-02  0.150E-04    78
#     6  0.17880E+01  jk failed  0.373E-02  jk failed     8
#     7  0.17945E+01  jk failed  0.947E-02  jk failed     4
&-----------------------------------------------------------
#beta =   5.00   kappa =   0.2480
#  Re(op_pbp_e)                                                    
#
#    -5  0.17649E+01  jk failed  0.122E-01  jk failed     8
     -4  0.17533E+01  0.272E-02  0.138E-01  0.566E-04    36
     -3  0.17409E+01  0.881E-03  0.151E-01  0.189E-04   232
     -2  0.17303E+01  0.687E-03  0.173E-01  0.151E-04   657
     -1  0.17224E+01  0.575E-03  0.201E-01  0.140E-04  1661
      0  0.17191E+01  0.410E-03  0.216E-01  0.135E-04  2574
      1  0.17225E+01  0.427E-03  0.201E-01  0.941E-05  2488
      2  0.17297E+01  0.384E-03  0.169E-01  0.926E-05  1509
      3  0.17411E+01  0.514E-03  0.146E-01  0.107E-04   647
      4  0.17531E+01  0.971E-03  0.112E-01  0.176E-04   154
      5  0.17678E+01  0.195E-02  0.106E-01  0.251E-04    32
#     6  0.17799E+01  jk failed  0.704E-03  jk failed     2
&-----------------------------------------------------------
#beta =   5.00   kappa =   0.2500
#  Re(op_pbp_e)                                                    
#
#    -5  0.17664E+01  jk failed  0.412E-02  jk failed     3
     -4  0.17470E+01  0.298E-02  0.139E-01  0.554E-04    33
     -3  0.17267E+01  0.118E-02  0.170E-01  0.294E-04   165
     -2  0.17139E+01  0.761E-03  0.190E-01  0.195E-04   712
     -1  0.17017E+01  0.443E-03  0.229E-01  0.162E-04  1800
      0  0.16959E+01  0.449E-03  0.267E-01  0.180E-04  2776
      1  0.17030E+01  0.519E-03  0.235E-01  0.173E-04  2424
      2  0.17146E+01  0.376E-03  0.192E-01  0.138E-04  1403
      3  0.17292E+01  0.883E-03  0.171E-01  0.228E-04   537
      4  0.17428E+01  0.154E-02  0.138E-01  0.274E-04   117
      5  0.17624E+01  0.287E-02  0.108E-01  0.457E-04    28
#     6  0.17669E+01  jk failed  0.676E-02  jk failed     2
&-----------------------------------------------------------
#beta =   5.00   kappa =   0.2515
#  Re(op_pbp_e)                                                    
#
#    -5  0.17587E+01  jk failed  0.000E+00  jk failed     1
     -4  0.17410E+01  0.489E-02  0.206E-01  0.110E-03    25
     -3  0.17188E+01  0.162E-02  0.180E-01  0.355E-04   130
     -2  0.17013E+01  0.737E-03  0.205E-01  0.216E-04   647
     -1  0.16852E+01  0.774E-03  0.252E-01  0.203E-04  1838
      0  0.16763E+01  0.690E-03  0.296E-01  0.191E-04  3089
      1  0.16853E+01  0.472E-03  0.244E-01  0.178E-04  2584
      2  0.17022E+01  0.584E-03  0.203E-01  0.154E-04  1249
      3  0.17218E+01  0.917E-03  0.175E-01  0.246E-04   361
      4  0.17376E+01  0.202E-02  0.160E-01  0.643E-04    67
#     5  0.17573E+01  jk failed  0.178E-01  jk failed     6
#     6  0.17782E+01  jk failed  0.135E-01  jk failed     3
&-----------------------------------------------------------
#beta =   5.00   kappa =   0.2530
#  Re(op_pbp_e)                                                    
#
#    -5  0.17494E+01  jk failed  0.000E+00  jk failed     1
     -4  0.17310E+01  0.424E-02  0.159E-01  0.794E-04    15
     -3  0.17111E+01  0.191E-02  0.215E-01  0.768E-04   129
     -2  0.16883E+01  0.861E-03  0.224E-01  0.287E-04   639
     -1  0.16668E+01  0.577E-03  0.272E-01  0.183E-04  1913
      0  0.16537E+01  0.670E-03  0.343E-01  0.284E-04  3273
      1  0.16676E+01  0.578E-03  0.274E-01  0.201E-04  2578
      2  0.16898E+01  0.645E-03  0.236E-01  0.246E-04  1114
      3  0.17133E+01  0.979E-03  0.195E-01  0.294E-04   303
      4  0.17347E+01  0.344E-02  0.155E-01  0.568E-04    31
#     5  0.17438E+01  jk failed  0.211E-01  jk failed     4
&-----------------------------------------------------------
#beta =   5.00   kappa =   0.2545
#  Re(op_pbp_e)                                                    
#
#    -5  0.17582E+01  jk failed  0.333E-02  jk failed     4
#    -4  0.17243E+01  jk failed  0.217E-01  jk failed     4
     -3  0.17085E+01  0.222E-02  0.220E-01  0.770E-04    68
     -2  0.16767E+01  0.134E-02  0.258E-01  0.741E-04   498
     -1  0.16495E+01  0.566E-03  0.293E-01  0.250E-04  1992
      0  0.16267E+01  0.767E-03  0.376E-01  0.317E-04  3686
      1  0.16487E+01  0.435E-03  0.290E-01  0.240E-04  2564
      2  0.16774E+01  0.635E-03  0.245E-01  0.296E-04   920
      3  0.17101E+01  0.168E-02  0.267E-01  0.104E-03   215
      4  0.17343E+01  0.528E-02  0.272E-01  0.164E-03    43
#     5  0.17609E+01  jk failed  0.326E-01  jk failed     6
&-----------------------------------------------------------
#beta =   5.00   kappa =   0.2560
#  Re(op_pbp_e)                                                    
#
#    -4  0.17518E+01  jk failed  0.178E-01  jk failed     6
     -3  0.17070E+01  0.480E-02  0.350E-01  0.252E-03    63
     -2  0.16666E+01  0.134E-02  0.290E-01  0.678E-04   435
     -1  0.16283E+01  0.748E-03  0.288E-01  0.480E-04  2024
      0  0.15947E+01  0.763E-03  0.364E-01  0.638E-04  4256
      1  0.16290E+01  0.566E-03  0.301E-01  0.463E-04  2444
      2  0.16686E+01  0.134E-02  0.305E-01  0.725E-04   656
      3  0.17087E+01  0.234E-02  0.293E-01  0.109E-03   101
      4  0.17377E+01  0.589E-02  0.220E-01  0.249E-03    15
&-----------------------------------------------------------
#beta =   5.00   kappa =   0.2575
#  Re(op_pbp_e)                                                    
#
#    -4  0.17799E+01  jk failed  0.470E-01  jk failed     6
     -3  0.16952E+01  0.920E-02  0.431E-01  0.572E-03    36
     -2  0.16585E+01  0.173E-02  0.340E-01  0.116E-03   311
     -1  0.16086E+01  0.780E-03  0.308E-01  0.580E-04  1913
      0  0.15638E+01  0.733E-03  0.339E-01  0.729E-04  5112
      1  0.16093E+01  0.807E-03  0.313E-01  0.911E-04  2265
      2  0.16601E+01  0.184E-02  0.351E-01  0.104E-03   329
      3  0.16926E+01  0.855E-02  0.348E-01  0.527E-03    25
#     4  0.17626E+01  jk failed  0.384E-01  jk failed     3
&-----------------------------------------------------------
#beta =   5.00   kappa =   0.2590
#  Re(op_pbp_e)                                                    
#
     -3  0.16907E+01  0.130E-01  0.433E-01  0.122E-02    12
     -2  0.16462E+01  0.407E-02  0.477E-01  0.347E-03   180
     -1  0.15891E+01  0.984E-03  0.365E-01  0.101E-03  1533
      0  0.15317E+01  0.471E-03  0.276E-01  0.690E-04  6310
      1  0.15872E+01  0.838E-03  0.329E-01  0.706E-04  1715
      2  0.16457E+01  0.356E-02  0.412E-01  0.195E-03   235
      3  0.16900E+01  0.131E-01  0.490E-01  0.102E-02    15
&-----------------------------------------------------------
#beta =   5.00   kappa =   0.2605
#  Re(op_pbp_e)                                                    
#
     -2  0.16324E+01  0.907E-02  0.560E-01  0.120E-02    68
     -1  0.15620E+01  0.117E-02  0.347E-01  0.101E-03  1026
      0  0.15017E+01  0.232E-03  0.193E-01  0.418E-04  7715
      1  0.15636E+01  0.991E-03  0.351E-01  0.884E-04  1109
      2  0.16318E+01  0.572E-02  0.510E-01  0.567E-03    76
#     3  0.16314E+01  jk failed  0.266E-01  jk failed     6
&-----------------------------------------------------------
#beta =   5.00   kappa =   0.2620
#  Re(op_pbp_e)                                                    
#
     -2  0.15891E+01  0.819E-02  0.321E-01  0.428E-03    25
     -1  0.15345E+01  0.168E-02  0.331E-01  0.128E-03   504
      0  0.14736E+01  0.145E-03  0.134E-01  0.109E-04  8835
      1  0.15369E+01  0.166E-02  0.373E-01  0.171E-03   601
      2  0.16070E+01  0.100E-01  0.477E-01  0.567E-03    35
&-----------------------------------------------------------
#beta =   5.00   kappa =   0.2625
#  Re(op_pbp_e)                                                    
#
     -2  0.15886E+01  0.174E-01  0.628E-01  0.117E-02    14
     -1  0.15291E+01  0.194E-02  0.388E-01  0.287E-03   398
      0  0.14644E+01  0.160E-03  0.138E-01  0.115E-04  9059
      1  0.15286E+01  0.192E-02  0.354E-01  0.128E-03   519
      2  0.16093E+01  0.173E-01  0.519E-01  0.105E-02    10
&-----------------------------------------------------------
#beta =   5.00   kappa =   0.2630
#  Re(op_pbp_e)                                                    
#
#    -2  0.15671E+01  jk failed  0.322E-01  jk failed     7
     -1  0.15164E+01  0.211E-02  0.335E-01  0.124E-03   376
      0  0.14553E+01  0.130E-03  0.132E-01  0.866E-05  9217
      1  0.15164E+01  0.165E-02  0.335E-01  0.109E-03   392
#     2  0.15898E+01  jk failed  0.599E-01  jk failed     8
&-----------------------------------------------------------
#beta =   5.00   kappa =   0.2635
#  Re(op_pbp_e)                                                    
#
#    -2  0.15480E+01  jk failed  0.434E-01  jk failed     3
     -1  0.15042E+01  0.277E-02  0.373E-01  0.197E-03   256
      0  0.14460E+01  0.138E-03  0.141E-01  0.116E-04  9449
      1  0.15053E+01  0.298E-02  0.366E-01  0.257E-03   286
#     2  0.15762E+01  jk failed  0.445E-01  jk failed     6
&-----------------------------------------------------------
