# triplet j1 / nf 6 / mode 2 / nplat  5 / jkb  20 / start     1 / nmeas 10000
 0.0010   1.1173740647062873E-002   6.7441991332429637E-003   6.2846890065063705E-004   3.1602156577891274E-006  0.10033635198623210        6.0561116487025987E-002
 0.0020   2.0959521299207973E-002   1.3113736531442259E-002   1.2569294383778429E-003   6.3203278199801227E-006  0.10698036743097333        6.6934910357335300E-002
 0.0030   3.0835400775173629E-002   1.9785304768152115E-002   1.8853732523878880E-003   9.4802331921142245E-006  0.10907486860875527        6.9987612623719705E-002
 0.0040   4.0796618028373893E-002   2.6519099173515012E-002   2.5137919861458408E-003   1.2639828865505269E-005  0.10992222228770795        7.1453474764423971E-002
 0.0050   5.0781823076306902E-002   3.3320626050749411E-002   3.1421772895000319E-003   1.5799012524242971E-005  0.11038423561963830        7.2429436583468898E-002
 0.0060   6.0765800541443753E-002   4.0200530743127579E-002   3.7705208208021262E-003   1.8957682640978858E-005  0.11069603644391224        7.3233159201227152E-002
 0.0070   7.0738526474400848E-002   4.7163369475727732E-002   4.3988142490198785E-003   2.2115738655926451E-005  0.11093684753344212        7.3965248913193921E-002
 0.0080   8.0697664401187807E-002   5.4206091599129820E-002   5.0270492558414448E-003   2.5273081193236542E-005  0.11113621359117587        7.4652742439206748E-002
 0.0090   9.0645703668752201E-002   6.1317357385565624E-002   5.6552175377695829E-003   2.8429612211251941E-005  0.11130474669144798        7.5292703043079709E-002
 0.0100  0.10058876695049968        6.8477164236203994E-002   6.2833108082036536E-003   3.1585235264834527E-005  0.11144479375570025        7.5868068470565556E-002
 0.0200  0.20234900799548958       0.13424368072164869        1.2558310998933120E-002   6.3071775707248794E-005  0.11076295484382860        7.3483598512021672E-002
 0.0400  0.87155484086776014        5.2790339922374425E-002   2.5051365016761980E-002   1.2546381483013840E-004   5.1364843776255588E-002   3.1138417937996818E-003
 0.0600  0.87677873786036520        2.3723815293212467E-002   3.7420030379093819E-002   1.8701413451776154E-004   7.6428032813804392E-002   2.0767842121855911E-003
 0.0800  0.88181055370154215        1.4587055185769159E-002   4.9615562128146627E-002   2.4830501821391572E-004  0.10104007435484741        1.6904359497240495E-003
 0.1000  0.88663854082275728        1.1701456225654053E-002   6.1600822631356390E-002   3.1044043166712114E-004  0.12518769648567993        1.6820148502150810E-003
 0.1200  0.89110873981247185        1.1008191510281965E-002   7.3348320085827728E-002   3.7439878645030247E-004  0.14889153368342081        1.8781552366514346E-003
 0.1400  0.89053216127156376        1.0607692591514230E-002   8.4835865257354634E-002   4.4014490927719055E-004  0.17306894807541187        2.1098542071581422E-003
 0.1600  0.89398416054781116        1.0086746225878461E-002   9.6041200374815658E-002   5.0581229383222810E-004  0.19609835691517291        2.2720214897802740E-003
 0.1800  0.89747117015515721        1.0018845027602644E-002  0.10693706204804884        5.6734259088710517E-004  0.21862250594749064        2.5085317074098118E-003
 0.2000  0.89750862265105413        9.4727661814767057E-003  0.11748791243807231        6.1890611342683239E-004  0.24153938689362583        2.6275138319920141E-003
 0.2200  0.90281831263161361        8.8873196750882764E-003  0.12764916875176038        6.5415684097456768E-004  0.26250342493170575        2.6701813938371003E-003
 0.2400  0.91009404295940033        8.3852989436988979E-003  0.13736928648909227        6.6797598927663133E-004  0.28214942414839472        2.6886169566348902E-003
 0.2600  0.91984709663793274        7.8876153196044008E-003  0.14659450863439680        6.5804799672684910E-004  0.30015451532424398        2.6605071877282517E-003
 0.2800  0.92927731256977320        6.5971791064684780E-003  0.15527544435917559        6.2561139369282637E-004  0.31732191716067504        2.3416929059948233E-003
 0.3000  0.94500557306786581        5.9008083703552937E-003  0.16337399331305291        5.7508529444036188E-004  0.33130860643620214        2.1493679805124656E-003
 0.3200  0.96369734262311224        5.2878223679561232E-003  0.17086882220378066        5.1279602753720671E-004  0.34314742043913188        1.9519932722788023E-003
 0.3400  0.98521220821349620        4.7535779320965858E-003  0.17775796109679814        4.4539546267321822E-004  0.35288987810188033        1.7591294508891855E-003
 0.3600   1.0059795527788040        3.8171904642380636E-003  0.18405806149610957        3.7857154377655771E-004  0.36187161329921202        1.4226594803124590E-003
 0.3800   1.0327783505607955        3.3649400014938899E-003  0.18980094780750056        3.1637004343304276E-004  0.36774676332054029        1.2367503165400101E-003
 0.4000   1.0616404088997777        3.0091408086416055E-003  0.19502874858876817        2.6111149471323941E-004  0.37206333105440575        1.0835982307491061E-003


# triplet j3 / nf 6 / mode 2 / nplat  5 / jkb  20 / start     1 / nmeas 10000
 0.0010  0.87892098736526314        8.8189698227165766E-003   6.2846890065063705E-004   3.1602156577891274E-006   1.2755781130308220E-003   1.3194659878572562E-005
 0.0020  0.87892503831109137        8.8189343548516954E-003   1.2569294383778429E-003   6.3203278199801227E-006   2.5511359809196198E-003   2.6388880882477335E-005
 0.0030  0.87893178828620921        8.8188753253082928E-003   1.8853732523878880E-003   9.4802331921142245E-006   3.8266533681850985E-003   3.9582224722766798E-005
 0.0040  0.87894123482423492        8.8187928817339365E-003   2.5137919861458408E-003   1.2639828865505269E-005   5.1021100590398424E-003   5.2774254410831296E-005
 0.0050  0.87895337453623246        8.8186872234936181E-003   3.1421772895000319E-003   1.5799012524242971E-005   6.3774858667645686E-003   6.5964534850708408E-005
 0.0060  0.87896820303072754        8.8185586289091736E-003   3.7705208208021262E-003   1.8957682640978858E-005   7.6527606437704196E-003   7.9152633672267941E-005
 0.0070  0.87898571498348199        8.8184073739828520E-003   4.3988142490198785E-003   2.2115738655926451E-005   8.9279142908237560E-003   9.2338121203982231E-005
 0.0080  0.87900590406531220        8.8182338616408732E-003   5.0270492558414448E-003   2.5273081193236542E-005   1.0202926767296278E-002   1.0552057215932246E-004
 0.0090  0.87902876301838639        8.8180385028579673E-003   5.6552175377695829E-003   2.8429612211251941E-005   1.1477778100086452E-002   1.1869956522804811E-004
 0.0100  0.87905428362116467        8.8178217938479995E-003   6.2833108082036536E-003   3.1585235264834527E-005   1.2752448393471127E-002   1.3187468446907374E-004
 0.0200  0.87945339971640979        8.8146300122459390E-003   1.2558310998933120E-002   6.3071775707248794E-005   2.5484891004486639E-002   2.6332619512723537E-004
 0.0400  0.88097986081169266        8.8063317269240181E-003   2.5051365016761980E-002   1.2546381483013840E-004   5.0815325338272058E-002   5.2364936087515078E-004
 0.0600  0.88329295284097042        8.8095131677479854E-003   3.7420030379093819E-002   1.8701413451776154E-004   7.5864382175935538E-002   7.8001997026595164E-004
 0.0800  0.88610746055885137        8.8529749373516299E-003   4.9615562128146627E-002   2.4830501821391572E-004  0.10055011144664149        1.0356111007012942E-003
 0.1000  0.88907983536131052        8.7781457907826349E-003   6.1600822631356390E-002   3.1044043166712114E-004  0.12484394778329219        1.2721297047806951E-003
 0.1200  0.89156011717701966        8.7755092842771148E-003   7.3348320085827728E-002   3.7439878645030247E-004  0.14881615316024274        1.5132179264322008E-003
 0.1400  0.89383898624336489        8.6612558699041588E-003   8.4835865257354634E-002   4.4014490927719055E-004  0.17242866640483448        1.7296622553140452E-003
 0.1600  0.89542145084687819        8.3125132745112684E-003   9.6041200374815658E-002   5.0581229383222810E-004  0.19578358863952952        1.8892350986516307E-003
 0.1800  0.89678878382928595        7.9510703825617663E-003  0.10693706204804884        5.6734259088710517E-004  0.21878886062461902        2.0247786656668828E-003
 0.2000  0.89912689669371693        7.5427695993587444E-003  0.11748791243807231        6.1890611342683239E-004  0.24110465746719228        2.1199765495991106E-003
 0.2200  0.90313788754594748        7.0865326743360778E-003  0.12764916875176038        6.5415684097456768E-004  0.26241053821895488        2.1660257617163144E-003
 0.2400  0.90944606950596096        6.5874563274210853E-003  0.13736928648909227        6.6797598927663133E-004  0.28235045348139370        2.1573077302905297E-003
 0.2600  0.91851739843823799        6.0580199800305701E-003  0.14659450863439680        6.5804799672684910E-004  0.30058903612846116        2.0941650296894335E-003
 0.2800  0.93062671909138250        5.5169257612404385E-003  0.15527544435917559        6.2561139369282637E-004  0.31686180113812601        1.9839105108107199E-003
 0.3000  0.94586568172907992        4.9856504921200083E-003  0.16337399331305291        5.7508529444036188E-004  0.33100733596256610        1.8394316945555007E-003
 0.3200  0.96417591625757093        4.4840837399811387E-003  0.17086882220378066        5.1279602753720671E-004  0.34297709746654392        1.6760524773626155E-003
 0.3400  0.98539212739413817        4.0271480198805013E-003  0.17775796109679814        4.4539546267321822E-004  0.35282544521677822        1.5081738951377276E-003
 0.3600   1.0092840573155848        3.6234289647389985E-003  0.18405806149610957        3.7857154377655771E-004  0.36068680672348946        1.3469813628083252E-003
 0.3800   1.0355912434878154        3.2756403399511803E-003  0.18980094780750056        3.1637004343304276E-004  0.36674788246288170        1.1996393425202840E-003
 0.4000   1.0640485410838638        2.9820946367525381E-003  0.19502874858876817        2.6111149471323941E-004  0.37122128518202696        1.0696486122087944E-003


