# triplet j1 / nf 3 / mode 2 / nplat  5 / jkb  20 / start     1 / nmeas 10000
 0.0010   2.6716574236318423E-002   1.8043727075322955E-002   6.7176174659702573E-004   4.1031848574910144E-006   4.3385225895304393E-002   2.9301630217929801E-002
 0.0020   5.4335307566380844E-002   3.5374573395360299E-002   1.3446453621238992E-003   8.2757695520134959E-006   4.2682686344701334E-002   2.7788536685909228E-002
 0.0030   8.1767197036099443E-002   5.2742736968921476E-002   2.0186421517804898E-003   1.2517870979020007E-005   4.2562407315218459E-002   2.7454576765293517E-002
 0.0040  0.10910565735648521        6.9692347654692788E-002   2.6937431709675897E-003   1.6829563694608119E-005   4.2547673361179990E-002   2.7178083837204065E-002
 0.0050  0.13637471315997726        8.5744502764912217E-002   3.3699392238782304E-003   2.1210879548970781E-005   4.2567405849553368E-002   2.6764248923752201E-002
 0.0060  0.16360762457326269       0.10036745597617110        4.0472208621546305E-003   2.5661807398000607E-005   4.2595678103966778E-002   2.6131281756429845E-002
 0.0070  0.19083511335584963       0.11309771431420487        4.7255783836125257E-003   3.0182292768146538E-005   4.2621940281981650E-002   2.5260099803069792E-002
 0.0080  0.21806335622692649       0.12365030551146582        5.4050018310342583E-003   3.4772237578495863E-005   4.2645697498789575E-002   2.4182138900234858E-002
 0.0090  0.24525692134247468       0.13195581633855752        6.0854809910320523E-003   3.9431499829742105E-005   4.2673909836739597E-002   2.2960300843383023E-002
 0.0100  0.27232991865652639       0.13812900544940834        6.7670053929839236E-003   4.4159893393772889E-005   4.2718687691166879E-002   2.1667879781292698E-002
 0.0200  0.49842021140781562       0.13784126976913502        1.3637248508034229E-002   9.5173071696367476E-005   4.6859508376297765E-002   1.2960325689986939E-002
 0.0400  0.63682862708711852        7.4191401026506218E-002   2.7636148081379278E-002   2.1538525111392462E-004   7.3834811626646804E-002   8.6066665167404827E-003
 0.0600  0.65785899183194330        3.6585595216200376E-002   4.1868243233224606E-002   3.5148001547412598E-004  0.10774575709408518        6.0091214569620438E-003
 0.0800  0.66306202328271358        2.0185371611996669E-002   5.6167059456724532E-002   4.8838807547666526E-004  0.14297058053070558        4.3965661765331954E-003
 0.1000  0.66699069420696089        1.2470360967472470E-002   7.0338005483285615E-002   6.0836847695732268E-004  0.17782394784263472        3.4124578975997678E-003
 0.1200  0.67977151249273871        6.2394354616872446E-003   8.4174587465386128E-002   6.9565867412346044E-004  0.20908994997806804        2.1046995403733349E-003
 0.1400  0.68858564684949408        5.5622801987991128E-003   9.7478720718184281E-002   7.4075946544021535E-004  0.23992525237850024        2.1417723154473498E-003
 0.1600  0.70096623257712232        5.0159296852218685E-003  0.11008113977773352        7.4250630633954020E-004  0.26775300313993744        2.1181039258376280E-003
 0.1800  0.71473420938998400        4.0631769051961402E-003  0.12185719715915368        7.0720908038718994E-004  0.29304362193830369        1.8703955602857216E-003
 0.2000  0.73363826767077822        3.6117942220299506E-003  0.13273450133910170        6.4566440262450026E-004  0.31407974543514416        1.7246554352757985E-003
 0.2200  0.75529106338860852        3.2416427009451100E-003  0.14269154477217436        5.6966510946239815E-004  0.33175013778388041        1.5703065996780746E-003
 0.2400  0.77938626103626374        2.9412094889394455E-003  0.15174927951439512        4.8937277688102052E-004  0.34628301628276381        1.4210753301808464E-003
 0.2600  0.80356929079073147        2.6929564929297507E-003  0.15995911341118713        4.1207214428758956E-004  0.35890774860925317        1.2885697279886733E-003
 0.2800  0.83186662902481201        2.4946999735202292E-003  0.16739066886396090        3.4209113431614451E-004  0.36804924678554141        1.1660632050939550E-003
 0.3000  0.86179503667609503        2.3371878192560654E-003  0.17412149233300689        2.8137104290694795E-004  0.37505747630003738        1.0613373045979151E-003
 0.3200  0.89315624459681053        2.2104105701593853E-003  0.18022958612194634        2.3022634368044526E-004  0.38025557557091588        9.7190296850630973E-004
 0.3400  0.92577927720879372        2.1068555974031408E-003  0.18578868461064157        1.8802337126371815E-004  0.38393405082156257        8.9508146930052416E-004
 0.3600  0.95951772911745425        2.0209046024665953E-003  0.19086572844436553        1.5367788836228839E-004  0.38634671297640255        8.2844223279307570E-004
 0.3800  0.99424694785971901        1.9483782543766198E-003  0.19551988123512939        1.2597229394609248E-004  0.38771088325233427        7.6997620370761308E-004
 0.4000   1.0298613063180879        1.8861796202752092E-003  0.19980251472283786        1.0373338529739678E-004  0.38821000798405170        7.1810863303219444E-004


# triplet j3 / nf 3 / mode 2 / nplat  5 / jkb  20 / start     1 / nmeas 10000
 0.0010  0.70698263845868881        7.1610983577148511E-003   6.7176174659702573E-004   4.1031848574910144E-006   1.6395092967464353E-003   1.7345193932978946E-005
 0.0020  0.70630335629043173        7.1185143072624909E-003   1.3446453621238992E-003   8.2757695520134959E-006   3.2835422197046247E-003   3.4601586797178993E-005
 0.0030  0.70562991823765042        7.0765712764061595E-003   2.0186421517804898E-003   1.2517870979020007E-005   4.9320595050252420E-003   5.1772278348570936E-005
 0.0040  0.70496239759436796        7.0352594357815743E-003   2.6937431709675897E-003   1.6829563694608119E-005   6.5850205442186619E-003   6.8860290761115219E-005
 0.0050  0.70430086678778880        6.9945679338216521E-003   3.3699392238782304E-003   2.1210879548970781E-005   8.2423833853470258E-003   8.5868555275511334E-005
 0.0060  0.70364539770612911        6.9544867356881807E-003   4.0472208621546305E-003   2.5661807398000607E-005   9.9041047300189554E-003   1.0279992334919771E-004
 0.0070  0.70299606147031568        6.9150057109016094E-003   4.7255783836125257E-003   3.0182292768146538E-005   1.1570139935274266E-002   1.1965715957845952E-004
 0.0080  0.70235292911168057        6.8761141573597390E-003   5.4050018310342583E-003   3.4772237578495863E-005   1.3240443002047478E-002   1.3644292989866511E-004
 0.0090  0.70171607006856118        6.8378021647821632E-003   6.0854809910320523E-003   3.9431499829742105E-005   1.4914966600640215E-002   1.5315982114023688E-004
 0.0100  0.70108555400239903        6.8000595849020563E-003   6.7670053929839236E-003   4.4159893393772889E-005   1.6593662039724788E-002   1.6981032431208023E-004
 0.0200  0.69514397601619993        6.4517019930585848E-003   1.3637248508034229E-002   9.5173071696367476E-005   3.3598401017915669E-002   3.3314154202978928E-004
 0.0400  0.68543338027011369        5.8828412146580645E-003   2.7636148081379278E-002   2.1538525111392462E-004   6.8599112726176165E-002   6.4660664699431260E-004
 0.0600  0.67896193651688408        5.4239801015968482E-003   4.1868243233224606E-002   3.5148001547412598E-004  0.10439689078847454        9.4210272504698263E-004
 0.0800  0.67603227792827258        5.0175523022378214E-003   5.6167059456724532E-002   4.8838807547666526E-004  0.14022756825621860        1.2061929557828470E-003
 0.1000  0.67682501273009321        4.6281384245136815E-003   7.0338005483285615E-002   6.0836847695732268E-004  0.17524015245795865        1.4178287759768803E-003
 0.1200  0.68140318178109238        4.2417917214262000E-003   8.4174587465386128E-002   6.9565867412346044E-004  0.20858926894369004        1.5585268522003860E-003
 0.1400  0.68972032204274780        3.8603393248893060E-003   9.7478720718184281E-002   7.4075946544021535E-004  0.23953054567868498        1.6203834393635334E-003
 0.1600  0.70163441431902629        3.4939681410825858E-003  0.11008113977773352        7.4250630633954020E-004  0.26749801612050550        1.6088177051394223E-003
 0.1800  0.71692815121517917        3.1546893645564710E-003  0.12185719715915368        7.0720908038718994E-004  0.29214685054261030        1.5398919881862718E-003
 0.2000  0.73533318305314699        2.8520048635378328E-003  0.13273450133910170        6.4566440262450026E-004  0.31335580341253860        1.4345519032649646E-003
 0.2200  0.75655444362414048        2.5910019662230702E-003  0.14269154477217436        5.6966510946239815E-004  0.33119614385688234        1.3128668356751840E-003
 0.2400  0.78029109446562073        2.3723705699694123E-003  0.15174927951439512        4.8937277688102052E-004  0.34588146300172096        1.1903441043292513E-003
 0.2600  0.80625231570486866        2.1935077972675232E-003  0.15995911341118713        4.1207214428758956E-004  0.35771338499300276        1.0767629699504088E-003
 0.2800  0.83416786066545812        2.0498888681543723E-003  0.16739066886396090        3.4209113431614451E-004  0.36703390369698946        9.7681980546538024E-004
 0.3000  0.86379416414985077        1.9361841766134071E-003  0.17412149233300689        2.8137104290694795E-004  0.37418945966340400        8.9156785018290358E-004
 0.3200  0.89491691247824556        1.8470017447670397E-003  0.18022958612194634        2.3022634368044526E-004  0.37950745720449652        8.1990695874111094E-004
 0.3400  0.92735092584141865        1.7773444492951236E-003  0.18578868461064157        1.8802337126371815E-004  0.38328337003915613        7.5976570321593939E-004
 0.3600  0.96093824918818949        1.7228733871922518E-003  0.19086572844436553        1.5367788836228839E-004  0.38577559067951284        7.0888181665326115E-004
 0.3800  0.99554530796650231        1.6800181906635593E-003  0.19551988123512939        1.2597229394609248E-004  0.38720524243443039        6.6522212762162056E-004
 0.4000   1.0310597657715292        1.6459671776921456E-003  0.19980251472283786        1.0373338529739678E-004  0.38775876939494736        6.2714251982677268E-004


