# triplet j1 / nf 5 / mode 2 / nplat  5 / jkb  20 / start     1 / nmeas 10000
 0.0010   1.3508696802744918E-002   8.1405443709426997E-003   6.3668611699857459E-004   3.4274454484841036E-006   8.3534183825399996E-002   5.0339460798518629E-002
 0.0020   2.5809741103583684E-002   1.5825184818004212E-002   1.2733638581774855E-003   6.8547613614163259E-006   8.7442508329091576E-002   5.3615694273277621E-002
 0.0030   3.8402867703936305E-002   2.3720018228267956E-002   1.9100249481879897E-003   1.0281828665826107E-005   8.8151861754965449E-002   5.4448632228876331E-002
 0.0040   5.1033374070511152E-002   3.1710622237494122E-002   2.5466612217322354E-003   1.3708539685564435E-005   8.8445613448448493E-002   5.4957991670159120E-002
 0.0050   6.3649833703629602E-002   3.9797989830986279E-002   3.1832646239869462E-003   1.7134798129215024E-005   8.8641908519598522E-002   5.5425163734336313E-002
 0.0060   7.6238635616528508E-002   4.7979277568357626E-002   3.8198272109545520E-003   2.0560519030122463E-005   8.8804989370244877E-002   5.5888174812204254E-002
 0.0070   8.8798932144050644E-002   5.6239359970392595E-002   4.4563411497418196E-003   2.3985628740247103E-005   8.8949905252519598E-002   5.6335484922292053E-002
 0.0080  0.10133738063385739        6.4547904718222096E-002   5.0927987187658888E-003   2.7410064814768316E-005   8.9077613426506635E-002   5.6739424115919951E-002
 0.0090  0.11386612197349348        7.2858732074074589E-002   5.7291923078882662E-003   3.0833776016637012E-005   8.9184303061538434E-002   5.7066251050017981E-002
 0.0100  0.12640150753978674        8.1111191475469399E-002   6.3655144184767325E-003   3.4256722167109843E-005   8.9264648111002085E-002   5.7281165085327095E-002
 0.0200  0.25656580372304677       0.14535522669737613        1.2723234000954384E-002   6.8442984493345875E-005   8.7928564263220252E-002   4.9815759703513270E-002
 0.0400  0.83311622745673120        7.5943344413019545E-002   2.5389214246135234E-002   1.3680529602617378E-004   5.4095860058775723E-002   4.9333026253306836E-003
 0.0600  0.83835506968785356        3.4218565320069450E-002   3.7955660040847918E-002   2.0625716437906006E-004   8.0500930832152942E-002   3.2930235514756511E-003
 0.0800  0.84097303545476654        1.8914726701962814E-002   5.0392542876180640E-002   2.7851773417107988E-004  0.10677290462036580        2.4195395678033990E-003
 0.1000  0.84229754686026503        1.3115695567716518E-002   6.2675350777357350E-002   3.5468322887632735E-004  0.13292230037069000        2.1036718288804383E-003
 0.1200  0.84294127398776475        1.1091043424226366E-002   7.4777504289071928E-002   4.3401897741422312E-004  0.15892557258435319        2.1413307115080078E-003
 0.1400  0.84356436926528167        1.0443160049894392E-002   8.6663640817555648E-002   5.1310813590146377E-004  0.18466273060320448        2.3505406365902266E-003
 0.1600  0.84085519379587847        9.8625395576833041E-003   9.8285206550294602E-002   5.8581510654144141E-004  0.21091033205018533        2.5524077609812481E-003
 0.1800  0.84355173769350578        8.9379710799378561E-003  0.10957936805042658        6.4434531891792359E-004  0.23545283378256823        2.5890359845865372E-003
 0.2000  0.84849593810717472        8.2744772785738625E-003  0.12047172233171936        6.8122742595402711E-004  0.25871570196237331        2.6268761046343981E-003
 0.2200  0.85618617525130725        7.6873384739640886E-003  0.13088261027313025        6.9152815176428317E-004  0.28028451263604331        2.6232293337554260E-003
 0.2400  0.86393465919209222        6.4550486861933978E-003  0.14073599164085618        6.7437830386942561E-004  0.30084466207354971        2.3605558310637437E-003
 0.2600  0.87802841343771698        5.7256381574703093E-003  0.14996897498526462        6.3315946860291721E-004  0.31804883804558159        2.1799654954796329E-003
 0.2800  0.89525877529524367        5.0970314339074891E-003  0.15853964347418556        5.7435391963012454E-004  0.33282379282494373        1.9884791379636761E-003
 0.3000  0.91545078916182576        4.5556833257602300E-003  0.16643121672951144        5.0567624032363094E-004  0.34518984897016786        1.7960761927331361E-003
 0.3200  0.93516285244735831        3.7363666070408209E-003  0.17365180969510030        4.3430123995957532E-004  0.35648593270360351        1.4924419823447701E-003
 0.3400  0.96084158793985219        3.2975380674089535E-003  0.18023048370423361        3.6574296781475489E-004  0.36434833413387829        1.3039213820693635E-003
 0.3600  0.98865816478208191        2.9535649426275894E-003  0.18621120717413195        3.0350091352240936E-004  0.37035908177750210        1.1468561631067468E-003
 0.3800   1.0183556900023760        2.6840337587892287E-003  0.19164645370134728        2.4926918731441587E-004  0.37476385310582966        1.0173725028353373E-003
 0.4000   1.0497040524429200        2.4725952178219308E-003  0.19659167766707433        2.0340928519155862E-004  0.37779889565523617        9.1112203091734203E-004


# triplet j3 / nf 5 / mode 2 / nplat  5 / jkb  20 / start     1 / nmeas 10000
 0.0010  0.84607592003007293        8.8242462305240018E-003   6.3668611699857459E-004   3.4274454484841036E-006   1.3337313298338262E-003   1.4366071925935061E-005
 0.0020  0.84607901145083764        8.8241682450124013E-003   1.2733638581774855E-003   6.8547613614163259E-006   2.6674441404140083E-003   2.8731585780662285E-005
 0.0030  0.84608407529731899        8.8240380235021856E-003   1.9100249481879897E-003   1.0281828665826107E-005   4.0011204366918402E-003   4.3095994862348406E-005
 0.0040  0.84609103911949934        8.8238553647711770E-003   2.5466612217322354E-003   1.3708539685564435E-005   5.3347427963635549E-003   5.7458764896523742E-005
 0.0050  0.84609983029079916        8.8236200848302703E-003   3.1832646239869462E-003   1.7134798129215024E-005   6.6682943719604095E-003   7.1819374220750482E-005
 0.0060  0.84611037628101449        8.8233320462525206E-003   3.8198272109545520E-003   2.0560519030122463E-005   8.0017588902362973E-003   8.6177314168663671E-005
 0.0070  0.84612260453009169        8.8229911034307471E-003   4.4563411497418196E-003   2.3985628740247103E-005   9.3351206532590776E-003   1.0053208887378505E-004
 0.0080  0.84613644247215958        8.8225971925910349E-003   5.0927987187658888E-003   2.7410064814768316E-005   1.0668364538683158E-002   1.1488321629351102E-004
 0.0090  0.84615181776969639        8.8221501994593023E-003   5.7291923078882662E-003   3.0833776016637012E-005   1.2001475996698889E-002   1.2923022696519656E-004
 0.0100  0.84616865806166397        8.8216501035252026E-003   6.3655144184767325E-003   3.4256722167109843E-005   1.3334441052314404E-002   1.4357266584239791E-004
 0.0200  0.84640187901508435        8.8137467152292637E-003   1.2723234000954384E-002   6.8442984493345875E-005   2.6653370366637171E-002   2.8665573899295258E-004
 0.0400  0.84701078419565123        8.7838898532472797E-003   2.5389214246135234E-002   1.3680529602617378E-004   5.3208459318487486E-002   5.7011295811148957E-004
 0.0600  0.84742446812688166        8.7468582984139599E-003   3.7955660040847918E-002   2.0625716437906006E-004   7.9639385002536742E-002   8.5001734302684250E-004
 0.0800  0.84735830761990738        8.7303698082784910E-003   5.0392542876180640E-002   2.7851773417107988E-004  0.10596831693917737        1.1303871562398367E-003
 0.1000  0.84657079197732465        8.4304293791442192E-003   6.2675350777357350E-002   3.5468322887632735E-004  0.13225134694731391        1.3691337248452763E-003
 0.1200  0.84502053269203314        7.9400630566447312E-003   7.4777504289071928E-002   4.3401897741422312E-004  0.15853452009823890        1.5590673865776635E-003
 0.1400  0.84345704726686033        7.5667614249225051E-003   8.6663640817555648E-002   5.1310813590146377E-004  0.18468622720370892        1.7447206529249536E-003
 0.1600  0.84301375506826426        7.1686223088154172E-003   9.8285206550294602E-002   5.8581510654144141E-004  0.21037029000226798        1.8955762615983395E-003
 0.1800  0.84447412041831016        6.7375422368241844E-003  0.10957936805042658        6.4434531891792359E-004  0.23519565878911822        1.9998378032149862E-003
 0.2000  0.84848776512178570        6.2691704149308346E-003  0.12047172233171936        6.8122742595402711E-004  0.25871819401911117        2.0467505332615629E-003
 0.2200  0.85550823097878159        5.7696433763847104E-003  0.13088261027313025        6.9152815176428317E-004  0.28050662304145912        2.0317296274008577E-003
 0.2400  0.86578112482429914        5.2552664781613549E-003  0.14073599164085618        6.7437830386942561E-004  0.30020304571899542        1.9590377598390860E-003
 0.2600  0.87936622389996377        4.7474541343957228E-003  0.14996897498526462        6.3315946860291721E-004  0.31756497927152527        1.8408469765571296E-003
 0.2800  0.89617694128309655        4.2667677863336001E-003  0.15853964347418556        5.7435391963012454E-004  0.33248280270073621        1.6936723581461297E-003
 0.3000  0.91602467163429646        3.8287464351146124E-003  0.16643121672951144        5.0567624032363094E-004  0.34497359016171747        1.5341876621748857E-003
 0.3200  0.93865994661195040        3.4423375596224922E-003  0.17365180969510030        4.3430123995957532E-004  0.35515780010402181        1.3761045781356259E-003
 0.3400  0.96380604042516316        3.1104066418840186E-003  0.18023048370423361        3.6574296781475489E-004  0.36322767989501747        1.2287848228818678E-003
 0.3600  0.99118362246085601        2.8313071148144374E-003  0.18621120717413195        3.0350091352240936E-004  0.36941543605355792        1.0973357108469380E-003
 0.3800   1.0205270965754218        2.6006038343988278E-003  0.19164645370134728        2.4926918731441587E-004  0.37396645664599559        9.8352062187422626E-004
 0.4000   1.0515942261941751        2.4124467381154533E-003  0.19659167766707433        2.0340928519155862E-004  0.37711982616433082        8.8687062097267833E-004


