# triplet j1 / nf 4 / mode 2 / nplat  5 / jkb  20 / start     1 / nmeas 10000
 0.0010   1.7954228111874086E-002   1.1144350277933871E-002   6.4932249158623355E-004   3.7043506534059165E-006   6.3471459139858744E-002   3.9397719467388237E-002
 0.0020   3.5569451039086854E-002   2.1533643756584248E-002   1.2986461182416132E-003   7.4093304491599564E-006   6.4076420676748833E-002   3.8792112173134684E-002
 0.0030   5.3320875370304131E-002   3.2174413558113624E-002   1.9479720119069048E-003   1.1115568113211052E-005   6.4116485816190283E-002   3.8689038321400478E-002
 0.0040   7.1008690671171673E-002   4.2937306630988444E-002   2.5973012982675910E-003   1.4823691531604744E-005   6.4194032093866149E-002   3.8817073068063791E-002
 0.0050   8.8622866111598350E-002   5.3768867724173018E-002   3.2466350936281897E-003   1.8534327336878536E-005   6.4294074352290231E-002   3.9008644036268497E-002
 0.0060  0.10617203212537825        6.4591926228496993E-002   3.8959745017896198E-003   2.2248100485232990E-005   6.4400397229951833E-002   3.9179729699249197E-002
 0.0070  0.12367686382282168        7.5291369159555491E-002   4.5453206109295780E-003   2.5965633851109152E-005   6.4499717875027618E-002   3.9266240842120201E-002
 0.0080  0.14116736148039216        8.5718065434515225E-002   5.1946744904882384E-003   2.9687547767517206E-005   6.4581014533895864E-002   3.9214595135851002E-002
 0.0090  0.15867944856977226        9.5703599174818466E-002   5.8440371880583951E-003   3.3414459652685240E-005   6.4635640298599792E-002   3.8983831614223557E-002
 0.0100  0.17625110101743979       0.10508085366938044        6.4934097262824165E-003   3.7146983548665201E-005   6.4657597410556419E-002   3.8549283868474921E-002
 0.0200  0.35936192789177579       0.15199152861669646        1.2987877314931723E-002   7.4912707426228413E-005   6.3425955714606436E-002   2.6826525905232775E-002
 0.0400  0.78313061060939837        4.4716176795572882E-002   2.5982367241549120E-002   1.5451850438762303E-004   5.8217044272321099E-002   3.3286544542557644E-003
 0.0600  0.78189426819014518        2.0551725257132791E-002   3.8980454289110920E-002   2.4210756898978102E-004   8.7471392766925685E-002   2.3151362271723324E-003
 0.0800  0.77508940949891258        2.0037975766764263E-002   5.1961030532040597E-002   3.3812771272167467E-004  0.11763784667970965        3.0652200813849652E-003
 0.1000  0.77239079109871234        1.2977754530257724E-002   6.4878786991513185E-002   4.3906741757743494E-004  0.14747869002677588        2.5276957510731186E-003
 0.1200  0.77080910508634659        9.9927669454816879E-003   7.7661620878459667E-002   5.3731990609996629E-004  0.17711771879519542        2.3764976121323118E-003
 0.1400  0.77142901975785294        8.5820721809806572E-003   9.0212501201661022E-002   6.2250969696561482E-004  0.20602333143339963        2.3996863601268136E-003
 0.1600  0.77495411437258432        7.7204416923908658E-003  0.10241621209610978        6.8413519277694241E-004  0.23360565698405167        2.4545924237053675E-003
 0.1800  0.78175319409225708        7.0412446042887634E-003  0.11415048290137805        7.1463401433863793E-004  0.25931071493782354        2.4726364721513270E-003
 0.2000  0.79195989310807480        6.4362001267937027E-003  0.12529978583217088        7.1159807354148933E-004  0.28268448405452906        2.4335533282457212E-003
 0.2200  0.80304400157289491        5.1497752417073005E-003  0.13576894375160334        6.7820148801062987E-004  0.30435974773178848        2.0946142986305177E-003
 0.2400  0.82004245711879908        4.5641936247621589E-003  0.14549334386978602        6.2180927725675030E-004  0.32225958472909821        1.9212857676745353E-003
 0.2600  0.84003960651735776        4.0686656963435999E-003  0.15444347645113057        5.5159593308783431E-004  0.33735464431183204        1.7414704490258410E-003
 0.2800  0.85990952292677314        3.4252716287749702E-003  0.16262339790873878        4.7626663429664443E-004  0.35093991823777587        1.4893613869404936E-003
 0.3000  0.88531652322943755        3.0559928569413300E-003  0.17006456854017332        4.0260979111088796E-004  0.36081449503804830        1.3166767178646585E-003
 0.3200  0.91281866285805435        2.7673380279285187E-003  0.17681745339086258        3.3502250359108705E-004  0.36852592240602172        1.1705180911741916E-003
 0.3400  0.94215889014042942        2.5411435324731962E-003  0.18294312418229902        2.7574087206286676E-004  0.37435906301491789        1.0483769202299404E-003
 0.3600  0.97311052111737673        2.3630077951296608E-003  0.18850629908163044        2.2539682639381408E-004  0.37858814776708877        9.4677944153335656E-004
 0.3800   1.0054769965438386        2.2215062021613860E-003  0.19357037041858921        1.8361146867268459E-004  0.38146447349839746        8.6200921214718898E-004
 0.4000   1.0390896984297862        2.1077579597505126E-003  0.19819433809357215        1.4947641682435192E-004  0.38321065512885977        7.9064770003490689E-004


# triplet j3 / nf 4 / mode 2 / nplat  5 / jkb  20 / start     1 / nmeas 10000
 0.0010  0.79461212005570248        8.6055200726027677E-003   6.4932249158623355E-004   3.7043506534059165E-006   1.4341350040201178E-003   1.6061158596384239E-005
 0.0020  0.79460424933622120        8.6054655075575529E-003   1.2986461182416132E-003   7.4093304491599564E-006   2.8682996723532082E-003   3.2122931630408088E-005
 0.0030  0.79459113623843702        8.6053752814625253E-003   1.9479720119069048E-003   1.1115568113211052E-005   4.3025236419967743E-003   4.8185936666072978E-005
 0.0040  0.79457278810531362        8.6052502573945294E-003   2.5973012982675910E-003   1.4823691531604744E-005   5.7368364939329401E-003   6.4250796019803678E-005
 0.0050  0.79454921503840992        8.6050917759471889E-003   3.2466350936281897E-003   1.8534327336878536E-005   7.1712677267156055E-003   8.0318140328727885E-005
 0.0060  0.79452043005358863        8.6049015359681499E-003   3.8959745017896198E-003   2.2248100485232990E-005   8.6058467283520838E-003   9.6388610832049410E-005
 0.0070  0.79448644912750133        8.6046816279926330E-003   4.5453206109295780E-003   2.5965633851109152E-005   1.0040602747851296E-002   1.1246286226883929E-004
 0.0080  0.79444729099833877        8.6044344646945357E-003   5.1946744904882384E-003   2.9687547767517206E-005   1.1475564869785680E-002   1.2854156474042229E-004
 0.0090  0.79440297736981003        8.6041627765677548E-003   5.8440371880583951E-003   3.3414459652685240E-005   1.2910761984419698E-002   1.4462540580010658E-004
 0.0100  0.79435353268155395        8.6038696649056758E-003   6.4934097262824165E-003   3.7146983548665201E-005   1.4346222763412107E-002   1.6071509359733742E-004
 0.0200  0.79358426974971163        8.6006540770245856E-003   1.2987877314931723E-002   7.4912707426228413E-005   2.8721428325649653E-002   3.2210745609152937E-004
 0.0400  0.79047002050058679        8.1476505659257778E-003   2.5982367241549120E-002   1.5451850438762303E-004   5.7676506694061720E-002   6.1873561492367549E-004
 0.0600  0.78589045242068212        7.6107307337886319E-003   3.8980454289110920E-002   2.4210756898978102E-004   8.7026608383400456E-002   8.8505724410223112E-004
 0.0800  0.78048712158098243        7.2126312008121227E-003   5.1961030532040597E-002   3.3812771272167467E-004  0.11682428395871880        1.1445559011105098E-003
 0.1000  0.77584302789402804        6.8213606359643630E-003   6.4878786991513185E-002   4.3906741757743494E-004  0.14682246016850495        1.3831923440778707E-003
 0.1200  0.77298116069014122        6.4275705570285445E-003   7.7661620878459667E-002   5.3731990609996629E-004  0.17662002292212015        1.5906732294929725E-003
 0.1400  0.77269714195041250        6.0129725427018124E-003   9.0212501201661022E-002   6.2250969696561482E-004  0.20568521350259392        1.7508697002047286E-003
 0.1600  0.77553205165198358        5.5693327571568734E-003  0.10241621209610978        6.8413519277694241E-004  0.23343157079694687        1.8487807724181960E-003
 0.1800  0.78178959148799076        5.1031456680892141E-003  0.11415048290137805        7.1463401433863793E-004  0.25929864233566519        1.8771290747419990E-003
 0.2000  0.79157274129752875        4.6312304248733813E-003  0.12529978583217088        7.1159807354148933E-004  0.28282274274397756        1.8392952449167953E-003
 0.2200  0.80482669890248315        4.1737313435261181E-003  0.13576894375160334        6.7820148801062987E-004  0.30368558854912775        1.7480125001448389E-003
 0.2400  0.82138222922068360        3.7483656317077434E-003  0.14549334386978602        6.2180927725675030E-004  0.32173394102045044        1.6212241936025512E-003
 0.2600  0.84099605824036083        3.3672823582456745E-003  0.15444347645113057        5.5159593308783431E-004  0.33697097612735771        1.4773133560757863E-003
 0.2800  0.86338557773555702        3.0363911930807500E-003  0.16262339790873878        4.7626663429664443E-004  0.34952700792071439        1.3315293763861166E-003
 0.3000  0.88825607402471662        2.7563310391910153E-003  0.17006456854017332        4.0260979111088796E-004  0.35962043336275734        1.1943651002312213E-003
 0.3200  0.91532012898899651        2.5241159210473000E-003  0.17681745339086258        3.3502250359108705E-004  0.36751878284459732        1.0716207438808063E-003
 0.3400  0.94431011192227476        2.3347045284100648E-003  0.18294312418229902        2.7574087206286676E-004  0.37350624002761607        9.6540135326700664E-004
 0.3600  0.97498516600852159        2.1821551122764324E-003  0.18850629908163044        2.2539682639381408E-004  0.37786022044900958        8.7535649588100291E-004
 0.3800   1.0071340407782539        2.0603767331451072E-003  0.19357037041858921        1.8361146867268459E-004  0.38083684750140867        7.9977203760522549E-004
 0.4000   1.0405749442437486        1.9636188839180419E-003  0.19819433809357215        1.4947641682435192E-004  0.38266368633574743        7.3638312763027903E-004


