# triplet j1 / nf 0 / mode 2 / nplat  5 / jkb  20 / start     1 / nmeas 10000
 0.0010  0.16509149754199762        2.2754727701173712E-002   5.3694232400690911        5.9151870058629610E-002  0.62770286357461613        8.6585978946358430E-002
 0.0020  0.15882917741884886        1.5777967002173435E-002   2.7081290138872252        2.9596157197804295E-002  0.65529127276977606        6.5194532907086114E-002
 0.0030  0.16291324470570598        1.1836616979434982E-002   1.8226936581095010        1.9831938936799069E-002  0.64191285491259842        4.6769350020285705E-002
 0.0040  0.16821502036978750        1.0065663299695904E-002   1.3807525771562434        1.4936646543763943E-002  0.62479587303900841        3.7539009950018520E-002
 0.0050  0.17334385846140998        9.1258464922891053E-003   1.1160605500330165        1.1976453509014386E-002  0.60944626426969217        3.2251060605648529E-002
 0.0060  0.17808742867005314        8.5406014858050213E-003  0.93991692218929934        9.9868536281246343E-003  0.59635119520325619        2.8774372148790431E-002
 0.0070  0.18250408484578268        8.1435893199814750E-003  0.81432870132176072        8.5565275523328942E-003  0.58504773110534303        2.6285978940382541E-002
 0.0080  0.18668613246449325        7.8595317321333603E-003  0.72031119166123325        7.4791042476953272E-003  0.57505318608298495        2.4393258869704951E-002
 0.0090  0.19070402086178284        7.6466755589062055E-003  0.64732435006364508        6.6388922552343653E-003  0.56602729542108188        2.2880894178305380E-002
 0.0100  0.19460269896752158        7.4796023984236605E-003  0.58904849977626483        5.9656879621227182E-003  0.55775267993928945        2.1622615255142173E-002
 0.0200  0.22977269633963715        6.5746657663172184E-003  0.32947043896220185        2.9144764300815112E-003  0.49961998532804941        1.4465799116859952E-002
 0.0400  0.28646847274856524        5.5349146786725567E-003  0.20649268233700163        1.3171365354533633E-003  0.44866324560514625        8.7860183046936172E-003
 0.0600  0.33391514146927415        4.7906681362789461E-003  0.17157604109109628        7.7598070681722813E-004  0.42971729348085241        6.2412493113868780E-003
 0.0800  0.37746565093139040        4.2454660979892494E-003  0.15854833942311355        5.2230917254843582E-004  0.42195234312016516        4.7964438085572126E-003
 0.1000  0.41911033618488280        3.8343013983965662E-003  0.15407280286434835        3.8491023145855162E-004  0.41884141471220387        3.8673926865331206E-003
 0.1200  0.45968912577783816        3.5117798901462701E-003  0.15367118361841314        3.0287770787065842E-004  0.41777034486777609        3.2179874561357098E-003
 0.1400  0.49961811414518698        3.2492302801923720E-003  0.15541874988490081        2.4967328036364599E-004  0.41753467253015014        2.7360389994881525E-003
 0.1600  0.53913561060142556        3.0288583963387714E-003  0.15835751347938404        2.1244423076634901E-004  0.41753828937403603        2.3623867725277941E-003
 0.1800  0.57839448356780931        2.8395936233349462E-003  0.16196270959344614        1.8458612713206094E-004  0.41747899090050916        2.0633487125705876E-003
 0.2000  0.61750053723419251        2.6744335842984780E-003  0.16592742856063375        1.6256373200064882E-004  0.41720715445868850        1.8184715240367965E-003
 0.2200  0.65769954970590527        2.0310059147614378E-003  0.17006386432889217        1.4441273459041675E-004  0.41591522202931730        1.2964481353452504E-003
 0.2400  0.69663064556068466        1.9103554482740447E-003  0.17425355022939756        1.2899699157061333E-004  0.41515365005482202        1.1487908258755468E-003
 0.2600  0.73560535064650767        1.8114007333486432E-003  0.17842038408973407        1.1562925811945834E-004  0.41407501593372587        1.0284344628963902E-003
 0.2800  0.77465565510513579        1.7304903865579396E-003  0.18251513494653857        1.0387288527287441E-004  0.41270027645327506        9.2937400157071487E-004
 0.3000  0.81380680263939553        1.6647376974908616E-003  0.18650611783938115        9.3435705481933291E-005  0.41105586627691082        8.4714389010339970E-004
 0.3200  0.85261255706654537        1.8064592331433723E-003  0.19037336200208191        8.4111834998869549E-005  0.40939388577911395        8.7209895582436873E-004
 0.3400  0.89201981636977246        1.7394604245755468E-003  0.19410484702506925        7.5748861858109139E-005  0.40728474537192655        7.9818130722416150E-004
 0.3600  0.93157564937744819        1.6806656950294862E-003  0.19769400981397076        6.8228846299255350E-005  0.40499053683197300        7.3398245765567811E-004
 0.3800  0.97129374827156534        1.6290593030260402E-003  0.20113805771553656        6.1456996142032931E-005  0.40253470429144234        6.7792846435054039E-004
 0.4000   1.0111864633600223        1.5837971019270140E-003  0.20443680713870391        5.5354682660150080E-005  0.39993857159933449        6.2874988898782460E-004


# triplet j3 / nf 0 / mode 2 / nplat  5 / jkb  20 / start     1 / nmeas 10000
 0.0010  0.30640564017857314        3.6132484316958847E-002   5.3694232400690911        5.9151870058629610E-002  0.33820658685831956        3.9926054007730929E-002
 0.0020  0.29286349614752044        3.8262769626682888E-002   2.7081290138872252        2.9596157197804295E-002  0.35538527400269593        4.6471864747653295E-002
 0.0030  0.28269931013482458        3.9143966897859914E-002   1.8226936581095010        1.9831938936799069E-002  0.36991991937383994        5.1260490344285599E-002
 0.0040  0.27513494917478187        3.9754805526350238E-002   1.3807525771562434        1.4936646543763943E-002  0.38199454785894993        5.5233823729237318E-002
 0.0050  0.26905607405553045        3.9731067359218969E-002   1.1160605500330165        1.1976453509014386E-002  0.39264590975781793        5.8019636305351514E-002
 0.0060  0.26393660652184109        3.8976107609451360E-002  0.93991692218929934        9.9868536281246343E-003  0.40237939078478080        5.9458702603411399E-002
 0.0070  0.25963260652580633        3.7644442605500004E-002  0.81432870132176072        8.5565275523328942E-003  0.41124881109980826        5.9666589181721415E-002
 0.0080  0.25613892095177998        3.5969201564355506E-002  0.72031119166123325        7.4791042476953272E-003  0.41912589805680983        5.8897424190125156E-002
 0.0090  0.25345634577690085        3.4152062178465968E-002  0.64732435006364508        6.6388922552343653E-003  0.42588667813168696        5.7427787747870974E-002
 0.0100  0.25154823910823776        3.2328368405914930E-002  0.58904849977626483        5.9656879621227182E-003  0.43148851789755760        5.5496885359110425E-002
 0.0200  0.25741471541399619        1.9435994215210993E-002  0.32947043896220185        2.9144764300815112E-003  0.44596918629677534        3.3730447606864007E-002
 0.0400  0.29806737960603524        9.1294661074839654E-003  0.20649268233700163        1.3171365354533633E-003  0.43120409525121434        1.3278700015973888E-002
 0.0600  0.34094420084837868        5.0936222925854549E-003  0.17157604109109628        7.7598070681722813E-004  0.42085804799555304        6.3591338236657722E-003
 0.0800  0.38276115865407467        3.2804920818516100E-003  0.15854833942311355        5.2230917254843582E-004  0.41611462463416543        3.6316173761841062E-003
 0.1000  0.42347361675819745        2.4272321258860760E-003  0.15407280286434835        3.8491023145855162E-004  0.41452586225322530        2.4317130098544951E-003
 0.1200  0.46339176498017209        2.0192347272723942E-003  0.15367118361841314        3.0287770787065842E-004  0.41443223449685446        1.8514993763958723E-003
 0.1400  0.50278876637492798        1.8147685740476142E-003  0.15541874988490081        2.4967328036364599E-004  0.41490164385292488        1.5341816945430840E-003
 0.1600  0.54186254672497147        1.7003489304409129E-003  0.15835751347938404        2.1244423076634901E-004  0.41543701802553751        1.3330803332713278E-003
 0.1800  0.58075080015634073        1.6261284745820715E-003  0.16196270959344614        1.8458612713206094E-004  0.41578512724787636        1.1880817002286790E-003
 0.2000  0.61954916510251179        1.5712560198696225E-003  0.16592742856063375        1.6256373200064882E-004  0.41582759936987673        1.0740845574151417E-003
 0.2200  0.65832507152896247        1.5270935083064559E-003  0.17006386432889217        1.4441273459041675E-004  0.41552003117426328        9.7988013626539873E-004
 0.2400  0.69712719362910847        1.4899359138578633E-003  0.17425355022939756        1.2899699157061333E-004  0.41485794541882776        8.9985427487220785E-004
 0.2600  0.73599167284734712        1.4580357230381639E-003  0.17842038408973407        1.1562925811945834E-004  0.41385766786122763        8.3076763104116306E-004
 0.2800  0.77494618370174406        1.4304249381177220E-003  0.18251513494653857        1.0387288527287441E-004  0.41254555444204444        7.7048791669530748E-004
 0.3000  0.81401260911241613        1.4064597241548417E-003  0.18650611783938115        9.3435705481933291E-005  0.41095193919137696        7.1747018549818636E-004
 0.3200  0.85320882604098469        1.3856493254228478E-003  0.19037336200208191        8.4111834998869549E-005  0.40910777894926792        6.7052800765994244E-004
 0.3400  0.89254991925515714        1.3675922639035515E-003  0.19410484702506925        7.5748861858109139E-005  0.40704285098144249        6.2872030365263985E-004
 0.3600  0.93204902146155932        1.3519525746384098E-003  0.19769400981397076        6.8228846299255350E-005  0.40478484892280620        5.9128744387020309E-004
 0.3800  0.97171790575788652        1.3384472887191113E-003  0.20113805771553656        6.1456996142032931E-005  0.40235899680749293        5.5760904319353483E-004
 0.4000   1.0115674123380318        1.3268394810673858E-003  0.20443680713870391        5.5354682660150080E-005  0.39978795762318314        5.2717445697927847E-004


