# triplet j1 / nf 1 / mode 2 / nplat  5 / jkb  20 / start     1 / nmeas 10000
 0.0010   8.5117450484793133E-002   9.9264595188809576E-003   5.8364263256232701E-002   1.8505982570013171E-003  0.12693164105313615        1.4939018629445354E-002
 0.0020  0.12012631376560090        1.3052867074977879E-002   5.9040372200419286E-002   1.8278743696628639E-003  0.12792822927787886        1.4040970652676050E-002
 0.0030  0.14633919579347962        1.4836457432115955E-002   5.9714222355893548E-002   1.8054284476426675E-003  0.12934625281208456        1.3258623434373755E-002
 0.0040  0.16767456407030740        1.5882880868342459E-002   6.0385814602970496E-002   1.7832580117179803E-003  0.13108266799715243        1.2566680462166179E-002
 0.0050  0.18568933951142080        1.6459599704356835E-002   6.1055149994266936E-002   1.7613605622739579E-003  0.13306816860400433        1.1950383545394672E-002
 0.0060  0.20122675705268453        1.6720083080550417E-002   6.1722229750856554E-002   1.7397335811557470E-003  0.13524639513327386        1.1398224993708567E-002
 0.0070  0.21482369373181259        1.6762614836561475E-002   6.2387055258472282E-002   1.7183745337545485E-003  0.13757169291774018        1.0900583200796843E-002
 0.0080  0.22685504651746799        1.6653582823166733E-002   6.3049628063767849E-002   1.6972808707461603E-003  0.14000798684119808        1.0449414331691033E-002
 0.0090  0.23759765753003018        1.6439212425038957E-002   6.3709949870633081E-002   1.6764500300189898E-003  0.14252719220795362        1.0038065006718328E-002
 0.0100  0.24726360286470359        1.6152331809066313E-002   6.4368022536565150E-002   1.6558794382938175E-003  0.14510750954034912        9.6610611676917878E-003
 0.0200  0.30975729961013759        1.2354141370550612E-002   7.0825557938600056E-002   1.4639164422657618E-003  0.17183176391458135        7.0795570164698752E-003
 0.0400  0.36948693700471674        7.4583059715804612E-003   8.3078930945783891E-002   1.1469660198457742E-003  0.22064360997710661        4.7070424736207137E-003
 0.0600  0.40880401523389059        5.3391652156358719E-003   9.4480134135118660E-002   9.0316296194927316E-004  0.26046280954391926        3.6224038880155194E-003
 0.0800  0.44333052265719086        4.2896409215837615E-003  0.10507422443607306        7.1579409441536557E-004  0.29246941404854393        3.0001379976098510E-003
 0.1000  0.47656356220291446        3.6826396126315064E-003  0.11491190334845561        5.7155981404565382E-004  0.31810952528404773        2.5823557057285122E-003
 0.1200  0.50960623396005245        3.2858562901476492E-003  0.12404608197545712        4.6021613469560450E-004  0.33858086843054502        2.2716647498482079E-003
 0.1400  0.54287621472598746        3.0020042955596492E-003  0.13252965924043703        3.7396022770483416E-004  0.35484177432257596        2.0250665022586200E-003
 0.1600  0.57654530326146991        2.7853796323909627E-003  0.14041407606943385        3.0685370311358179E-004  0.36766041569769636        1.8210882954410221E-003
 0.1800  0.61068262396967343        2.6123185922490382E-003  0.14774837873902852        2.5436755959753105E-004  0.37765657433221300        1.6478874186149240E-003
 0.2000  0.64659351509014218        1.9554834041009654E-003  0.15457863438610941        2.1304332354917543E-004  0.38456821298144206        1.1928544308312829E-003
 0.2200  0.68163145507573619        1.8607731396413257E-003  0.16094760262367555        1.8024203785657085E-004  0.39040823588964779        1.0879568911952577E-003
 0.2400  0.71716618208027016        1.7868016353786648E-003  0.16689459824064196        1.5395526872987952E-004  0.39465895049262156        9.9999020820506373E-004
 0.2600  0.75317492463829760        1.7285995629495485E-003  0.17245549584780423        1.3266001906600422E-004  0.39759813509307845        9.2524622407277532E-004
 0.2800  0.78909209509656264        1.8806819493217954E-003  0.17766283675652589        1.1520588810447377E-004  0.39972804255508992        9.6146648819802596E-004
 0.3000  0.82598045159960820        1.8172381109451375E-003  0.18254600546506003        1.0072684075943282E-004  0.40067479477881973        8.8842801796995552E-004
 0.3200  0.86327335100293012        1.7616412046054749E-003  0.18713144939143136        8.8572359868132071E-005  0.40088060309005225        8.2354097973376731E-004
 0.3400  0.90046403489650406        1.8780139427046403E-003  0.19144292124519471        7.8254052218528777E-005  0.40068929626343186        8.3968329547828651E-004
 0.3600  0.93852332302832342        1.8244029100259491E-003  0.19550172858244408        6.9404646241758445E-005  0.39975737017344565        7.8032450232522015E-004
 0.3800  0.97693747912721551        1.7752364583889138E-003  0.19932697950251432        6.1746827448764320E-005  0.39840342916556454        7.2658170552162226E-004
 0.4000   1.0156953282680785        1.7299721581060155E-003  0.20293581705725744        5.5069828005249167E-005  0.39669880368906796        6.7781348953977600E-004


# triplet j3 / nf 1 / mode 2 / nplat  5 / jkb  20 / start     1 / nmeas 10000
 0.0010  0.41536202106540909        7.6192138816778493E-003   5.8364263256232701E-002   1.8505982570013171E-003   2.6011279617190800E-002   6.3064927547292198E-004
 0.0020  0.41093240759393407        8.8079452119781965E-003   5.9040372200419286E-002   1.8278743696628639E-003   3.7396774568575188E-002   9.8875032586066033E-004
 0.0030  0.40701582753866733        9.9290106791518010E-003   5.9714222355893548E-002   1.8054284476426675E-003   4.6505382185960120E-002   1.3346559634616563E-003
 0.0040  0.40416859058612908        1.1008329215150651E-002   6.0385814602970496E-002   1.7832580117179803E-003   5.4381339187493223E-002   1.6848334358472072E-003
 0.0050  0.40197112944530305        1.0459948844354775E-002   6.1055149994266936E-002   1.7613605622739579E-003   6.1470435382186300E-002   1.8288745439475804E-003
 0.0060  0.40005391377877653        1.0074948457739539E-002   6.1722229750856554E-002   1.7397335811557470E-003   6.8028814513196437E-002   1.9632559194748805E-003
 0.0070  0.39839913128234627        9.8123553770777458E-003   6.2387055258472282E-002   1.7183745337545485E-003   7.4181033302963828E-002   2.0932660870017191E-003
 0.0080  0.39698621852064031        9.6376061381667107E-003   6.3049628063767849E-002   1.6972808707461603E-003   8.0006601957205409E-002   2.2208680445044127E-003
 0.0090  0.39579409413757777        9.5232814818461201E-003   6.3709949870633081E-002   1.6764500300189898E-003   8.5559960354464004E-002   2.3463487545753174E-003
 0.0100  0.39480249265272410        9.4486486220226283E-003   6.4368022536565150E-002   1.6558794382938175E-003   9.0880392802462975E-002   2.4692312689387321E-003
 0.0200  0.39256624438077342        9.0757682630035474E-003   7.0825557938600056E-002   1.4639164422657618E-003  0.13558512464917946        3.4335359469995141E-003
 0.0400  0.39139064820322972        4.6467181930424884E-003   8.3078930945783891E-002   1.1469660198457742E-003  0.20829555329020694        2.8605720633395264E-003
 0.0600  0.41992794026727298        2.7039379042234114E-003   9.4480134135118660E-002   9.0316296194927316E-004  0.25356312869508929        2.0333549157625368E-003
 0.0800  0.45039372155447216        1.9028092844275298E-003  0.10507422443607306        7.1579409441536557E-004  0.28788282781535562        1.5622897235089632E-003
 0.1000  0.48169166034309985        1.5943672349618321E-003  0.11491190334845561        5.7155981404565382E-004  0.31472292551642367        1.3029896838773307E-003
 0.1200  0.51362182120093336        1.4747913271599183E-003  0.12404608197545712        4.6021613469560450E-004  0.33593378265818219        1.1483723361682997E-003
 0.1400  0.54615991184512069        1.4212899112718003E-003  0.13252965924043703        3.7396022770483416E-004  0.35270834620597413        1.0440791416388006E-003
 0.1600  0.57930460987285304        1.3924841891202876E-003  0.14041407606943385        3.0685370311358179E-004  0.36590919915550246        9.6615213221836133E-004
 0.1800  0.61304670503611303        1.3752075331692484E-003  0.14774837873902852        2.5436755959753105E-004  0.37620022402535891        9.0390672909232081E-004
 0.2000  0.64736690420775755        1.3647187926674007E-003  0.15457863438610941        2.1304332354917543E-004  0.38410878129136422        8.5190687406756619E-004
 0.2200  0.68223940713654596        1.3586763762140827E-003  0.16094760262367555        1.8024203785657085E-004  0.39006033823219288        8.0692400842824767E-004
 0.2400  0.71763552988272683        1.3555280511193641E-003  0.16689459824064196        1.5395526872987952E-004  0.39440083574854828        7.6686461511308549E-004
 0.2600  0.75352625970858389        1.3541269389739272E-003  0.17245549584780423        1.3266001906600422E-004  0.39741275314130325        7.3034628721046016E-004
 0.2800  0.78988381724440115        1.3536406664625903E-003  0.17766283675652589        1.1520588810447377E-004  0.39932738420826236        6.9647585019556738E-004
 0.3000  0.82668252141967502        1.3535028523086376E-003  0.18254600546506003        1.0072684075943282E-004  0.40033451701342970        6.6469663022031646E-004
 0.3200  0.86389920696403977        1.3533614150899142E-003  0.18713144939143136        8.8572359868132071E-005  0.40059018319718209        6.3467429763417414E-004
 0.3400  0.90151337630147521        1.3530270774931177E-003  0.19144292124519471        7.8254052218528777E-005  0.40022290288519607        6.0621429824208434E-004
 0.3600  0.93950719594630028        1.3524261544162830E-003  0.19550172858244408        6.9404646241758445E-005  0.39933873532746222        5.7920430562555041E-004
 0.3800  0.97786540860314830        1.3515619347715334E-003  0.19932697950251432        6.1746827448764320E-005  0.39802537071091121        5.5357643767468899E-004
 0.4000   1.0165751998489658        1.3504848474958553E-003  0.20293581705725744        5.5069828005249167E-005  0.39635545082782375        5.2928366836161483E-004


