# triplet j1 / nf 2 / mode 2 / nplat  5 / jkb  20 / start     1 / nmeas 10000
 0.0010   3.3628190491572646E-002   8.9427907516625646E-003   9.1177844937237332E-004   1.4035239085418173E-005   4.0156528421686662E-002   1.0683352236382341E-002
 0.0020   6.7151170296299245E-002   1.7483030475543667E-002   1.8235131761871351E-003   2.8065346864488853E-005   4.0218962449733157E-002   1.0475713658474366E-002
 0.0030   9.9961722808195694E-002   2.5537787057228690E-002   2.7351604677288998E-003   4.2085195995562026E-005   4.0525958760776339E-002   1.0358089449928760E-002
 0.0040  0.13182761696476256        3.2810042755612931E-002   3.6466766309644536E-003   5.6089667048989515E-005   4.0972005187053524E-002   1.0202223801783159E-002
 0.0050  0.16253331074339109        3.9057515216692651E-002   4.5580180023764086E-003   7.0073652470022067E-005   4.1538005184836274E-002   9.9868825589312701E-003
 0.0060  0.19189735648487719        4.4119374841479715E-002   5.4691409577887779E-003   8.4032060491101207E-005   4.2216399337092682E-002   9.7114451976429688E-003
 0.0070  0.21976661696511970        4.7944986777828963E-002   6.3800019221807299E-003   9.7959819058436853E-005   4.3004380896332926E-002   9.3877801559388348E-003
 0.0080  0.24601312921025159        5.0592325198472156E-002   7.2905573794861886E-003   1.1185187970488424E-004   4.3901774269012581E-002   9.0346296815882483E-003
 0.0090  0.27053712067959879        5.2198791022842521E-002   8.2007638823765102E-003   1.2570322142478545E-004   4.4909326590802372E-002   8.6718642892963955E-003
 0.0100  0.29327336973444429        5.2941320378567081E-002   9.1105780620225583E-003   1.3950885447912599E-004   4.6027282597758887E-002   8.3162540939945330E-003
 0.0200  0.43262792787619081        4.1570581947722243E-002   1.8177676474319421E-002   2.7398324566298252E-004   6.2328206326098652E-002   6.0074177302309921E-003
 0.0400  0.50507793523638522        1.9283979772610583E-002   3.6013334114235018E-002   5.0992328875427333E-004  0.10627185520724367        4.1266464817041300E-003
 0.0600  0.52829317814597287        1.0747813228786589E-002   5.3195166818152007E-002   6.8051323362410356E-004  0.15123479010973062        3.2252702350850206E-003
 0.0800  0.54562120837020056        7.0149053119762462E-003   6.9467686192896214E-002   7.7510930845219614E-004  0.19322359815353693        2.7080264093799471E-003
 0.1000  0.56804865819034667        3.6567509863647328E-003   8.4649365146891226E-002   7.9903626572741786E-004  0.22905581002957404        1.8283675938881277E-003
 0.1200  0.58725268370002737        3.1751487187309428E-003   9.8638568962083992E-002   7.6806608337825111E-004  0.26200162937058186        1.7456344969577922E-003
 0.1400  0.60888160131892566        2.8627525552040916E-003  0.11140757856878912        7.0159418392185956E-004  0.29007047896851446        1.6414080115649120E-003
 0.1600  0.63164270168161951        2.6128631280371438E-003  0.12298794009974819        6.1736412402244533E-004  0.31407601397646967        1.5196531011148471E-003
 0.1800  0.65750573579616256        2.3918840799943978E-003  0.13345212118332503        5.2879439601864005E-004  0.33336073515305809        1.3808904572483640E-003
 0.2000  0.68511125901099013        2.2272553704123519E-003  0.14289595184982365        4.4450545733767564E-004  0.34896257571351591        1.2576076587142123E-003
 0.2200  0.71426202911027392        2.1023347137200167E-003  0.15142452320136576        3.6909220496873535E-004  0.36138230403896870        1.1512573555066585E-003
 0.2400  0.74330569417111247        2.3165539675576905E-003  0.15914235991793080        3.0430318899688272E-004  0.37183139492660827        1.2121359401300515E-003
 0.2600  0.77510459694695855        2.2092517331519690E-003  0.16614746152889731        2.5013605873236015E-004  0.37921736342985174        1.1179283424141368E-003
 0.2800  0.80796596155198797        2.1192750358411051E-003  0.17252829070173001        2.0566151810337433E-004  0.38470790327832960        1.0348030582221219E-003
 0.3000  0.84177522660316406        2.0422860556269080E-003  0.17836274426641810        1.6956407810708892E-004  0.38862573615735441        9.6079589134548794E-004
 0.3200  0.87643394504505190        1.9752288388221535E-003  0.18371831962767271        1.4045901478118786E-004  0.39124340455383183        8.9434354140218418E-004
 0.3400  0.91185796272659858        1.9159147970131134E-003  0.18865291711754376        1.1705683274195616E-004  0.39278873503907047        8.3424098962566926E-004
 0.3600  0.94797564630486852        1.8627612200470798E-003  0.19321591800726282        9.8233987729130060E-005  0.39345087837659887        7.7956920910320256E-004
 0.3800  0.98472624667866615        1.8146123877884595E-003  0.19744932499674364        8.3050934426736372E-005  0.39338618947832898        7.2962141043758785E-004
 0.4000   1.0220584405077511        1.7706180417556235E-003  0.20138885017214123        7.0743292095373859E-005  0.39272357770199995        6.8384353605512472E-004


# triplet j3 / nf 2 / mode 2 / nplat  5 / jkb  20 / start     1 / nmeas 10000
 0.0010  0.52630024119822361        3.0532856037005897E-003   9.1177844937237332E-004   1.4035239085418173E-005   2.5658194344929516E-003   2.4729826043893148E-005
 0.0020  0.52631412545129141        3.0529906942146942E-003   1.8235131761871351E-003   2.8065346864488853E-005   5.1314419773300221E-003   4.9450541761916201E-005
 0.0030  0.52633726497081212        3.0524997281740009E-003   2.7351604677288998E-003   4.2085195995562026E-005   7.6966707960640854E-003   7.4153048049104984E-005
 0.0040  0.52636965821539150        3.0518121177287561E-003   3.6466766309644536E-003   5.6089667048989515E-005   1.0261309180300354E-002   9.8828251688995407E-005
 0.0050  0.52641130397110736        3.0509286271521410E-003   4.5580180023764086E-003   7.0073652470022067E-005   1.2825160579640853E-002   1.2346709128275980E-004
 0.0060  0.52646219970264418        3.0498496912636699E-003   5.4691409577887779E-003   8.4032060491101207E-005   1.5388028689759164E-002   1.4806053413830256E-004
 0.0070  0.52652234261556108        3.0485756418048332E-003   6.3800019221807299E-003   9.7959819058436853E-005   1.7949717494072381E-002   1.7259958216730357E-004
 0.0080  0.52659172961618961        3.0471069291340522E-003   7.2905573794861886E-003   1.1185187970488424E-004   2.0510031317191126E-002   1.9707528173727173E-004
 0.0090  0.52667035695275011        3.0454443222925789E-003   8.2007638823765102E-003   1.2570322142478545E-004   2.3068774893335059E-002   2.2147873703082810E-004
 0.0100  0.52675822035636977        3.0435879964815721E-003   9.1105780620225583E-003   1.3950885447912599E-004   2.5625753420671922E-002   2.4580109402707663E-004
 0.0200  0.52814355130480783        3.0145965934044055E-003   1.8177676474319421E-002   2.7398324566298252E-004   5.1056048463493334E-002   4.8267656581790075E-004
 0.0400  0.53364798188845408        2.9043394961254057E-003   3.6013334114235018E-002   5.0992328875427333E-004  0.10058235208136564        8.9818058134149713E-004
 0.0600  0.54269445621717682        2.7392025190960565E-003   5.3195166818152007E-002   6.8051323362410356E-004  0.14722152953288256        1.1995625492240557E-003
 0.0800  0.55510397225502517        2.5418506174279178E-003   6.9467686192896214E-002   7.7510930845219614E-004  0.18992278632395693        1.3707646674166374E-003
 0.1000  0.57064855561975303        2.3357175176802621E-003   8.4649365146891226E-002   7.9903626572741786E-004  0.22801222268352403        1.4244617667148244E-003
 0.1200  0.58906930947693437        2.1405569079768110E-003   9.8638568962083992E-002   7.6806608337825111E-004  0.26119364479924362        1.3910253690386655E-003
 0.1400  0.61009402518281297        1.9698247024797148E-003  0.11140757856878912        7.0159418392185956E-004  0.28949402950926056        1.3055962442036493E-003
 0.1600  0.63345193949385259        1.8300372612680309E-003  0.12298794009974819        6.1736412402244533E-004  0.31317896375849147        1.1985245069695144E-003
 0.1800  0.65888438477790146        1.7217516689373561E-003  0.13345212118332503        5.2879439601864005E-004  0.33266321150750167        1.0908952313255396E-003
 0.2000  0.68615147939809107        1.6415275138773389E-003  0.14289595184982365        4.4450545733767564E-004  0.34843354095006851        9.9425938494000971E-004
 0.2200  0.71503582887446593        1.5840618682622584E-003  0.15142452320136576        3.6909220496873535E-004  0.36099122217935242        9.1275338591922104E-004
 0.2400  0.74534415006509047        1.5438262399102411E-003  0.15914235991793080        3.0430318899688272E-004  0.37081446617163244        8.4593902677655079E-004
 0.2600  0.77690731819959591        1.5159741520840552E-003  0.16614746152889731        2.5013605873236015E-004  0.37833743453175828        7.9127566568525673E-004
 0.2800  0.80957919915642351        1.4966624705512353E-003  0.17252829070173001        2.0566151810337433E-004  0.38394130100280316        7.4576627265886665E-004
 0.3000  0.84323467582712663        1.4830413229822432E-003  0.17836274426641810        1.6956407810708892E-004  0.38795311257425713        7.0679420574914847E-004
 0.3200  0.87776729668818798        1.4730988669198913E-003  0.18371831962767271        1.4045901478118786E-004  0.39064909551737509        6.7239294046415074E-004
 0.3400  0.91308687271538358        1.4654742875473646E-003  0.18865291711754376        1.1705683274195616E-004  0.39226008654526806        6.4121871106101805E-004
 0.3600  0.94911721901070556        1.4592832133731777E-003  0.19321591800726282        9.8233987729130060E-005  0.39297764622482051        6.1241226355914662E-004
 0.3800  0.98579414032276436        1.4539766224914217E-003  0.19744932499674364        8.3050934426736372E-005  0.39296004106230942        5.8545064461873941E-004
 0.4000   1.0230636824754047        1.4492328145652763E-003  0.20138885017214123        7.0743292095373859E-005  0.39233769534809027        5.6002628274342344E-004


