# pion mass (\sigma_1)
"*"
   10  64  2.00  0.2480  0.6323092445621574E+00  0.1222061660185774E-02  10000
   10  64  2.00  0.2500  0.6049718668722497E+00  0.1433002187140440E-02  10000
   10  64  2.00  0.2515  0.5824706938418817E+00  0.1001808791404357E-02  10000
   10  64  2.00  0.2530  0.5622646136432338E+00  0.1040822332729321E-02  10000
   10  64  2.00  0.2545  0.5415221198369082E+00  0.1205432726037084E-02  10000
   10  64  2.00  0.2560  0.5204843621019849E+00  0.1335301582824332E-02  10000
   10  64  2.00  0.2575  0.4997273980423604E+00  0.1449537954645677E-02  10000
   10  64  2.00  0.2590  0.4808275664495008E+00  0.1961086745051513E-02  10000
   10  64  2.00  0.2605  0.4602044562219326E+00  0.1614490881491887E-02  10000
   10  64  2.00  0.2620  0.4403272270535136E+00  0.1902369101638470E-02  10000
   10  64  2.00  0.2625  0.4323227413404030E+00  0.2286693783283026E-02  10000
   10  64  2.00  0.2639  0.4171633411907898E+00  0.2480123414358725E-02  10000
   10  64  2.00  0.2653  0.4001712038408610E+00  0.2036531262353900E-02  10000
   10  64  2.00  0.2667  0.3859526287643808E+00  0.3379481762192534E-02  10000
   10  64  2.00  0.2681  0.3728297478851698E+00  0.4392681587695875E-02  10000
   10  64  2.00  0.2694  0.3606844606602018E+00  0.5816381489531982E-02  10000
   10  64  2.00  0.2708  0.3518636297088663E+00  0.9309962236809166E-02  10000
   10  64  2.00  0.2722  0.3453389014786003E+00  0.9885327363615023E-02  10000
   10  64  2.00  0.2736  0.3444667169738441E+00  0.1944791825389569E-01  10000
   10  64  2.00  0.2750  0.3547550801145285E+00  0.5964390746175228E-01  10000
   10  64  2.00  0.2780  0.3674854456916224E+00  0.1139731993995315E+00  10000


# pseudoscalar mass (\sigma_3)
"*"
   10  64  2.00  0.2480  0.6322306560127327E+00  0.1233416913999698E-02  10000
   10  64  2.00  0.2500  0.6051434043554560E+00  0.1205240893384703E-02  10000
   10  64  2.00  0.2515  0.5823282188227621E+00  0.9501569128486100E-03  10000
   10  64  2.00  0.2530  0.5622966210187417E+00  0.9088684611301197E-03  10000
   10  64  2.00  0.2545  0.5412611950605725E+00  0.1116862785790102E-02  10000
   10  64  2.00  0.2560  0.5204858292146686E+00  0.1306430807158968E-02  10000
   10  64  2.00  0.2575  0.4998669427787464E+00  0.1342469690855010E-02  10000
   10  64  2.00  0.2590  0.4828458634706767E+00  0.1681475943135902E-02  10000
   10  64  2.00  0.2605  0.4601276798172756E+00  0.1344661800480077E-02  10000
   10  64  2.00  0.2620  0.4404826151685683E+00  0.1500427199197800E-02  10000
   10  64  2.00  0.2625  0.4324957233665013E+00  0.1579869755833565E-02  10000
   10  64  2.00  0.2639  0.4164383622991650E+00  0.1296795555896921E-02  10000
   10  64  2.00  0.2653  0.4014983016944416E+00  0.1475487388256398E-02  10000
   10  64  2.00  0.2667  0.3861823683001886E+00  0.1852470009699219E-02  10000
   10  64  2.00  0.2681  0.3735296392749598E+00  0.2661982057842755E-02  10000
   10  64  2.00  0.2694  0.3637988805132828E+00  0.2274302973696721E-02  10000
   10  64  2.00  0.2708  0.3545144429335086E+00  0.2566512226764162E-02  10000
   10  64  2.00  0.2722  0.3486419379286924E+00  0.3373608983381909E-02  10000
   10  64  2.00  0.2736  0.3449499145412225E+00  0.2524736266104097E-02  10000
   10  64  2.00  0.2750  0.3453087060517986E+00  0.3469944173341795E-02  10000
   10  64  2.00  0.2780  0.3491703479890899E+00  0.3647610678009941E-02  10000


# eta mass (\sigma_1)
"*"
   10  64  2.00  0.2480  0.7556986292836221E+00  0.2522518963987257E+02  10000
   10  64  2.00  0.2500  0.7355882038458050E+00  0.4695591116840139E+00  10000
   10  64  2.00  0.2515                     NaN                     NaN  10000
   10  64  2.00  0.2530                     NaN                     NaN  10000
   10  64  2.00  0.2545  0.6803016760730418E+00  0.7363385781353320E+02  10000
   10  64  2.00  0.2560  0.6593297575692567E+00  0.3519597918612394E+02  10000
   10  64  2.00  0.2575  0.6456368148274009E+00  0.5574400899185783E+02  10000
   10  64  2.00  0.2590  0.6293251642786768E+00  0.6824880989644574E+02  10000
   10  64  2.00  0.2605                     NaN                     NaN  10000
   10  64  2.00  0.2620  0.6009554534362199E+00  0.9361404881580810E+02  10000
   10  64  2.00  0.2625  0.5893235576257044E+00  0.7145450167521169E+02  10000
   10  64  2.00  0.2639  0.5868859274257101E+00  0.3187956844160050E+00  10000
   10  64  2.00  0.2653                     NaN                     NaN  10000
   10  64  2.00  0.2667  0.5727638253171982E+00  0.7099883969350761E+02  10000
   10  64  2.00  0.2681                     NaN                     NaN  10000
   10  64  2.00  0.2694  0.5691589490029074E+00  0.3507415581135485E+02  10000
   10  64  2.00  0.2708  0.5753405459994212E+00  0.6237569577283857E+00  10000
   10  64  2.00  0.2722  0.5773992163800753E+00  0.3163015890567357E+00  10000
   10  64  2.00  0.2736                     NaN                     NaN  10000
   10  64  2.00  0.2750                     NaN                     NaN  10000
   10  64  2.00  0.2780  0.6766867677940676E+00  0.7420072637898677E+02  10000

