# pion mass (\sigma_1)
"*"
   10  64  2.00  0.2480  0.6318810146676372E+00  0.1508243087736707E-02  10000
   10  64  2.00  0.2500  0.6047820147361342E+00  0.1560855912942660E-02  10000
   10  64  2.00  0.2515  0.5843936119086968E+00  0.2185912790214809E-02  10000
   10  64  2.00  0.2530  0.5622646136432338E+00  0.1040822332729321E-02  10000
   10  64  2.00  0.2545  0.5413226983152801E+00  0.1281875113931107E-02  10000
   10  64  2.00  0.2560  0.5177748115032768E+00  0.2698563492113624E-02  10000
   10  64  2.00  0.2575  0.5005143436290800E+00  0.3077229356944346E-02  10000
   10  64  2.00  0.2590  0.4825170978700050E+00  0.3340807880600570E-02  10000
   10  64  2.00  0.2605  0.4601923664661949E+00  0.1809919479832407E-02  10000
   10  64  2.00  0.2620  0.4403588420693441E+00  0.1994631721501739E-02  10000
   10  64  2.00  0.2625  0.4397382848567299E+00  0.3656358840246414E-02  10000
   10  64  2.00  0.2639  0.4198186447752072E+00  0.3972373005236912E-02  10000
   10  64  2.00  0.2653  0.3977729205821132E+00  0.7778485022519349E-02  10000
   10  64  2.00  0.2667  0.3852536095849302E+00  0.3581214362927799E-02  10000
   10  64  2.00  0.2681  0.3786439557942912E+00  0.8558370537167063E-02  10000
   10  64  2.00  0.2694  0.3662593669163126E+00  0.8570782714556510E-02  10000
   10  64  2.00  0.2708  0.3589000983270128E+00  0.1946737612846147E-01  10000
   10  64  2.00  0.2722  0.3474838956602196E+00  0.1205224960279617E-01  10000
   10  64  2.00  0.2736  0.3476366197595063E+00  0.2387927160166214E-01  10000
   10  64  2.00  0.2750  0.3390519132235250E+00  0.2813612672761864E+00  10000
   10  64  2.00  0.2780  0.3450955023320777E+00  0.1188312565859836E+00  10000


# pseudoscalar mass (\sigma_3)
"*"
   10  64  2.00  0.2480  0.6318844701426509E+00  0.1581930871153560E-02  10000
   10  64  2.00  0.2500  0.6049404486789577E+00  0.1303258884784354E-02  10000
   10  64  2.00  0.2515  0.5837941069482542E+00  0.1859675378964776E-02  10000
   10  64  2.00  0.2530  0.5622966210187417E+00  0.9088684611301197E-03  10000
   10  64  2.00  0.2545  0.5409794265189418E+00  0.1422938567456918E-02  10000
   10  64  2.00  0.2560  0.5178201609549248E+00  0.3330391476995163E-02  10000
   10  64  2.00  0.2575  0.5010888258661917E+00  0.2367192240244326E-02  10000
   10  64  2.00  0.2590  0.4831899073534306E+00  0.1974704327175377E-02  10000
   10  64  2.00  0.2605  0.4598752329005152E+00  0.1600150446973247E-02  10000
   10  64  2.00  0.2620  0.4404132409338921E+00  0.1625675696751636E-02  10000
   10  64  2.00  0.2625  0.4322694261040743E+00  0.1801004108869551E-02  10000
   10  64  2.00  0.2639  0.4160652334686392E+00  0.1573241108557807E-02  10000
   10  64  2.00  0.2653  0.4014983016944416E+00  0.1475487388256398E-02  10000
   10  64  2.00  0.2667  0.3870077819276035E+00  0.2654130484448372E-02  10000
   10  64  2.00  0.2681  0.3793205856180746E+00  0.3999179059973991E-02  10000
   10  64  2.00  0.2694  0.3669479914332296E+00  0.4089175898625577E-02  10000
   10  64  2.00  0.2708  0.3589617748516397E+00  0.6041547043646608E-02  10000
   10  64  2.00  0.2722  0.3533074953448890E+00  0.5971841481373738E-02  10000
   10  64  2.00  0.2736  0.3445603922380430E+00  0.3003178525576908E-02  10000
   10  64  2.00  0.2750  0.3459978094188032E+00  0.6329966018629860E-02  10000
   10  64  2.00  0.2780  0.3489721268025641E+00  0.6058369953791053E-02  10000


# eta mass (\sigma_1)
"*"
   10  64  2.00  0.2480  0.7556986292836221E+00  0.2522518963987257E+02  10000
   10  64  2.00  0.2500  0.6935839363165363E+00  0.4821281887623262E+02  10000
   10  64  2.00  0.2515                     NaN                     NaN  10000
   10  64  2.00  0.2530                     NaN                     NaN  10000
   10  64  2.00  0.2545  0.6298073985750863E+00  0.9972872003116414E+02  10000
   10  64  2.00  0.2560  0.6771593491238314E+00  0.9758741373543874E+02  10000
   10  64  2.00  0.2575  0.4495364072168515E+00  0.1404530842896399E+03  10000
   10  64  2.00  0.2590  0.5997072889510360E+00  0.7778415606455697E+02  10000
   10  64  2.00  0.2605                     NaN                     NaN  10000
   10  64  2.00  0.2620  0.5855440508957440E+00  0.1357796820690324E+03  10000
   10  64  2.00  0.2625  0.5893235576257044E+00  0.7145450167521169E+02  10000
   10  64  2.00  0.2639  0.6293979129086635E-01  0.1351216698290288E+03  10000
   10  64  2.00  0.2653                     NaN                     NaN  10000
   10  64  2.00  0.2667  0.5727638253171982E+00  0.7099883969350761E+02  10000
   10  64  2.00  0.2681                     NaN                     NaN  10000
   10  64  2.00  0.2694  0.3180222091806821E+00  0.7448121561645941E+02  10000
   10  64  2.00  0.2708  0.5443667279517113E+00  0.8745451020021704E+02  10000
   10  64  2.00  0.2722  0.4966168270663026E+00  0.4887121202133467E+00  10000
   10  64  2.00  0.2736                     NaN                     NaN  10000
   10  64  2.00  0.2750                     NaN                     NaN  10000
   10  64  2.00  0.2780  0.4331487865802948E+00  0.1288201271856751E+03  10000

