#  Re(op_pbp_e)                                                    
  10  64  2.00  0.2200  1.118  0.504  0.621
#  Re(op_pbp_e)                                                    
  10  64  2.00  0.2231    NaN  0.504  0.474
#  Re(op_pbp_e)                                                    
  10  64  2.00  0.2250    NaN  0.523  0.533
#  Re(op_pbp_e)                                                    
  10  64  2.00  0.2262    NaN  0.503  0.511
#  Re(op_pbp_e)                                                    
  10  64  2.00  0.2293    NaN  0.503  0.182
#  Re(op_pbp_e)                                                    
  10  64  2.00  0.2300    NaN  0.500  0.609
#  Re(op_pbp_e)                                                    
  10  64  2.00  0.2324    NaN  0.500  0.572
#  Re(op_pbp_e)                                                    
  10  64  2.00  0.2350    NaN  0.502  0.683
#  Re(op_pbp_e)                                                    
  10  64  2.00  0.2356    NaN  0.500  0.465
#  Re(op_pbp_e)                                                    
  10  64  2.00  0.2387    NaN  0.501  0.510
#  Re(op_pbp_e)                                                    
  10  64  2.00  0.2400    NaN  0.502  0.860
#  Re(op_pbp_e)                                                    
  10  64  2.00  0.2418    NaN  0.500  0.503
#  Re(op_pbp_e)                                                    
  10  64  2.00  0.2449    NaN  0.500  0.516
#  Re(op_pbp_e)                                                    
  10  64  2.00  0.2480    NaN  0.500  0.806
#  Re(op_pbp_e)                                                    
  10  64  2.00  0.2500    NaN  0.500  0.299
#  Re(op_pbp_e)                                                    
  10  64  2.00  0.2515    NaN  0.500  0.538
#  Re(op_pbp_e)                                                    
  10  64  2.00  0.2530    NaN  0.500  0.528
#  Re(op_pbp_e)                                                    
  10  64  2.00  0.2545    NaN  0.525  0.343
#  Re(op_pbp_e)                                                    
  10  64  2.00  0.2560    NaN  0.510  0.563
#  Re(op_pbp_e)                                                    
  10  64  2.00  0.2575    NaN  0.504  0.583
#  Re(op_pbp_e)                                                    
  10  64  2.00  0.2590    NaN  0.517  0.398
#  Re(op_pbp_e)                                                    
  10  64  2.00  0.2605  0.299  0.518  0.831
#  Re(op_pbp_e)                                                    
  10  64  2.00  0.2620    NaN  0.511  0.281
#  Re(op_pbp_e)                                                    
  10  64  2.00  0.2625    NaN  0.529  0.616
#  Re(op_pbp_e)                                                    
  10  64  2.00  0.2639  0.912  0.534  0.473
#  Re(op_pbp_e)                                                    
  10  64  2.00  0.2653  0.231  0.540  0.449
#  Re(op_pbp_e)                                                    
  10  64  2.00  0.2667  0.756  0.588  0.618
#  Re(op_pbp_e)                                                    
  10  64  2.00  0.2681    NaN  0.588  0.288
#  Re(op_pbp_e)                                                    
  10  64  2.00  0.2694  1.747  0.733  0.449
#  Re(op_pbp_e)                                                    
  10  64  2.00  0.2708  0.460  0.680  1.022
#  Re(op_pbp_e)                                                    
  10  64  2.00  0.2722  0.726  0.760  0.967
#  Re(op_pbp_e)                                                    
  10  64  2.00  0.2736  1.216  0.828  0.631
#  Re(op_pbp_e)                                                    
  10  64  2.00  0.2750  0.830  0.777  0.566
#  Re(op_pbp_e)                                                    
  10  64  2.00  0.2780  5.770  1.692  3.838
