#-----------------------------------------------------------
#beta =   2.00   kappa =   0.2200
#  Re(op_pbp_e)                                                    
#
#   -12  0.19216E+01  jk failed  0.000E+00  jk failed     1
    -11  0.19193E+01  0.867E-03  0.274E-02  0.317E-05    11
    -10  0.19193E+01  0.860E-03  0.310E-02  0.313E-05    14
     -9  0.19187E+01  0.751E-03  0.341E-02  0.485E-05    31
     -8  0.19181E+01  0.465E-03  0.333E-02  0.154E-05    74
     -7  0.19183E+01  0.309E-03  0.359E-02  0.172E-05   137
     -6  0.19176E+01  0.195E-03  0.339E-02  0.963E-06   218
     -5  0.19173E+01  0.175E-03  0.349E-02  0.675E-06   404
     -4  0.19171E+01  0.138E-03  0.352E-02  0.561E-06   572
     -3  0.19171E+01  0.109E-03  0.362E-02  0.421E-06   781
     -2  0.19168E+01  0.109E-03  0.349E-02  0.632E-06   971
     -1  0.19167E+01  0.997E-04  0.359E-02  0.510E-06  1110
      0  0.19167E+01  0.116E-03  0.347E-02  0.522E-06  1261
      1  0.19167E+01  0.110E-03  0.357E-02  0.490E-06  1154
      2  0.19168E+01  0.106E-03  0.343E-02  0.398E-06   998
      3  0.19168E+01  0.107E-03  0.335E-02  0.613E-06   751
      4  0.19172E+01  0.123E-03  0.319E-02  0.413E-06   611
      5  0.19171E+01  0.194E-03  0.330E-02  0.650E-06   393
      6  0.19175E+01  0.205E-03  0.317E-02  0.127E-05   230
      7  0.19179E+01  0.254E-03  0.322E-02  0.124E-05   138
      8  0.19187E+01  0.382E-03  0.329E-02  0.175E-05    86
      9  0.19193E+01  0.759E-03  0.342E-02  0.399E-05    32
     10  0.19201E+01  0.830E-03  0.299E-02  0.499E-05    14
#    11  0.19178E+01  jk failed  0.237E-02  jk failed     4
#    12  0.19207E+01  jk failed  0.348E-02  jk failed     3
#    13  0.19207E+01  jk failed  0.000E+00  jk failed     1
&-----------------------------------------------------------
#beta =   2.00   kappa =   0.2231
#  Re(op_pbp_e)                                                    
#
#   -13  0.19163E+01  jk failed  0.218E-02  jk failed     2
#   -12  0.19138E+01  jk failed  0.213E-02  jk failed     2
#   -11  0.19135E+01  jk failed  0.252E-02  jk failed     9
    -10  0.19133E+01  0.897E-03  0.370E-02  0.421E-05    18
     -9  0.19122E+01  0.570E-03  0.261E-02  0.210E-05    22
     -8  0.19127E+01  0.540E-03  0.373E-02  0.245E-05    68
     -7  0.19123E+01  0.337E-03  0.369E-02  0.161E-05   133
     -6  0.19114E+01  0.255E-03  0.382E-02  0.146E-05   226
     -5  0.19110E+01  0.168E-03  0.373E-02  0.100E-05   386
     -4  0.19110E+01  0.132E-03  0.363E-02  0.967E-06   569
     -3  0.19108E+01  0.135E-03  0.375E-02  0.581E-06   794
     -2  0.19107E+01  0.128E-03  0.380E-02  0.616E-06   996
     -1  0.19105E+01  0.101E-03  0.391E-02  0.792E-06  1144
      0  0.19106E+01  0.117E-03  0.380E-02  0.409E-06  1167
      1  0.19104E+01  0.118E-03  0.379E-02  0.501E-06  1150
      2  0.19105E+01  0.111E-03  0.379E-02  0.689E-06  1012
      3  0.19107E+01  0.107E-03  0.380E-02  0.606E-06   818
      4  0.19108E+01  0.165E-03  0.404E-02  0.876E-06   600
      5  0.19113E+01  0.188E-03  0.379E-02  0.881E-06   406
      6  0.19117E+01  0.250E-03  0.356E-02  0.106E-05   240
      7  0.19115E+01  0.316E-03  0.400E-02  0.206E-05   126
      8  0.19123E+01  0.474E-03  0.382E-02  0.213E-05    69
      9  0.19117E+01  0.613E-03  0.293E-02  0.252E-05    25
#    10  0.19132E+01  jk failed  0.212E-02  jk failed     8
#    11  0.19126E+01  jk failed  0.298E-02  jk failed     4
#    12  0.19107E+01  jk failed  0.208E-02  jk failed     2
#    13  0.19151E+01  jk failed  0.207E-02  jk failed     4
&-----------------------------------------------------------
#beta =   2.00   kappa =   0.2250
#  Re(op_pbp_e)                                                    
#
#   -12  0.19023E+01  jk failed  0.000E+00  jk failed     1
#   -11  0.19091E+01  jk failed  0.423E-02  jk failed     8
    -10  0.19103E+01  0.108E-02  0.357E-02  0.601E-05    12
     -9  0.19084E+01  0.805E-03  0.444E-02  0.380E-05    32
     -8  0.19089E+01  0.514E-03  0.441E-02  0.383E-05    78
     -7  0.19087E+01  0.341E-03  0.368E-02  0.174E-05   128
     -6  0.19071E+01  0.298E-03  0.400E-02  0.118E-05   238
     -5  0.19075E+01  0.220E-03  0.419E-02  0.124E-05   405
     -4  0.19071E+01  0.156E-03  0.393E-02  0.728E-06   554
     -3  0.19068E+01  0.154E-03  0.413E-02  0.751E-06   792
     -2  0.19064E+01  0.114E-03  0.404E-02  0.770E-06  1027
     -1  0.19063E+01  0.128E-03  0.402E-02  0.538E-06  1139
      0  0.19063E+01  0.101E-03  0.402E-02  0.701E-06  1147
      1  0.19065E+01  0.116E-03  0.412E-02  0.701E-06  1105
      2  0.19066E+01  0.106E-03  0.400E-02  0.654E-06  1010
      3  0.19069E+01  0.155E-03  0.412E-02  0.934E-06   800
      4  0.19070E+01  0.174E-03  0.401E-02  0.100E-05   604
      5  0.19070E+01  0.200E-03  0.405E-02  0.859E-06   400
      6  0.19076E+01  0.269E-03  0.419E-02  0.196E-05   243
      7  0.19081E+01  0.300E-03  0.391E-02  0.176E-05   149
      8  0.19086E+01  0.433E-03  0.393E-02  0.222E-05    80
      9  0.19076E+01  0.843E-03  0.357E-02  0.322E-05    27
     10  0.19115E+01  0.113E-02  0.438E-02  0.691E-05    16
#    11  0.19079E+01  jk failed  0.117E-02  jk failed     3
#    12  0.19131E+01  jk failed  0.410E-02  jk failed     2
&-----------------------------------------------------------
#beta =   2.00   kappa =   0.2262
#  Re(op_pbp_e)                                                    
#
#   -15  0.19109E+01  jk failed  0.000E+00  jk failed     1
#   -13  0.19115E+01  jk failed  0.286E-02  jk failed     3
#   -12  0.19065E+01  jk failed  0.232E-02  jk failed     4
#   -11  0.19108E+01  jk failed  0.125E-02  jk failed     6
    -10  0.19066E+01  0.103E-02  0.326E-02  0.563E-05    11
     -9  0.19054E+01  0.757E-03  0.355E-02  0.616E-05    23
     -8  0.19058E+01  0.655E-03  0.438E-02  0.329E-05    50
     -7  0.19057E+01  0.328E-03  0.411E-02  0.153E-05   142
     -6  0.19047E+01  0.286E-03  0.406E-02  0.152E-05   259
     -5  0.19047E+01  0.200E-03  0.387E-02  0.955E-06   385
     -4  0.19044E+01  0.149E-03  0.415E-02  0.108E-05   592
     -3  0.19040E+01  0.187E-03  0.433E-02  0.118E-05   772
     -2  0.19041E+01  0.131E-03  0.424E-02  0.864E-06   948
     -1  0.19037E+01  0.967E-04  0.429E-02  0.777E-06  1165
      0  0.19037E+01  0.101E-03  0.413E-02  0.656E-06  1262
      1  0.19039E+01  0.109E-03  0.431E-02  0.605E-06  1161
      2  0.19038E+01  0.118E-03  0.417E-02  0.705E-06  1018
      3  0.19041E+01  0.150E-03  0.427E-02  0.842E-06   782
      4  0.19043E+01  0.162E-03  0.437E-02  0.116E-05   545
      5  0.19045E+01  0.212E-03  0.426E-02  0.136E-05   416
      6  0.19055E+01  0.317E-03  0.419E-02  0.179E-05   228
      7  0.19050E+01  0.447E-03  0.484E-02  0.286E-05   121
      8  0.19058E+01  0.481E-03  0.392E-02  0.380E-05    56
      9  0.19052E+01  0.104E-02  0.494E-02  0.731E-05    27
     10  0.19064E+01  0.576E-03  0.216E-02  0.150E-05    15
#    11  0.19099E+01  jk failed  0.401E-02  jk failed     5
#    12  0.19095E+01  jk failed  0.000E+00  jk failed     1
#    13  0.19069E+01  jk failed  0.263E-02  jk failed     2
&-----------------------------------------------------------
#beta =   2.00   kappa =   0.2293
#  Re(op_pbp_e)                                                    
#
#   -12  0.19006E+01  jk failed  0.000E+00  jk failed     1
#   -11  0.18990E+01  jk failed  0.512E-02  jk failed     6
#   -10  0.19042E+01  jk failed  0.341E-02  jk failed     9
     -9  0.18998E+01  0.844E-03  0.469E-02  0.663E-05    40
     -8  0.18995E+01  0.629E-03  0.468E-02  0.383E-05    54
     -7  0.18981E+01  0.489E-03  0.469E-02  0.287E-05   128
     -6  0.18980E+01  0.225E-03  0.478E-02  0.190E-05   229
     -5  0.18977E+01  0.194E-03  0.493E-02  0.186E-05   385
     -4  0.18970E+01  0.186E-03  0.444E-02  0.105E-05   601
     -3  0.18970E+01  0.186E-03  0.462E-02  0.101E-05   782
     -2  0.18964E+01  0.154E-03  0.480E-02  0.132E-05  1090
     -1  0.18967E+01  0.138E-03  0.473E-02  0.118E-05  1118
      0  0.18966E+01  0.161E-03  0.465E-02  0.826E-06  1192
      1  0.18965E+01  0.160E-03  0.485E-02  0.915E-06  1139
      2  0.18967E+01  0.154E-03  0.473E-02  0.122E-05  1000
      3  0.18968E+01  0.143E-03  0.486E-02  0.139E-05   794
      4  0.18970E+01  0.183E-03  0.454E-02  0.138E-05   587
      5  0.18975E+01  0.246E-03  0.459E-02  0.161E-05   401
      6  0.18976E+01  0.308E-03  0.496E-02  0.202E-05   231
      7  0.18986E+01  0.479E-03  0.438E-02  0.258E-05   108
      8  0.18987E+01  0.599E-03  0.407E-02  0.303E-05    49
      9  0.18998E+01  0.838E-03  0.391E-02  0.469E-05    34
     10  0.19016E+01  0.133E-02  0.398E-02  0.961E-05    10
#    11  0.19011E+01  jk failed  0.308E-02  jk failed     8
#    12  0.19023E+01  jk failed  0.306E-02  jk failed     2
#    13  0.19023E+01  jk failed  0.204E-02  jk failed     2
&-----------------------------------------------------------
#beta =   2.00   kappa =   0.2300
#  Re(op_pbp_e)                                                    
#
#   -13  0.19053E+01  jk failed  0.000E+00  jk failed     1
#   -12  0.19005E+01  jk failed  0.678E-02  jk failed     2
#   -11  0.18958E+01  jk failed  0.534E-02  jk failed     4
    -10  0.18994E+01  0.123E-02  0.426E-02  0.757E-05    13
     -9  0.18974E+01  0.903E-03  0.393E-02  0.490E-05    20
     -8  0.18965E+01  0.524E-03  0.401E-02  0.305E-05    69
     -7  0.18970E+01  0.428E-03  0.455E-02  0.280E-05   128
     -6  0.18960E+01  0.310E-03  0.468E-02  0.254E-05   227
     -5  0.18957E+01  0.255E-03  0.476E-02  0.146E-05   394
     -4  0.18955E+01  0.219E-03  0.480E-02  0.134E-05   568
     -3  0.18953E+01  0.142E-03  0.491E-02  0.124E-05   810
     -2  0.18950E+01  0.148E-03  0.485E-02  0.116E-05  1000
     -1  0.18949E+01  0.130E-03  0.489E-02  0.102E-05  1091
      0  0.18947E+01  0.131E-03  0.499E-02  0.101E-05  1158
      1  0.18949E+01  0.143E-03  0.496E-02  0.914E-06  1191
      2  0.18951E+01  0.153E-03  0.490E-02  0.870E-06  1072
      3  0.18952E+01  0.171E-03  0.479E-02  0.116E-05   819
      4  0.18954E+01  0.196E-03  0.457E-02  0.125E-05   584
      5  0.18961E+01  0.253E-03  0.451E-02  0.121E-05   373
      6  0.18961E+01  0.376E-03  0.493E-02  0.243E-05   236
      7  0.18970E+01  0.480E-03  0.489E-02  0.290E-05   131
      8  0.18958E+01  0.553E-03  0.439E-02  0.352E-05    65
      9  0.18993E+01  0.123E-02  0.508E-02  0.800E-05    25
     10  0.18990E+01  0.803E-03  0.300E-02  0.521E-05    15
#    11  0.18980E+01  jk failed  0.443E-02  jk failed     4
&-----------------------------------------------------------
#beta =   2.00   kappa =   0.2324
#  Re(op_pbp_e)                                                    
#
#   -14  0.18971E+01  jk failed  0.000E+00  jk failed     1
#   -12  0.18935E+01  jk failed  0.264E-02  jk failed     5
#   -11  0.18960E+01  jk failed  0.534E-03  jk failed     3
    -10  0.18913E+01  0.103E-02  0.372E-02  0.504E-05    14
     -9  0.18917E+01  0.942E-03  0.411E-02  0.607E-05    20
     -8  0.18915E+01  0.658E-03  0.484E-02  0.375E-05    70
     -7  0.18908E+01  0.473E-03  0.517E-02  0.465E-05   121
     -6  0.18902E+01  0.372E-03  0.510E-02  0.221E-05   246
     -5  0.18899E+01  0.277E-03  0.540E-02  0.225E-05   380
     -4  0.18893E+01  0.185E-03  0.531E-02  0.157E-05   573
     -3  0.18893E+01  0.214E-03  0.550E-02  0.136E-05   740
     -2  0.18891E+01  0.143E-03  0.536E-02  0.910E-06  1017
     -1  0.18891E+01  0.227E-03  0.537E-02  0.113E-05  1158
      0  0.18888E+01  0.135E-03  0.530E-02  0.110E-05  1240
      1  0.18889E+01  0.128E-03  0.540E-02  0.134E-05  1155
      2  0.18891E+01  0.165E-03  0.505E-02  0.812E-06  1020
      3  0.18892E+01  0.194E-03  0.527E-02  0.120E-05   792
      4  0.18896E+01  0.227E-03  0.533E-02  0.201E-05   606
      5  0.18900E+01  0.214E-03  0.524E-02  0.194E-05   388
      6  0.18901E+01  0.306E-03  0.511E-02  0.236E-05   225
      7  0.18915E+01  0.530E-03  0.500E-02  0.334E-05   138
      8  0.18913E+01  0.658E-03  0.493E-02  0.380E-05    54
      9  0.18916E+01  0.113E-02  0.516E-02  0.993E-05    22
#    10  0.18961E+01  jk failed  0.505E-02  jk failed     7
#    11  0.18950E+01  jk failed  0.315E-02  jk failed     5
&-----------------------------------------------------------
#beta =   2.00   kappa =   0.2350
#  Re(op_pbp_e)                                                    
#
#   -11  0.18885E+01  jk failed  0.402E-02  jk failed     6
    -10  0.18881E+01  0.158E-02  0.501E-02  0.137E-04    11
     -9  0.18869E+01  0.856E-03  0.394E-02  0.538E-05    30
     -8  0.18846E+01  0.904E-03  0.578E-02  0.472E-05    57
     -7  0.18841E+01  0.480E-03  0.575E-02  0.446E-05   134
     -6  0.18840E+01  0.380E-03  0.561E-02  0.294E-05   236
     -5  0.18840E+01  0.248E-03  0.554E-02  0.245E-05   340
     -4  0.18825E+01  0.241E-03  0.571E-02  0.205E-05   580
     -3  0.18820E+01  0.230E-03  0.579E-02  0.223E-05   810
     -2  0.18819E+01  0.235E-03  0.580E-02  0.134E-05   991
     -1  0.18817E+01  0.174E-03  0.590E-02  0.141E-05  1178
      0  0.18818E+01  0.185E-03  0.610E-02  0.146E-05  1233
      1  0.18819E+01  0.128E-03  0.595E-02  0.103E-05  1169
      2  0.18820E+01  0.220E-03  0.585E-02  0.142E-05   995
      3  0.18824E+01  0.192E-03  0.600E-02  0.243E-05   790
      4  0.18828E+01  0.241E-03  0.615E-02  0.196E-05   583
      5  0.18836E+01  0.243E-03  0.576E-02  0.277E-05   380
      6  0.18843E+01  0.351E-03  0.522E-02  0.190E-05   257
      7  0.18843E+01  0.421E-03  0.571E-02  0.391E-05   134
      8  0.18845E+01  0.112E-02  0.582E-02  0.779E-05    51
      9  0.18864E+01  0.125E-02  0.601E-02  0.717E-05    24
#    10  0.18869E+01  jk failed  0.442E-02  jk failed     7
#    11  0.18893E+01  jk failed  0.172E-02  jk failed     3
#    12  0.18964E+01  jk failed  0.000E+00  jk failed     1
&-----------------------------------------------------------
#beta =   2.00   kappa =   0.2356
#  Re(op_pbp_e)                                                    
#
#   -12  0.18849E+01  jk failed  0.000E+00  jk failed     1
#   -11  0.18966E+01  jk failed  0.334E-03  jk failed     3
    -10  0.18865E+01  0.159E-02  0.476E-02  0.831E-05    10
     -9  0.18862E+01  0.122E-02  0.546E-02  0.947E-05    25
     -8  0.18836E+01  0.682E-03  0.543E-02  0.543E-05    66
     -7  0.18820E+01  0.525E-03  0.524E-02  0.423E-05   117
     -6  0.18818E+01  0.292E-03  0.587E-02  0.381E-05   254
     -5  0.18821E+01  0.315E-03  0.598E-02  0.233E-05   314
     -4  0.18810E+01  0.202E-03  0.620E-02  0.161E-05   612
     -3  0.18805E+01  0.264E-03  0.609E-02  0.170E-05   823
     -2  0.18802E+01  0.177E-03  0.587E-02  0.182E-05   999
     -1  0.18804E+01  0.204E-03  0.571E-02  0.109E-05  1107
      0  0.18803E+01  0.168E-03  0.596E-02  0.148E-05  1228
      1  0.18800E+01  0.143E-03  0.596E-02  0.160E-05  1241
      2  0.18808E+01  0.149E-03  0.602E-02  0.135E-05   998
      3  0.18812E+01  0.267E-03  0.602E-02  0.180E-05   812
      4  0.18812E+01  0.259E-03  0.589E-02  0.203E-05   588
      5  0.18818E+01  0.284E-03  0.594E-02  0.266E-05   364
      6  0.18826E+01  0.396E-03  0.582E-02  0.327E-05   216
      7  0.18845E+01  0.580E-03  0.558E-02  0.332E-05   116
      8  0.18834E+01  0.787E-03  0.581E-02  0.898E-05    61
      9  0.18851E+01  0.128E-02  0.523E-02  0.121E-04    27
     10  0.18851E+01  0.196E-02  0.620E-02  0.147E-04    11
#    11  0.18870E+01  jk failed  0.191E-02  jk failed     4
#    12  0.18897E+01  jk failed  0.531E-02  jk failed     3
&-----------------------------------------------------------
#beta =   2.00   kappa =   0.2387
#  Re(op_pbp_e)                                                    
#
#   -11  0.18751E+01  jk failed  0.439E-02  jk failed     2
    -10  0.18780E+01  0.140E-02  0.524E-02  0.104E-04    15
     -9  0.18754E+01  0.119E-02  0.534E-02  0.610E-05    21
     -8  0.18740E+01  0.839E-03  0.567E-02  0.753E-05    54
     -7  0.18740E+01  0.687E-03  0.588E-02  0.438E-05   122
     -6  0.18731E+01  0.399E-03  0.601E-02  0.329E-05   226
     -5  0.18730E+01  0.370E-03  0.678E-02  0.455E-05   390
     -4  0.18721E+01  0.237E-03  0.662E-02  0.260E-05   574
     -3  0.18717E+01  0.191E-03  0.672E-02  0.200E-05   786
     -2  0.18712E+01  0.231E-03  0.718E-02  0.216E-05   993
     -1  0.18712E+01  0.182E-03  0.694E-02  0.178E-05  1221
      0  0.18709E+01  0.181E-03  0.682E-02  0.211E-05  1176
      1  0.18710E+01  0.286E-03  0.682E-02  0.167E-05  1166
      2  0.18716E+01  0.177E-03  0.649E-02  0.196E-05  1050
      3  0.18723E+01  0.282E-03  0.694E-02  0.218E-05   825
      4  0.18724E+01  0.268E-03  0.658E-02  0.236E-05   580
      5  0.18731E+01  0.414E-03  0.691E-02  0.304E-05   370
      6  0.18735E+01  0.460E-03  0.566E-02  0.201E-05   203
      7  0.18750E+01  0.589E-03  0.691E-02  0.839E-05   121
      8  0.18761E+01  0.808E-03  0.670E-02  0.105E-04    65
      9  0.18770E+01  0.146E-02  0.668E-02  0.160E-04    26
     10  0.18767E+01  0.155E-02  0.490E-02  0.872E-05    11
#    11  0.18807E+01  jk failed  0.333E-02  jk failed     3
&-----------------------------------------------------------
#beta =   2.00   kappa =   0.2400
#  Re(op_pbp_e)                                                    
#
#   -11  0.18755E+01  jk failed  0.527E-02  jk failed     2
    -10  0.18755E+01  0.165E-02  0.570E-02  0.157E-04    13
     -9  0.18747E+01  0.138E-02  0.553E-02  0.103E-04    17
     -8  0.18713E+01  0.749E-03  0.617E-02  0.942E-05    49
     -7  0.18709E+01  0.661E-03  0.661E-02  0.566E-05   110
     -6  0.18704E+01  0.545E-03  0.700E-02  0.376E-05   223
     -5  0.18695E+01  0.329E-03  0.688E-02  0.412E-05   344
     -4  0.18684E+01  0.362E-03  0.705E-02  0.281E-05   563
     -3  0.18681E+01  0.309E-03  0.686E-02  0.218E-05   739
     -2  0.18679E+01  0.204E-03  0.728E-02  0.250E-05  1000
     -1  0.18673E+01  0.148E-03  0.730E-02  0.249E-05  1242
      0  0.18670E+01  0.202E-03  0.714E-02  0.220E-05  1250
      1  0.18674E+01  0.218E-03  0.717E-02  0.179E-05  1236
      2  0.18672E+01  0.244E-03  0.729E-02  0.260E-05  1021
      3  0.18682E+01  0.213E-03  0.727E-02  0.234E-05   837
      4  0.18683E+01  0.346E-03  0.711E-02  0.268E-05   583
      5  0.18685E+01  0.434E-03  0.724E-02  0.349E-05   345
      6  0.18697E+01  0.408E-03  0.683E-02  0.428E-05   204
      7  0.18721E+01  0.555E-03  0.649E-02  0.562E-05   133
      8  0.18709E+01  0.110E-02  0.673E-02  0.156E-04    48
      9  0.18745E+01  0.131E-02  0.626E-02  0.114E-04    24
     10  0.18725E+01  0.135E-02  0.446E-02  0.136E-04    12
#    11  0.18787E+01  jk failed  0.824E-02  jk failed     4
#    12  0.18811E+01  jk failed  0.000E+00  jk failed     1
&-----------------------------------------------------------
#beta =   2.00   kappa =   0.2418
#  Re(op_pbp_e)                                                    
#
#   -14  0.18787E+01  jk failed  0.000E+00  jk failed     1
#   -12  0.18685E+01  jk failed  0.682E-03  jk failed     2
#   -11  0.18641E+01  jk failed  0.471E-02  jk failed     2
    -10  0.18686E+01  0.261E-02  0.784E-02  0.278E-04    10
     -9  0.18668E+01  0.145E-02  0.696E-02  0.106E-04    24
     -8  0.18677E+01  0.898E-03  0.665E-02  0.107E-04    60
     -7  0.18666E+01  0.662E-03  0.618E-02  0.501E-05   110
     -6  0.18651E+01  0.636E-03  0.785E-02  0.555E-05   215
     -5  0.18636E+01  0.450E-03  0.710E-02  0.348E-05   363
     -4  0.18630E+01  0.372E-03  0.737E-02  0.267E-05   558
     -3  0.18618E+01  0.268E-03  0.789E-02  0.275E-05   804
     -2  0.18617E+01  0.274E-03  0.767E-02  0.295E-05  1027
     -1  0.18616E+01  0.186E-03  0.761E-02  0.251E-05  1172
      0  0.18611E+01  0.179E-03  0.791E-02  0.258E-05  1288
      1  0.18614E+01  0.292E-03  0.785E-02  0.238E-05  1180
      2  0.18616E+01  0.235E-03  0.750E-02  0.235E-05  1052
      3  0.18623E+01  0.267E-03  0.743E-02  0.239E-05   805
      4  0.18631E+01  0.333E-03  0.749E-02  0.373E-05   540
      5  0.18630E+01  0.449E-03  0.771E-02  0.540E-05   345
      6  0.18641E+01  0.434E-03  0.727E-02  0.477E-05   235
      7  0.18660E+01  0.666E-03  0.658E-02  0.570E-05   113
      8  0.18676E+01  0.118E-02  0.692E-02  0.928E-05    49
      9  0.18665E+01  0.190E-02  0.774E-02  0.232E-04    27
     10  0.18697E+01  0.215E-02  0.743E-02  0.265E-04    13
#    11  0.18707E+01  jk failed  0.390E-02  jk failed     4
#    13  0.18686E+01  jk failed  0.000E+00  jk failed     1
&-----------------------------------------------------------
#beta =   2.00   kappa =   0.2449
#  Re(op_pbp_e)                                                    
#
#   -13  0.18572E+01  jk failed  0.000E+00  jk failed     1
#   -12  0.18638E+01  jk failed  0.000E+00  jk failed     1
#   -11  0.18696E+01  jk failed  0.861E-02  jk failed     4
#   -10  0.18557E+01  jk failed  0.556E-02  jk failed     5
     -9  0.18598E+01  0.176E-02  0.785E-02  0.167E-04    21
     -8  0.18606E+01  0.116E-02  0.724E-02  0.146E-04    48
     -7  0.18559E+01  0.688E-03  0.823E-02  0.124E-04   101
     -6  0.18544E+01  0.592E-03  0.750E-02  0.625E-05   165
     -5  0.18531E+01  0.528E-03  0.907E-02  0.554E-05   328
     -4  0.18524E+01  0.416E-03  0.870E-02  0.343E-05   586
     -3  0.18513E+01  0.319E-03  0.903E-02  0.291E-05   880
     -2  0.18509E+01  0.259E-03  0.901E-02  0.323E-05  1010
     -1  0.18510E+01  0.297E-03  0.895E-02  0.324E-05  1239
      0  0.18507E+01  0.190E-03  0.867E-02  0.243E-05  1333
      1  0.18503E+01  0.268E-03  0.900E-02  0.369E-05  1192
      2  0.18514E+01  0.307E-03  0.880E-02  0.350E-05  1007
      3  0.18511E+01  0.437E-03  0.872E-02  0.320E-05   775
      4  0.18529E+01  0.300E-03  0.839E-02  0.460E-05   578
      5  0.18533E+01  0.430E-03  0.892E-02  0.653E-05   343
      6  0.18543E+01  0.743E-03  0.923E-02  0.115E-04   217
      7  0.18555E+01  0.829E-03  0.754E-02  0.801E-05   101
      8  0.18555E+01  0.124E-02  0.724E-02  0.150E-04    39
      9  0.18569E+01  0.201E-02  0.805E-02  0.150E-04    17
#    10  0.18620E+01  jk failed  0.781E-02  jk failed     6
#    11  0.18600E+01  jk failed  0.171E-02  jk failed     2
#    13  0.18682E+01  jk failed  0.000E+00  jk failed     1
&-----------------------------------------------------------
#beta =   2.00   kappa =   0.2480
#  Re(op_pbp_e)                                                    
#
#   -11  0.18437E+01  jk failed  0.968E-02  jk failed     4
#   -10  0.18584E+01  jk failed  0.654E-02  jk failed     4
     -9  0.18489E+01  0.195E-02  0.873E-02  0.242E-04    21
     -8  0.18452E+01  0.154E-02  0.868E-02  0.147E-04    47
     -7  0.18463E+01  0.116E-02  0.101E-01  0.158E-04    71
     -6  0.18431E+01  0.841E-03  0.106E-01  0.124E-04   195
     -5  0.18422E+01  0.509E-03  0.100E-01  0.747E-05   349
     -4  0.18409E+01  0.496E-03  0.973E-02  0.799E-05   542
     -3  0.18400E+01  0.389E-03  0.983E-02  0.445E-05   774
     -2  0.18395E+01  0.358E-03  0.100E-01  0.449E-05  1040
     -1  0.18389E+01  0.248E-03  0.106E-01  0.568E-05  1193
      0  0.18387E+01  0.367E-03  0.103E-01  0.486E-05  1284
      1  0.18393E+01  0.276E-03  0.109E-01  0.447E-05  1251
      2  0.18391E+01  0.368E-03  0.104E-01  0.532E-05  1099
      3  0.18407E+01  0.400E-03  0.100E-01  0.401E-05   854
      4  0.18412E+01  0.511E-03  0.103E-01  0.737E-05   569
      5  0.18416E+01  0.542E-03  0.981E-02  0.865E-05   352
      6  0.18429E+01  0.802E-03  0.949E-02  0.108E-04   192
      7  0.18452E+01  0.119E-02  0.972E-02  0.129E-04    84
      8  0.18468E+01  0.151E-02  0.845E-02  0.188E-04    45
      9  0.18508E+01  0.242E-02  0.111E-01  0.303E-04    22
#    10  0.18559E+01  jk failed  0.543E-02  jk failed     7
#    12  0.18567E+01  jk failed  0.000E+00  jk failed     1
&-----------------------------------------------------------
#beta =   2.00   kappa =   0.2500
#  Re(op_pbp_e)                                                    
#
#   -11  0.18524E+01  jk failed  0.000E+00  jk failed     1
#   -10  0.18420E+01  jk failed  0.779E-02  jk failed     5
     -9  0.18420E+01  0.214E-02  0.956E-02  0.311E-04    21
     -8  0.18393E+01  0.202E-02  0.112E-01  0.358E-04    34
     -7  0.18369E+01  0.979E-03  0.946E-02  0.132E-04    87
     -6  0.18348E+01  0.842E-03  0.104E-01  0.133E-04   184
     -5  0.18337E+01  0.526E-03  0.103E-01  0.920E-05   347
     -4  0.18336E+01  0.346E-03  0.109E-01  0.570E-05   550
     -3  0.18315E+01  0.427E-03  0.115E-01  0.646E-05   805
     -2  0.18306E+01  0.385E-03  0.117E-01  0.678E-05  1092
     -1  0.18304E+01  0.410E-03  0.114E-01  0.514E-05  1199
      0  0.18298E+01  0.329E-03  0.120E-01  0.632E-05  1350
      1  0.18305E+01  0.338E-03  0.114E-01  0.649E-05  1280
      2  0.18312E+01  0.389E-03  0.112E-01  0.575E-05  1029
      3  0.18316E+01  0.443E-03  0.109E-01  0.822E-05   788
      4  0.18335E+01  0.500E-03  0.111E-01  0.693E-05   577
      5  0.18332E+01  0.598E-03  0.111E-01  0.919E-05   329
      6  0.18367E+01  0.819E-03  0.101E-01  0.124E-04   173
      7  0.18398E+01  0.101E-02  0.933E-02  0.157E-04    93
      8  0.18401E+01  0.185E-02  0.104E-01  0.295E-04    30
      9  0.18430E+01  0.238E-02  0.952E-02  0.284E-04    17
#    10  0.18501E+01  jk failed  0.482E-02  jk failed     5
#    11  0.18489E+01  jk failed  0.761E-02  jk failed     3
#    12  0.18645E+01  jk failed  0.000E+00  jk failed     1
&-----------------------------------------------------------
#beta =   2.00   kappa =   0.2515
#  Re(op_pbp_e)                                                    
#
#   -12  0.18588E+01  jk failed  0.000E+00  jk failed     1
#   -11  0.18504E+01  jk failed  0.000E+00  jk failed     1
#   -10  0.18293E+01  jk failed  0.846E-02  jk failed     6
     -9  0.18355E+01  0.294E-02  0.114E-01  0.383E-04    16
     -8  0.18351E+01  0.276E-02  0.115E-01  0.465E-04    26
     -7  0.18346E+01  0.112E-02  0.111E-01  0.172E-04    89
     -6  0.18296E+01  0.100E-02  0.126E-01  0.186E-04   181
     -5  0.18279E+01  0.843E-03  0.120E-01  0.827E-05   296
     -4  0.18267E+01  0.433E-03  0.116E-01  0.921E-05   541
     -3  0.18252E+01  0.453E-03  0.123E-01  0.823E-05   817
     -2  0.18239E+01  0.484E-03  0.125E-01  0.695E-05  1047
     -1  0.18245E+01  0.360E-03  0.130E-01  0.742E-05  1208
      0  0.18234E+01  0.352E-03  0.122E-01  0.592E-05  1384
      1  0.18240E+01  0.348E-03  0.124E-01  0.687E-05  1211
      2  0.18240E+01  0.365E-03  0.129E-01  0.648E-05  1115
      3  0.18256E+01  0.483E-03  0.118E-01  0.535E-05   863
      4  0.18268E+01  0.480E-03  0.111E-01  0.690E-05   544
      5  0.18286E+01  0.531E-03  0.113E-01  0.110E-04   353
      6  0.18318E+01  0.802E-03  0.109E-01  0.134E-04   163
      7  0.18331E+01  0.141E-02  0.117E-01  0.180E-04    76
      8  0.18326E+01  0.258E-02  0.133E-01  0.406E-04    41
      9  0.18342E+01  0.191E-02  0.740E-02  0.224E-04    16
#    10  0.18468E+01  jk failed  0.700E-02  jk failed     4
#    11  0.18395E+01  jk failed  0.000E+00  jk failed     1
&-----------------------------------------------------------
#beta =   2.00   kappa =   0.2530
#  Re(op_pbp_e)                                                    
#
#   -11  0.18329E+01  jk failed  0.970E-04  jk failed     2
#   -10  0.18372E+01  jk failed  0.106E-01  jk failed     2
     -9  0.18282E+01  0.383E-02  0.138E-01  0.558E-04    14
     -8  0.18311E+01  0.225E-02  0.119E-01  0.440E-04    41
     -7  0.18241E+01  0.162E-02  0.113E-01  0.259E-04    78
     -6  0.18230E+01  0.985E-03  0.128E-01  0.286E-04   152
     -5  0.18218E+01  0.859E-03  0.122E-01  0.119E-04   301
     -4  0.18203E+01  0.552E-03  0.127E-01  0.948E-05   552
     -3  0.18187E+01  0.547E-03  0.133E-01  0.597E-05   820
     -2  0.18175E+01  0.433E-03  0.133E-01  0.744E-05  1077
     -1  0.18171E+01  0.367E-03  0.137E-01  0.935E-05  1307
      0  0.18168E+01  0.341E-03  0.137E-01  0.887E-05  1350
      1  0.18166E+01  0.409E-03  0.144E-01  0.795E-05  1262
      2  0.18179E+01  0.458E-03  0.135E-01  0.774E-05  1081
      3  0.18190E+01  0.504E-03  0.127E-01  0.724E-05   806
      4  0.18191E+01  0.502E-03  0.133E-01  0.918E-05   563
      5  0.18226E+01  0.869E-03  0.140E-01  0.158E-04   302
      6  0.18250E+01  0.834E-03  0.120E-01  0.108E-04   160
      7  0.18252E+01  0.130E-02  0.120E-01  0.244E-04    77
      8  0.18322E+01  0.189E-02  0.102E-01  0.247E-04    40
#     9  0.18326E+01  jk failed  0.533E-02  jk failed     7
#    10  0.18372E+01  jk failed  0.377E-02  jk failed     4
#    11  0.18440E+01  jk failed  0.105E-01  jk failed     2
&-----------------------------------------------------------
#beta =   2.00   kappa =   0.2545
#  Re(op_pbp_e)                                                    
#
#   -10  0.18176E+01  jk failed  0.417E-03  jk failed     2
     -9  0.18274E+01  0.316E-02  0.110E-01  0.405E-04    13
     -8  0.18232E+01  0.196E-02  0.107E-01  0.302E-04    40
     -7  0.18225E+01  0.171E-02  0.140E-01  0.408E-04    69
     -6  0.18163E+01  0.108E-02  0.133E-01  0.244E-04   169
     -5  0.18154E+01  0.625E-03  0.138E-01  0.135E-04   280
     -4  0.18124E+01  0.657E-03  0.140E-01  0.166E-04   492
     -3  0.18111E+01  0.532E-03  0.151E-01  0.118E-04   762
     -2  0.18097E+01  0.469E-03  0.151E-01  0.881E-05  1080
     -1  0.18095E+01  0.395E-03  0.153E-01  0.926E-05  1331
      0  0.18084E+01  0.388E-03  0.151E-01  0.103E-04  1404
      1  0.18092E+01  0.427E-03  0.155E-01  0.103E-04  1314
      2  0.18102E+01  0.488E-03  0.146E-01  0.926E-05  1108
      3  0.18105E+01  0.464E-03  0.143E-01  0.101E-04   779
      4  0.18131E+01  0.547E-03  0.149E-01  0.141E-04   540
      5  0.18146E+01  0.703E-03  0.140E-01  0.131E-04   347
      6  0.18170E+01  0.110E-02  0.149E-01  0.248E-04   154
      7  0.18199E+01  0.139E-02  0.135E-01  0.456E-04    66
      8  0.18299E+01  0.175E-02  0.825E-02  0.157E-04    32
      9  0.18273E+01  0.256E-02  0.922E-02  0.276E-04    14
#    10  0.18358E+01  jk failed  0.542E-02  jk failed     3
#    11  0.18267E+01  jk failed  0.000E+00  jk failed     1
&-----------------------------------------------------------
#beta =   2.00   kappa =   0.2560
#  Re(op_pbp_e)                                                    
#
#   -11  0.18470E+01  jk failed  0.000E+00  jk failed     1
#   -10  0.18078E+01  jk failed  0.165E-01  jk failed     2
#    -9  0.18224E+01  jk failed  0.109E-01  jk failed     8
     -8  0.18184E+01  0.346E-02  0.157E-01  0.111E-03    29
     -7  0.18122E+01  0.198E-02  0.125E-01  0.434E-04    70
     -6  0.18098E+01  0.136E-02  0.148E-01  0.237E-04   147
     -5  0.18106E+01  0.745E-03  0.151E-01  0.152E-04   291
     -4  0.18055E+01  0.655E-03  0.156E-01  0.179E-04   495
     -3  0.18035E+01  0.375E-03  0.164E-01  0.137E-04   799
     -2  0.18021E+01  0.504E-03  0.156E-01  0.106E-04  1107
     -1  0.18006E+01  0.450E-03  0.165E-01  0.135E-04  1261
      0  0.18005E+01  0.540E-03  0.169E-01  0.116E-04  1434
      1  0.18018E+01  0.377E-03  0.160E-01  0.984E-05  1379
      2  0.18023E+01  0.420E-03  0.156E-01  0.105E-04  1073
      3  0.18038E+01  0.567E-03  0.165E-01  0.136E-04   824
      4  0.18059E+01  0.761E-03  0.157E-01  0.184E-04   513
      5  0.18091E+01  0.639E-03  0.162E-01  0.210E-04   284
      6  0.18100E+01  0.113E-02  0.147E-01  0.238E-04   162
      7  0.18147E+01  0.156E-02  0.147E-01  0.357E-04    78
      8  0.18212E+01  0.259E-02  0.119E-01  0.394E-04    28
#     9  0.18276E+01  jk failed  0.104E-01  jk failed     9
#    10  0.18389E+01  jk failed  0.173E-01  jk failed     4
#    11  0.18099E+01  jk failed  0.000E+00  jk failed     1
#    12  0.18522E+01  jk failed  0.000E+00  jk failed     1
&-----------------------------------------------------------
#beta =   2.00   kappa =   0.2575
#  Re(op_pbp_e)                                                    
#
#   -11  0.18152E+01  jk failed  0.000E+00  jk failed     1
#   -10  0.18361E+01  jk failed  0.994E-02  jk failed     4
     -9  0.18205E+01  0.557E-02  0.176E-01  0.147E-03    11
     -8  0.18085E+01  0.343E-02  0.146E-01  0.512E-04    19
     -7  0.18090E+01  0.204E-02  0.145E-01  0.349E-04    72
     -6  0.18028E+01  0.128E-02  0.174E-01  0.482E-04   133
     -5  0.18023E+01  0.112E-02  0.162E-01  0.300E-04   269
     -4  0.17983E+01  0.977E-03  0.174E-01  0.211E-04   527
     -3  0.17953E+01  0.790E-03  0.175E-01  0.198E-04   771
     -2  0.17937E+01  0.582E-03  0.181E-01  0.163E-04  1128
     -1  0.17930E+01  0.626E-03  0.182E-01  0.127E-04  1298
      0  0.17920E+01  0.384E-03  0.187E-01  0.129E-04  1533
      1  0.17923E+01  0.462E-03  0.183E-01  0.122E-04  1360
      2  0.17925E+01  0.452E-03  0.178E-01  0.151E-04  1109
      3  0.17952E+01  0.626E-03  0.180E-01  0.192E-04   792
      4  0.17971E+01  0.887E-03  0.168E-01  0.215E-04   482
      5  0.18013E+01  0.133E-02  0.168E-01  0.242E-04   261
      6  0.18040E+01  0.149E-02  0.160E-01  0.281E-04   127
      7  0.18075E+01  0.229E-02  0.166E-01  0.543E-04    62
      8  0.18120E+01  0.361E-02  0.163E-01  0.593E-04    29
      9  0.18138E+01  0.451E-02  0.143E-01  0.660E-04    11
#    10  0.18225E+01  jk failed  0.000E+00  jk failed     1
&-----------------------------------------------------------
#beta =   2.00   kappa =   0.2590
#  Re(op_pbp_e)                                                    
#
#   -10  0.18190E+01  jk failed  0.899E-02  jk failed     4
#    -9  0.18263E+01  jk failed  0.682E-02  jk failed     6
     -8  0.18042E+01  0.386E-02  0.159E-01  0.103E-03    18
     -7  0.18024E+01  0.219E-02  0.160E-01  0.504E-04    58
     -6  0.17961E+01  0.145E-02  0.189E-01  0.503E-04   119
     -5  0.17942E+01  0.105E-02  0.193E-01  0.346E-04   266
     -4  0.17888E+01  0.102E-02  0.190E-01  0.181E-04   515
     -3  0.17852E+01  0.617E-03  0.195E-01  0.239E-04   771
     -2  0.17845E+01  0.524E-03  0.198E-01  0.181E-04  1082
     -1  0.17826E+01  0.516E-03  0.198E-01  0.140E-04  1325
      0  0.17831E+01  0.359E-03  0.202E-01  0.134E-04  1491
      1  0.17830E+01  0.605E-03  0.202E-01  0.181E-04  1417
      2  0.17840E+01  0.649E-03  0.200E-01  0.203E-04  1140
      3  0.17868E+01  0.711E-03  0.201E-01  0.204E-04   804
      4  0.17891E+01  0.849E-03  0.197E-01  0.273E-04   484
      5  0.17928E+01  0.139E-02  0.192E-01  0.295E-04   284
      6  0.17950E+01  0.150E-02  0.190E-01  0.491E-04   122
      7  0.17967E+01  0.333E-02  0.185E-01  0.696E-04    58
      8  0.18103E+01  0.401E-02  0.188E-01  0.796E-04    23
      9  0.18123E+01  0.416E-02  0.132E-01  0.562E-04    11
#    10  0.18264E+01  jk failed  0.357E-02  jk failed     2
&-----------------------------------------------------------
#beta =   2.00   kappa =   0.2605
#  Re(op_pbp_e)                                                    
#
#   -11  0.18230E+01  jk failed  0.000E+00  jk failed     1
#   -10  0.17988E+01  jk failed  0.227E-01  jk failed     4
#    -9  0.18099E+01  jk failed  0.169E-01  jk failed     7
     -8  0.18015E+01  0.349E-02  0.144E-01  0.106E-03    18
     -7  0.17943E+01  0.335E-02  0.187E-01  0.742E-04    42
     -6  0.17897E+01  0.149E-02  0.184E-01  0.512E-04   112
     -5  0.17846E+01  0.118E-02  0.206E-01  0.455E-04   257
     -4  0.17798E+01  0.858E-03  0.202E-01  0.279E-04   520
     -3  0.17765E+01  0.661E-03  0.217E-01  0.249E-04   813
     -2  0.17743E+01  0.591E-03  0.227E-01  0.217E-04  1110
     -1  0.17729E+01  0.418E-03  0.227E-01  0.146E-04  1332
      0  0.17717E+01  0.626E-03  0.232E-01  0.176E-04  1425
      1  0.17723E+01  0.599E-03  0.228E-01  0.172E-04  1404
      2  0.17741E+01  0.780E-03  0.226E-01  0.203E-04  1142
      3  0.17766E+01  0.837E-03  0.209E-01  0.200E-04   816
      4  0.17812E+01  0.758E-03  0.210E-01  0.286E-04   532
      5  0.17838E+01  0.137E-02  0.207E-01  0.313E-04   264
      6  0.17873E+01  0.168E-02  0.189E-01  0.351E-04   138
      7  0.17943E+01  0.451E-02  0.233E-01  0.130E-03    42
      8  0.17950E+01  0.614E-02  0.221E-01  0.180E-03    14
#     9  0.17975E+01  jk failed  0.178E-01  jk failed     4
#    10  0.18202E+01  jk failed  0.223E-01  jk failed     3
&-----------------------------------------------------------
#beta =   2.00   kappa =   0.2620
#  Re(op_pbp_e)                                                    
#
#   -10  0.18189E+01  jk failed  0.179E-01  jk failed     2
#    -9  0.17947E+01  jk failed  0.139E-01  jk failed     6
     -8  0.17882E+01  0.550E-02  0.206E-01  0.174E-03    15
     -7  0.17878E+01  0.346E-02  0.179E-01  0.692E-04    38
     -6  0.17788E+01  0.268E-02  0.231E-01  0.665E-04   109
     -5  0.17729E+01  0.187E-02  0.244E-01  0.602E-04   223
     -4  0.17699E+01  0.127E-02  0.237E-01  0.310E-04   504
     -3  0.17657E+01  0.830E-03  0.238E-01  0.284E-04   742
     -2  0.17633E+01  0.775E-03  0.260E-01  0.268E-04  1146
     -1  0.17601E+01  0.810E-03  0.260E-01  0.255E-04  1410
      0  0.17595E+01  0.771E-03  0.260E-01  0.269E-04  1555
      1  0.17614E+01  0.683E-03  0.252E-01  0.213E-04  1432
      2  0.17624E+01  0.628E-03  0.251E-01  0.221E-04  1158
      3  0.17655E+01  0.845E-03  0.251E-01  0.425E-04   791
      4  0.17697E+01  0.113E-02  0.239E-01  0.337E-04   429
      5  0.17720E+01  0.158E-02  0.226E-01  0.385E-04   266
      6  0.17763E+01  0.276E-02  0.231E-01  0.809E-04   100
      7  0.17876E+01  0.354E-02  0.251E-01  0.150E-03    60
      8  0.18069E+01  0.757E-02  0.227E-01  0.302E-03    10
#     9  0.17987E+01  jk failed  0.000E+00  jk failed     1
#    10  0.18166E+01  jk failed  0.926E-02  jk failed     2
#    11  0.18182E+01  jk failed  0.000E+00  jk failed     1
&-----------------------------------------------------------
#beta =   2.00   kappa =   0.2625
#  Re(op_pbp_e)                                                    
#
#   -11  0.18211E+01  jk failed  0.000E+00  jk failed     1
#   -10  0.17852E+01  jk failed  0.496E-02  jk failed     2
#    -9  0.18047E+01  jk failed  0.262E-01  jk failed     7
     -8  0.17964E+01  0.726E-02  0.272E-01  0.192E-03    15
     -7  0.17862E+01  0.326E-02  0.222E-01  0.887E-04    48
     -6  0.17744E+01  0.282E-02  0.254E-01  0.987E-04   105
     -5  0.17707E+01  0.151E-02  0.236E-01  0.488E-04   232
     -4  0.17659E+01  0.920E-03  0.266E-01  0.435E-04   474
     -3  0.17613E+01  0.745E-03  0.245E-01  0.346E-04   811
     -2  0.17591E+01  0.905E-03  0.264E-01  0.221E-04  1180
     -1  0.17562E+01  0.678E-03  0.261E-01  0.295E-04  1481
      0  0.17565E+01  0.700E-03  0.266E-01  0.292E-04  1473
      1  0.17552E+01  0.847E-03  0.267E-01  0.305E-04  1405
      2  0.17571E+01  0.747E-03  0.262E-01  0.294E-04  1109
      3  0.17627E+01  0.900E-03  0.249E-01  0.248E-04   767
      4  0.17668E+01  0.120E-02  0.249E-01  0.422E-04   455
      5  0.17741E+01  0.237E-02  0.245E-01  0.610E-04   258
      6  0.17759E+01  0.249E-02  0.243E-01  0.759E-04   104
      7  0.17869E+01  0.361E-02  0.238E-01  0.112E-03    54
      8  0.17957E+01  0.752E-02  0.249E-01  0.235E-03    12
#     9  0.17906E+01  jk failed  0.140E-01  jk failed     6
#    10  0.17965E+01  jk failed  0.000E+00  jk failed     1
&-----------------------------------------------------------
#beta =   2.00   kappa =   0.2639
#  Re(op_pbp_e)                                                    
#
#   -10  0.17765E+01  jk failed  0.000E+00  jk failed     1
#    -9  0.17852E+01  jk failed  0.281E-01  jk failed     6
     -8  0.17913E+01  0.911E-02  0.316E-01  0.374E-03    13
     -7  0.17744E+01  0.413E-02  0.245E-01  0.164E-03    38
     -6  0.17671E+01  0.291E-02  0.291E-01  0.123E-03    86
     -5  0.17620E+01  0.131E-02  0.242E-01  0.522E-04   211
     -4  0.17539E+01  0.136E-02  0.271E-01  0.354E-04   429
     -3  0.17507E+01  0.104E-02  0.292E-01  0.510E-04   812
     -2  0.17466E+01  0.889E-03  0.285E-01  0.242E-04  1163
     -1  0.17433E+01  0.689E-03  0.292E-01  0.290E-04  1454
      0  0.17412E+01  0.650E-03  0.293E-01  0.315E-04  1586
      1  0.17438E+01  0.925E-03  0.298E-01  0.358E-04  1404
      2  0.17470E+01  0.677E-03  0.294E-01  0.349E-04  1201
      3  0.17494E+01  0.106E-02  0.272E-01  0.448E-04   770
      4  0.17556E+01  0.141E-02  0.261E-01  0.382E-04   437
      5  0.17596E+01  0.161E-02  0.282E-01  0.590E-04   233
      6  0.17612E+01  0.228E-02  0.255E-01  0.104E-03   101
      7  0.17653E+01  0.601E-02  0.267E-01  0.208E-03    34
      8  0.17788E+01  0.660E-02  0.238E-01  0.198E-03    14
#     9  0.17832E+01  jk failed  0.970E-02  jk failed     5
#    10  0.18066E+01  jk failed  0.457E-02  jk failed     2
&-----------------------------------------------------------
#beta =   2.00   kappa =   0.2653
#  Re(op_pbp_e)                                                    
#
#   -10  0.18160E+01  jk failed  0.134E-01  jk failed     2
#    -9  0.17795E+01  jk failed  0.366E-01  jk failed     3
     -8  0.17612E+01  0.112E-01  0.335E-01  0.366E-03    10
     -7  0.17733E+01  0.771E-02  0.334E-01  0.302E-03    31
     -6  0.17598E+01  0.293E-02  0.304E-01  0.173E-03    97
     -5  0.17511E+01  0.215E-02  0.303E-01  0.996E-04   211
     -4  0.17429E+01  0.118E-02  0.300E-01  0.525E-04   401
     -3  0.17370E+01  0.120E-02  0.326E-01  0.703E-04   730
     -2  0.17309E+01  0.106E-02  0.331E-01  0.591E-04  1185
     -1  0.17287E+01  0.897E-03  0.329E-01  0.296E-04  1483
      0  0.17277E+01  0.868E-03  0.329E-01  0.334E-04  1620
      1  0.17294E+01  0.812E-03  0.319E-01  0.443E-04  1521
      2  0.17335E+01  0.870E-03  0.319E-01  0.325E-04  1194
      3  0.17388E+01  0.109E-02  0.306E-01  0.330E-04   762
      4  0.17418E+01  0.173E-02  0.293E-01  0.500E-04   417
      5  0.17492E+01  0.243E-02  0.311E-01  0.964E-04   201
      6  0.17609E+01  0.343E-02  0.289E-01  0.131E-03    91
      7  0.17621E+01  0.669E-02  0.289E-01  0.338E-03    25
      8  0.17565E+01  0.991E-02  0.297E-01  0.706E-03    10
#     9  0.17910E+01  jk failed  0.359E-01  jk failed     4
#    10  0.17967E+01  jk failed  0.306E-02  jk failed     2
&-----------------------------------------------------------
#beta =   2.00   kappa =   0.2667
#  Re(op_pbp_e)                                                    
#
#    -8  0.17685E+01  jk failed  0.244E-01  jk failed     8
     -7  0.17519E+01  0.896E-02  0.347E-01  0.594E-03    16
     -6  0.17434E+01  0.378E-02  0.269E-01  0.111E-03    54
     -5  0.17349E+01  0.269E-02  0.347E-01  0.139E-03   163
     -4  0.17265E+01  0.155E-02  0.301E-01  0.622E-04   383
     -3  0.17219E+01  0.134E-02  0.352E-01  0.841E-04   748
     -2  0.17162E+01  0.109E-02  0.374E-01  0.673E-04  1185
     -1  0.17132E+01  0.113E-02  0.369E-01  0.533E-04  1457
      0  0.17102E+01  0.701E-03  0.379E-01  0.591E-04  1768
      1  0.17136E+01  0.998E-03  0.378E-01  0.404E-04  1590
      2  0.17155E+01  0.129E-02  0.361E-01  0.477E-04  1189
      3  0.17239E+01  0.156E-02  0.366E-01  0.968E-04   726
      4  0.17294E+01  0.151E-02  0.323E-01  0.667E-04   414
      5  0.17392E+01  0.257E-02  0.337E-01  0.127E-03   187
      6  0.17480E+01  0.386E-02  0.314E-01  0.161E-03    76
      7  0.17505E+01  0.639E-02  0.240E-01  0.148E-03    27
#     8  0.17914E+01  jk failed  0.370E-01  jk failed     8
#     9  0.18010E+01  jk failed  0.000E+00  jk failed     1
&-----------------------------------------------------------
#beta =   2.00   kappa =   0.2681
#  Re(op_pbp_e)                                                    
#
#    -9  0.18217E+01  jk failed  0.000E+00  jk failed     1
#    -8  0.17385E+01  jk failed  0.398E-01  jk failed     5
     -7  0.17424E+01  0.670E-02  0.314E-01  0.353E-03    23
     -6  0.17334E+01  0.486E-02  0.288E-01  0.182E-03    57
     -5  0.17260E+01  0.279E-02  0.350E-01  0.183E-03   145
     -4  0.17156E+01  0.175E-02  0.361E-01  0.134E-03   395
     -3  0.17070E+01  0.153E-02  0.397E-01  0.826E-04   658
     -2  0.16965E+01  0.126E-02  0.407E-01  0.687E-04  1207
     -1  0.16937E+01  0.107E-02  0.422E-01  0.623E-04  1653
      0  0.16888E+01  0.899E-03  0.412E-01  0.692E-04  1763
      1  0.16910E+01  0.115E-02  0.413E-01  0.715E-04  1592
      2  0.16951E+01  0.117E-02  0.396E-01  0.677E-04  1207
      3  0.17059E+01  0.172E-02  0.391E-01  0.956E-04   702
      4  0.17162E+01  0.206E-02  0.380E-01  0.106E-03   357
      5  0.17196E+01  0.321E-02  0.379E-01  0.158E-03   137
      6  0.17303E+01  0.463E-02  0.340E-01  0.202E-03    74
      7  0.17541E+01  0.626E-02  0.266E-01  0.287E-03    19
#     8  0.17798E+01  jk failed  0.264E-01  jk failed     2
#     9  0.17469E+01  jk failed  0.365E-01  jk failed     3
&-----------------------------------------------------------
#beta =   2.00   kappa =   0.2694
#  Re(op_pbp_e)                                                    
#
#   -10  0.17882E+01  jk failed  0.789E-02  jk failed     2
#    -9  0.16475E+01  jk failed  0.000E+00  jk failed     1
#    -8  0.17613E+01  jk failed  0.229E-01  jk failed     3
     -7  0.17292E+01  0.108E-01  0.432E-01  0.490E-03    17
     -6  0.17230E+01  0.577E-02  0.445E-01  0.296E-03    59
     -5  0.17079E+01  0.408E-02  0.407E-01  0.220E-03   121
     -4  0.16991E+01  0.221E-02  0.396E-01  0.179E-03   295
     -3  0.16860E+01  0.187E-02  0.441E-01  0.117E-03   662
     -2  0.16782E+01  0.162E-02  0.454E-01  0.743E-04  1136
     -1  0.16721E+01  0.798E-03  0.455E-01  0.563E-04  1722
      0  0.16687E+01  0.965E-03  0.456E-01  0.611E-04  1867
      1  0.16703E+01  0.108E-02  0.437E-01  0.582E-04  1690
      2  0.16767E+01  0.161E-02  0.444E-01  0.697E-04  1222
      3  0.16846E+01  0.166E-02  0.441E-01  0.133E-03   718
      4  0.16955E+01  0.202E-02  0.386E-01  0.112E-03   306
      5  0.17070E+01  0.421E-02  0.386E-01  0.201E-03   112
      6  0.17254E+01  0.763E-02  0.394E-01  0.328E-03    54
      7  0.17318E+01  0.121E-01  0.382E-01  0.644E-03    11
#     8  0.17264E+01  jk failed  0.000E+00  jk failed     1
#     9  0.17660E+01  jk failed  0.000E+00  jk failed     1
&-----------------------------------------------------------
#beta =   2.00   kappa =   0.2708
#  Re(op_pbp_e)                                                    
#
#    -8  0.17133E+01  jk failed  0.465E-01  jk failed     3
     -7  0.17062E+01  0.131E-01  0.392E-01  0.524E-03    10
     -6  0.17129E+01  0.979E-02  0.494E-01  0.582E-03    31
     -5  0.16897E+01  0.327E-02  0.450E-01  0.249E-03   108
     -4  0.16751E+01  0.322E-02  0.470E-01  0.209E-03   259
     -3  0.16627E+01  0.208E-02  0.470E-01  0.131E-03   628
     -2  0.16496E+01  0.142E-02  0.459E-01  0.870E-04  1151
     -1  0.16457E+01  0.115E-02  0.495E-01  0.864E-04  1816
      0  0.16401E+01  0.110E-02  0.514E-01  0.763E-04  1977
      1  0.16436E+01  0.938E-03  0.496E-01  0.835E-04  1794
      2  0.16523E+01  0.142E-02  0.489E-01  0.104E-03  1162
      3  0.16627E+01  0.209E-02  0.479E-01  0.112E-03   660
      4  0.16724E+01  0.236E-02  0.401E-01  0.160E-03   265
      5  0.16939E+01  0.431E-02  0.430E-01  0.218E-03   105
      6  0.17131E+01  0.768E-02  0.352E-01  0.409E-03    22
#     7  0.17203E+01  jk failed  0.486E-01  jk failed     8
#    11  0.17235E+01  jk failed  0.000E+00  jk failed     1
&-----------------------------------------------------------
#beta =   2.00   kappa =   0.2722
#  Re(op_pbp_e)                                                    
#
#    -8  0.17249E+01  jk failed  0.000E+00  jk failed     1
#    -7  0.17326E+01  jk failed  0.474E-01  jk failed     3
     -6  0.16812E+01  0.117E-01  0.421E-01  0.619E-03    14
     -5  0.16685E+01  0.600E-02  0.475E-01  0.379E-03    75
     -4  0.16506E+01  0.243E-02  0.481E-01  0.264E-03   222
     -3  0.16390E+01  0.192E-02  0.462E-01  0.108E-03   545
     -2  0.16217E+01  0.152E-02  0.506E-01  0.119E-03  1156
     -1  0.16144E+01  0.139E-02  0.528E-01  0.998E-04  1883
      0  0.16074E+01  0.936E-03  0.544E-01  0.885E-04  2202
      1  0.16137E+01  0.114E-02  0.530E-01  0.924E-04  1848
      2  0.16226E+01  0.186E-02  0.509E-01  0.101E-03  1138
      3  0.16356E+01  0.177E-02  0.488E-01  0.138E-03   594
      4  0.16519E+01  0.320E-02  0.477E-01  0.203E-03   222
      5  0.16708E+01  0.757E-02  0.516E-01  0.372E-03    72
      6  0.16719E+01  0.740E-02  0.314E-01  0.253E-03    19
#     7  0.17004E+01  jk failed  0.201E-01  jk failed     6
&-----------------------------------------------------------
#beta =   2.00   kappa =   0.2736
#  Re(op_pbp_e)                                                    
#
#    -7  0.16864E+01  jk failed  0.000E+00  jk failed     1
     -6  0.16563E+01  0.146E-01  0.461E-01  0.795E-03    11
     -5  0.16535E+01  0.105E-01  0.572E-01  0.129E-02    39
     -4  0.16250E+01  0.370E-02  0.547E-01  0.331E-03   172
     -3  0.16088E+01  0.191E-02  0.506E-01  0.190E-03   483
     -2  0.15904E+01  0.179E-02  0.521E-01  0.119E-03  1179
     -1  0.15784E+01  0.167E-02  0.532E-01  0.871E-04  1977
      0  0.15700E+01  0.119E-02  0.564E-01  0.116E-03  2358
      1  0.15768E+01  0.147E-02  0.529E-01  0.891E-04  1926
      2  0.15912E+01  0.258E-02  0.526E-01  0.285E-03  1097
      3  0.16090E+01  0.228E-02  0.512E-01  0.184E-03   487
      4  0.16307E+01  0.350E-02  0.528E-01  0.333E-03   184
      5  0.16353E+01  0.704E-02  0.485E-01  0.618E-03    65
      6  0.16608E+01  0.101E-01  0.430E-01  0.518E-03    19
#     7  0.17123E+01  jk failed  0.000E+00  jk failed     1
#     9  0.16510E+01  jk failed  0.000E+00  jk failed     1
&-----------------------------------------------------------
#beta =   2.00   kappa =   0.2750
#  Re(op_pbp_e)                                                    
#
#    -7  0.17281E+01  jk failed  0.000E+00  jk failed     1
#    -6  0.16244E+01  jk failed  0.579E-01  jk failed     4
     -5  0.16138E+01  0.112E-01  0.531E-01  0.862E-03    36
     -4  0.15960E+01  0.469E-02  0.470E-01  0.336E-03   149
     -3  0.15737E+01  0.198E-02  0.489E-01  0.145E-03   453
     -2  0.15588E+01  0.201E-02  0.526E-01  0.145E-03  1072
     -1  0.15412E+01  0.110E-02  0.556E-01  0.101E-03  2052
      0  0.15305E+01  0.119E-02  0.559E-01  0.854E-04  2621
      1  0.15400E+01  0.955E-03  0.523E-01  0.914E-04  1950
      2  0.15574E+01  0.178E-02  0.524E-01  0.189E-03  1089
      3  0.15751E+01  0.288E-02  0.509E-01  0.231E-03   406
      4  0.15906E+01  0.523E-02  0.473E-01  0.327E-03   130
      5  0.16262E+01  0.113E-01  0.485E-01  0.794E-03    30
#     6  0.16198E+01  jk failed  0.512E-01  jk failed     5
#     7  0.16182E+01  jk failed  0.000E+00  jk failed     1
#     8  0.16731E+01  jk failed  0.000E+00  jk failed     1
&-----------------------------------------------------------
#beta =   2.00   kappa =   0.2780
#  Re(op_pbp_e)                                                    
#
#    -6  0.15711E+01  jk failed  0.123E-01  jk failed     3
#    -5  0.15482E+01  jk failed  0.269E-01  jk failed     6
     -4  0.15153E+01  0.736E-02  0.451E-01  0.502E-03    39
     -3  0.15027E+01  0.360E-02  0.567E-01  0.460E-03   258
     -2  0.14737E+01  0.202E-02  0.524E-01  0.213E-03   867
     -1  0.14540E+01  0.160E-02  0.564E-01  0.236E-03  2139
      0  0.14366E+01  0.226E-02  0.605E-01  0.254E-03  3368
      1  0.14538E+01  0.204E-02  0.557E-01  0.263E-03  2141
      2  0.14784E+01  0.283E-02  0.556E-01  0.284E-03   886
      3  0.14973E+01  0.390E-02  0.525E-01  0.298E-03   225
      4  0.15363E+01  0.877E-02  0.541E-01  0.434E-03    51
      5  0.15438E+01  0.198E-01  0.766E-01  0.236E-02    16
#     6  0.16385E+01  jk failed  0.000E+00  jk failed     1
&-----------------------------------------------------------
