# pion mass (\sigma_1)
"*"
    8  64  4.00  0.2100  0.9704440577572713E+00  0.8841144062770557E-03  10000
    8  64  4.00  0.2150  0.8985512680887376E+00  0.7725272946878634E-03  10000
    8  64  4.00  0.2200  0.8263343540989342E+00  0.7908806593768411E-03  10000
    8  64  4.00  0.2231  0.7823146010833384E+00  0.1024268597262669E-02  10000
    8  64  4.00  0.2250  0.7562788964135450E+00  0.7932961348207999E-03  10000
    8  64  4.00  0.2262  0.7397802759880328E+00  0.9516347773067547E-03  10000
    8  64  4.00  0.2293  0.6974792534456030E+00  0.1688150606276288E-02  10000
    8  64  4.00  0.2300  0.6875751449806261E+00  0.1750497480759692E-02  10000
    8  64  4.00  0.2324  0.6577494383963818E+00  0.1338552613079046E-02  10000
    8  64  4.00  0.2350  0.6246966940133817E+00  0.1464388005656933E-02  10000
    8  64  4.00  0.2356  0.6167278491164847E+00  0.2334589284216623E-02  10000
    8  64  4.00  0.2387  0.5788961562228806E+00  0.1236131806945744E-02  10000
    8  64  4.00  0.2400  0.5593577248456092E+00  0.5927631250724468E-02  10000
    8  64  4.00  0.2418  0.5391930779165310E+00  0.3457971762579968E-02  10000
    8  64  4.00  0.2449  0.5122436310369379E+00  0.3924509400673440E-02  10000
    8  64  4.00  0.2480  0.4778604373962581E+00  0.1836797393139114E-01  10000
    8  64  4.00  0.2500  0.4545604732289603E+00  0.5483851517682704E-02  10000
    8  64  4.00  0.2515  0.4515039466800103E+00  0.9245192624249211E-02  10000
    8  64  4.00  0.2530  0.4304607117630642E+00  0.5357742481826511E-02  10000
    8  64  4.00  0.2545  0.4230340014035551E+00  0.2307440483302109E-01  10000
    8  64  4.00  0.2560  0.4191439692813004E+00  0.6613789960630479E-02  10000
    8  64  4.00  0.2575  0.4132651652123548E+00  0.5337250539898035E-01  10000
    8  64  4.00  0.2590  0.4080216291007824E+00  0.4291990713230211E-01  10000
    8  64  4.00  0.2605  0.4483098794926819E+00  0.5529508193802483E-01  10000
    8  64  4.00  0.2620  0.3550855393702526E+00  0.5016821117705033E+02  10000
    8  64  4.00  0.2625  0.3580349054035159E+00  0.5741900337037770E+02  10000
    8  64  4.00  0.2630                     NaN                     NaN  10000
    8  64  4.00  0.2635                     NaN                     NaN  10000


# pseudoscalar mass (\sigma_3)
"*"
    8  64  4.00  0.2100  0.9707885043491341E+00  0.9226359698762754E-03  10000
    8  64  4.00  0.2150  0.8986501516709414E+00  0.7918689244515247E-03  10000
    8  64  4.00  0.2200  0.8263613275049217E+00  0.8549264588419837E-03  10000
    8  64  4.00  0.2231  0.7823979805651773E+00  0.9453582874650075E-03  10000
    8  64  4.00  0.2250  0.7562672539747965E+00  0.7663959766195641E-03  10000
    8  64  4.00  0.2262  0.7398306667351987E+00  0.9497903358460510E-03  10000
    8  64  4.00  0.2293  0.6975794202552894E+00  0.1539719101722037E-02  10000
    8  64  4.00  0.2300  0.6878370919415344E+00  0.1769615936770339E-02  10000
    8  64  4.00  0.2324  0.6578573880615383E+00  0.1154219868475379E-02  10000
    8  64  4.00  0.2350  0.6249766235975214E+00  0.1901701901812082E-02  10000
    8  64  4.00  0.2356  0.6169128752233591E+00  0.2250647106123980E-02  10000
    8  64  4.00  0.2387  0.5789059491056758E+00  0.1133203957908823E-02  10000
    8  64  4.00  0.2400  0.5606379806716462E+00  0.4209511873137529E-02  10000
    8  64  4.00  0.2418  0.5395055033608254E+00  0.3272824552891534E-02  10000
    8  64  4.00  0.2449  0.5112974662903224E+00  0.2867910720724298E-02  10000
    8  64  4.00  0.2480  0.4812859693891787E+00  0.5221528648537733E-02  10000
    8  64  4.00  0.2500  0.4543499949264935E+00  0.5015278909984365E-02  10000
    8  64  4.00  0.2515  0.4464931997049725E+00  0.5847242319907360E-02  10000
    8  64  4.00  0.2530  0.4266340686856613E+00  0.9275143670898095E-02  10000
    8  64  4.00  0.2545  0.4245531119953100E+00  0.7230161829511534E-02  10000
    8  64  4.00  0.2560  0.4187295460835941E+00  0.3022286708730489E-02  10000
    8  64  4.00  0.2575  0.4241297779067575E+00  0.2254711664621632E-01  10000
    8  64  4.00  0.2590  0.4214489365361321E+00  0.9213532446045308E-02  10000
    8  64  4.00  0.2605  0.4296918120695912E+00  0.1535954131689864E-01  10000
    8  64  4.00  0.2620  0.4400380540920621E+00  0.1962547876107252E-01  10000
    8  64  4.00  0.2625  0.4569919975067425E+00  0.1997630721761552E-01  10000
    8  64  4.00  0.2630  0.4476627179268960E+00  0.2819492190314878E-01  10000
    8  64  4.00  0.2635  0.4710395058095071E+00  0.1220190975131478E-01  10000


# eta mass (\sigma_1)
"*"
    8  64  4.00  0.2100  0.1063633956150492E+01  0.5380915588320590E+02  10000
    8  64  4.00  0.2150                     NaN                     NaN  10000
    8  64  4.00  0.2200                     NaN                     NaN  10000
    8  64  4.00  0.2231                     NaN                     NaN  10000
    8  64  4.00  0.2250  0.7934654964924792E+00  0.3788564626529878E+02  10000
    8  64  4.00  0.2262  0.8244620477185106E+00  0.7654531256220699E+02  10000
    8  64  4.00  0.2293                     NaN                     NaN  10000
    8  64  4.00  0.2300  0.7211548352161736E+00  0.5561178642520801E+02  10000
    8  64  4.00  0.2324                     NaN                     NaN  10000
    8  64  4.00  0.2350  0.7110044622515560E+00  0.5698760489477170E+02  10000
    8  64  4.00  0.2356  0.6222850590760420E+00  0.4928841002186712E+02  10000
    8  64  4.00  0.2387  0.1708356133519777E+00  0.9977011424854727E+02  10000
    8  64  4.00  0.2400  0.5714487524864632E+00  0.1012790824641874E+03  10000
    8  64  4.00  0.2418  0.5566516789656499E+00  0.9085986528982468E+02  10000
    8  64  4.00  0.2449  0.3304473233386018E+00  0.1171607609425620E+03  10000
    8  64  4.00  0.2480  0.5283953140607758E+00  0.6029162146902080E+02  10000
    8  64  4.00  0.2500  0.5361848342762177E-01  0.8887117689754947E+02  10000
    8  64  4.00  0.2515  0.2940971358262487E+00  0.8869282543175652E+02  10000
    8  64  4.00  0.2530  0.4349636185267802E+00  0.5612845746906768E+02  10000
    8  64  4.00  0.2545  0.8226976401680672E-01  0.1340406757420170E+03  10000
    8  64  4.00  0.2560  0.4199345305048449E+00  0.2545452988997411E+00  10000
    8  64  4.00  0.2575 -0.1122933024912917E+00  0.1179430147485688E+03  10000
    8  64  4.00  0.2590                     NaN                     NaN  10000
    8  64  4.00  0.2605  0.3024053209475667E+00  0.7934678205417238E+02  10000
    8  64  4.00  0.2620  0.4608223274351210E+00  0.4081663514269063E+02  10000
    8  64  4.00  0.2625  0.3115882927930607E+00  0.1068965285738370E+03  10000
    8  64  4.00  0.2630  0.3501268758439943E-01  0.1250366798781186E+03  10000
    8  64  4.00  0.2635  0.4363249541706378E+00  0.4928298412507122E+02  10000

