# pion mass (\sigma_1)
"*"
    8  64  4.00  0.2100  0.9705471291896218E+00  0.8193121539742052E-03  10000
    8  64  4.00  0.2150  0.8986433426200138E+00  0.7263713478002204E-03  10000
    8  64  4.00  0.2200  0.8264272691632635E+00  0.7907058527968709E-03  10000
    8  64  4.00  0.2231  0.7823768267707589E+00  0.9345577815308956E-03  10000
    8  64  4.00  0.2250  0.7563006860129287E+00  0.7190401092658143E-03  10000
    8  64  4.00  0.2262  0.7398801244044458E+00  0.9166923793511963E-03  10000
    8  64  4.00  0.2293  0.6979655868332414E+00  0.1297621971782087E-02  10000
    8  64  4.00  0.2300  0.6876336778482891E+00  0.1138607046534688E-02  10000
    8  64  4.00  0.2324  0.6580064876213103E+00  0.1146547234963868E-02  10000
    8  64  4.00  0.2350  0.6245621829819029E+00  0.1004975839151664E-02  10000
    8  64  4.00  0.2356  0.6174519396487328E+00  0.1351353805242877E-02  10000
    8  64  4.00  0.2387  0.5791492080031160E+00  0.1219015114605555E-02  10000
    8  64  4.00  0.2400  0.5638258291320060E+00  0.1626315963372167E-02  10000
    8  64  4.00  0.2418  0.5436735849986236E+00  0.2221885730606598E-02  10000
    8  64  4.00  0.2449  0.5092297805699955E+00  0.1845814538957528E-02  10000
    8  64  4.00  0.2480  0.4805433483023160E+00  0.2383292548796336E-02  10000
    8  64  4.00  0.2500  0.4581024963044114E+00  0.3795986156281452E-02  10000
    8  64  4.00  0.2515  0.4463366008353386E+00  0.3560002793795000E-02  10000
    8  64  4.00  0.2530  0.4320199235328072E+00  0.4638848828289699E-02  10000
    8  64  4.00  0.2545  0.4253808003204266E+00  0.7049320406925161E-02  10000
    8  64  4.00  0.2560  0.4194444201400196E+00  0.5758122083901850E-02  10000
    8  64  4.00  0.2575  0.4188405734288939E+00  0.1199162191203947E-01  10000
    8  64  4.00  0.2590  0.4197160066925238E+00  0.3049475595221820E-01  10000
    8  64  4.00  0.2605  0.4635201282239103E+00  0.5043721043858349E-01  10000
    8  64  4.00  0.2620  0.4519532294222830E+00  0.1112410589985466E+00  10000
    8  64  4.00  0.2625  0.4516446662808589E+00  0.1644138908059137E+00  10000
    8  64  4.00  0.2630                     NaN                     NaN  10000
    8  64  4.00  0.2635                     NaN                     NaN  10000


# pseudoscalar mass (\sigma_3)
"*"
    8  64  4.00  0.2100  0.9707885043491341E+00  0.9226359698762754E-03  10000
    8  64  4.00  0.2150  0.8987784413298027E+00  0.7636644895979438E-03  10000
    8  64  4.00  0.2200  0.8264005361462948E+00  0.7664293624951550E-03  10000
    8  64  4.00  0.2231  0.7825763520965878E+00  0.8939920217195928E-03  10000
    8  64  4.00  0.2250  0.7563255646474182E+00  0.7429462780822565E-03  10000
    8  64  4.00  0.2262  0.7398789096844056E+00  0.8836901241661854E-03  10000
    8  64  4.00  0.2293  0.6980072857284383E+00  0.1277444820656521E-02  10000
    8  64  4.00  0.2300  0.6876117126288677E+00  0.1169852610813197E-02  10000
    8  64  4.00  0.2324  0.6580011915246651E+00  0.1087281804506232E-02  10000
    8  64  4.00  0.2350  0.6247958245350888E+00  0.9628052811539197E-03  10000
    8  64  4.00  0.2356  0.6174405000536576E+00  0.1201143967200296E-02  10000
    8  64  4.00  0.2387  0.5790807224437227E+00  0.1064666694271451E-02  10000
    8  64  4.00  0.2400  0.5637019342583166E+00  0.1455319481336254E-02  10000
    8  64  4.00  0.2418  0.5437947366080444E+00  0.2001453002044478E-02  10000
    8  64  4.00  0.2449  0.5092030806411356E+00  0.1758061316352440E-02  10000
    8  64  4.00  0.2480  0.4807526894104810E+00  0.1855252890183314E-02  10000
    8  64  4.00  0.2500  0.4586120892125116E+00  0.2986579502357672E-02  10000
    8  64  4.00  0.2515  0.4458655502654734E+00  0.2722683231995808E-02  10000
    8  64  4.00  0.2530  0.4316275531820845E+00  0.5382042699104086E-02  10000
    8  64  4.00  0.2545  0.4266847279306197E+00  0.4396490013844278E-02  10000
    8  64  4.00  0.2560  0.4193562557679970E+00  0.2721559388054083E-02  10000
    8  64  4.00  0.2575  0.4154753343864057E+00  0.6055342727163440E-02  10000
    8  64  4.00  0.2590  0.4235550572551452E+00  0.5229215904986309E-02  10000
    8  64  4.00  0.2605  0.4332809294202562E+00  0.1214563475534624E-01  10000
    8  64  4.00  0.2620  0.4419254027749372E+00  0.6971072352187789E-02  10000
    8  64  4.00  0.2625  0.4434708140306561E+00  0.6702556304501408E-02  10000
    8  64  4.00  0.2630  0.4434279934018169E+00  0.7359601430566715E-02  10000
    8  64  4.00  0.2635  0.4428284713704175E+00  0.7767538023046154E-02  10000


# eta mass (\sigma_1)
"*"
    8  64  4.00  0.2100  0.1063633956150492E+01  0.5380915588320590E+02  10000
    8  64  4.00  0.2150                     NaN                     NaN  10000
    8  64  4.00  0.2200                     NaN                     NaN  10000
    8  64  4.00  0.2231                     NaN                     NaN  10000
    8  64  4.00  0.2250  0.8397846416177914E+00  0.4680825589553900E+00  10000
    8  64  4.00  0.2262  0.8244620477185106E+00  0.7654531256220699E+02  10000
    8  64  4.00  0.2293                     NaN                     NaN  10000
    8  64  4.00  0.2300  0.7668419341545888E+00  0.3268803532827187E+00  10000
    8  64  4.00  0.2324                     NaN                     NaN  10000
    8  64  4.00  0.2350  0.7110044622515560E+00  0.5698760489477170E+02  10000
    8  64  4.00  0.2356  0.7036314194338998E+00  0.3527054211558889E+02  10000
    8  64  4.00  0.2387  0.6511367804243396E+00  0.3105319546533959E+00  10000
    8  64  4.00  0.2400  0.6293312190408625E+00  0.5077046206540781E+02  10000
    8  64  4.00  0.2418  0.6117008452722198E+00  0.2096857311968152E+00  10000
    8  64  4.00  0.2449  0.5722010434411711E+00  0.1843771728077535E+00  10000
    8  64  4.00  0.2480  0.5283953140607758E+00  0.6029162146902080E+02  10000
    8  64  4.00  0.2500  0.5178507792428203E+00  0.1582348900742442E+00  10000
    8  64  4.00  0.2515  0.5109170224738430E+00  0.1768742695026699E+00  10000
    8  64  4.00  0.2530  0.4797148508178956E+00  0.2015401132055323E+00  10000
    8  64  4.00  0.2545  0.4753378760416740E+00  0.2056604594213939E+00  10000
    8  64  4.00  0.2560  0.4632381335586097E+00  0.1602321899906120E+00  10000
    8  64  4.00  0.2575  0.4512625358129769E+00  0.1492347792628159E+00  10000
    8  64  4.00  0.2590                     NaN                     NaN  10000
    8  64  4.00  0.2605  0.4488182423133963E+00  0.1895792848759443E+00  10000
    8  64  4.00  0.2620  0.4608223274351210E+00  0.4081663514269063E+02  10000
    8  64  4.00  0.2625  0.4614316894729359E+00  0.1636632381507233E+00  10000
    8  64  4.00  0.2630  0.5056366625111572E+00  0.8982123599640607E+00  10000
    8  64  4.00  0.2635  0.4983066891679275E+00  0.4612513762258519E+00  10000

