# fermion mass from PCAC relation
"m"
    8  64  4.00  0.2100  0.4099470932014432E+00  0.2692795509704405E-01  10000
    8  64  4.00  0.2150  0.3682885394061147E+00  0.1782918265292520E-01  10000
    8  64  4.00  0.2200  0.3273861832960098E+00  0.6759236504748628E-02  10000
    8  64  4.00  0.2231  0.3028751553185248E+00  0.5484548945853052E-02  10000
    8  64  4.00  0.2250  0.2877845241074721E+00  0.5951863153753655E-02  10000
    8  64  4.00  0.2262  0.2784445109257745E+00  0.4987863333435711E-02  10000
    8  64  4.00  0.2293  0.2544190524391520E+00  0.5710155464212383E-02  10000
    8  64  4.00  0.2300  0.2489581522611406E+00  0.5446594990039713E-02  10000
    8  64  4.00  0.2324  0.2309556894368574E+00  0.4975847697873637E-02  10000
    8  64  4.00  0.2350  0.2114178186303314E+00  0.4243631471096665E-02  10000
    8  64  4.00  0.2356  0.2068060073416303E+00  0.4558227474501140E-02  10000
    8  64  4.00  0.2387  0.1837493400586078E+00  0.4278795874464025E-02  10000
    8  64  4.00  0.2400  0.1740463491094396E+00  0.4430201001898407E-02  10000
    8  64  4.00  0.2418  0.1611133772684576E+00  0.5174594665765548E-02  10000
    8  64  4.00  0.2449  0.1383392783596618E+00  0.3895631070527045E-02  10000
    8  64  4.00  0.2480  0.1159178205063994E+00  0.6430331418542024E-02  10000
    8  64  4.00  0.2500  0.1013804410938971E+00  0.5449426528557546E-02  10000
    8  64  4.00  0.2515  0.9051062118716982E-01  0.5636070803600145E-02  10000
    8  64  4.00  0.2530  0.7955426825960189E-01  0.9039438584568885E-02  10000
    8  64  4.00  0.2545  0.6909709346994747E-01  0.7813578349311215E-02  10000
    8  64  4.00  0.2560  0.5877139723903656E-01  0.4513776763514588E-02  10000
    8  64  4.00  0.2575  0.4836981619019751E-01  0.6332455542769581E-02  10000
    8  64  4.00  0.2590  0.3824268364080818E-01  0.6106750771886604E-02  10000
    8  64  4.00  0.2605  0.2707428723415445E-01  0.4948293161012697E-02  10000
    8  64  4.00  0.2620  0.1550956795245905E-01  0.4535333581658093E-02  10000
    8  64  4.00  0.2625  0.1143042378513584E-01  0.2642538247008209E-02  10000
    8  64  4.00  0.2630  0.7096481945361774E-02  0.5427664072818987E-02  10000
    8  64  4.00  0.2635  0.2297989218214135E-02  0.3440266837078969E-02  10000

