#  Re(op_pbp_e)                                                    
   8  64  4.00  0.2100  0.444  0.505  0.427
#  Re(op_pbp_e)                                                    
   8  64  4.00  0.2150    NaN  0.506  0.594
#  Re(op_pbp_e)                                                    
   8  64  4.00  0.2200  2.315  0.509  0.409
#  Re(op_pbp_e)                                                    
   8  64  4.00  0.2231  0.933  0.524  0.692
#  Re(op_pbp_e)                                                    
   8  64  4.00  0.2250  1.836  0.516  0.619
#  Re(op_pbp_e)                                                    
   8  64  4.00  0.2262    NaN  0.506  0.190
#  Re(op_pbp_e)                                                    
   8  64  4.00  0.2293  0.322  0.514  0.289
#  Re(op_pbp_e)                                                    
   8  64  4.00  0.2300    NaN  0.500  0.522
#  Re(op_pbp_e)                                                    
   8  64  4.00  0.2324    NaN  0.510  0.295
#  Re(op_pbp_e)                                                    
   8  64  4.00  0.2350    NaN  0.500  0.315
#  Re(op_pbp_e)                                                    
   8  64  4.00  0.2356    NaN  0.508  0.466
#  Re(op_pbp_e)                                                    
   8  64  4.00  0.2387    NaN  0.504  0.387
#  Re(op_pbp_e)                                                    
   8  64  4.00  0.2400    NaN  0.500  0.581
#  Re(op_pbp_e)                                                    
   8  64  4.00  0.2418    NaN  0.506  0.771
#  Re(op_pbp_e)                                                    
   8  64  4.00  0.2449    NaN  0.501  0.420
#  Re(op_pbp_e)                                                    
   8  64  4.00  0.2480 14.402  0.519  0.875
#  Re(op_pbp_e)                                                    
   8  64  4.00  0.2500    NaN  0.521  0.722
#  Re(op_pbp_e)                                                    
   8  64  4.00  0.2515  1.679  0.534  0.496
#  Re(op_pbp_e)                                                    
   8  64  4.00  0.2530  0.403  0.534  0.518
#  Re(op_pbp_e)                                                    
   8  64  4.00  0.2545  0.741  0.564  0.501
#  Re(op_pbp_e)                                                    
   8  64  4.00  0.2560    NaN  0.574  0.377
#  Re(op_pbp_e)                                                    
   8  64  4.00  0.2575  1.098  0.621  0.934
#  Re(op_pbp_e)                                                    
   8  64  4.00  0.2590  0.475  0.623  0.548
#  Re(op_pbp_e)                                                    
   8  64  4.00  0.2605  0.512  0.632  0.680
#  Re(op_pbp_e)                                                    
   8  64  4.00  0.2620  0.473  0.632  0.773
#  Re(op_pbp_e)                                                    
   8  64  4.00  0.2625  0.677  0.641  0.511
#  Re(op_pbp_e)                                                    
   8  64  4.00  0.2630  0.981  0.629  0.799
#  Re(op_pbp_e)                                                    
   8  64  4.00  0.2635  0.618  0.615  0.515
