#-----------------------------------------------------------
#beta =   4.00   kappa =   0.2100
#  Re(op_pbp_e)                                                    
#
#    -8  0.19145E+01  jk failed  0.000E+00  jk failed     1
#    -7  0.19119E+01  jk failed  0.269E-02  jk failed     3
#    -6  0.19101E+01  jk failed  0.307E-02  jk failed     8
     -5  0.19091E+01  0.405E-03  0.270E-02  0.133E-05    58
     -4  0.19087E+01  0.168E-03  0.266E-02  0.707E-06   248
     -3  0.19080E+01  0.103E-03  0.290E-02  0.388E-06   597
     -2  0.19075E+01  0.979E-04  0.294E-02  0.337E-06  1142
     -1  0.19073E+01  0.588E-04  0.316E-02  0.460E-06  1762
      0  0.19072E+01  0.900E-04  0.311E-02  0.302E-06  2041
      1  0.19073E+01  0.716E-04  0.312E-02  0.271E-06  1843
      2  0.19075E+01  0.845E-04  0.302E-02  0.292E-06  1295
      3  0.19081E+01  0.112E-03  0.292E-02  0.598E-06   640
      4  0.19083E+01  0.163E-03  0.286E-02  0.663E-06   265
      5  0.19094E+01  0.272E-03  0.253E-02  0.911E-06    70
      6  0.19094E+01  0.592E-03  0.278E-02  0.351E-05    23
#     7  0.19118E+01  jk failed  0.397E-03  jk failed     4
&-----------------------------------------------------------
#beta =   4.00   kappa =   0.2150
#  Re(op_pbp_e)                                                    
#
#    -7  0.19013E+01  jk failed  0.304E-02  jk failed     5
     -6  0.18985E+01  0.941E-03  0.352E-02  0.398E-05    15
     -5  0.18979E+01  0.515E-03  0.362E-02  0.211E-05    57
     -4  0.18963E+01  0.199E-03  0.335E-02  0.135E-05   214
     -3  0.18953E+01  0.161E-03  0.377E-02  0.779E-06   584
     -2  0.18947E+01  0.127E-03  0.395E-02  0.606E-06  1190
     -1  0.18946E+01  0.892E-04  0.407E-02  0.534E-06  1748
      0  0.18945E+01  0.124E-03  0.393E-02  0.439E-06  2056
      1  0.18946E+01  0.928E-04  0.394E-02  0.465E-06  1881
      2  0.18947E+01  0.120E-03  0.391E-02  0.665E-06  1273
      3  0.18954E+01  0.163E-03  0.362E-02  0.671E-06   652
      4  0.18965E+01  0.252E-03  0.349E-02  0.101E-05   249
      5  0.18968E+01  0.512E-03  0.368E-02  0.209E-05    61
      6  0.18989E+01  0.107E-02  0.338E-02  0.446E-05    11
#     7  0.18986E+01  jk failed  0.168E-02  jk failed     4
&-----------------------------------------------------------
#beta =   4.00   kappa =   0.2200
#  Re(op_pbp_e)                                                    
#
#    -7  0.18874E+01  jk failed  0.000E+00  jk failed     1
     -6  0.18851E+01  0.854E-03  0.372E-02  0.433E-05    20
     -5  0.18837E+01  0.640E-03  0.395E-02  0.311E-05    57
     -4  0.18822E+01  0.316E-03  0.438E-02  0.159E-05   228
     -3  0.18812E+01  0.242E-03  0.501E-02  0.154E-05   551
     -2  0.18806E+01  0.131E-03  0.499E-02  0.117E-05  1137
     -1  0.18799E+01  0.981E-04  0.514E-02  0.975E-06  1820
      0  0.18798E+01  0.118E-03  0.527E-02  0.104E-05  2033
      1  0.18801E+01  0.101E-03  0.521E-02  0.834E-06  1913
      2  0.18803E+01  0.101E-03  0.515E-02  0.107E-05  1256
      3  0.18809E+01  0.160E-03  0.486E-02  0.121E-05   651
      4  0.18821E+01  0.327E-03  0.467E-02  0.176E-05   250
      5  0.18837E+01  0.680E-03  0.443E-02  0.430E-05    68
      6  0.18841E+01  0.107E-02  0.372E-02  0.321E-05    13
#     7  0.18860E+01  jk failed  0.450E-02  jk failed     2
&-----------------------------------------------------------
#beta =   4.00   kappa =   0.2231
#  Re(op_pbp_e)                                                    
#
#    -7  0.18816E+01  jk failed  0.134E-02  jk failed     2
     -6  0.18768E+01  0.158E-02  0.499E-02  0.108E-04    11
     -5  0.18740E+01  0.700E-03  0.522E-02  0.535E-05    66
     -4  0.18735E+01  0.371E-03  0.524E-02  0.272E-05   222
     -3  0.18718E+01  0.233E-03  0.548E-02  0.169E-05   571
     -2  0.18707E+01  0.192E-03  0.604E-02  0.132E-05  1167
     -1  0.18697E+01  0.154E-03  0.628E-02  0.150E-05  1800
      0  0.18700E+01  0.115E-03  0.636E-02  0.110E-05  2096
      1  0.18699E+01  0.136E-03  0.625E-02  0.134E-05  1876
      2  0.18706E+01  0.178E-03  0.595E-02  0.115E-05  1239
      3  0.18713E+01  0.222E-03  0.551E-02  0.236E-05   619
      4  0.18732E+01  0.321E-03  0.562E-02  0.320E-05   244
      5  0.18758E+01  0.422E-03  0.409E-02  0.320E-05    71
      6  0.18750E+01  0.115E-02  0.400E-02  0.452E-05    13
#     7  0.18778E+01  jk failed  0.168E-02  jk failed     3
&-----------------------------------------------------------
#beta =   4.00   kappa =   0.2250
#  Re(op_pbp_e)                                                    
#
     -6  0.18686E+01  0.103E-02  0.325E-02  0.357E-05    11
     -5  0.18678E+01  0.761E-03  0.596E-02  0.527E-05    52
     -4  0.18663E+01  0.497E-03  0.598E-02  0.364E-05   192
     -3  0.18651E+01  0.233E-03  0.630E-02  0.263E-05   528
     -2  0.18638E+01  0.268E-03  0.666E-02  0.163E-05  1149
     -1  0.18630E+01  0.194E-03  0.690E-02  0.170E-05  1788
      0  0.18626E+01  0.166E-03  0.702E-02  0.117E-05  2159
      1  0.18630E+01  0.168E-03  0.673E-02  0.106E-05  1910
      2  0.18642E+01  0.154E-03  0.661E-02  0.162E-05  1260
      3  0.18651E+01  0.181E-03  0.610E-02  0.181E-05   639
      4  0.18663E+01  0.498E-03  0.624E-02  0.306E-05   241
      5  0.18672E+01  0.865E-03  0.580E-02  0.915E-05    52
      6  0.18695E+01  0.867E-03  0.347E-02  0.363E-05    17
#     7  0.18734E+01  jk failed  0.000E+00  jk failed     1
#     8  0.18789E+01  jk failed  0.000E+00  jk failed     1
&-----------------------------------------------------------
#beta =   4.00   kappa =   0.2262
#  Re(op_pbp_e)                                                    
#
#    -7  0.18709E+01  jk failed  0.687E-02  jk failed     5
     -6  0.18626E+01  0.125E-02  0.375E-02  0.472E-05    10
     -5  0.18641E+01  0.792E-03  0.613E-02  0.807E-05    52
     -4  0.18623E+01  0.452E-03  0.631E-02  0.560E-05   203
     -3  0.18608E+01  0.277E-03  0.656E-02  0.251E-05   592
     -2  0.18597E+01  0.190E-03  0.716E-02  0.163E-05  1201
     -1  0.18587E+01  0.155E-03  0.741E-02  0.176E-05  1802
      0  0.18584E+01  0.191E-03  0.750E-02  0.147E-05  2101
      1  0.18586E+01  0.147E-03  0.746E-02  0.151E-05  1860
      2  0.18593E+01  0.207E-03  0.730E-02  0.209E-05  1268
      3  0.18605E+01  0.264E-03  0.673E-02  0.246E-05   614
      4  0.18625E+01  0.373E-03  0.626E-02  0.395E-05   221
      5  0.18647E+01  0.107E-02  0.642E-02  0.752E-05    57
      6  0.18672E+01  0.132E-02  0.439E-02  0.583E-05    12
#     7  0.18707E+01  jk failed  0.000E+00  jk failed     1
#     8  0.18694E+01  jk failed  0.000E+00  jk failed     1
&-----------------------------------------------------------
#beta =   4.00   kappa =   0.2293
#  Re(op_pbp_e)                                                    
#
#    -7  0.18642E+01  jk failed  0.000E+00  jk failed     1
     -6  0.18568E+01  0.141E-02  0.422E-02  0.852E-05    10
     -5  0.18544E+01  0.108E-02  0.691E-02  0.984E-05    49
     -4  0.18512E+01  0.458E-03  0.691E-02  0.346E-05   182
     -3  0.18487E+01  0.369E-03  0.815E-02  0.383E-05   518
     -2  0.18469E+01  0.222E-03  0.852E-02  0.309E-05  1099
     -1  0.18461E+01  0.202E-03  0.875E-02  0.181E-05  1819
      0  0.18457E+01  0.245E-03  0.879E-02  0.240E-05  2185
      1  0.18463E+01  0.236E-03  0.894E-02  0.221E-05  2011
      2  0.18473E+01  0.171E-03  0.842E-02  0.315E-05  1213
      3  0.18493E+01  0.345E-03  0.791E-02  0.310E-05   616
      4  0.18509E+01  0.530E-03  0.712E-02  0.560E-05   219
      5  0.18534E+01  0.878E-03  0.652E-02  0.819E-05    66
      6  0.18583E+01  0.183E-02  0.549E-02  0.171E-04    10
#     7  0.18681E+01  jk failed  0.000E+00  jk failed     1
#     8  0.18689E+01  jk failed  0.000E+00  jk failed     1
&-----------------------------------------------------------
#beta =   4.00   kappa =   0.2300
#  Re(op_pbp_e)                                                    
#
#    -7  0.18545E+01  jk failed  0.000E+00  jk failed     1
#    -6  0.18567E+01  jk failed  0.452E-02  jk failed     8
     -5  0.18514E+01  0.138E-02  0.798E-02  0.130E-04    45
     -4  0.18488E+01  0.721E-03  0.811E-02  0.561E-05   170
     -3  0.18463E+01  0.402E-03  0.815E-02  0.450E-05   547
     -2  0.18439E+01  0.204E-03  0.882E-02  0.344E-05  1215
     -1  0.18434E+01  0.194E-03  0.941E-02  0.273E-05  1798
      0  0.18430E+01  0.176E-03  0.921E-02  0.245E-05  2155
      1  0.18430E+01  0.147E-03  0.898E-02  0.281E-05  1956
      2  0.18443E+01  0.301E-03  0.903E-02  0.310E-05  1255
      3  0.18465E+01  0.349E-03  0.820E-02  0.335E-05   576
      4  0.18474E+01  0.503E-03  0.816E-02  0.505E-05   206
      5  0.18514E+01  0.804E-03  0.741E-02  0.666E-05    59
#     6  0.18538E+01  jk failed  0.589E-02  jk failed     6
#     7  0.18617E+01  jk failed  0.628E-02  jk failed     3
&-----------------------------------------------------------
#beta =   4.00   kappa =   0.2324
#  Re(op_pbp_e)                                                    
#
#    -7  0.18555E+01  jk failed  0.000E+00  jk failed     1
#    -6  0.18452E+01  jk failed  0.767E-02  jk failed     7
     -5  0.18421E+01  0.109E-02  0.826E-02  0.113E-04    55
     -4  0.18388E+01  0.770E-03  0.860E-02  0.802E-05   156
     -3  0.18361E+01  0.407E-03  0.943E-02  0.547E-05   532
     -2  0.18342E+01  0.331E-03  0.997E-02  0.313E-05  1081
     -1  0.18327E+01  0.210E-03  0.105E-01  0.389E-05  1865
      0  0.18321E+01  0.189E-03  0.107E-01  0.332E-05  2229
      1  0.18327E+01  0.286E-03  0.104E-01  0.366E-05  1931
      2  0.18340E+01  0.234E-03  0.979E-02  0.394E-05  1313
      3  0.18366E+01  0.433E-03  0.916E-02  0.556E-05   558
      4  0.18387E+01  0.493E-03  0.811E-02  0.584E-05   200
      5  0.18435E+01  0.104E-02  0.899E-02  0.144E-04    58
      6  0.18472E+01  0.281E-02  0.844E-02  0.316E-04    10
#     7  0.18513E+01  jk failed  0.539E-02  jk failed     4
&-----------------------------------------------------------
#beta =   4.00   kappa =   0.2350
#  Re(op_pbp_e)                                                    
#
#    -7  0.18338E+01  jk failed  0.550E-02  jk failed     2
#    -6  0.18308E+01  jk failed  0.843E-02  jk failed     8
     -5  0.18321E+01  0.153E-02  0.814E-02  0.203E-04    36
     -4  0.18279E+01  0.708E-03  0.927E-02  0.881E-05   184
     -3  0.18240E+01  0.401E-03  0.102E-01  0.689E-05   517
     -2  0.18219E+01  0.312E-03  0.113E-01  0.497E-05  1175
     -1  0.18197E+01  0.270E-03  0.118E-01  0.529E-05  1797
      0  0.18199E+01  0.194E-03  0.121E-01  0.451E-05  2255
      1  0.18200E+01  0.239E-03  0.121E-01  0.379E-05  1988
      2  0.18219E+01  0.380E-03  0.116E-01  0.453E-05  1230
      3  0.18250E+01  0.376E-03  0.108E-01  0.558E-05   576
      4  0.18280E+01  0.865E-03  0.104E-01  0.994E-05   178
      5  0.18321E+01  0.153E-02  0.866E-02  0.165E-04    46
#     6  0.18360E+01  jk failed  0.109E-01  jk failed     7
#     7  0.18434E+01  jk failed  0.000E+00  jk failed     1
&-----------------------------------------------------------
#beta =   4.00   kappa =   0.2356
#  Re(op_pbp_e)                                                    
#
#    -7  0.18485E+01  jk failed  0.000E+00  jk failed     1
#    -6  0.18363E+01  jk failed  0.739E-02  jk failed     7
     -5  0.18302E+01  0.164E-02  0.866E-02  0.184E-04    44
     -4  0.18251E+01  0.734E-03  0.928E-02  0.678E-05   181
     -3  0.18216E+01  0.446E-03  0.109E-01  0.797E-05   512
     -2  0.18188E+01  0.357E-03  0.116E-01  0.447E-05  1123
     -1  0.18168E+01  0.214E-03  0.125E-01  0.426E-05  1965
      0  0.18160E+01  0.252E-03  0.129E-01  0.465E-05  2305
      1  0.18168E+01  0.257E-03  0.127E-01  0.437E-05  1951
      2  0.18182E+01  0.361E-03  0.114E-01  0.533E-05  1173
      3  0.18214E+01  0.559E-03  0.111E-01  0.654E-05   523
      4  0.18251E+01  0.971E-03  0.105E-01  0.102E-04   172
      5  0.18265E+01  0.232E-02  0.100E-01  0.450E-04    35
#     6  0.18332E+01  jk failed  0.882E-02  jk failed     7
#     8  0.18562E+01  jk failed  0.000E+00  jk failed     1
&-----------------------------------------------------------
#beta =   4.00   kappa =   0.2387
#  Re(op_pbp_e)                                                    
#
#    -6  0.18235E+01  jk failed  0.426E-02  jk failed     2
     -5  0.18187E+01  0.201E-02  0.920E-02  0.237E-04    22
     -4  0.18119E+01  0.926E-03  0.112E-01  0.156E-04   141
     -3  0.18059E+01  0.497E-03  0.131E-01  0.103E-04   508
     -2  0.18019E+01  0.390E-03  0.137E-01  0.780E-05  1101
     -1  0.17995E+01  0.328E-03  0.150E-01  0.547E-05  1986
      0  0.17983E+01  0.337E-03  0.151E-01  0.702E-05  2301
      1  0.17988E+01  0.394E-03  0.146E-01  0.522E-05  1993
      2  0.18026E+01  0.352E-03  0.141E-01  0.712E-05  1215
      3  0.18059E+01  0.462E-03  0.126E-01  0.780E-05   531
      4  0.18107E+01  0.900E-03  0.114E-01  0.154E-04   157
      5  0.18161E+01  0.190E-02  0.107E-01  0.302E-04    36
#     6  0.18253E+01  jk failed  0.590E-02  jk failed     7
&-----------------------------------------------------------
#beta =   4.00   kappa =   0.2400
#  Re(op_pbp_e)                                                    
#
#    -6  0.18209E+01  jk failed  0.106E-01  jk failed     4
     -5  0.18113E+01  0.228E-02  0.104E-01  0.305E-04    28
     -4  0.18042E+01  0.119E-02  0.116E-01  0.125E-04   139
     -3  0.17985E+01  0.655E-03  0.130E-01  0.124E-04   476
     -2  0.17936E+01  0.455E-03  0.146E-01  0.794E-05  1082
     -1  0.17909E+01  0.337E-03  0.158E-01  0.761E-05  1979
      0  0.17900E+01  0.310E-03  0.169E-01  0.807E-05  2378
      1  0.17910E+01  0.305E-03  0.163E-01  0.663E-05  2081
      2  0.17938E+01  0.510E-03  0.149E-01  0.783E-05  1153
      3  0.17989E+01  0.654E-03  0.142E-01  0.131E-04   493
      4  0.18039E+01  0.887E-03  0.125E-01  0.205E-04   143
      5  0.18096E+01  0.261E-02  0.140E-01  0.426E-04    38
#     6  0.18158E+01  jk failed  0.904E-02  jk failed     6
&-----------------------------------------------------------
#beta =   4.00   kappa =   0.2418
#  Re(op_pbp_e)                                                    
#
#    -7  0.18120E+01  jk failed  0.308E-02  jk failed     2
#    -6  0.18087E+01  jk failed  0.908E-02  jk failed     5
     -5  0.18037E+01  0.235E-02  0.110E-01  0.267E-04    23
     -4  0.17973E+01  0.158E-02  0.136E-01  0.231E-04   124
     -3  0.17892E+01  0.833E-03  0.155E-01  0.173E-04   430
     -2  0.17842E+01  0.458E-03  0.166E-01  0.122E-04  1106
     -1  0.17785E+01  0.360E-03  0.178E-01  0.806E-05  2016
      0  0.17777E+01  0.457E-03  0.186E-01  0.976E-05  2437
      1  0.17795E+01  0.361E-03  0.178E-01  0.111E-04  2110
      2  0.17827E+01  0.492E-03  0.162E-01  0.101E-04  1119
      3  0.17905E+01  0.675E-03  0.149E-01  0.123E-04   450
      4  0.17940E+01  0.851E-03  0.129E-01  0.233E-04   134
      5  0.18027E+01  0.292E-02  0.126E-01  0.552E-04    41
#     6  0.18050E+01  jk failed  0.997E-02  jk failed     3
&-----------------------------------------------------------
#beta =   4.00   kappa =   0.2449
#  Re(op_pbp_e)                                                    
#
#    -6  0.17912E+01  jk failed  0.496E-02  jk failed     3
     -5  0.17891E+01  0.219E-02  0.111E-01  0.247E-04    25
     -4  0.17786E+01  0.176E-02  0.155E-01  0.410E-04    95
     -3  0.17703E+01  0.896E-03  0.167E-01  0.208E-04   382
     -2  0.17624E+01  0.505E-03  0.185E-01  0.149E-04  1104
     -1  0.17550E+01  0.496E-03  0.214E-01  0.127E-04  2059
      0  0.17538E+01  0.534E-03  0.227E-01  0.108E-04  2629
      1  0.17559E+01  0.525E-03  0.215E-01  0.130E-04  2075
      2  0.17634E+01  0.620E-03  0.185E-01  0.126E-04  1115
      3  0.17699E+01  0.580E-03  0.166E-01  0.178E-04   389
      4  0.17801E+01  0.148E-02  0.130E-01  0.220E-04    96
      5  0.17911E+01  0.292E-02  0.129E-01  0.371E-04    26
#     6  0.18101E+01  jk failed  0.142E-02  jk failed     2
&-----------------------------------------------------------
#beta =   4.00   kappa =   0.2480
#  Re(op_pbp_e)                                                    
#
#    -6  0.18015E+01  jk failed  0.791E-04  jk failed     2
#    -5  0.17736E+01  jk failed  0.936E-02  jk failed     5
     -4  0.17622E+01  0.210E-02  0.169E-01  0.542E-04    73
     -3  0.17513E+01  0.137E-02  0.195E-01  0.257E-04   298
     -2  0.17380E+01  0.727E-03  0.218E-01  0.177E-04  1029
     -1  0.17287E+01  0.394E-03  0.245E-01  0.205E-04  2176
      0  0.17235E+01  0.592E-03  0.270E-01  0.185E-04  2742
      1  0.17287E+01  0.484E-03  0.243E-01  0.161E-04  2224
      2  0.17395E+01  0.737E-03  0.224E-01  0.217E-04  1057
      3  0.17508E+01  0.119E-02  0.192E-01  0.256E-04   321
      4  0.17671E+01  0.221E-02  0.169E-01  0.506E-04    61
      5  0.17773E+01  0.479E-02  0.152E-01  0.110E-03    11
#     6  0.18058E+01  jk failed  0.000E+00  jk failed     1
&-----------------------------------------------------------
#beta =   4.00   kappa =   0.2500
#  Re(op_pbp_e)                                                    
#
#    -5  0.17627E+01  jk failed  0.163E-01  jk failed     7
     -4  0.17533E+01  0.268E-02  0.173E-01  0.507E-04    56
     -3  0.17379E+01  0.151E-02  0.203E-01  0.465E-04   267
     -2  0.17236E+01  0.989E-03  0.231E-01  0.214E-04   917
     -1  0.17098E+01  0.541E-03  0.269E-01  0.272E-04  2178
      0  0.17028E+01  0.500E-03  0.303E-01  0.197E-04  3050
      1  0.17096E+01  0.765E-03  0.269E-01  0.187E-04  2232
      2  0.17245E+01  0.596E-03  0.234E-01  0.192E-04   948
      3  0.17364E+01  0.120E-02  0.201E-01  0.264E-04   278
      4  0.17559E+01  0.238E-02  0.176E-01  0.523E-04    59
#     5  0.17683E+01  jk failed  0.112E-01  jk failed     5
#     6  0.17925E+01  jk failed  0.999E-02  jk failed     3
&-----------------------------------------------------------
#beta =   4.00   kappa =   0.2515
#  Re(op_pbp_e)                                                    
#
#    -5  0.17518E+01  jk failed  0.189E-01  jk failed     4
     -4  0.17460E+01  0.332E-02  0.187E-01  0.147E-03    41
     -3  0.17283E+01  0.126E-02  0.223E-01  0.431E-04   241
     -2  0.17099E+01  0.771E-03  0.248E-01  0.285E-04   937
     -1  0.16927E+01  0.605E-03  0.284E-01  0.250E-04  2206
      0  0.16829E+01  0.618E-03  0.335E-01  0.226E-04  3175
      1  0.16931E+01  0.555E-03  0.286E-01  0.245E-04  2216
      2  0.17104E+01  0.726E-03  0.252E-01  0.368E-04   900
      3  0.17292E+01  0.145E-02  0.208E-01  0.576E-04   226
      4  0.17485E+01  0.268E-02  0.179E-01  0.107E-03    48
#     5  0.17705E+01  jk failed  0.195E-01  jk failed     5
#     6  0.17965E+01  jk failed  0.000E+00  jk failed     1
&-----------------------------------------------------------
#beta =   4.00   kappa =   0.2530
#  Re(op_pbp_e)                                                    
#
#    -6  0.17782E+01  jk failed  0.000E+00  jk failed     1
#    -5  0.17536E+01  jk failed  0.244E-01  jk failed     3
     -4  0.17460E+01  0.469E-02  0.206E-01  0.175E-03    28
     -3  0.17197E+01  0.170E-02  0.234E-01  0.576E-04   183
     -2  0.16972E+01  0.729E-03  0.262E-01  0.356E-04   803
     -1  0.16760E+01  0.596E-03  0.299E-01  0.256E-04  2200
      0  0.16638E+01  0.675E-03  0.369E-01  0.308E-04  3417
      1  0.16776E+01  0.562E-03  0.314E-01  0.326E-04  2295
      2  0.16982E+01  0.101E-02  0.261E-01  0.365E-04   837
      3  0.17209E+01  0.172E-02  0.242E-01  0.732E-04   199
      4  0.17400E+01  0.495E-02  0.224E-01  0.304E-03    32
#     5  0.17788E+01  jk failed  0.291E-02  jk failed     2
&-----------------------------------------------------------
#beta =   4.00   kappa =   0.2545
#  Re(op_pbp_e)                                                    
#
#    -5  0.17814E+01  jk failed  0.660E-02  jk failed     3
     -4  0.17403E+01  0.531E-02  0.231E-01  0.147E-03    20
     -3  0.17126E+01  0.316E-02  0.289E-01  0.129E-03   121
     -2  0.16841E+01  0.134E-02  0.268E-01  0.341E-04   698
     -1  0.16598E+01  0.669E-03  0.318E-01  0.389E-04  2229
      0  0.16401E+01  0.664E-03  0.380E-01  0.377E-04  3753
      1  0.16590E+01  0.563E-03  0.313E-01  0.385E-04  2245
      2  0.16833E+01  0.787E-03  0.270E-01  0.391E-04   768
      3  0.17084E+01  0.235E-02  0.287E-01  0.122E-03   149
      4  0.17426E+01  0.498E-02  0.165E-01  0.827E-04    12
#     5  0.18219E+01  jk failed  0.000E+00  jk failed     1
#     6  0.17784E+01  jk failed  0.000E+00  jk failed     1
&-----------------------------------------------------------
#beta =   4.00   kappa =   0.2560
#  Re(op_pbp_e)                                                    
#
#    -5  0.17682E+01  jk failed  0.000E+00  jk failed     1
     -4  0.17293E+01  0.625E-02  0.258E-01  0.179E-03    18
     -3  0.17054E+01  0.331E-02  0.312E-01  0.183E-03    99
     -2  0.16740E+01  0.108E-02  0.311E-01  0.768E-04   573
     -1  0.16422E+01  0.514E-03  0.318E-01  0.494E-04  2250
      0  0.16172E+01  0.600E-03  0.397E-01  0.302E-04  4171
      1  0.16413E+01  0.782E-03  0.310E-01  0.363E-04  2215
      2  0.16707E+01  0.100E-02  0.286E-01  0.563E-04   571
      3  0.17090E+01  0.288E-02  0.300E-01  0.212E-03    87
      4  0.17437E+01  0.701E-02  0.253E-01  0.298E-03    14
#     5  0.17898E+01  jk failed  0.000E+00  jk failed     1
&-----------------------------------------------------------
#beta =   4.00   kappa =   0.2575
#  Re(op_pbp_e)                                                    
#
#    -5  0.17608E+01  jk failed  0.000E+00  jk failed     1
#    -4  0.17368E+01  jk failed  0.694E-02  jk failed     3
     -3  0.16923E+01  0.463E-02  0.362E-01  0.332E-03    71
     -2  0.16574E+01  0.142E-02  0.322E-01  0.931E-04   436
     -1  0.16232E+01  0.666E-03  0.329E-01  0.473E-04  2093
      0  0.15904E+01  0.640E-03  0.376E-01  0.335E-04  4656
      1  0.16232E+01  0.646E-03  0.324E-01  0.596E-04  2175
      2  0.16591E+01  0.158E-02  0.320E-01  0.737E-04   486
      3  0.16959E+01  0.424E-02  0.390E-01  0.309E-03    74
#     4  0.17444E+01  jk failed  0.438E-01  jk failed     5
&-----------------------------------------------------------
#beta =   4.00   kappa =   0.2590
#  Re(op_pbp_e)                                                    
#
#    -4  0.17348E+01  jk failed  0.243E-01  jk failed     3
     -3  0.16863E+01  0.882E-02  0.439E-01  0.671E-03    41
     -2  0.16478E+01  0.220E-02  0.392E-01  0.184E-03   314
     -1  0.16037E+01  0.695E-03  0.330E-01  0.544E-04  1902
      0  0.15641E+01  0.572E-03  0.358E-01  0.566E-04  5317
      1  0.16037E+01  0.946E-03  0.319E-01  0.569E-04  2021
      2  0.16468E+01  0.189E-02  0.375E-01  0.230E-03   360
      3  0.16945E+01  0.855E-02  0.436E-01  0.366E-03    39
#     4  0.17164E+01  jk failed  0.242E-01  jk failed     2
#     5  0.17031E+01  jk failed  0.000E+00  jk failed     1
&-----------------------------------------------------------
#beta =   4.00   kappa =   0.2605
#  Re(op_pbp_e)                                                    
#
     -3  0.16823E+01  0.118E-01  0.542E-01  0.982E-03    25
     -2  0.16321E+01  0.230E-02  0.435E-01  0.152E-03   208
     -1  0.15829E+01  0.720E-03  0.326E-01  0.642E-04  1658
      0  0.15364E+01  0.348E-03  0.280E-01  0.348E-04  6163
      1  0.15838E+01  0.702E-03  0.330E-01  0.647E-04  1716
      2  0.16296E+01  0.293E-02  0.395E-01  0.209E-03   210
      3  0.16823E+01  0.903E-02  0.383E-01  0.305E-03    19
#     4  0.17509E+01  jk failed  0.000E+00  jk failed     1
&-----------------------------------------------------------
#beta =   4.00   kappa =   0.2620
#  Re(op_pbp_e)                                                    
#
#    -3  0.16664E+01  jk failed  0.462E-01  jk failed     5
     -2  0.16203E+01  0.523E-02  0.450E-01  0.480E-03    99
     -1  0.15610E+01  0.834E-03  0.324E-01  0.600E-04  1293
      0  0.15114E+01  0.353E-03  0.244E-01  0.470E-04  7148
      1  0.15621E+01  0.952E-03  0.355E-01  0.105E-03  1325
      2  0.16143E+01  0.511E-02  0.452E-01  0.464E-03   120
      3  0.16518E+01  0.182E-01  0.546E-01  0.120E-02    10
&-----------------------------------------------------------
#beta =   4.00   kappa =   0.2625
#  Re(op_pbp_e)                                                    
#
     -2  0.16174E+01  0.598E-02  0.498E-01  0.460E-03    84
     -1  0.15526E+01  0.119E-02  0.326E-01  0.109E-03  1184
      0  0.15028E+01  0.277E-03  0.213E-01  0.273E-04  7437
      1  0.15551E+01  0.107E-02  0.316E-01  0.900E-04  1200
      2  0.16050E+01  0.532E-02  0.502E-01  0.492E-03    93
#     3  0.16418E+01  jk failed  0.110E-01  jk failed     2
&-----------------------------------------------------------
#beta =   4.00   kappa =   0.2630
#  Re(op_pbp_e)                                                    
#
#    -3  0.16803E+01  jk failed  0.406E-01  jk failed     2
     -2  0.15955E+01  0.500E-02  0.396E-01  0.187E-03    87
     -1  0.15464E+01  0.893E-03  0.305E-01  0.562E-04  1083
      0  0.14951E+01  0.215E-03  0.209E-01  0.328E-04  7704
      1  0.15457E+01  0.872E-03  0.321E-01  0.673E-04  1047
      2  0.15925E+01  0.466E-02  0.382E-01  0.374E-03    75
#     3  0.17256E+01  jk failed  0.177E-01  jk failed     2
&-----------------------------------------------------------
#beta =   4.00   kappa =   0.2635
#  Re(op_pbp_e)                                                    
#
#    -3  0.17678E+01  jk failed  0.130E+00  jk failed     3
     -2  0.15917E+01  0.544E-02  0.449E-01  0.364E-03    57
     -1  0.15371E+01  0.920E-03  0.310E-01  0.564E-04   948
      0  0.14869E+01  0.227E-03  0.190E-01  0.228E-04  8003
      1  0.15368E+01  0.957E-03  0.300E-01  0.612E-04   915
      2  0.15909E+01  0.521E-02  0.416E-01  0.309E-03    74
&-----------------------------------------------------------
