# triplet j1 / nf 2 / mode 2 / nplat  5 / jkb  20 / start     1 / nmeas 10000
 0.0010  0.51709272170869436        1.4144187237562252E-002   9.9977970884030255E-004   6.3164160968154259E-005   2.7346309956713180E-003   1.1426929361830179E-004
 0.0020  0.51295763508443959        1.1810631315614009E-002   1.9994626048919148E-003   1.2627091107706565E-004   5.5132176812733120E-003   2.1545244249640371E-004
 0.0030  0.51150540797091815        9.9741198091512408E-003   2.9989519610805230E-003   1.8926295562687610E-004   8.2929710631705622E-003   3.0761675503553163E-004
 0.0040  0.51123053022619958        9.9054456368710027E-003   3.9981512215528387E-003   2.5208323181940043E-004   1.1062615552563585E-002   4.0935287582494727E-004
 0.0050  0.51142513775724052        9.1765471180497282E-003   4.9969640867664113E-003   3.1467502367101458E-004   1.3822004921520633E-002   5.0091406148071492E-004
 0.0060  0.51135310911881238        9.1551331291928415E-003   5.9952945979574544E-003   3.7698207568085876E-004   1.6587272764561536E-002   6.0013082126410299E-004
 0.0070  0.51134565128812826        9.1404612389441517E-003   6.9930472207837572E-003   4.3894870486530256E-004   1.9350076280006720E-002   6.9888956423584106E-004
 0.0080  0.51137792622906764        9.1281753739694618E-003   7.9901269279425841E-003   5.0051991074076270E-004   2.2110311078263001E-002   7.9708895371226915E-004
 0.0090  0.51143802614333833        9.1165820866574744E-003   8.9864392805693583E-003   5.6164148290794268E-004   2.4867782448387176E-002   8.9464205726385790E-004
 0.0100  0.51151966686799299        9.1049239618378776E-003   9.9818905082260396E-003   6.2226010583375259E-004   2.7622250700729514E-002   9.9146794890509816E-004
 0.0200  0.51312785270642458        8.9478281527739026E-003   1.9869040416825755E-002   1.1898865877091336E-003   5.4940531100466691E-002   1.9037306493189480E-003
 0.0400  0.51976830294397558        8.3817843469368089E-003   3.9025949379971309E-002   2.0014545623267357E-003  0.10750086049014604        3.2563915959382865E-003
 0.0600  0.53053229609098995        7.5699351042474742E-003   5.6962435919531637E-002   2.2960582117025306E-003  0.15583789485037008        3.8482226053740153E-003
 0.0800  0.54498544397648929        6.6467356001278823E-003   7.3437557648181356E-002   2.1804771901439163E-003  0.19889973335482153        3.8214849586366835E-003
 0.1000  0.56266128061311893        5.7248953869442733E-003   8.8413150181999592E-002   1.8533101962845929E-003  0.23633410578248729        3.4522145667238205E-003
 0.1200  0.58311222545776908        4.8765259624249189E-003  0.10195918260313974        1.4773678239451775E-003  0.26826662561433801        2.9682841814880922E-003
 0.1400  0.60594446739469532        4.1365913858617421E-003  0.11418911187800992        1.1407569667353072E-003  0.29509274941160607        2.4961772988689730E-003
 0.1600  0.63062932001000438        3.6753908132932901E-003  0.12522875242589937        8.7234916730336617E-004  0.31743357300575409        2.1552446355163693E-003
 0.1800  0.65723850755924684        3.1162775835833238E-003  0.13520330796485963        6.6962073967427962E-004  0.33567724976511137        1.7956018312759224E-003
 0.2000  0.68541592774262050        2.6654644496975051E-003  0.14423155466734514        5.1929486997520733E-004  0.35043376582223329        1.5017117544696725E-003
 0.2200  0.71498550365309410        2.3067506758192653E-003  0.15242286061057475        4.0769680902656393E-004  0.36220476191682394        1.2649999587293383E-003
 0.2400  0.74579837209554845        2.0246559868556209E-003  0.15987580486630723        3.2408774443356593E-004  0.37144161552933119        1.0763588649646784E-003
 0.2600  0.77407492613579354        1.7083168744663707E-003  0.16667790472078822        2.6078274240403168E-004  0.38032746437171822        8.9052326326128446E-004
 0.2800  0.80721976078324165        1.5471630997704097E-003  0.17290605224696765        2.1238020983270787E-004  0.38548486042042179        7.7584531533205002E-004
 0.3000  0.84124341848016237        1.4401487442192136E-003  0.17862732947515142        1.7502903827289575E-004  0.38915973448087277        6.9295889897794615E-004
 0.3200  0.87608543137105099        1.3570063151140126E-003  0.18389997847510520        1.4592792272143017E-004  0.39159250218765396        6.2613691557873545E-004
 0.3400  0.91165503310500151        1.3110185590313175E-003  0.18877439920443873        1.2301190954402272E-004  0.39300264269623730        5.7948713622165272E-004
 0.3600  0.94797066979151978        1.3766421759434356E-003  0.19329411098108157        1.0475182925658781E-004  0.39353254947009803        5.8135084648186085E-004
 0.3800  0.98481394959952395        1.4156295119036391E-003  0.19749664741682593        9.0016532423418559E-005  0.39339829049878927        5.7255651240146219E-004
 0.4000   1.0221659069464966        1.3596625846205620E-003  0.20141437138284382        7.7971748192004191E-005  0.39270716906110914        5.2787193835728138E-004


# triplet j3 / nf 2 / mode 2 / nplat  5 / jkb  20 / start     1 / nmeas 10000
 0.0010  0.51007618697684098        9.9358870198333355E-003   9.9977970884030255E-004   6.3164160968154259E-005   2.7722481866906705E-003   1.0288393344960483E-004
 0.0020  0.51009312906134952        9.9338665259751172E-003   1.9994626048919148E-003   1.2627091107706565E-004   5.5441779988209625E-003   2.0568211064904849E-004
 0.0030  0.51012136382371409        9.9305006636585379E-003   2.9989519610805230E-003   1.8926295562687610E-004   8.3154712736633746E-003   3.0830894382623578E-004
 0.0040  0.51016088819724148        9.9257918723569191E-003   3.9981512215528387E-003   2.5208323181940043E-004   1.1085810271757056E-002   4.1067918158747851E-004
 0.0050  0.51021169788988774        9.9197435612280553E-003   4.9969640867664113E-003   3.1467502367101458E-004   1.3854877887561758E-002   5.1270807563072939E-004
 0.0060  0.51027378738776974        9.9123601043361719E-003   5.9952945979574544E-003   3.7698207568085876E-004   1.6622357858869775E-002   6.1431154570897072E-004
 0.0070  0.51034714995586494        9.9036468339399573E-003   6.9930472207837572E-003   4.3894870486530256E-004   1.9387934974714145E-002   7.1540634228807172E-004
 0.0080  0.51043177764229908        9.8936100316135041E-003   7.9901269279425841E-003   5.0051991074076270E-004   2.2151295281237861E-002   8.1591020629231210E-004
 0.0090  0.51052766128164506        9.8822569191576084E-003   8.9864392805693583E-003   5.6164148290794268E-004   2.4912126285256686E-002   9.1574202547930052E-004
 0.0100  0.51063479049869631        9.8695956461482669E-003   9.9818905082260396E-003   6.2226010583375259E-004   2.7670117155124432E-002   1.0148219868137956E-003
 0.0200  0.51232145330129597        9.6734614648241631E-003   1.9869040416825755E-002   1.1898865877091336E-003   5.5027008079541799E-002   1.9479194937901971E-003
 0.0400  0.51897893775665949        8.9547255265415918E-003   3.9025949379971309E-002   2.0014545623267357E-003  0.10766436893086283        3.3276155777987276E-003
 0.0600  0.52977406575276631        7.9535308367622362E-003   5.6962435919531637E-002   2.2960582117025306E-003  0.15606093525071993        3.9220119669469032E-003
 0.0800  0.54431040866221547        6.8623594833463874E-003   7.3437557648181356E-002   2.1804771901439163E-003  0.19914640206054066        3.8787307509917852E-003
 0.1000  0.56212697413183910        5.8257796285976996E-003   8.8413150181999592E-002   1.8533101962845929E-003  0.23655874336488061        3.4868090178992797E-003
 0.1200  0.58276057003174975        4.9205370621996248E-003  0.10195918260313974        1.4773678239451775E-003  0.26842850584331784        2.9864549204150453E-003
 0.1400  0.60686718065577261        5.0351887005356281E-003  0.11418911187800992        1.1407569667353072E-003  0.29464407464089987        2.8535011118224051E-003
 0.1600  0.63146880445064335        4.1668090984842681E-003  0.12522875242589937        8.7234916730336617E-004  0.31701157188139673        2.3653598925380678E-003
 0.1800  0.65787584817915035        3.4664943401588200E-003  0.13520330796485963        6.6962073967427962E-004  0.33535205049378236        1.9524576673077543E-003
 0.2000  0.68564028426730783        2.6537778621707549E-003  0.14423155466734514        5.1929486997520733E-004  0.35031909621538981        1.4953995727086467E-003
 0.2200  0.71528769380780410        2.4740802852730795E-003  0.15242286061057475        4.0769680902656393E-004  0.36205173997336271        1.3426370499733543E-003
 0.2400  0.74599818281820096        2.0431241279145560E-003  0.15987580486630723        3.2408774443356593E-004  0.37134212732770883        1.0844344771518285E-003
 0.2600  0.77786259689681259        1.7924574544300406E-003  0.16667790472078822        2.6078274240403168E-004  0.37847552391056200        9.2102270169139354E-004
 0.2800  0.81073438430161382        1.6003147491052312E-003  0.17290605224696765        2.1238020983270787E-004  0.38381374077551234        7.9343596290535928E-004
 0.3000  0.84152697400698251        1.7458967544085342E-003  0.17862732947515142        1.7502903827289575E-004  0.38902860571502651        8.2930775663031563E-004
 0.3200  0.87627453467232519        1.6226691375365123E-003  0.18389997847510520        1.4592792272143017E-004  0.39150799507032047        7.4144142190159506E-004
 0.3400  0.91177832195108433        1.5254978372585921E-003  0.18877439920443873        1.2301190954402272E-004  0.39294950166276565        6.6979462555755533E-004
 0.3600  0.94796504204582399        1.4474143717797738E-003  0.19329411098108157        1.0475182925658781E-004  0.39353488573885603        6.1026309009424456E-004
 0.3800  0.98477353193730222        1.3833344256366851E-003  0.19749664741682593        9.0016532423418559E-005  0.39341443658589287        5.5986391309909326E-004
 0.4000   1.0221527716139218        1.3295879588442849E-003  0.20141437138284382        7.7971748192004191E-005  0.39271221560543534        5.1645376141350706E-004


