# triplet j1 / nf 6 / mode 2 / nplat  5 / jkb  20 / start     1 / nmeas 10000
 0.0010  0.79976524830358686       0.19109582833935485        6.7101606984823047E-004   1.1307785805058530E-005   1.4485014332222684E-003   3.4631991424853976E-004
 0.0020  0.77316650840301482        5.4156943692354347E-002   1.3420214721317693E-003   2.2614225134476471E-005   2.9966546445382601E-003   2.1141562586237766E-004
 0.0030  0.76857225337933277        3.9786092757144488E-002   2.0130055502343451E-003   3.3917976763171417E-005   4.5218214496190170E-003   2.3715731182076622E-004
 0.0040  0.75466376689506576        4.0078145743251810E-002   2.6839576694092761E-003   4.5217709942450555E-005   6.1401548726035850E-003   3.3016354010035861E-004
 0.0050  0.75218601835956189        4.5410679636019177E-002   3.3548672276459291E-003   5.6512109598090793E-005   7.7003845168288577E-003   4.6938679089288403E-004
 0.0060  0.75183750985298625        4.4241019956840280E-002   4.0257236664549079E-003   6.7799881461042116E-005   9.2446104199084608E-003   5.4953047389585908E-004
 0.0070  0.75151785180149988        4.3690472410097742E-002   4.6965164815442363E-003   7.9079757122646471E-005   1.0789781295414169E-002   6.3382130742838214E-004
 0.0080  0.75126819714259252        4.3396307071367733E-002   5.3672352333609405E-003   9.0350499017701063E-005   1.2335032601278417E-002   7.2004594615780954E-004
 0.0090  0.75107997719601716        4.3223039706526536E-002   6.0378695574705103E-003   1.0161090525472654E-004   1.3880078786084875E-002   8.0726215707716952E-004
 0.0100  0.75093880204578434        4.3112704180089598E-002   6.7084091747496577E-003   1.1285981436258421E-004   1.5424824251750282E-002   8.9502091644828722E-004
 0.0200  0.75055667716876906        4.2793507954626643E-002   1.3406415244889627E-002   2.2449857682861740E-004   3.0853386258977596E-002   1.7779939246930746E-003
 0.0400  0.75095405502294044        4.2437462748568723E-002   2.6735404818943907E-002   4.4187018525940864E-004   6.1585008962394321E-002   3.5172685098645174E-003
 0.0600  0.75168127496317838        4.1703969847060381E-002   3.9934411144084608E-002   6.5550016751006034E-004   9.2093829777657260E-002   5.1650526572038120E-003
 0.0800  0.75286676296034050        4.0304829477276122E-002   5.2976782090204629E-002   8.7695431120693587E-004  0.12228822861449952        6.6244974499354240E-003
 0.1000  0.75526203118326019        3.8028648672585048E-002   6.5834436472301958E-002   1.1088132882065794E-003  0.15193012908439513        7.7561785626404471E-003
 0.1200  0.75991106186570978        3.4835000453037543E-002   7.8441656915624242E-002   1.3231651977521613E-003  0.18055779136748631        8.4158544333435680E-003
 0.1400  0.76765521653970414        3.0893963835479099E-002   9.0681824735868471E-002   1.4636073839839510E-003  0.20757399097850787        8.5200250466771401E-003
 0.1600  0.77881379387006322        2.6534391851608108E-002  0.10241475202184701        1.4832902884700230E-003  0.23244628691404215        8.0964197321992844E-003
 0.1800  0.79319813426599095        2.2141841177947489E-002  0.11352576333630750        1.3823440816911107E-003  0.25486886313903651        7.2818217282155364E-003
 0.2000  0.81032705560823493        1.8066158372501646E-002  0.12395765035384199        1.2058161717506696E-003  0.27479341658335404        6.2705859589828822E-003
 0.2200  0.85611959343402066        1.8793790837032448E-002  0.13370796055770970        1.0111991117551524E-003  0.28331562971088503        6.3110238935334510E-003
 0.2400  0.86922655460749654        1.6363265813438721E-002  0.14280569304046653        8.3876731718939479E-004  0.30120376340677502        5.7387686353982514E-003
 0.2600  0.88475816056794343        1.3893283450393723E-002  0.15128859753839480        7.0217257164099337E-004  0.31701527833192639        5.0321315291358320E-003
 0.2800  0.90251622948466770        1.0490752348757938E-002  0.15919080125652979        5.9630498728920338E-004  0.33082473821108582        3.8950696192203995E-003
 0.3000  0.92335524993435236        9.4438998494944370E-003  0.16653984536314537        5.1050380982764639E-004  0.34234649111562132        3.5405504787675208E-003
 0.3200  0.94604414445342944        7.9990588205336634E-003  0.17335873724452719        4.3683729973670267E-004  0.35208818559010474        3.0098700679470052E-003
 0.3400  0.97089828069244066        6.4033277757700874E-003  0.17966936401374253        3.7158848404791374E-004  0.36001263214546636        2.4033859847168832E-003
 0.3600  0.99925672242624186        4.1276930124791548E-003  0.18549527750249245        3.1362586096445538E-004  0.36572579978304570        1.5420390729035480E-003
 0.3800   1.0283293198461421        3.5258768453424474E-003  0.19086314277563410        2.6272934651815685E-004  0.37036983907983079        1.2952351877713153E-003
 0.4000   1.0588387400364936        3.0479607798689252E-003  0.19580287855408673        2.1873619632955570E-004  0.37378744248623547        1.0960492024050742E-003


# triplet j3 / nf 6 / mode 2 / nplat  5 / jkb  20 / start     1 / nmeas 10000
 0.0010  0.76710405065321352        3.3553003182330648E-002   6.7101606984823047E-004   1.1307785805058530E-005   1.5101746724223949E-003   6.7269226052085561E-005
 0.0020  0.76710894433769894        3.3551917440547849E-002   1.3420214721317693E-003   2.2614225134476471E-005   3.0203180728229991E-003   1.3453178553945373E-004
 0.0030  0.76711710153451351        3.3550106106550168E-002   2.0130055502343451E-003   3.3917976763171417E-005   4.5303989364345165E-003   2.0178100336634358E-004
 0.0040  0.76712852382651708        3.3547566538259778E-002   2.6839576694092761E-003   4.5217709942450555E-005   6.0403860129779477E-003   2.6901018740582906E-004
 0.0050  0.76714321342564584        3.3544295046229120E-002   3.3548672276459291E-003   5.6512109598090793E-005   7.5502480738722060E-003   3.3621262007287132E-004
 0.0060  0.76716117317049837        3.3540286902850859E-002   4.0257236664549079E-003   6.7799881461042116E-005   9.0599539193835597E-003   4.0338154999503841E-004
 0.0070  0.76718240652348146        3.3535536355969300E-002   4.6965164815442363E-003   7.9079757122646471E-005   1.0569472385690682E-002   4.7051018384009776E-004
 0.0080  0.76720691756287107        3.3530036641614747E-002   5.3672352333609405E-003   9.0350499017701063E-005   1.2078772351916567E-002   5.3759167828698693E-004
 0.0090  0.76723471097972695        3.3523780002499344E-002   6.0378695574705103E-003   1.0161090525472654E-004   1.3587822746991196E-002   6.0461913221816744E-004
 0.0100  0.76726579206972267        3.3516757709775080E-002   6.7084091747496577E-003   1.1285981436258421E-004   1.5096592556446912E-002   6.7158557918989552E-004
 0.0200  0.76775900321800505        3.3401861587719191E-002   1.3406415244889627E-002   2.2449857682861740E-004   3.0162088588842371E-002   1.3363017923637298E-003
 0.0400  0.76977427591092740        3.2876742645467048E-002   2.6735404818943907E-002   4.4187018525940864E-004   6.0079316308935177E-002   2.6135529895329403E-003
 0.0600  0.77325086041271218        3.1843025554392820E-002   3.9934411144084608E-002   6.5550016751006034E-004   8.9524901849528257E-002   3.7592036282525754E-003
 0.0800  0.74690355752137738        4.5782957062742720E-002   5.2976782090204629E-002   8.7695431120693587E-004  0.12326456595102946        7.6243183460268857E-003
 0.1000  0.74874403518326860        4.3287136192470273E-002   6.5834436472301958E-002   1.1088132882065794E-003  0.15325271721480729        8.9535001052319842E-003
 0.1200  0.75301697111217081        3.9699059205104040E-002   7.8441656915624242E-002   1.3231651977521613E-003  0.18221085079071223        9.7283064375183279E-003
 0.1400  0.76073518329432666        3.5197293496158265E-002   9.0681824735868471E-002   1.4636073839839510E-003  0.20946218932924884        9.8375987677251607E-003
 0.1600  0.77227150435701586        3.0178626341367899E-002  0.10241475202184701        1.4832902884700230E-003  0.23441545306434661        9.3163863260549949E-003
 0.1800  0.78735975640248135        2.5107450181015463E-002  0.11352576333630750        1.3823440816911107E-003  0.25675874983511010        8.3354548580093293E-003
 0.2000  0.83977148866539308        1.8715039417533753E-002  0.12395765035384199        1.2058161717506696E-003  0.26515849033455369        6.0483857125071738E-003
 0.2200  0.85268036763514610        1.6756392433027734E-002  0.13370796055770970        1.0111991117551524E-003  0.28445836321327406        5.6925630741238168E-003
 0.2400  0.86732752742910335        1.4806829857947897E-002  0.14280569304046653        8.3876731718939479E-004  0.30186325375483214        5.2290377910673555E-003
 0.2600  0.88392217751102709        1.2855242169114618E-002  0.15128859753839480        7.0217257164099337E-004  0.31731510042963113        4.6732244247544158E-003
 0.2800  0.90238254946485430        1.2308129042896843E-002  0.15919080125652979        5.9630498728920338E-004  0.33087374697968963        4.5553312311295826E-003
 0.3000  0.92269946670966652        1.0857958279730087E-002  0.16653984536314537        5.1050380982764639E-004  0.34258980445219911        4.0655106480318223E-003
 0.3200  0.94547699306594757        8.6356845152226972E-003  0.17335873724452719        4.3683729973670267E-004  0.35229938829988811        3.2482599729854490E-003
 0.3400  0.97044258917595516        6.8704483097330165E-003  0.17966936401374253        3.7158848404791374E-004  0.36018168357017311        2.5770384017905277E-003
 0.3600  0.99728391284959772        5.5402731174090574E-003  0.18549527750249245        3.1362586096445538E-004  0.36644927215730289        2.0591939930505189E-003
 0.3800   1.0284574770082651        3.6469886076900731E-003  0.19086314277563410        2.6272934651815685E-004  0.37032368690672340        1.3377026125737752E-003
 0.4000   1.0590079668517598        2.9789213166830871E-003  0.19580287855408673        2.1873619632955570E-004  0.37372771219103618        1.0717973278132010E-003


