# triplet j1 / nf 5 / mode 2 / nplat  5 / jkb  20 / start     1 / nmeas 10000
 0.0010  0.77636198595211348       0.15085603029684441        6.7749382326561371E-004   1.1374068033730688E-005   1.4993513173799222E-003   2.9161286964979810E-004
 0.0020  0.75467541447776254        4.7124356416599414E-002   1.3549768265422434E-003   2.2746701801461029E-005   3.0848619060760622E-003   1.9436123072671295E-004
 0.0030  0.72600813031064027        4.7073396914295879E-002   2.0324385913207382E-003   3.4116629204049584E-005   4.8099754221506245E-003   3.1447438395406106E-004
 0.0040  0.72620486280952312        4.1041868140758955E-002   2.7098691364091272E-003   4.5482754633142612E-005   6.4115052189376142E-003   3.6632280586025351E-004
 0.0050  0.72568178094775815        3.9197624915310841E-002   3.3872589165811688E-003   5.6844158137245262E-005   8.0200666519898295E-003   4.3839885795518172E-004
 0.0060  0.72521926899737166        3.8475042381778443E-002   4.0645988205444475E-003   6.8200094201489183E-005   9.6300852493655109E-003   5.1725326363391653E-004
 0.0070  0.72488210748742865        3.8136514740090020E-002   4.7418801682306234E-003   7.9549990129659285E-005   1.1240145295534798E-002   5.9882013150379843E-004
 0.0080  0.72464346362807852        3.7954859521537598E-002   5.4190947074140537E-003   9.0893444112173197E-005   1.2849877358220116E-002   6.8161448653700392E-004
 0.0090  0.72447424320387310        3.7846062428732896E-002   6.0962346096626822E-003   1.0223022290165659E-004   1.4459195799742891E-002   7.6500662468465550E-004
 0.0100  0.72435346713082283        3.7774473201414076E-002   6.7732924656298344E-003   1.1356025921049713E-004   1.6068094190060753E-002   8.4869592661331408E-004
 0.0200  0.72412189320567333        3.7476128251193452E-002   1.3538015436214100E-002   2.2658696481169931E-004   3.2136296074700706E-002   1.6847813445360462E-003
 0.0400  0.72470255848521781        3.6724844632691718E-002   2.7024980418515993E-002   4.5565063922621850E-004   6.4160522631761738E-002   3.2960649606890019E-003
 0.0600  0.72572177444195152        3.5279450080945407E-002   4.0449313217525130E-002   7.0362393440137909E-004   9.6001063756168764E-002   4.7409983623490750E-003
 0.0800  0.72769833902562286        3.3035923341283642E-002   5.3798465064445411E-002   9.8004695276259152E-004  0.12749511650297135        5.9033509204571358E-003
 0.1000  0.73154687227534909        3.0038378667692857E-002   6.7010233757214835E-002   1.2591358024434958E-003  0.15824988623080616        6.6658920376663150E-003
 0.1200  0.73803583952374530        2.6461155422486685E-002   7.9953751272626036E-002   1.4759231822420340E-003  0.18769279054488494        6.9488486671817661E-003
 0.1400  0.74750642937235601        2.2580561633065294E-002   9.2458264846788055E-002   1.5662378066974277E-003  0.21524692340893353        6.7529055681357555E-003
 0.1600  0.75989549097999376        1.8723502255363254E-002  0.10437069167087276        1.5139623865921476E-003  0.24049740930803548        6.1771420606715312E-003
 0.1800  0.80374380629253073        1.9162948806639157E-002  0.11559819401706505        1.3575565465321579E-003  0.25381023764328026        6.2321922742291855E-003
 0.2000  0.81299042960842094        1.6759212587283034E-002  0.12611161900862705        1.1579404437174383E-003  0.27626261162557109        5.8344756012971687E-003
 0.2200  0.82512815059633504        1.4271877648890801E-002  0.13592230511188486        9.6397615070633691E-004  0.29638095956811528        5.2329955959599930E-003
 0.2400  0.84029285837561962        1.1876651846744156E-002  0.14505683309273498        7.9869380119444798E-004  0.31402125287372973        4.5217705788364367E-003
 0.2600  0.85829260721920719        1.0098124471360439E-002  0.15354273812903105        6.6454697675235425E-004  0.32921600505500576        3.9383216501981408E-003
 0.2800  0.87894152486418231        8.0700189268847703E-003  0.16140501021845416        5.5520392492030982E-004  0.34205231691136684        3.1951859548393804E-003
 0.3000  0.90211389429240552        6.4536983917888209E-003  0.16866813927844373        4.6395109636083646E-004  0.35263935646714517        2.5689693858304812E-003
 0.3200  0.92930822345393760        4.5191290694897952E-003  0.17535915394314830        3.8644900352620784E-004  0.36049100071899415        1.7974694459327934E-003
 0.3400  0.95706432362052729        3.4421320381167113E-003  0.18150940113189229        3.2035190771678685E-004  0.36708183236674879        1.3593896485456323E-003
 0.3600  0.98653186580589725        2.9716498915792764E-003  0.18715462777852965        2.6430509041211475E-004  0.37209635479846753        1.1512194438506528E-003
 0.3800   1.0171261329710366        2.7013452928429239E-003  0.19233382169138077        2.1727854308304224E-004  0.37588917071022004        1.0206376387073368E-003
 0.4000   1.0465894974733432        2.5600719841401835E-003  0.19708748266807086        1.7828247729453160E-004  0.37940071275645493        9.4378685592406270E-004


# triplet j3 / nf 5 / mode 2 / nplat  5 / jkb  20 / start     1 / nmeas 10000
 0.0010  0.71592298373641516        4.3589081500244369E-002   6.7749382326561371E-004   1.1374068033730688E-005   1.6259281973681739E-003   9.9931311774955288E-005
 0.0020  0.71592600954641716        4.3587675133191527E-002   1.3549768265422434E-003   2.2746701801461029E-005   3.2518296674953697E-003   1.9985361859120118E-004
 0.0030  0.71593092693868299        4.3585302245846322E-002   2.0324385913207382E-003   3.4116629204049584E-005   4.8776790213656916E-003   2.9975788008032838E-004
 0.0040  0.71593763467327975        4.3581938902366286E-002   2.7098691364091272E-003   4.5482754633142612E-005   6.5034523154323927E-003   3.9963501364658366E-004
 0.0050  0.71594603305789306        4.3577560930300414E-002   3.3872589165811688E-003   5.6844158137245262E-005   8.1291270327704755E-003   4.9947588997259929E-004
 0.0060  0.71595602412107973        4.3572143912091035E-002   4.0645988205444475E-003   6.8200094201489183E-005   9.7546820609559284E-003   5.9927132797068855E-004
 0.0070  0.71596751178561602        4.3565663178017869E-002   4.7418801682306234E-003   7.9549990129659285E-005   1.1380097666682789E-002   6.9901208920351463E-004
 0.0080  0.71598040204176172        4.3558093801001188E-002   5.4190947074140537E-003   9.0893444112173197E-005   1.3005355467136825E-002   7.9868887182191976E-004
 0.0090  0.71599460311992957        4.3549410593149075E-002   6.0962346096626822E-003   1.0223022290165659E-004   1.4630438398151905E-002   8.9829230403915764E-004
 0.0100  0.71601002566250260        4.3539588104181917E-002   6.7732924656298344E-003   1.1356025921049713E-004   1.6255330679184190E-002   9.9781293719682063E-004
 0.0200  0.71621383272391659        4.3372922010599231E-002   1.3538015436214100E-002   2.2658696481169931E-004   3.2491128334853854E-002   1.9863161337742427E-003
 0.0400  0.71673933950203406        4.2580590878582680E-002   2.7024980418515993E-002   4.5565063922621850E-004   6.4873367962879208E-002   3.8926550046224626E-003
 0.0600  0.71750096953499121        4.0998328263181914E-002   4.0449313217525130E-002   7.0362393440137909E-004   9.7101000968116510E-002   5.6123028528422140E-003
 0.0800  0.71924219650026622        3.8480916806804447E-002   5.3798465064445411E-002   9.8004695276259152E-004  0.12899407871859503        7.0007451793348838E-003
 0.1000  0.72308115149202501        3.5034228465899223E-002   6.7010233757214835E-002   1.2591358024434958E-003  0.16010265109413918        7.9016737517898089E-003
 0.1200  0.72993597736106031        3.0851951127637611E-002   7.9953751272626036E-002   1.4759231822420340E-003  0.18977555640311755        8.2102008475879156E-003
 0.1400  0.74017191733719989        2.6279549755619826E-002   9.2458264846788055E-002   1.5662378066974277E-003  0.21737984835960270        7.9345760785284655E-003
 0.1600  0.79227613579645562        1.9187012952307073E-002  0.10437069167087276        1.5139623865921476E-003  0.23066818331190700        5.8313657045522167E-003
 0.1800  0.80094005596754980        1.7447022002475859E-002  0.11559819401706505        1.3575565465321579E-003  0.25469871928553772        5.7461853911683469E-003
 0.2000  0.81168678757358126        1.5579945404467686E-002  0.12611161900862705        1.1579404437174383E-003  0.27670631424422071        5.4610542372345609E-003
 0.2200  0.82439803149756286        1.6946987240391159E-002  0.13592230511188486        9.6397615070633691E-004  0.29664344612294125        6.1881033521053947E-003
 0.2400  0.83936965061300961        1.3852324381237360E-002  0.14505683309273498        7.9869380119444798E-004  0.31436663926942066        5.2597622323629330E-003
 0.2600  0.85740329656824366        1.1135156126119978E-002  0.15354273812903105        6.6454697675235425E-004  0.32955747248455136        4.3389976030498729E-003
 0.2800  0.87823427313390467        8.8640923658227077E-003  0.16140501021845416        5.5520392492030982E-004  0.34232777540846898        3.5049488705769499E-003
 0.3000  0.90149457530216237        7.0128519208772439E-003  0.16866813927844373        4.6395109636083646E-004  0.35288161666055123        2.7876879647581254E-003
 0.3200  0.92692636991191013        5.5603276166313201E-003  0.17535915394314830        3.8644900352620784E-004  0.36141732755012440        2.2042963056174889E-003
 0.3400  0.95722197758454941        3.7547328040987288E-003  0.18150940113189229        3.2035190771678685E-004  0.36702137417904696        1.4756357059280906E-003
 0.3600  0.98651283549628654        3.0491305519134751E-003  0.18715462777852965        2.6430509041211475E-004  0.37210353271707336        1.1797352496016997E-003
 0.3800   1.0173542137039016        2.6383811760108391E-003  0.19233382169138077        2.1727854308304224E-004  0.37580490008315942        9.9745215456014356E-004
 0.4000   1.0494952155741655        2.3150199201407472E-003  0.19708748266807086        1.7828247729453160E-004  0.37835027298106427        8.5194406315374763E-004


