# triplet j1 / nf 1 / mode 2 / nplat  5 / jkb  20 / start     1 / nmeas 10000
 0.0010  0.20711323348672367        1.5331586827401357E-002   6.5605241320467883E-002   5.7162268091872906E-003   5.5306530808139777E-002   4.7504604707067268E-003
 0.0020  0.25247409470210935        1.2235944974068963E-002   6.6156528554620217E-002   5.5805320871060941E-003   6.4431690512025255E-002   4.1395299686749331E-003
 0.0030  0.30040547658286820        5.5030934333092241E-003   6.6708144352596657E-002   5.4485944428074610E-003   6.6597390011122193E-002   2.9808634179331003E-003
 0.0040  0.30634230431011800        4.3808234180441200E-003   6.7260016606199846E-002   5.3202972348738086E-003   7.5721028421584541E-002   3.1845370316944668E-003
 0.0050  0.31100879793825759        3.9872050037877659E-003   6.7812075890025733E-002   5.1955280109052919E-003   8.3729952531185384E-002   3.3824027010432600E-003
 0.0060  0.31518730850076465        4.0533758914778470E-003   6.8364255366751350E-002   5.0741783247247171E-003   9.0873330514068165E-002   3.5691785237769529E-003
 0.0070  0.31756182134644018        3.7486914936250069E-003   6.8916490695907301E-002   4.9561435632212722E-003   9.7813164804317287E-002   3.7018087823515421E-003
 0.0080  0.32261476819556806        4.1389807868197721E-003   6.9468719945985261E-002   4.8413227822496751E-003  0.10334046122906200        3.8372493666298285E-003
 0.0090  0.32579709952702224        4.0197546834038469E-003   7.0020883509732804E-002   4.7296185511688047E-003  0.10896896654823039        3.9180992742327246E-003
 0.0100  0.32506640887823440        3.7956455467521243E-003   7.0572924022501024E-002   4.6209368052760359E-003  0.11557448322763844        4.0172169249201861E-003
 0.0200  0.35250451269234950        4.6204817076042782E-003   7.6075395024736120E-002   3.6818082154927213E-003  0.15649029981934290        4.3066746581972978E-003
 0.0400  0.38798176164088199        5.6295166596149904E-003   8.6865505110072419E-002   2.4058713421265701E-003  0.21486088366726239        4.3095913464263769E-003
 0.0600  0.42029258074274500        5.2393200424970324E-003   9.7214994314295713E-002   1.6346435395679022E-003  0.25698366995320687        3.8640134061827570E-003
 0.0800  0.45127685058959444        4.8016754933759139E-003  0.10703749779836326        1.1541309044569767E-003  0.28999126038480721        3.4590422677523605E-003
 0.1000  0.48227208747644801        4.3569175285597681E-003  0.11630579492719231        8.4458571795220064E-004  0.31624491266544141        3.0791140659555982E-003
 0.1200  0.51010599113002764        1.9063688514541915E-003  0.12502115246415588        6.3812053033928437E-004  0.33957596657566513        1.5367317149741384E-003
 0.1400  0.54595307127377424        3.5443345996365632E-003  0.13319908182084908        4.9573627554409870E-004  0.35373197407711204        2.3889122941769432E-003
 0.1600  0.57689514135706699        1.5519687672675348E-003  0.14086265514551713        3.9453134463596250E-004  0.36802391665728279        1.1161734698256973E-003
 0.1800  0.61185573233132851        2.3312254402965615E-003  0.14803909899722112        3.2063209527792254E-004  0.37730315240835394        1.4944979568704106E-003
 0.2000  0.64625513827049696        2.1251656448643724E-003  0.15475777975994806        2.6533630892767670E-004  0.38499246687431887        1.3083333805313953E-003
 0.2200  0.68122962490967887        1.9583877869176177E-003  0.16104883182278695        2.2300758910988842E-004  0.39076135032628517        1.1554743497740026E-003
 0.2400  0.71673514344353784        1.8229119418452623E-003  0.16694215856502392        1.8990006619090869E-004  0.39495255837765014        1.0293150866721879E-003
 0.2600  0.75273339679215001        1.7117169225824862E-003  0.17246670939516981        1.6347576750310320E-004  0.39784428650924825        9.2413814054747526E-004
 0.2800  0.78919134845488059        1.6191109346094003E-003  0.17764998549702540        1.4198930318558859E-004  0.39966331477136763        8.3536320196910235E-004
 0.3000  0.82608060405909101        1.5406975231546094E-003  0.18251773540369826        1.2422460268016005E-004  0.40059519494774298        7.5947323753730491E-004
 0.3200  0.86334011495510588        1.7541121591798470E-003  0.18709380149366622        1.0932309718192365E-004  0.40080927779001552        8.2273019337714625E-004
 0.3400  0.90107108670833735        1.2176445663553657E-003  0.19140007990123614        9.6669610079993474E-005  0.40037454609995471        5.5040450483350909E-004
 0.3600  0.93913631246222484        1.1842168407975166E-003  0.19545656049814125        8.5815912726052606E-005  0.39945029023770640        5.1126853200263709E-004
 0.3800  0.97755137865787445        1.1531283702842922E-003  0.19928141941321986        7.6429297168567636E-005  0.39810772746240752        4.7577622197537235E-004
 0.4000   1.0163051576831525        1.1239547042229236E-003  0.20289114271168901        6.8257807346492767E-005  0.39641712543439472        4.4344887185199922E-004


# triplet j3 / nf 1 / mode 2 / nplat  5 / jkb  20 / start     1 / nmeas 10000
 0.0010  0.31260404200630737        1.2557555750894553E-002   6.5605241320467883E-002   5.7162268091872906E-003   3.6642886493373647E-002   2.1714213144180027E-003
 0.0020  0.31608795858630245        1.0988390564013772E-002   6.6156528554620217E-002   5.5805320871060941E-003   5.1464575888640014E-002   2.8129014593397772E-003
 0.0030  0.31973016450358110        1.0147184065254547E-002   6.6708144352596657E-002   5.4485944428074610E-003   6.2572202771447386E-002   3.2362878320306336E-003
 0.0040  0.32305696476169909        9.5527354644450568E-003   6.7260016606199846E-002   5.3202972348738086E-003   7.1803294346280189E-002   3.5457992037849291E-003
 0.0050  0.32609814238314472        9.1026501949788199E-003   6.7812075890025733E-002   5.1955280109052919E-003   7.9855566480213483E-002   3.7851088652686542E-003
 0.0060  0.32890339662448886        8.7571829909056185E-003   6.8364255366751350E-002   5.0741783247247171E-003   8.7083687043616784E-002   3.9775070370214544E-003
 0.0070  0.33151390679908482        8.4906945434148461E-003   6.8916490695907301E-002   4.9561435632212722E-003   9.3696602555329855E-002   4.1363814563038972E-003
 0.0080  0.33396382623216142        8.2839912743537907E-003   6.9468719945985261E-002   4.8413227822496751E-003   9.9828653063342737E-002   4.2699233646464746E-003
 0.0090  0.33628154329564325        8.1223869520963450E-003   7.0020883509732804E-002   4.7296185511688047E-003  0.10557157818399522        4.3834494180849297E-003
 0.0100  0.33849035474127154        7.9946622094781462E-003   7.0572924022501024E-002   4.6209368052760359E-003  0.11099099780696171        4.4806040584967925E-003
 0.0200  0.35731895203717862        7.4299331187968904E-003   7.6075395024736120E-002   3.6818082154927213E-003  0.15438178289842694        4.9255664805645154E-003
 0.0400  0.38877326531625034        6.6883190411927106E-003   8.6865505110072419E-002   2.4058713421265701E-003  0.21442344829223167        4.7355054652947082E-003
 0.0600  0.41865605579908216        5.8095396675827944E-003   9.7214994314295713E-002   1.6346435395679022E-003  0.25798821815015038        4.1858134356407197E-003
 0.0800  0.44894459718162549        4.9584336787250076E-003  0.10703749779836326        1.1541309044569767E-003  0.29149775608507750        3.5825739817139605E-003
 0.1000  0.47999750481460762        4.2232785315005532E-003  0.11630579492719231        8.4458571795220064E-004  0.31774351461238665        3.0243720455112874E-003
 0.1200  0.51183813512598053        3.6227913782123531E-003  0.12502115246415588        6.3812053033928437E-004  0.33842678594353198        2.5463343329860952E-003
 0.1400  0.54442153209428401        3.1458375771018007E-003  0.13319908182084908        4.9573627554409870E-004  0.35472707501526468        2.1533944781715127E-003
 0.1600  0.57769253465070192        2.7716958725096993E-003  0.14086265514551713        3.9453134463596250E-004  0.36751593051337800        1.8368718683131684E-003
 0.1800  0.61159895276225584        2.4789786792560426E-003  0.14803909899722112        3.2063209527792254E-004  0.37746156298189665        1.5836199898486890E-003
 0.2000  0.64609399344821106        2.2489832758828977E-003  0.15475777975994806        2.6533630892767670E-004  0.38508848934672224        1.3805037188418072E-003
 0.2200  0.68113611098127713        2.0665457471005376E-003  0.16104883182278695        2.2300758910988842E-004  0.39081499838332906        1.2162028126226727E-003
 0.2400  0.71668844523861996        1.9198808512807650E-003  0.16694215856502392        1.8990006619090869E-004  0.39497829281724728        1.0816620197286954E-003
 0.2600  0.75271833956807144        1.8000693695995093E-003  0.17246670939516981        1.6347576750310320E-004  0.39785224490517862        9.6993788112966742E-004
 0.2800  0.78919696916341198        1.7004773121826961E-003  0.17764998549702540        1.4198930318558859E-004  0.39966046834507507        8.7583186623961529E-004
 0.3000  0.82609903200879087        1.6162212855729916E-003  0.18251773540369826        1.2422460268016005E-004  0.40058625879382381        7.9549467441661110E-004
 0.3200  0.86339631047056431        1.4183901078042883E-003  0.18709380149366622        1.0932309718192365E-004  0.40078319048376598        6.6873892020243128E-004
 0.3400  0.90108950832204870        1.3689125792169278E-003  0.19140007990123614        9.6669610079993474E-005  0.40036636095834560        6.1657267923217367E-004
 0.3600  0.93914712942103173        1.3245927267551980E-003  0.19545656049814125        8.5815912726052606E-005  0.39944568942788694        5.7016994398811699E-004
 0.3800  0.97755571567135946        1.2843481750720981E-003  0.19928141941321986        7.6429297168567636E-005  0.39810596122181907        5.2858796147203649E-004
 0.4000   1.0162987846523681        1.1724562862433126E-003  0.20289114271168901        6.8257807346492767E-005  0.39641961129640896        4.6216664083718293E-004


