# triplet j1 / nf 4 / mode 2 / nplat  5 / jkb  20 / start     1 / nmeas 10000
 0.0010  0.75487782311005036       0.50542904532620059        6.8717103253707447E-004   1.1084877023381626E-005   1.5529974866169995E-003   1.0398861412575793E-003
 0.0020  0.69511028263219987        5.0868944322152519E-002   1.3743548233274203E-003   2.2175869855334643E-005   3.3730728280421340E-003   2.4834072569891789E-004
 0.0030  0.69543453525892496        3.4634149909563566E-002   2.0615641098516270E-003   3.3279092877895903E-005   5.0572892503770841E-003   2.5515026698614060E-004
 0.0040  0.69444153983581647        3.1309375420247781E-002   2.7488115880532596E-003   4.4400657533468559E-005   6.7527673680077673E-003   3.0929934638906752E-004
 0.0050  0.69367145775523098        3.0363177896191158E-002   3.4361098915904492E-003   5.5546670640394326E-005   8.4504472916299405E-003   3.7614392226799598E-004
 0.0060  0.69316535674996693        3.0015572892357973E-002   4.1234715711124239E-003   6.6723232468829415E-005   1.0148112570741327E-002   4.4703994816430612E-004
 0.0070  0.69282812294075047        2.9859305785209275E-002   4.8109090735684668E-003   7.7936434469682447E-005   1.1845464191160978E-002   5.1945057006377220E-004
 0.0080  0.69259400500657808        2.9774957707899282E-002   5.4984347215593530E-003   8.9192356615420268E-005   1.3542560985103988E-002   5.9247210911998575E-004
 0.0090  0.69242426477555541        2.9720590427121357E-002   6.1860606927387598E-003   1.0049706424456299E-004   1.5239512073248303E-002   6.6572830611294584E-004
 0.0100  0.69229608109228635        2.9679369091278683E-002   6.8737989992751700E-003   1.1185660438694839E-004   1.6936417030507193E-002   7.3904078417872190E-004
 0.0200  0.69173656607974410        2.9302238517215584E-002   1.3759844165442474E-002   2.2977434230917173E-004   3.3915327857405690E-002   1.4643085515382360E-003
 0.0400  0.69128762036659719        2.7966589348000542E-002   2.7605474610812388E-002   5.0520853291330739E-004   6.7980416805515642E-002   2.8196742365621920E-003
 0.0600  0.69173246154863388        2.5901935240508312E-002   4.1560903266653050E-002   8.4760539022135498E-004  0.10209276245045322        3.9620822527857121E-003
 0.0800  0.74206249256417212        2.4602064080529031E-002   5.5545439000214934E-002   1.2188570291634430E-003  0.12704094403122976        4.4365155427081911E-003
 0.1000  0.73947651024065975        2.2626891780192702E-002   6.9374722081868470E-002   1.5259148238211107E-003  0.15929100157079032        5.1793284079657302E-003
 0.1200  0.73895207766882109        2.0580016086999126E-002   8.2815415280109300E-002   1.6807793766796635E-003  0.19078531274391092        5.6551494261855165E-003
 0.1400  0.74134072066799095        1.8337075165759276E-002   9.5661997281974054E-002   1.6592605404760802E-003  0.22076533559381070        5.7865521411230650E-003
 0.1600  0.74725119161824305        1.4758211772940743E-002  0.10778465265686674        1.5046718444279665E-003  0.24853458747892448        5.2060896375117202E-003
 0.1800  0.75676402476118387        1.3811317314282610E-002  0.11912879101283802        1.2873580790601356E-003  0.27365232306487142        5.2085700740449430E-003
 0.2000  0.76995778694665507        1.1289138427775963E-002  0.12968751622590219        1.0651243315810911E-003  0.29580953344209787        4.5040658508169393E-003
 0.2200  0.78661723991739629        9.1098677528153437E-003  0.13947545808134992        8.6848748611439259E-004  0.31492836324747064        3.7767045718834309E-003
 0.2400  0.80634619206027780        7.3095550285176610E-003  0.14851560025800051        7.0572758842238901E-004  0.33111977384555707        3.1029987656807406E-003
 0.2600  0.83104884144447444        5.3041068477049005E-003  0.15683633597278993        5.7391438350031551E-004  0.34363585138491437        2.2815713741885161E-003
 0.2800  0.85600878260481306        4.1854849478047398E-003  0.16447228726691870        4.6713712469329650E-004  0.35453748451042033        1.8051585932922301E-003
 0.3000  0.88302517404464465        3.3766171463587113E-003  0.17146473490458516        3.8015192518283357E-004  0.36323688811293670        1.4461767837501646E-003
 0.3200  0.91178821665756993        2.9009318178491762E-003  0.17786050097739325        3.0911189116942205E-004  0.37002900444586018        1.2204001786871148E-003
 0.3400  0.94203109332394508        2.5232116094902530E-003  0.18370974525998315        2.5123075826592880E-004  0.37519350889637015        1.0371775628822361E-003
 0.3600  0.97051292830727687        2.3361273297557669E-003  0.18906348969481904        2.0433781105537167E-004  0.38016204751986155        9.3786716065091661E-004
 0.3800   1.0033775159209719        2.0767896649254614E-003  0.19397145610228900        1.6660093602852876E-004  0.38265848184957485        8.0889443172711022E-004
 0.4000   1.0373968669057818        1.8730885818943499E-003  0.19848047794805687        1.3640956390377501E-004  0.38411295952349561        7.0599017777308378E-004


# triplet j3 / nf 4 / mode 2 / nplat  5 / jkb  20 / start     1 / nmeas 10000
 0.0010  0.68034519388118120        3.5821073313310615E-002   6.8717103253707447E-004   1.1084877023381626E-005   1.7231302176253197E-003   9.1783422415603837E-005
 0.0020  0.68034317429965852        3.5817059554011481E-002   1.3743548233274203E-003   2.2175869855334643E-005   3.4462866615115801E-003   1.8354979921429519E-004
 0.0030  0.68033981870050531        3.5810370991772388E-002   2.0615641098516270E-003   3.3279092877895903E-005   5.1694954533510569E-003   2.7528208323215019E-004
 0.0040  0.68033514261978878        3.5801009179255251E-002   2.7488115880532596E-003   4.4400657533468559E-005   6.8927825058907478E-003   3.6696322420860453E-004
 0.0050  0.68032916777021490        3.5788976285773627E-002   3.4361098915904492E-003   5.5546670640394326E-005   8.6161734189361579E-003   4.5857616723190056E-004
 0.0060  0.68032192200313635        3.5774275092779702E-002   4.1234715711124239E-003   6.6723232468829415E-005   1.0339693375931382E-002   5.5010385117879143E-004
 0.0070  0.68031343926035148        3.5756908988503061E-002   4.8109090735684668E-003   7.7936434469682447E-005   1.2063367041295828E-002   6.4152920714697183E-004
 0.0080  0.68030375951512723        3.5736881961083565E-002   5.4984347215593530E-003   8.9192356615420268E-005   1.3787218458713278E-002   7.3283515687873563E-004
 0.0090  0.68029292870314317        3.5714198590613797E-002   6.1860606927387598E-003   1.0049706424456299E-004   1.5511270950549279E-002   8.2400461116969594E-004
 0.0100  0.68028099864297320        3.5688864040489265E-002   6.8737989992751700E-003   1.1185660438694839E-004   1.7235547018590681E-002   9.1502046828108459E-004
 0.0200  0.68011663909504472        3.5291234479180540E-002   1.3759844165442474E-002   2.2977434230917173E-004   3.4494777926278537E-002   1.8129566402846733E-003
 0.0400  0.74079828386760926        2.5536775373275897E-002   2.7605474610812388E-002   5.0520853291330739E-004   6.3436999772279193E-002   2.2625306738743851E-003
 0.0600  0.73868256656416342        2.3723075653932297E-002   4.1560903266653050E-002   8.4760539022135498E-004   9.5603823716364472E-002   3.2214088855766765E-003
 0.0800  0.73972651347928020        2.6600550058493311E-002   5.5545439000214934E-002   1.2188570291634430E-003  0.12744212606644714        4.7913808420374203E-003
 0.1000  0.73798046911441462        2.4610768821875434E-002   6.9374722081868470E-002   1.5259148238211107E-003  0.15961391782584605        5.6049054202438322E-003
 0.1200  0.73810398655903975        2.2604717636327896E-002   8.2815415280109300E-002   1.6807793766796635E-003  0.19100452755721831        6.1623484826770570E-003
 0.1400  0.73984799323931771        2.2239534404236254E-002   9.5661997281974054E-002   1.6592605404760802E-003  0.22121075475389829        6.9207228691756028E-003
 0.1600  0.74553403408664265        1.9014455024452884E-002  0.10778465265686674        1.5046718444279665E-003  0.24910702685692748        6.5869785310499187E-003
 0.1800  0.75513057766579095        1.5902264626376637E-002  0.11912879101283802        1.2873580790601356E-003  0.27424426915403599        5.9623667243452125E-003
 0.2000  0.76855326686791003        1.2823080532968305E-002  0.12968751622590219        1.0651243315810911E-003  0.29635012112432424        5.0920727554891300E-003
 0.2200  0.78544733222534413        1.0206793808246524E-002  0.13947545808134992        8.6848748611439259E-004  0.31539744258543817        4.2145431355522997E-003
 0.2400  0.80537106320901475        8.0698913022462793E-003  0.14851560025800051        7.0572758842238901E-004  0.33152068773413651        3.4139758652556021E-003
 0.2600  0.83175379385301562        5.5836410625381043E-003  0.15683633597278993        5.7391438350031551E-004  0.34334460303367731        2.3889798499666199E-003
 0.2800  0.85279125572924896        5.0959588449592712E-003  0.16447228726691870        4.6713712469329650E-004  0.35587513176834357        2.1858028131467042E-003
 0.3000  0.88329948820252524        3.6955036161737103E-003  0.17146473490458516        3.8015192518283357E-004  0.36312408263483476        1.5716446954737060E-003
 0.3200  0.91187349022054576        2.8583501911548354E-003  0.17786050097739325        3.0911189116942205E-004  0.36999440129975286        1.2035214865825522E-003
 0.3400  0.94207929281909664        2.5714464029274794E-003  0.18370974525998315        2.5123075826592880E-004  0.37517431291376996        1.0556974739058423E-003
 0.3600  0.97362661940826034        2.2434975437761705E-003  0.18906348969481904        2.0433781105537167E-004  0.37894627633951555        8.9688519259514029E-004
 0.3800   1.0063930505082892        1.9848627248957476E-003  0.19397145610228900        1.6660093602852876E-004  0.38151189216817261        7.7006931504530046E-004
 0.4000   1.0372561143532062        1.9398945172079021E-003  0.19848047794805687        1.3640956390377501E-004  0.38416508250332881        7.3049960100608638E-004


