# triplet j1 / nf 0 / mode 2 / nplat  5 / jkb  20 / start     1 / nmeas 10000
 0.0010  0.12835672632661568        6.9839686685827526E-003   4.5755651999454630        3.2040848720688249E-002  0.74527875241636199        4.0634948278663312E-002
 0.0020  0.14060749364320935        5.4523869726142218E-003   2.3909483914408312        1.6399276365406931E-002  0.69551520656171473        2.7075510479662911E-002
 0.0030  0.15020891006212872        4.0417738510334592E-003   1.6450834529669658        1.0881198699438936E-002  0.66141478295692602        1.7931062536091603E-002
 0.0040  0.15823076633425723        3.0294078255616143E-003   1.2660168157092748        8.0628735297206579E-003  0.63602443252342988        1.2344288883716562E-002
 0.0050  0.16514574509207708        2.7671375670479123E-003   1.0357431795690599        6.3499797899286533E-003  0.61625244064816276        1.0497138328463178E-002
 0.0060  0.17138814575920427        2.6408100055790602E-003  0.88068876815289554        5.2017434458629924E-003  0.59982017836729695        9.4104703611434231E-003
 0.0070  0.17711397277942456        2.5726118741442416E-003  0.76901123017376216        4.3824773334390360E-003  0.58583799419374460        8.6715895971634094E-003
 0.0080  0.18242730861617043        2.5375795962785650E-003  0.68466096293135759        3.7719401597439400E-003  0.57373048110386837        8.1356184814546529E-003
 0.0090  0.18740563633444124        2.5253118256146592E-003  0.61866011832897883        3.3020052503203801E-003  0.56309239811048339        7.7351035935737996E-003
 0.0100  0.19231015360470460        2.3936251954299699E-003  0.56558899283084918        2.9310876898610786E-003  0.55304854936596304        7.0312104631116328E-003
 0.0200  0.23093829850619016        2.5513097792580772E-003  0.32389290476844373        1.3863682079350722E-003  0.49287268605059026        5.5462823692694931E-003
 0.0400  0.28257246547648557        5.7213127505220986E-003  0.20512989714843238        7.6042900357900511E-004  0.45334583877489298        9.2173842345756006E-003
 0.0600  0.33195127640264688        5.4662509757918785E-003  0.17075172679185383        5.6515011025316494E-004  0.43121993748733572        7.1366791273818333E-003
 0.0800  0.37667917430016112        5.0568476518791745E-003  0.15788548701843341        4.5920717390084842E-004  0.42194853865342991        5.6977183775014260E-003
 0.1000  0.41894933522413558        4.6460713460961004E-003  0.15350298429108383        3.8805633325786121E-004  0.41822684311509678        4.6680886571351127E-003
 0.1200  0.45985119495695842        4.2702626416103910E-003  0.15317416241315515        3.3474819987808148E-004  0.41694719702494598        3.8985613011367150E-003
 0.1400  0.49995007614076314        3.9294265376076344E-003  0.15498408717570339        2.9227167683773531E-004  0.41667354895398140        3.2983859121697044E-003
 0.1600  0.54066046853909444        2.1498830374726044E-003  0.15797737104507470        2.5717724146250904E-004  0.41586063643625132        1.6879184835671378E-003
 0.1800  0.57986851461283750        1.9728471814334778E-003  0.16163032839854724        2.2752375655859622E-004  0.41599024809870344        1.4452636833885773E-003
 0.2000  0.61891908678011931        1.8212478287500584E-003  0.16563679091482295        2.0209546919659508E-004  0.41588621313946333        1.2498207833738807E-003
 0.2200  0.65783139577089622        1.8840016303421107E-003  0.16980960986141794        1.8006572082531109E-004  0.41552090051204432        1.2102553568985957E-003
 0.2400  0.69679676268862112        1.7545301600430615E-003  0.17403093692211122        1.6083707550242903E-004  0.41478947081978057        1.0618792497837850E-003
 0.2600  0.73578788385259641        1.6423150073483989E-003  0.17822524871155157        1.4395803097275606E-004  0.41374585359298716        9.3849675901344490E-004
 0.2800  0.77483955527764570        1.5445586892767283E-003  0.18234384617871729        1.2907591348185565E-004  0.41240866911895052        8.3494989906465625E-004
 0.3000  0.81397927236806478        1.4589220353636505E-003  0.18635552431342589        1.1590829178526452E-004  0.41080281889256082        7.4729662844788807E-004
 0.3200  0.85322934531604255        1.3834797379272809E-003  0.19024073877306827        1.0422456579437905E-004  0.40895541686913844        6.7250210584909366E-004
 0.3400  0.89260837133892423        1.3166569135681181E-003  0.19398784339567482        9.3833538807749713E-005  0.40689350568501437        6.0820920474416364E-004
 0.3600  0.93211144552716785        1.3625646176273452E-003  0.19759060047319901        8.4574684649331471E-005  0.40465186650348345        5.9782770442554035E-004
 0.3800  0.97179674357186030        1.3023481701847541E-003  0.20104649830306739        7.6311818564224834E-005  0.40223477383086342        5.4443134055991019E-004
 0.4000   1.0116530209191501        1.2483490254388376E-003  0.20435559469845110        6.8928401867697581E-005  0.39967471760636614        4.9777124522519360E-004


# triplet j3 / nf 0 / mode 2 / nplat  5 / jkb  20 / start     1 / nmeas 10000
 0.0010  0.13856031430242188        1.3853431744422162E-002   4.5755651999454630        3.2040848720688249E-002  0.69039639050007895        6.9068998906400544E-002
 0.0020  0.14953255239122509        1.1850388104186000E-002   2.3909483914408312        1.6399276365406931E-002  0.65400241232771561        5.1877905893317630E-002
 0.0030  0.15919635191219719        1.0100303150183969E-002   1.6450834529669658        1.0881198699438936E-002  0.62407456234760195        3.9648521929248316E-002
 0.0040  0.16737610034627950        8.8706698706800050E-003   1.2660168157092748        8.0628735297206579E-003  0.60127242274903692        3.1923960217970872E-002
 0.0050  0.17454678698823242        8.0630847572125894E-003   1.0357431795690599        6.3499797899286533E-003  0.58306125384314911        2.6993404668934292E-002
 0.0060  0.18102352255735610        7.5629633658414394E-003  0.88068876815289554        5.2017434458629924E-003  0.56789342460593228        2.3785163026933780E-002
 0.0070  0.18695205631600517        7.2615076795687133E-003  0.76901123017376216        4.3824773334390360E-003  0.55500911089952298        2.1615344359883909E-002
 0.0080  0.19241250433682505        7.0789904423655898E-003  0.68466096293135759        3.7719401597439400E-003  0.54395689042964179        2.0068569387686370E-002
 0.0090  0.19746520172434015        6.9641302435702835E-003  0.61866011832897883        3.3020052503203801E-003  0.53440650940764789        1.8901133679796969E-002
 0.0100  0.20216356657208662        6.8855440423236484E-003  0.56558899283084918        2.9310876898610786E-003  0.52609307049152765        1.7970127807762918E-002
 0.0200  0.23156385367654200        2.8555232519765646E-003  0.32389290476844373        1.3863682079350722E-003  0.49154122152281976        6.1520368069894402E-003
 0.0400  0.28839894247191172        3.9142342775670648E-003  0.20512989714843238        7.6042900357900511E-004  0.44418696642274719        6.0845937770763739E-003
 0.0600  0.33557206646389798        3.9825841424238886E-003  0.17075172679185383        5.6515011025316494E-004  0.42656711617142490        5.1114975369718658E-003
 0.0800  0.37909921145756692        4.5339387855326384E-003  0.15788548701843341        4.5920717390084842E-004  0.41925496633464743        5.0511242373677632E-003
 0.1000  0.42092923034672081        2.9046951684158695E-003  0.15350298429108383        3.8805633325786121E-004  0.41625965902066903        2.9202624123889930E-003
 0.1200  0.46159294054331435        2.3001365704722727E-003  0.15317416241315515        3.3474819987808148E-004  0.41537391486142999        2.1190055598359968E-003
 0.1400  0.50141372765140702        2.1188514241948040E-003  0.15498408717570339        2.9227167683773531E-004  0.41545725822291507        1.7987946194716767E-003
 0.1600  0.54081925836551037        1.9686386458628215E-003  0.15797737104507470        2.5717724146250904E-004  0.41573853568401020        1.5507050761601937E-003
 0.1800  0.57997311651780892        1.8402433148567152E-003  0.16163032839854724        2.2752375655859622E-004  0.41591522156529803        1.3517689454163747E-003
 0.2000  0.61896173380540775        1.9544552713878158E-003  0.16563679091482295        2.0209546919659508E-004  0.41585755820187964        1.3374090028672007E-003
 0.2200  0.65791208852301808        1.8359870648492049E-003  0.16980960986141794        1.8006572082531109E-004  0.41546993697814466        1.1801619671882525E-003
 0.2400  0.69685185691285556        1.7315673067187954E-003  0.17403093692211122        1.6083707550242903E-004  0.41475667689968299        1.0482743349692278E-003
 0.2600  0.73582407799636840        1.6388701481983544E-003  0.17822524871155157        1.4395803097275606E-004  0.41372550202070540        9.3650000146944701E-004
 0.2800  0.77486183309213330        1.5560995755690443E-003  0.18234384617871729        1.2907591348185565E-004  0.41239681208401691        8.4095100225515683E-004
 0.3000  0.81399130494103789        1.4818384322693684E-003  0.18635552431342589        1.1590829178526452E-004  0.41079674632782226        7.5867238661610345E-004
 0.3200  0.85323382303817485        1.4149436999266267E-003  0.19024073877306827        1.0422456579437905E-004  0.40895327069458254        6.8736964458205414E-004
 0.3400  0.89260726539053781        1.3544745387807824E-003  0.19398784339567482        9.3833538807749713E-005  0.40689400982970769        6.2522888317224196E-004
 0.3600  0.93213285557657122        1.4107716748775958E-003  0.19759060047319901        8.4574684649331471E-005  0.40464257210258214        6.1851408980466210E-004
 0.3800  0.97181314282717757        1.3532825947576794E-003  0.20104649830306739        7.6311818564224834E-005  0.40222798615691374        5.6529407110836891E-004
 0.4000   1.0116657370212796        1.3010741613602573E-003  0.20435559469845110        6.8928401867697581E-005  0.39966969390699425        5.1840430589400412E-004


