# triplet j1 / nf 3 / mode 2 / nplat  5 / jkb  20 / start     1 / nmeas 10000
 0.0010  0.74729288870473898        66.377671947201165        7.0501895653959565E-004   1.1040139523484255E-005   1.5890023722036060E-003  0.14114182028152633     
 0.0020  0.65001876407833514        3.0810026702034088E-002   1.4119822443717019E-003   2.2560730283364560E-005   3.6561055054802473E-003   1.7573886971431217E-004
 0.0030  0.64664470060730606        2.2300644394501305E-002   2.1208766471996999E-003   3.4571993469689643E-005   5.5165506180871321E-003   1.9548851241723818E-004
 0.0040  0.64474174852527832        2.0795512741390590E-002   2.8316880902586302E-003   4.7082686161856813E-005   7.3821337228330416E-003   2.4588563762015334E-004
 0.0050  0.64358335630101515        2.0413079365695454E-002   3.5444016268733319E-003   6.0100157293365016E-005   9.2505309243599027E-003   3.0370797094415365E-004
 0.0060  0.69285082151073762        3.1552891963328736E-002   4.2590014256887890E-003   7.3630400286211971E-005   1.0318219906327974E-002   4.7828851852442343E-004
 0.0070  0.69024345138569110        2.7935826308178448E-002   4.9754707586183384E-003   8.7678102197164058E-005   1.2091461904746144E-002   5.0083348065485664E-004
 0.0080  0.68814713261909255        2.6074653118013533E-002   5.6937919895564673E-003   1.0224668934626653E-004   1.3870096583967621E-002   5.4010701351411513E-004
 0.0090  0.68641723090814943        2.5007254804442436E-002   6.4139465639012610E-003   1.1733836954573578E-004   1.5653474291460336E-002   5.8798103315676196E-004
 0.0100  0.68494746435012033        2.4329775185753039E-002   7.1359149989337163E-003   1.3295417104034358E-004   1.7441449291913644E-002   6.4048391983031875E-004
 0.0200  0.67555002705990952        2.1957341690564638E-002   1.4450397412991086E-002   3.1738632127087672E-004   3.5588720596649526E-002   1.2209793495568154E-003
 0.0400  0.66100381783814677        2.1325931462571088E-002   2.9502851350920959E-002   8.0972545831143260E-004   7.3497576872280215E-002   2.5768358948689936E-003
 0.0600  0.65307310373989236        1.8753327247174628E-002   4.4847174105271510E-002   1.3442095888641201E-003  0.11233015709686282        3.6384871020061094E-003
 0.0800  0.65031252880347012        1.6436663571862756E-002   6.0087930493933163E-002   1.7465052603351748E-003  0.15077574863062465        4.3959141739545547E-003
 0.1000  0.65244547360876015        1.4205383651333175E-002   7.4848871183402277E-002   1.9087723609223109E-003  0.18752682592047462        4.7315761430216782E-003
 0.1200  0.65916918007650172        1.2064236604519418E-002   8.8857861610135952E-002   1.8378191632557913E-003  0.22154229801142142        4.6572035659431131E-003
 0.1400  0.67008789669659030        1.0073529492106858E-002  0.10196620237852752        1.6174499319095332E-003  0.25215951726291619        4.2859780821919036E-003
 0.1600  0.68475794542997215        8.2974813097832136E-003  0.11411834605533264        1.3421650318142439E-003  0.27907160063728309        3.7588001194983215E-003
 0.1800  0.70615420599098300        6.4129922369651248E-003  0.12531295389428396        1.0770730730224522E-003  0.30078050479175766        3.0219653873931407E-003
 0.2000  0.72714175172260775        5.3579443664928663E-003  0.13557766046812053        8.5187099971264862E-004  0.32026168279136130        2.5653874203162863E-003
 0.2200  0.75047709075995750        4.2480129583416931E-003  0.14495743127408145        6.7201130086923819E-004  0.33651865237481920        2.0583627161755301E-003
 0.2400  0.77611113445875235        3.4250249549609849E-003  0.15350914813074426        5.3178840826046932E-004  0.34975492243257933        1.6581220666148041E-003
 0.2600  0.80347060589540042        3.0516758690012340E-003  0.16129753529873056        4.2286494225510419E-004  0.36045042691165030        1.4482732032422229E-003
 0.2800  0.83246403416912618        2.6256523084522546E-003  0.16839112758381133        3.3792308399691078E-004  0.36888257152966203        1.2209379340921457E-003
 0.3000  0.86288605043275790        2.2866845408673771E-003  0.17485860322643015        2.7141644896021277E-004  0.37537528892654692        1.0365429434650518E-003
 0.3200  0.89134565281389400        1.9746391329893776E-003  0.18076593939397390        2.1924763067379156E-004  0.38159452722034315        8.7646611907229663E-004
 0.3400  0.92434488202721821        1.7837836585771723E-003  0.18617453168537920        1.7830976293839386E-004  0.38492892820747887        7.6535843542930237E-004
 0.3600  0.95839606494541363        1.6336392152533734E-003  0.19114016823127439        1.4616891489742205E-004  0.38707685904133987        6.7619001364517062E-004
 0.3800  0.99336599878926879        1.5167785583025302E-003  0.19571265272356264        1.2088531932422633E-004  0.38824597061006338        6.0482024653441284E-004
 0.4000   1.0291702864588748        1.4170155414786995E-003  0.19993587127330009        1.0091311273197107E-004  0.38860028451456863        5.4395849028804669E-004


# triplet j3 / nf 3 / mode 2 / nplat  5 / jkb  20 / start     1 / nmeas 10000
 0.0010  0.68385398088860239        3.5461227044257089E-002   7.0501895653959565E-004   1.1040139523484255E-005   1.7364089499628831E-003   9.1062054056127159E-005
 0.0020  0.68308087935210837        3.5027573259088049E-002   1.4119822443717019E-003   2.2560730283364560E-005   3.4791446428223487E-003   1.8055858079918432E-004
 0.0030  0.68231313682281725        3.4606693216527692E-002   2.1208766471996999E-003   3.4571993469689643E-005   5.2281687546407943E-003   2.6857288584174042E-004
 0.0040  0.68155099088873339        3.4198161509864058E-002   2.8316880902586302E-003   4.7082686161856813E-005   6.9834390499533749E-003   3.5518480198628227E-004
 0.0050  0.68079467451661280        3.3801560408120934E-002   3.5444016268733319E-003   6.0100157293365016E-005   8.7449093870968584E-003   4.4047070729803496E-004
 0.0060  0.67963556685224202        3.4596219199597711E-002   4.2590014256887890E-003   7.3630400286211971E-005   1.0518853761198210E-002   5.4311777491277812E-004
 0.0070  0.67878837201168674        3.4217765737167047E-002   4.9754707586183384E-003   8.7678102197164058E-005   1.2295514686994207E-002   6.2921435638871889E-004
 0.0080  0.67794978100746417        3.3849890669736170E-002   5.6937919895564673E-003   1.0224668934626653E-004   1.4078723027572014E-002   7.1422329253271663E-004
 0.0090  0.67711994763876937        3.3492225863534140E-002   6.4139465639012610E-003   1.1733836954573578E-004   1.5868406350610518E-002   7.9820374342152057E-004
 0.0100  0.67629902313050216        3.3144410623335688E-002   7.1359149989337163E-003   1.3295417104034358E-004   1.7664488722442230E-002   8.8121183621367742E-004
 0.0200  0.66861104797022008        3.0134195337217267E-002   1.4450397412991086E-002   3.1738632127087672E-004   3.5958067452042726E-002   1.6680410108190883E-003
 0.0400  0.65644476736480506        2.5824330473820618E-002   2.9502851350920959E-002   8.0972545831143260E-004   7.4008022197290815E-002   3.0835040781909133E-003
 0.0600  0.64908332114619227        2.2593711782613175E-002   4.4847174105271510E-002   1.3442095888641201E-003  0.11302062762804402        4.2832265055127872E-003
 0.0800  0.64676555898413091        1.9732749619666663E-002   6.0087930493933163E-002   1.7465052603351748E-003  0.15160262789537882        5.1233149024841928E-003
 0.1000  0.64938720574085018        1.7004590010041568E-002   7.4848871183402277E-002   1.9087723609223109E-003  0.18840997739160570        5.4874526253204181E-003
 0.1200  0.65662073028656021        1.4387411756098256E-002   8.8857861610135952E-002   1.8378191632557913E-003  0.22240213900758365        5.3885991174163102E-003
 0.1400  0.66746749950637396        1.2748259850187429E-002  0.10196620237852752        1.6174499319095332E-003  0.25314946522444348        5.2353270756300254E-003
 0.1600  0.69000674219193237        8.9961738116515512E-003  0.11411834605533264        1.3421650318142439E-003  0.27694873715753382        3.9610993769238143E-003
 0.1800  0.70769210723362297        7.5120272607663826E-003  0.12531295389428396        1.0770730730224522E-003  0.30012687207867100        3.4369871065200179E-003
 0.2000  0.72822512186515964        6.2361739720822318E-003  0.13557766046812053        8.5187099971264862E-004  0.31978523404698000        2.9169572281687365E-003
 0.2200  0.75125399538032778        4.7793279728058566E-003  0.14495743127408145        6.7201130086923819E-004  0.33617064371532657        2.2761867506795532E-003
 0.2400  0.77661124637982737        3.9876217944971653E-003  0.15350914813074426        5.3178840826046932E-004  0.34952969184651894        1.8940754320691069E-003
 0.2600  0.80380932872890920        3.3597903280736326E-003  0.16129753529873056        4.2286494225510419E-004  0.36029853418587660        1.5783081329645322E-003
 0.2800  0.83269548597002219        2.7041653394074688E-003  0.16839112758381133        3.3792308399691078E-004  0.36878003880679011        1.2534691518029822E-003
 0.3000  0.86306431369420178        2.3290066908630050E-003  0.17485860322643015        2.7141644896021277E-004  0.37529775632299961        1.0538057874889958E-003
 0.3200  0.89471136226651560        2.0352909859431760E-003  0.18076593939397390        2.1924763067379156E-004  0.38015905164520275        8.9498946989408979E-004
 0.3400  0.92750920136762927        1.8048825497981457E-003  0.18617453168537920        1.7830976293839386E-004  0.38361569266176715        7.6876707398411707E-004
 0.3600  0.95825929806485233        1.7130191251540792E-003  0.19114016823127439        1.4616891489742205E-004  0.38713210431227590        7.0770493197423333E-004
 0.3800  0.99356412948204464        1.6728081325641387E-003  0.19571265272356264        1.2088531932422633E-004  0.38816854889077834        6.6444147967454628E-004
 0.4000   1.0293003124989553        1.5522090391831031E-003  0.19993587127330009        1.0091311273197107E-004  0.38855119470515537        5.9409239476198043E-004


