# triplet j1 / nf 2 / mode 2 / nplat  5 / jkb  20 / start     1 / nmeas 10000
 0.0010   1.8635492687146149E-002   3.1464274261866448E-003   1.2434515272340082E-003   2.4317083063797530E-005   8.4623025547130457E-002   1.4311740813079621E-002
 0.0020   3.7139186210062049E-002   6.1832670688049931E-003   2.4867172275791628E-003   4.8612080584707996E-005   8.4920161985976766E-002   1.4162619642729813E-002
 0.0030   5.5440193107723953E-002   9.1256085559056222E-003   3.7296114356210486E-003   7.2862952594192866E-005   8.5326255010333904E-002   1.4069645978911485E-002
 0.0040   7.3431561847096719E-002   1.1913080027200550E-002   4.9719488085820584E-003   9.7047750113606640E-005   8.5886628003880250E-002   1.3958902019303833E-002
 0.0050   9.1022372258859327E-002   1.4500958735445681E-002   6.2135444868602636E-003   1.2114466023102327E-004   8.6600730611403123E-002   1.3822343209130124E-002
 0.0060  0.10813247405484841        1.6853601148616504E-002   7.4542142536356010E-003   1.4513205071246441E-004   8.7465225267132574E-002   1.3658954598289298E-002
 0.0070  0.12469323235120434        1.8944877365900219E-002   8.6937746932378383E-003   1.6898851394235492E-004   8.8475968479321543E-002   1.3469795505873190E-002
 0.0080  0.14064809542134327        2.0758689284284135E-002   9.9320433479736011E-003   1.9269291007804152E-004   8.9628357743179024E-002   1.3257069130019252E-002
 0.0090  0.15595271911645264        2.2288901467211634E-002   1.1168838873115918E-002   2.1622440926697285E-004   9.0917464169271572E-002   1.3023773485688150E-002
 0.0100  0.17057471303867500        2.3538602469398238E-002   1.2403981189765470E-002   2.3956253273183799E-004   9.2338092338441966E-002   1.2773434399823187E-002
 0.0200  0.27896479495544274        2.4791075640902265E-002   2.4626057832595492E-002   4.5812910797785365E-004  0.11250661130092135        1.0052869498586917E-002
 0.0400  0.36720262032052781        1.3600257190950295E-002   4.7885127772706711E-002   7.7132163283615289E-004  0.16855418778062081        6.3887136155832813E-003
 0.0600  0.40412446505636618        7.6519968374307466E-003   6.8815752060402302E-002   8.8826401626647216E-004  0.22486373006819368        4.4982755157376448E-003
 0.0800  0.43201328877597783        5.0053950647554616E-003   8.7025212352015519E-002   8.5189997679078902E-004  0.27314007932883233        3.4354559544676651E-003
 0.1000  0.45934968296793571        3.7208105532602997E-003  0.10258959313726504        7.3761391932522275E-004  0.31183383125641639        2.7634987179764041E-003
 0.1200  0.48805200211437877        3.0200247593626687E-003  0.11584241817683874        6.0456786047758141E-004  0.34164363147210919        2.2943470946973853E-003
 0.1400  0.51845347176207546        2.5903118334784140E-003  0.12719320481461086        4.8359442474019186E-004  0.36399983242436151        1.9458228693459015E-003
 0.1600  0.55045229050304756        2.2989149348059375E-003  0.13702443114795876        3.8484574963660174E-004  0.38041208903470347        1.6761655712680327E-003
 0.1800  0.58383800408784170        2.0851994536365591E-003  0.14565261294605039        3.0806815021170982E-004  0.39220942798478747        1.4609093831007261E-003
 0.2000  0.61839431941032641        1.9190960892205026E-003  0.15332454193477438        2.4934853630535016E-004  0.40047032674284183        1.2847546349073783E-003
 0.2200  0.65393043347139512        1.7844388114158470E-003  0.16022744373930484        2.0434672431441986E-004  0.40603478451457969        1.1378342793846273E-003
 0.2400  0.69028754969227779        1.6718877676796370E-003  0.16650208457963503        1.6944593870074769E-004  0.40954385686862183        1.0135761104300841E-003
 0.2600  0.72733691162720293        1.5756995455245689E-003  0.17225449719740643        1.4194952288049036E-004  0.41148246069917699        9.0741376242809509E-004
 0.2800  0.76497543008736268        1.4921474157067092E-003  0.17756521205993306        1.1993982593746240E-004  0.41221659273504230        8.1602596553827711E-004
 0.3000  0.80312112408616432        1.4186986208591379E-003  0.18249612563909892        1.0207156670172955E-004  0.41202294365007808        7.3689509745413330E-004
 0.3200  0.84170911394930359        1.3535590906158454E-003  0.18709548432688733        8.7394671058142970E-005  0.41111148548285215        6.6804789566733171E-004
 0.3400  0.88068831762363364        1.2954115966394828E-003  0.19140146854045037        7.5225791506832216E-005  0.40964235454371101        6.0789988149339180E-004
 0.3600  0.92001880258567914        1.2432587632837516E-003  0.19544476910265873        6.5061620908935289E-005  0.40773835903521782        5.5515720643055204E-004
 0.3800  0.95966968402111519        1.1963263959053605E-003  0.19925044703652886        5.6522278905203632E-005  0.40549422433855087        5.0875145090331132E-004
 0.4000  0.99961745990331752        1.1539988400899256E-003  0.20283928497709183        4.9314476484264726E-005  0.40298343627552480        4.6779238680570972E-004


# triplet j3 / nf 2 / mode 2 / nplat  5 / jkb  20 / start     1 / nmeas 10000
 0.0010  0.39253703976482562        3.4825578275786630E-003   1.2434515272340082E-003   2.4317083063797530E-005   4.0174343157336929E-003   5.3042521110474391E-005
 0.0020  0.39256185151263867        3.4821161134778651E-003   2.4867172275791628E-003   4.8612080584707996E-005   8.0340606119346358E-003   1.0604319829528730E-004
 0.0030  0.39260319900490104        3.4813801381854393E-003   3.7296114356210486E-003   7.2862952594192866E-005   1.2049071599319183E-002   1.5896027030939494E-004
 0.0040  0.39266107359052277        3.4803506392868588E-003   4.9719488085820584E-003   9.7047750113606640E-005   1.6061661469103011E-002   2.1175215281350315E-004
 0.0050  0.39273546398010611        3.4790281323287672E-003   6.2135444868602636E-003   1.2114466023102327E-004   2.0071026588012995E-002   2.6437750750604803E-004
 0.0060  0.39282635490509515        3.4774137104593072E-003   7.4542142536356010E-003   1.4513205071246441E-004   2.4076366271770764E-002   3.1679534497781669E-004
 0.0070  0.39293372800601994        3.4755084224429183E-003   8.6937746932378383E-003   1.6898851394235492E-004   2.8076883476189786E-002   3.6896508947569922E-004
 0.0080  0.39305756213818849        3.4733137958169601E-003   9.9320433479736011E-003   1.9269291007804152E-004   3.2071785475250525E-002   4.2084667945019077E-004
 0.0090  0.39319783215116610        3.4708312481809508E-003   1.1168838873115918E-002   2.1622440926697285E-004   3.6060284653144946E-002   4.7240062155448279E-004
 0.0100  0.39335451010595285        3.4680624561363302E-003   1.2403981189765470E-002   2.3956253273183799E-004   4.0041599113547453E-002   5.2358808086709000E-004
 0.0200  0.39581531106827123        3.4251555833790877E-003   2.4626057832595492E-002   4.5812910797785365E-004   7.9293000738113920E-002   1.0073755008486549E-003
 0.0400  0.40542481020052817        3.2675629933845781E-003   4.7885127772706711E-002   7.7132163283615289E-004  0.15266342330758922        1.7394394105418797E-003
 0.0600  0.42069535494590232        3.0465093988810239E-003   6.8815752060402302E-002   8.8826401626647216E-004  0.21600650816806224        2.0953081310412969E-003
 0.0800  0.44030082778747076        2.8011797902477492E-003   8.7025212352015519E-002   8.5189997679078902E-004  0.26799891465191145        2.1512040942735849E-003
 0.1000  0.46426405884257571        2.5524190992947723E-003  0.10258959313726504        7.3761391932522275E-004  0.30853297557302883        2.0266968523483617E-003
 0.1200  0.49133966249516137        2.3260653310859174E-003  0.11584241817683874        6.0456786047758141E-004  0.33935761974280249        1.8344518566452089E-003
 0.1400  0.52088382043453352        2.1288599206148633E-003  0.12719320481461086        4.8359442474019186E-004  0.36230147575670862        1.6330748221288381E-003
 0.1600  0.55239017059208306        1.9611474845193121E-003  0.13702443114795876        3.8484574963660174E-004  0.37907753774792263        1.4472937497775524E-003
 0.1800  0.58546725851899695        1.8202585902376213E-003  0.14565261294605039        3.0806815021170982E-004  0.39111797677349086        1.2844349451039067E-003
 0.2000  0.61981377221959855        1.7025150984469541E-003  0.15332454193477438        2.4934853630535016E-004  0.39955319847657306        1.1445787418930167E-003
 0.2200  0.65519728702473534        1.6042115209257794E-003  0.16022744373930484        2.0434672431441986E-004  0.40524969791588838        1.0253291873445482E-003
 0.2400  0.69143765060567020        1.5220187380420016E-003  0.16650208457963503        1.6944593870074769E-004  0.40886264322130844        9.2373704429085754E-004
 0.2600  0.72839449104177656        1.4531037903010647E-003  0.17225449719740643        1.4194952288049036E-004  0.41088501606547151        8.3699209356593749E-004
 0.2800  0.76595794438388509        1.3951234153226162E-003  0.17756521205993306        1.1993982593746240E-004  0.41168783172590917        7.6263421573847297E-004
 0.3000  0.80404177084393247        1.3461711702795031E-003  0.18249612563909892        1.0207156670172955E-004  0.41155116767903693        6.9858760169059153E-004
 0.3200  0.84257821591502569        1.3047099426672724E-003  0.18709548432688733        8.7394671058142970E-005  0.41068743250662365        6.4313158729378437E-004
 0.3400  0.88151414031087827        1.2695070005198721E-003  0.19140146854045037        7.5225791506832216E-005  0.40925859218010419        5.9485298675478930E-004
 0.3600  0.92080806936251891        1.2395745153894655E-003  0.19544476910265873        6.5061620908935289E-005  0.40738886780991562        5.5259529841690373E-004
 0.3800  0.96042792606960692        1.2141207027143561E-003  0.19925044703652886        5.6522278905203632E-005  0.40517409331885818        5.1541295173157813E-004
 0.4000   1.0003492656984245        1.1925091230169985E-003  0.20283928497709183        4.9314476484264726E-005  0.40268863362597956        4.8253157695815542E-004


