# triplet j1 / nf 3 / mode 2 / nplat  5 / jkb  20 / start     1 / nmeas 10000
 0.0010   1.8575930968400132E-002   1.1260925350340003E-002   8.1592130907993021E-004   7.0234553202362098E-006   6.8768340967384975E-002   4.1689144569226032E-002
 0.0020   3.6991562945154571E-002   2.2168130906570934E-002   1.6347547639089042E-003   1.4269224846367760E-005   6.9127940803902305E-002   4.1427767760690480E-002
 0.0030   5.5537015800032126E-002   3.2979507030674732E-002   2.4564821472576738E-003   2.1737715363468873E-005   6.9127347281979390E-002   4.1050983459451372E-002
 0.0040   7.4100805730970068E-002   4.3476241073215335E-002   3.2810838209927119E-003   2.9429011732845942E-005   6.9140215028883956E-002   4.0566960601817102E-002
 0.0050   9.2614245975249240E-002   5.3494166250151270E-002   4.1085387060996181E-003   3.7342875417665844E-005   6.9209529390464694E-002   3.9976794342900530E-002
 0.0060  0.11101668150869438        6.2879420294805838E-002   4.9388242635023958E-003   4.5478743013475203E-005   6.9344842840231249E-002   3.9277949247997483E-002
 0.0070  0.12925070347006568        7.1492754065012556E-002   5.7719164757281229E-003   5.3835724960779398E-005   6.9549037048269077E-002   3.8471194297353142E-002
 0.0080  0.14726046101469342        7.9218670083447448E-002   6.6077898294678982E-003   6.2412604241454314E-005   6.9823553299665081E-002   3.7562982910838941E-002
 0.0090  0.16499068455748275        8.5973682004597443E-002   7.4464172990858744E-003   7.1207835326663483E-005   7.0169844378685300E-002   3.6565784687978643E-002
 0.0100  0.18238616577127167        9.1711150588704091E-002   8.2877703311255400E-003   8.0219543278095835E-005   7.0589801091802323E-002   3.5497054778527319E-002
 0.0200  0.32732027653027540       0.10236959792494491        1.6843806998496483E-002   1.8159440653836174E-004   7.9300735347336934E-002   2.4805032612872459E-002
 0.0400  0.44829029476852500        5.3144068836599244E-002   3.4589329077069408E-002   4.2878379529484291E-004  0.11734287533691262        1.3929803299606426E-002
 0.0600  0.47924535286276820        2.5326986714512986E-002   5.2742874873921777E-002   6.7811203554912086E-004  0.16600249362113453        8.8375064058969777E-003
 0.0800  0.49432627591837236        1.3572966640315404E-002   7.0632979959043676E-002   8.5274658184266599E-004  0.21505525534003661        6.0458970970076126E-003
 0.1000  0.50897223273776826        8.2514813032800397E-003   8.7571064382437530E-002   9.0842765607231037E-004  0.26001668806609640        4.4258885548851485E-003
 0.1200  0.52668320791945544        5.6146395493868930E-003  0.10303497245512855        8.5473537657936407E-004  0.29857158829145031        3.4153214860701137E-003
 0.1400  0.54805428085492325        4.1994829558560810E-003  0.11677226802767590        7.3607993302091221E-004  0.32993265284190693        2.7336283361219147E-003
 0.1600  0.57282220508007797        3.3771202140188347E-003  0.12878374630176490        5.9873534980982941E-004  0.35439343784856231        2.2459023013784696E-003
 0.1800  0.60049420583737234        2.8584556532298168E-003  0.13923307027156340        4.7223519587932431E-004  0.37283238507235300        1.8840074556568704E-003
 0.2000  0.63056642153918496        2.5049350456150350E-003  0.14835087281473125        3.6848311815538572E-004  0.38631734553113212        1.6079006048666943E-003
 0.2200  0.66259525624235804        2.2473421313124035E-003  0.15636999062962501        2.8839343553645262E-004  0.39587194148674387        1.3914306496221390E-003
 0.2400  0.69621346631622227        2.0493524614774517E-003  0.16349440428839887        2.2821092198644429E-004  0.40237375510779938        1.2172512236236156E-003
 0.2600  0.73112596972414035        1.8908374567433895E-003  0.16989042599482110        1.8321503560348151E-004  0.40653123007714326        1.0739797913212308E-003
 0.2800  0.76709922376873396        1.7600052845005727E-003  0.17568880132440287        1.4928520963659175E-004  0.40889755161834096        9.5410898712426076E-004
 0.3000  0.80394974065974001        1.6495699009950570E-003  0.18099066670210731        1.2329568594591044E-004  0.40989707162313255        8.5254969985507729E-004
 0.3200  0.84153382398661958        1.5547994325021974E-003  0.18587395042953214        1.0302599139033340E-004  0.40985258182604040        7.6570630559614843E-004
 0.3400  0.87973909767897052        1.4724766012307320E-003  0.19039892236341280        8.6940735676180623E-005  0.40900894479034000        6.9092446729041631E-004
 0.3600  0.91847778514369827        1.4003222953288465E-003  0.19461259454450078        7.3981364524337075E-005  0.40755203205467061        6.2616888895733274E-004
 0.3800  0.95768147486410971        1.3366641860258193E-003  0.19855206422906943        6.3408968795370397E-005  0.40562331755421099        5.6983330975122126E-004
 0.4000  0.99729707437593773        1.2802350073374612E-003  0.20224700128211928        5.4696706013598861E-005  0.40333089864114180        5.2062240190669856E-004


# triplet j3 / nf 3 / mode 2 / nplat  5 / jkb  20 / start     1 / nmeas 10000
 0.0010  0.53220116418625985        7.1524934423933192E-003   8.1592130907993021E-004   7.0234553202362098E-006   2.4002877869964013E-003   3.3872422388154357E-005
 0.0020  0.53132366669365516        7.1083612103974110E-003   1.6347547639089042E-003   1.4269224846367760E-005   4.8127925289479815E-003   6.7727816483775837E-005
 0.0030  0.53045868463854207        7.0649130563081161E-003   2.4564821472576738E-003   2.1737715363468873E-005   7.2373715227786357E-003   1.0157081611214393E-004
 0.0040  0.52960633685017078        7.0221195597457388E-003   3.2810838209927119E-003   2.9429011732845942E-005   9.6738752646425685E-003   1.3540543984918543E-004
 0.0050  0.52876674107728194        6.9799523371987474E-003   4.1085387060996181E-003   3.7342875417665844E-005   1.2122147406133691E-002   1.6923509295189447E-004
 0.0060  0.52794001269980628        6.9383836047839263E-003   4.9388242635023958E-003   4.5478743013475203E-005   1.4582024750304066E-002   2.0306255957557400E-004
 0.0070  0.52712626574469190        6.8973862985869175E-003   5.7719164757281229E-003   5.3835724960779398E-005   1.7053337214101742E-002   2.3689000025478156E-004
 0.0080  0.52632561318613302        6.8569350345290374E-003   6.6077898294678982E-003   6.2412604241454314E-005   1.9535907793559005E-002   2.7071898250418807E-004
 0.0090  0.52553816531523134        6.8170043788496606E-003   7.4464172990858744E-003   7.1207835326663483E-005   2.2029552606111707E-002   3.0455043393766169E-004
 0.0100  0.52476403249645831        6.7775701212333672E-003   8.2877703311255400E-003   8.0219543278095835E-005   2.4534080779969318E-002   3.3838467757961417E-004
 0.0200  0.51777783524638110        6.4057656175939724E-003   1.6843806998496483E-002   1.8159440653836174E-004   5.0131034694818818E-002   6.7651940305380365E-004
 0.0400  0.50820137033873258        5.7360611699065140E-003   3.4589329077069408E-002   4.2878379529484291E-004  0.10350950478293437        1.3328786111588510E-003
 0.0600  0.50490467449009602        5.1092890379721440E-003   5.2742874873921777E-002   6.7811203554912086E-004  0.15756622517290753        1.8889933432930160E-003
 0.0800  0.50804938820711765        4.5136027505705530E-003   7.0632979959043676E-002   8.5274658184266599E-004  0.20924631730011325        2.2474997332251759E-003
 0.1000  0.51738752583769720        3.9654072371632472E-003   8.7571064382437530E-002   9.0842765607231037E-004  0.25578752417698591        2.3671644817282759E-003
 0.1200  0.53233353024963170        3.4828108015077242E-003  0.10303497245512855        8.5473537657936407E-004  0.29540247416165227        2.2883483453109360E-003
 0.1400  0.55210981365716971        3.0739195973860417E-003  0.11677226802767590        7.3607993302091221E-004  0.32750912646538899        2.0953346168177114E-003
 0.1600  0.57589683472167885        2.7363269811636372E-003  0.12878374630176490        5.9873534980982941E-004  0.35250138270412895        1.8645835647721433E-003
 0.1800  0.60293759952790837        2.4613634483538387E-003  0.13923307027156340        4.7223519587932431E-004  0.37132148859147907        1.6414317923761758E-003
 0.2000  0.63258698064625329        2.2383642622410020E-003  0.14835087281473125        3.6848311815538572E-004  0.38508340133908769        1.4440819683074115E-003
 0.2200  0.66432104731713193        2.0572226370796226E-003  0.15636999062962501        2.8839343553645262E-004  0.39484353471545414        1.2757843854572526E-003
 0.2400  0.69772566355781795        1.9093988483006653E-003  0.16349440428839887        2.2821092198644429E-004  0.40150168100425870        1.1339198720358612E-003
 0.2600  0.73247789811656061        1.7880541176054491E-003  0.16989042599482110        1.8321503560348151E-004  0.40578089875143358        1.0144309692654454E-003
 0.2800  0.76832729963962143        1.6878320611377535E-003  0.17568880132440287        1.4928520963659175E-004  0.40824397960932479        9.1343309260337718E-004
 0.3000  0.80507979464734425        1.6045655933734969E-003  0.18099066670210731        1.2329568594591044E-004  0.40932171769750347        8.2762708094878668E-004
 0.3200  0.84258481341019564        1.5350095012548132E-003  0.18587395042953214        1.0302599139033340E-004  0.40934135646110514        7.5431202372265192E-004
 0.3400  0.88072534060338359        1.4766266907681705E-003  0.19039892236341280        8.6940735676180623E-005  0.40855093346805338        6.9129954344397475E-004
 0.3600  0.91941035127968873        1.4274238152759341E-003  0.19461259454450078        7.3981364524337075E-005  0.40713864838630176        6.3681960113534642E-004
 0.3800  0.95856908392763229        1.3858267826817841E-003  0.19855206422906943        6.3408968795370397E-005  0.40524772132533826        5.8943924720558714E-004
 0.4000  0.99814670183642618        1.3505858442524438E-003  0.20224700128211928        5.4696706013598861E-005  0.40298758136471485        5.4799602630194134E-004


