# triplet j1 / nf 1 / mode 2 / nplat  5 / jkb  20 / start     1 / nmeas 10000
 0.0010   6.4183627742117541E-002   4.9049218117391703E-003   7.0670834222357773E-002   2.0923218503163870E-003  0.18522979515473664        1.4418417667203585E-002
 0.0020   9.0460378597545049E-002   6.4997542545453934E-003   7.1336160285823444E-002   2.0535079906498564E-003  0.18673531532527357        1.3683845820645378E-002
 0.0030  0.11020748123044442        7.4486641700108446E-003   7.1997797521558091E-002   2.0155326002198070E-003  0.18859238552557928        1.3016988728256115E-002
 0.0040  0.12644432800692354        8.0458245094408645E-003   7.2655779721526537E-002   1.9783792138176270E-003  0.19066927917926391        1.2407152091639086E-002
 0.0050  0.14035772237313718        8.4183137895221510E-003   7.3310140467816101E-002   1.9420315254115702E-003  0.19290599015450072        1.1848803637405701E-002
 0.0060  0.15256633023717547        8.6363421149543221E-003   7.3960913122260274E-002   1.9064733956649744E-003  0.19526888893030861        1.1336494473433946E-002
 0.0070  0.16344546286918094        8.7437469287559300E-003   7.4608130816753743E-002   1.8716888589939932E-003  0.19773530962058408        1.0865020555377003E-002
 0.0080  0.17324679771320931        8.7701080754193066E-003   7.5251826444231257E-002   1.8376621297706518E-003  0.20028724743681356        1.0429713149620212E-002
 0.0090  0.18215160427402624        8.7364487490516549E-003   7.5892032650289695E-002   1.8043776084283388E-003  0.20290901583053766        1.0026502830083956E-002
 0.0100  0.19029729708612222        8.6582340095031438E-003   7.6528781825435238E-002   1.7718198867092186E-003  0.20558658770131688        9.6518852938448762E-003
 0.0200  0.24653548344990112        7.0364748766932102E-003   8.2713067721769867E-002   1.4829722634179538E-003  0.23331229438411419        6.9798072304845440E-003
 0.0400  0.30703034196771373        4.4775861668159452E-003   9.4172628587995064E-002   1.0653028043523154E-003  0.28270015303165175        4.4219853017351315E-003
 0.0600  0.34972403440641864        3.2876482963163493E-003  0.10458845974062800        7.9264051415827428E-004  0.32033694310315664        3.2468334968508033E-003
 0.0800  0.38797971137413834        2.6903771859590440E-003  0.11412309799571876        6.0918967674777154E-004  0.34828739094798600        2.5878580417352591E-003
 0.1000  0.42498912730185018        2.3414108767539844E-003  0.12290229900993678        4.8109467725831350E-004  0.36890724277595410        2.1568800565127189E-003
 0.1200  0.46175992306119829        2.1083595445345678E-003  0.13102451814337032        3.8826809001329011E-004  0.38403045726344121        1.8434646406890866E-003
 0.1400  0.49865363832112769        1.9368974106713501E-003  0.13856847954155627        3.1870620788012201E-004  0.39501378288871591        1.6001675696130531E-003
 0.1600  0.53580329332470777        1.8021235393157718E-003  0.14559853016545407        2.6506259830377836E-004  0.40285439485774172        1.4037063539659913E-003
 0.1800  0.57325208006374806        1.6912593695726068E-003  0.15216825615623003        2.2270235850217862E-004  0.40828896568568873        1.2410697635453817E-003
 0.2000  0.61100600466596977        1.5970949780948617E-003  0.15832292313159729        1.8860670220947881E-004  0.41186645073073580        1.1041664715317641E-003
 0.2200  0.64905580791157513        1.5152564805180197E-003  0.16410117188086520        1.6074560441126239E-004  0.41399980734625569        9.8754597062196306E-004
 0.2400  0.68738670291581516        1.4429413397268568E-003  0.16953625110731785        1.3770968851152822E-004  0.41500256383530876        8.8731587605852635E-004
 0.2600  0.72598286797631773        1.3782707325089892E-003  0.17465695624787433        1.1848932236889827E-004  0.41511482475039613        8.0057155308973908E-004
 0.2800  0.76482953932339859        1.3199360946720958E-003  0.17948837182237390        1.0233943825920095E-004  0.41452193763480299        7.2507335936392221E-004
 0.3000  0.80391394385840009        1.2669915772324976E-003  0.18405247339007608        8.8695171819364458E-005  0.41336803719084020        6.5904974223165253E-004
 0.3200  0.84322565693744933        1.2187332460659836E-003  0.18836862265658949        7.7118165740422393E-005  0.41176597359599643        6.0107397043988029E-004
 0.3400  0.88275666495700533        1.1746197216652822E-003  0.19245397738445896        6.7261493681336701E-005  0.40980466378532970        5.4997928252224803E-004
 0.3600  0.92250128057991909        1.1342252639350312E-003  0.19632383147035673        5.8846155099029647E-005  0.40755458291893182        5.0480168659963406E-004
 0.3800  0.96245598689059453        1.0972069519433550E-003  0.19999189704601769        5.1644853084554653E-005  0.40507190067910576        4.6473738288185996E-004
 0.4000   1.0026192527942726        1.0632835468147700E-003  0.20347053828271344        4.5470483495477341E-005  0.40240162014929176        4.2911143477848359E-004


# triplet j3 / nf 1 / mode 2 / nplat  5 / jkb  20 / start     1 / nmeas 10000
 0.0010  0.32640645784021255        5.0715394423112891E-003   7.0670834222357773E-002   2.0923218503163870E-003   3.6423054548694780E-002   7.8165542233594532E-004
 0.0020  0.32389035243683151        5.2612839596070989E-003   7.1336160285823444E-002   2.0535079906498564E-003   5.2153907008238812E-002   1.1319104061899691E-003
 0.0030  0.32165127107204272        5.5942276574170377E-003   7.1997797521558091E-002   2.0155326002198070E-003   6.4617471333914919E-002   1.4425916864178857E-003
 0.0040  0.31967952857328752        5.9694289792399787E-003   7.2655779721526537E-002   1.9783792138176270E-003   7.5416305150923818E-002   1.7428319836532422E-003
 0.0050  0.31796005457431742        6.3324408263855459E-003   7.3310140467816101E-002   1.9420315254115702E-003   8.5154864646345238E-002   2.0367486212819279E-003
 0.0060  0.31647674534573550        6.6579878801862414E-003   7.3960913122260274E-002   1.9064733956649744E-003   9.4134745227621941E-002   2.3224803895006236E-003
 0.0070  0.31521368863506016        6.9365004926626771E-003   7.4608130816753743E-002   1.8716888589939932E-003  0.10253025287849901        2.5970524403328876E-003
 0.0080  0.31415556175012294        7.1663119777965025E-003   7.5251826444231257E-002   1.8376621297706518E-003  0.11045204499298526        2.8577932535426196E-003
 0.0090  0.29967702625227177        8.4674262390573435E-003   7.5892032650289695E-002   1.8043776084283388E-003  0.12333345407693239        3.7806772207114483E-003
 0.0100  0.29882894542659721        8.3582221436186745E-003   7.6528781825435238E-002   1.7718198867092186E-003  0.13091961992125520        3.9630477147977019E-003
 0.0200  0.31407357502278482        4.9309590788027737E-003   8.2713067721769867E-002   1.4829722634179538E-003  0.18314103402879534        3.3110242919935180E-003
 0.0400  0.32498104324458793        4.3853891474251901E-003   9.4172628587995064E-002   1.0653028043523154E-003  0.26708488529993207        3.9079144536791031E-003
 0.0600  0.35757947109669891        3.1232677398835181E-003  0.10458845974062800        7.9264051415827428E-004  0.31329966389809771        2.9829356462310040E-003
 0.0800  0.39224963559233678        2.4508141542381686E-003  0.11412309799571876        6.0918967674777154E-004  0.34449602792159034        2.3406040483535178E-003
 0.1000  0.42776197227268914        2.0688599103250633E-003  0.12290229900993678        4.8109467725831350E-004  0.36651590680141061        1.9122934531052588E-003
 0.1200  0.46380851207780460        1.8331786064289227E-003  0.13102451814337032        3.8826809001329011E-004  0.38233423876743350        1.6138472791441846E-003
 0.1400  0.50029908430041148        1.6740554596788178E-003  0.13856847954155627        3.1870620788012201E-004  0.39371461233011934        1.3930453814691719E-003
 0.1600  0.53719485414116341        1.5577023638043612E-003  0.14559853016545407        2.6506259830377836E-004  0.40181083238446147        1.2211877582273267E-003
 0.1800  0.57446764099844450        1.4673813121006004E-003  0.15216825615623003        2.2270235850217862E-004  0.40742503518493406        1.0825622750548580E-003
 0.2000  0.61209113336927046        1.3944027636218295E-003  0.15832292313159729        1.8860670220947881E-004  0.41113628477463970        9.6809374219741925E-004
 0.2200  0.65004002284385076        1.3339314077248608E-003  0.16410117188086520        1.6074560441126239E-004  0.41337297703115167        8.7209899463111344E-004
 0.2400  0.68829072400337443        1.2830414323577054E-003  0.16953625110731785        1.3770968851152822E-004  0.41445748737849392        7.9071369045244594E-004
 0.2600  0.72682209468479175        1.2398075639145189E-003  0.17465695624787433        1.1848932236889827E-004  0.41463551151740324        7.2113068267267908E-004
 0.2800  0.76561585992191206        1.2028680776332841E-003  0.17948837182237390        1.0233943825920095E-004  0.41409620567813848        6.6121536762507854E-004
 0.3000  0.80465676393172425        1.1712071638681847E-003  0.18405247339007608        8.8695171819364458E-005  0.41298643588024458        6.0929753670394698E-004
 0.3200  0.84393253765068788        1.1440411973619405E-003  0.18836862265658949        7.7118165740422393E-005  0.41142107704074193        5.6404818094503298E-004
 0.3400  0.88343374896446480        1.1207500123599358E-003  0.19245397738445896        6.7261493681336701E-005  0.40949058003614469        5.2439693862091157E-004
 0.3600  0.92315359543050413        1.1008356161756297E-003  0.19632383147035673        5.8846155099029647E-005  0.40726659844031637        4.8947491588211271E-004
 0.3800  0.96308767117116090        1.0838935292538279E-003  0.19999189704601769        5.1644853084554653E-005  0.40480621609003098        4.5857191928671333E-004
 0.4000   1.0032337280234473        1.0695920736481393E-003  0.20347053828271344        4.5470483495477341E-005  0.40215515133464308        4.3110379657839429E-004


