# triplet j1 / nf 6 / mode 2 / nplat  5 / jkb  20 / start     1 / nmeas 10000
 0.0010  -100.00000000000000        217.06844378388701        7.5283792860587038E-004   6.2017329166953224E-006  -1.2270598425552606E-005   2.6635644996774281E-005
 0.0020  -100.00000000000001        217.64429159421118        1.5056573011824786E-003   1.2402860867385340E-005  -2.4541045627132339E-005   5.3412280546594923E-005
 0.0030  -100.00000000000000        217.52244628706632        2.2584395741057930E-003   1.8602781340285555E-005  -3.6811190478758983E-005   8.0072745560685876E-005
 0.0040  -100.00000000000000        217.55955109153456        3.0111662285408425E-003   2.4800896717827548E-005  -4.9080882050271619E-005   1.0678033795776604E-004
 0.0050  -100.00000000000000        217.33319657674306        3.7638187827818241E-003   3.0996616721857894E-005  -6.1349969704815860E-005   1.3333408957287888E-004
 0.0060  -100.00000000000000        217.40410451958905        4.5163788045275250E-003   3.7189360806193109E-005  -7.3618303195829160E-005   1.6004949982705905E-004
 0.0070  -100.00000000000003        217.76281789081847        5.2688279230700807E-003   4.3378560560412850E-005  -8.5885732763353123E-005   1.8702752600296927E-004
 0.0080  -100.00000000000000        217.63749569384430        6.0211478413767835E-003   4.9563662030147018E-005  -9.8152109229516075E-005   2.1361617448054009E-004
 0.0090  0.69091221556424476        151.41289421856482        6.7733203480425117E-003   5.5744128035961953E-005   1.5981376737251071E-002   3.5023067349226880     
 0.0100  0.68482534006180118        136.39417520746758        7.5253273290937072E-003   6.1919440431347183E-005   1.7914218771657234E-002   3.5679098763300803     
 0.0200  0.70698846619712252        165.59416927783738        1.5032400477272568E-002   1.2329292012026719E-004   3.4684212273232914E-002   8.1238996022335321     
 0.0400  0.68778769796906081        118.25435025848188        2.9925596935927435E-002   2.4349013444839706E-004   7.1139695344189374E-002   12.231359295476800     
 0.0600  0.67931110831400709        42.834319265062135        4.4571949481528025E-002   3.6275929073830419E-004  0.10765958997477196        6.7885320909499294     
 0.0800  0.67705108327359598       0.26546707040515277        5.8907578566612766E-002   4.8802767073604031E-004  0.14339174160056944        5.6226052553292827E-002
 0.1000  0.67553078546351530       0.12221606278162571        7.2899666646975780E-002   6.2391650849189840E-004  0.17874447369225338        3.2347239168235759E-002
 0.1200  0.67442001135462926        6.5910813855579134E-002   8.6517945969956406E-002   7.6354491091651052E-004  0.21366248385485909        2.0902428050462822E-002
 0.1400  0.67444368061438853        3.7742263183632510E-002   9.9704762866633323E-002   8.8465383282930400E-004  0.24773723056984295        1.3907016835625508E-002
 0.1600  0.67700004624549559        2.2682389116721918E-002  0.11235632422282081        9.5682546138523884E-004  0.28008190531183169        9.4594167738757829E-003
 0.1800  0.68352446748473428        1.4374372960199396E-002  0.12432549731621531        9.5761429649547625E-004  0.30951185471977433        6.6172151970652878E-003
 0.2000  0.69489313042210599        9.6540739013259470E-003  0.13545165742479945        8.8642717820475094E-004  0.33496863159677270        4.7810144649295776E-003
 0.2200  0.71123680754586138        6.8887738445809026E-003  0.14560802834812966        7.6484286496924538E-004  0.35588097762404858        3.5714071173690346E-003
 0.2400  0.73215387291940459        5.2194157681510062E-003  0.15474057685535711        6.2380290145932268E-004  0.37223770370596315        2.7576589902179880E-003
 0.2600  0.75700044933944566        4.1782328367286495E-003  0.16287659011666861        4.8918326343506350E-004  0.38444557707266785        2.1990665516941313E-003
 0.2800  0.78509328139070289        3.5019447613532841E-003  0.17010426011906268        3.7518688362005669E-004  0.39312471491064266        1.8063501497182521E-003
 0.3000  0.81581379556461431        3.0403133250974075E-003  0.17654133767910687        2.8562499072333632E-004  0.39894018675012738        1.5213630193591113E-003
 0.3200  0.84864521265976944        2.7076830098643739E-003  0.18230901361589660        2.1828193665570671E-004  0.40250186035725188        1.3066309019201506E-003
 0.3400  0.88317379619622993        2.4552357393842279E-003  0.18751678995773330        1.6871328365559895E-004  0.40432292018257260        1.1386450508270834E-003
 0.3600  0.91907526260899375        2.2548985775837985E-003  0.19225668837546481        1.3241117789953544E-004  0.40481435069581140        1.0029242336658003E-003
 0.3800  0.95609779356927982        2.0902073825514521E-003  0.19660301616024656        1.0566447156544030E-004  0.40429611519270003        8.9051866530225001E-004
 0.4000  0.99404647927553913        1.9512243619681105E-003  0.20061460833265332        8.5706740636698220E-005  0.40301348601877296        7.9574983711510814E-004


# triplet j3 / nf 6 / mode 2 / nplat  5 / jkb  20 / start     1 / nmeas 10000
 0.0010  0.66437522263431514        1.3701973146696069E-002   7.5283792860587038E-004   6.2017329166953224E-006   1.8469379964078791E-003   3.8843193597562691E-005
 0.0020  0.66438129327308448        1.3701602609801848E-002   1.5056573011824786E-003   1.2402860867385340E-005   3.6938194792075665E-003   7.7682387221818702E-005
 0.0030  0.66439140446574141        1.3700985102891859E-002   2.2584395741057930E-003   1.8602781340285555E-005   5.5405880075104297E-003   1.1651358498523866E-004
 0.0040  0.66440554654124651        1.3700120569974222E-002   3.0111662285408425E-003   2.4800896717827548E-005   7.3871872842989064E-003   1.5533279759965377E-004
 0.0050  0.66442370620876900        1.3699008799274524E-002   3.7638187827818241E-003   3.0996616721857894E-005   9.2335612247915564E-003   1.9413604370871368E-004
 0.0060  0.66444586600264244        1.3697650277951339E-002   4.5163788045275250E-003   3.7189360806193109E-005   1.1079654033927933E-002   2.3291936555923685E-004
 0.0070  0.66447200493732517        1.3696044580823534E-002   5.2688279230700807E-003   4.3378560560412850E-005   1.2925410269384355E-002   2.7167881100367591E-004
 0.0080  0.66450209770165058        1.3694191865072482E-002   6.0211478413767835E-003   4.9563662030147018E-005   1.4770774925918231E-002   3.1041045773339817E-004
 0.0090  0.66453611606528051        1.3692092126890629E-002   6.7733203480425117E-003   5.5744128035961953E-005   1.6615693477548085E-002   3.4911040531223123E-004
 0.0100  0.66457402708901914        1.3689745051166574E-002   7.5253273290937072E-003   6.1919440431347183E-005   1.8460111984783246E-002   3.8777477388447036E-004
 0.0200  0.66515749985775363        1.3652661160073742E-002   1.5032400477272568E-002   1.2329292012026719E-004   3.6865461250233711E-002   7.7163539239702666E-004
 0.0400  0.66722095821045280        1.3502943019636759E-002   2.9925596935927435E-002   2.4349013444839706E-004   7.3332539532679486E-002   1.5137632166938395E-003
 0.0600  0.66981317819002795        1.3243308520367205E-002   4.4571949481528025E-002   3.6275929073830419E-004  0.10918619962661509        2.2040410391088927E-003
 0.0800  0.67206532053136314        1.2849623018236644E-002   5.8907578566612766E-002   4.8802767073604031E-004  0.14445550308472213        2.8260091728933867E-003
 0.1000  0.67347583968308444        1.2288007441080747E-002   7.2899666646975780E-002   6.2391650849189840E-004  0.17928986846419068        3.3600287660784929E-003
 0.1200  0.67431905940210746        1.1524427576117314E-002   8.6517945969956406E-002   7.6354491091651052E-004  0.21369447115319370        3.7719068284062561E-003
 0.1400  0.67570155087699402        1.0539103782935603E-002   9.9704762866633323E-002   8.8465383282930400E-004  0.24727604871393394        4.0098110506122204E-003
 0.1600  0.67919137151431352        9.3575328668905194E-003  0.11235632422282081        9.5682546138523884E-004  0.27917825638136884        4.0258721104807563E-003
 0.1800  0.68624777694304839        8.0711109510013743E-003  0.12432549731621531        9.5761429649547625E-004  0.30828358617051438        3.8152299027434822E-003
 0.2000  0.69778405873310023        6.8094731203670574E-003  0.13545165742479945        8.8642717820475094E-004  0.33358085225693468        3.4334398114052905E-003
 0.2200  0.71404697514042303        5.6849812937714884E-003  0.14560802834812966        7.6484286496924538E-004  0.35448039023182082        2.9718372693590010E-003
 0.2400  0.73476108820614927        4.7571524816244831E-003  0.15474057685535711        6.2380290145932268E-004  0.37091686098989840        2.5151591320526951E-003
 0.2600  0.75936801192568559        4.0326846463594936E-003  0.16287659011666861        4.8918326343506350E-004  0.38324695012179788        2.1150704804375597E-003
 0.2800  0.78722812378559959        3.4852247715721290E-003  0.17010426011906268        3.7518688362005669E-004  0.39205862074744491        1.7887669459648091E-003
 0.3000  0.81774041827854027        3.0762841402739356E-003  0.17654133767910687        2.8562499072333632E-004  0.39800027084514045        1.5314753311116470E-003
 0.3200  0.85039267932648377        2.7689329214307143E-003  0.18230901361589660        2.1828193665570671E-004  0.40167476176931260        1.3298010115330963E-003
 0.3400  0.88477004165915374        2.5337279417343697E-003  0.18751678995773330        1.6871328365559895E-004  0.40359346665622214        1.1699499261312613E-003
 0.3600  0.92054495142316428        2.3494768167721131E-003  0.19225668837546481        1.3241117789953544E-004  0.40416804752276858        1.0408918400553891E-003
 0.3800  0.95746179695715550        2.2017153518605363E-003  0.19660301616024656        1.0566447156544030E-004  0.40372015354850660        9.3468557982076355E-004
 0.4000  0.99532204896968035        2.0807559027921844E-003  0.20061460833265332        8.5706740636698220E-005  0.40249699812460049        8.4581536992788984E-004


