# triplet j1 / nf 5 / mode 2 / nplat  5 / jkb  20 / start     1 / nmeas 10000
 0.0010   8.4095864801730189E-002   216.93050359795862        7.6390658736111446E-004   6.2342414913022123E-006   1.4698075854061398E-002   37.914599064577601     
 0.0020  0.16186063162420006        217.00472468161487        1.5277948953794265E-003   1.2467968757779650E-005   1.5272892403432568E-002   20.476194722933705     
 0.0030  0.23402275425034097        217.07779258140317        2.2916471191096613E-003   1.8700749279128770E-005   1.5844969608361965E-002   14.697677741440819     
 0.0040  0.29779032982059123        216.57368037537128        3.0554459728769729E-003   2.4932239545970361E-005   1.6602431886092377E-002   12.074434314154134     
 0.0050  0.35126539764210107        216.58844617420428        3.8191746915571872E-003   3.1162184758501512E-005   1.7593384383180276E-002   10.847990756164432     
 0.0060  0.39665903285329090        215.00450357917367        4.5828170311585292E-003   3.7390418321140226E-005   1.8695605424541104E-002   10.133739636823341     
 0.0070  0.43451967631973715        213.45214743538972        5.3463572687083632E-003   4.3616861165331703E-005   1.9910563846970632E-002   9.7808058910652225     
 0.0080  0.46617118613176123        210.86033191698920        6.1097802014495632E-003   4.9841520896718099E-005   2.1209349968493045E-002   9.5934942084082522     
 0.0090  0.49086538130212320        207.61331402322836        6.8730711453512923E-003   5.6064490719507174E-005   2.2659444981475266E-002   9.5838953936217806     
 0.0100  0.51045732647786002        206.93063159681410        7.6362159329416883E-003   6.2285948242200246E-005   2.4209992596346493E-002   9.8143151235326389     
 0.0200  0.62339664272652628        155.05687412808254        1.5256870066833612E-002   1.2451346410838256E-004   3.9627644694249155E-002   9.8565476536757135     
 0.0400  0.63527643769508513        72.755069402485887        3.0411844575450923E-002   2.5196535408475315E-004   7.7643235890198531E-002   8.8920959197164482     
 0.0600  0.63816423208020456        7.3765128978124928E-002   4.5421459578760835E-002   3.9201436122892025E-004  0.11568810486504467        1.3381653854930436E-002
 0.0800  0.63369100244559362       0.11272841030583579        6.0266991881875343E-002   5.5041553070513572E-004  0.15496092782408374        2.7575353678111370E-002
 0.1000  0.63076348694101014        5.7269882581387641E-002   7.4903885084473390E-002   7.1669552671613809E-004  0.19404418139967158        1.7642593306383882E-002
 0.1200  0.62947896985550000        3.1486893182504076E-002   8.9221858953226513E-002   8.6070269108242487E-004  0.23246631387464539        1.1682032218366016E-002
 0.1400  0.63183931703980800        1.8534133180013155E-002  0.10303252135238856        9.4462656321171105E-004  0.26881873470284379        7.9811340168811119E-003
 0.1600  0.63910854085215207        1.1686397663814728E-002  0.11609543884020546        9.4486828656625106E-004  0.30158375657274233        5.6495095804737130E-003
 0.1800  0.65169380082196426        7.9005305259265569E-003  0.12817869250219374        8.6662269548866812E-004  0.32962153626273316        4.1484780984065257E-003
 0.2000  0.66932944619430890        5.7224950599215028E-003  0.13912586349308059        7.3892941603991057E-004  0.35244714790011539        3.1552947563826370E-003
 0.2200  0.69139344364696642        4.4204709389095388E-003  0.14889210434461314        5.9661391907426295E-004  0.37020042700259564        2.4803916710213593E-003
 0.2400  0.71715982323854199        3.6074130220632170E-003  0.15753470249907531        4.6519779206100775E-004  0.38343591197256127        2.0101084918793550E-003
 0.2600  0.74594075625578693        3.0724775760889119E-003  0.16517497098058684        3.5665539120461302E-004  0.39288862471779346        1.6729482380987998E-003
 0.2800  0.77714650980727851        2.6996967140580129E-003  0.17195768642437989        2.7278428578022000E-004  0.39930238964519138        1.4228177483397912E-003
 0.3000  0.81029767375989559        2.4249234788272446E-003  0.17802312057422098        2.1027095974332415E-004  0.40333809043797669        1.2303218095282933E-003
 0.3200  0.84501514291774149        2.2121905111376632E-003  0.18349340470859021        1.6433621487342489E-004  0.40554189371904997        1.0770998222525490E-003
 0.3400  0.88100304102678462        2.0408388945184716E-003  0.18846881801659279        1.3055111531490050E-004  0.40634676096409955        9.5176299337654453E-004
 0.3600  0.91803168600404372        1.8986082831025065E-003  0.19302918493995613        1.0543485178577015E-004  0.40608791517780934        8.4713345121632388E-004
 0.3800  0.95592306205660638        1.7779359335230146E-003  0.19723717370685059        8.6464443937416644E-005  0.40502165339575719        7.5851902973493861E-004
 0.4000  0.99453921572512327        1.6739548682574304E-003  0.20114184363690316        7.1882335236094757E-005  0.40334278645976279        6.8269976740038525E-004


# triplet j3 / nf 5 / mode 2 / nplat  5 / jkb  20 / start     1 / nmeas 10000
 0.0010  0.63643048469581232        1.3330630334330167E-002   7.6390658736111446E-004   6.2342414913022123E-006   1.9421561813769844E-003   4.1445020949402505E-005
 0.0020  0.63643645030991947        1.3330178830900076E-002   1.5277948953794265E-003   1.2467968757779650E-005   3.8842527167390188E-003   8.2885227054852625E-005
 0.0030  0.63644620583389533        1.3329426617077450E-002   2.2916471191096613E-003   1.8700749279128770E-005   5.8262322797625072E-003   1.2431591030607261E-004
 0.0040  0.63645959794535589        1.3328373964792991E-002   3.0554459728769729E-003   2.4932239545970361E-005   7.7680400816389720E-003   1.6573248026712482E-004
 0.0050  0.63647647312426381        1.3327021316134816E-002   3.8191746915571872E-003   3.1162184758501512E-005   9.7096238779930451E-003   2.0713046723347828E-004
 0.0060  0.63649667784967601        1.3325369111153822E-002   4.5828170311585292E-003   3.7390418321140226E-005   1.1650933970870825E-002   2.4850552202275488E-004
 0.0070  0.63652005891457164        1.3323417999583404E-002   5.3463572687083632E-003   4.3616861165331703E-005   1.3591923203303598E-002   2.8985342035193503E-004
 0.0080  0.63654646310430540        1.3321168654442044E-002   6.1097802014495632E-003   4.9841520896718099E-005   1.5532546962366684E-002   3.3117006177987217E-004
 0.0090  0.63657573772215670        1.3318621917933831E-002   6.8730711453512923E-003   5.6064490719507174E-005   1.7472763163620651E-002   3.7245147340954446E-004
 0.0100  0.63660773049988773        1.3315778702182174E-002   7.6362159329416883E-003   6.2285948242200246E-005   1.9412532243483327E-002   4.1369380916188764E-004
 0.0200  0.63704423848273350        1.3271357264120790E-002   1.5256870066833612E-002   1.2451346410838256E-004   3.8778689405294949E-002   8.2321670362101387E-004
 0.0400  0.63812932519813836        1.3105336817565561E-002   3.0411844575450923E-002   2.5196535408475315E-004   7.7296115943471452E-002   1.6194116147461904E-003
 0.0600  0.64050681294325629        1.1216377352920406E-002   4.5421459578760835E-002   3.9201436122892025E-004  0.11526498877156514        2.0788711594208640E-003
 0.0800  0.63776620294972242        1.0592802826376068E-002   6.0266991881875343E-002   5.5041553070513572E-004  0.15397075799653842        2.6522287938735120E-003
 0.1000  0.63486005570031134        9.7946659753396330E-003   7.4903885084473390E-002   7.1669552671613809E-004  0.19279207028587786        3.1141320449189877E-003
 0.1200  0.63365293353074925        8.8314572919686533E-003   8.9221858953226513E-002   8.6070269108242487E-004  0.23093502458600396        3.4059229256819031E-003
 0.1400  0.63595862618908183        7.7423768895594691E-003  0.10303252135238856        9.4462656321171105E-004  0.26707750905111655        3.4743561778071983E-003
 0.1600  0.64299623988227228        6.6190950162617092E-003  0.11609543884020546        9.4486828656625106E-004  0.29976031375114431        3.3181322614868124E-003
 0.1800  0.65521816550080902        5.5701265896585909E-003  0.12817869250219374        8.6662269548866812E-004  0.32784852910121320        2.9993748935538116E-003
 0.2000  0.67244261967570196        4.6724798102338594E-003  0.13912586349308059        7.3892941603991057E-004  0.35081544122012476        2.6096093670816907E-003
 0.2200  0.69411275852196275        3.9533638793505833E-003  0.14889210434461314        5.9661391907426295E-004  0.36875009848533602        2.2263929420379058E-003
 0.2400  0.71953378312155769        3.4009090871670415E-003  0.15753470249907531        4.6519779206100775E-004  0.38217084076383856        1.8924312493678829E-003
 0.2600  0.74802566151251437        2.9843883418130893E-003  0.16517497098058684        3.5665539120461302E-004  0.39179356127127180        1.6193545065869013E-003
 0.2800  0.77899507491952080        2.6702147121459236E-003  0.17195768642437989        2.7278428578022000E-004  0.39835484005149291        1.4015479308655998E-003
 0.3000  0.81195487231078722        2.4300182692923223E-003  0.17802312057422098        2.1027095974332415E-004  0.40251487806277292        1.2278765791107001E-003
 0.3200  0.84651761903843115        2.2426971293478364E-003  0.18349340470859021        1.6433621487342489E-004  0.40482210124509738        1.0877161443431378E-003
 0.3400  0.88237998610787105        2.0935218185374688E-003  0.18846881801659279        1.3055111531490050E-004  0.40571266093629532        9.7279010306742207E-004
 0.3600  0.91930612789447308        1.9724545887298012E-003  0.19302918493995613        1.0543485178577015E-004  0.40552495205312633        8.7711080963112664E-004
 0.3800  0.95711312223832967        1.8726434585077307E-003  0.19723717370685059        8.6464443937416644E-005  0.40451805551245285        7.9641244975055172E-004
 0.4000  0.99565918060030567        1.7893303856300468E-003  0.20114184363690316        7.1882335236094757E-005  0.40288908728006884        7.2761477732460021E-004


