# pion mass (\sigma_1)
"*"
    8  64  2.00  0.2324  0.8578357479111869E+00  0.8329298077889619E-03  10000
    8  64  2.00  0.2350  0.8229131390608924E+00  0.2122926103490463E-02  10000
    8  64  2.00  0.2356  0.8146979686854294E+00  0.1280129909364316E-02  10000
    8  64  2.00  0.2387  0.7723384261522918E+00  0.1375479638999582E-02  10000
    8  64  2.00  0.2400  0.7523174030015942E+00  0.3436602786167064E-02  10000
    8  64  2.00  0.2418  0.7309316341131670E+00  0.1442604210783807E-02  10000
    8  64  2.00  0.2449  0.6870109687656039E+00  0.2860812395571816E-02  10000
    8  64  2.00  0.2480  0.6466872990942797E+00  0.2462601813949528E-02  10000
    8  64  2.00  0.2500  0.6251884089142906E+00  0.1744175700663160E-02  10000
    8  64  2.00  0.2515  0.6064572451974573E+00  0.4903568977176525E-02  10000
    8  64  2.00  0.2530  0.5856166912006713E+00  0.3471349122162837E-02  10000
    8  64  2.00  0.2545  0.5675509803593769E+00  0.3123590481626834E-02  10000
    8  64  2.00  0.2560  0.5500799911327318E+00  0.2129471175526243E-02  10000
    8  64  2.00  0.2575  0.5318660884404662E+00  0.5071104425847078E-02  10000
    8  64  2.00  0.2590  0.5173010158977993E+00  0.2937530940749188E-02  10000
    8  64  2.00  0.2605  0.4977873719368524E+00  0.4029703681648139E-02  10000
    8  64  2.00  0.2620  0.4856608662531621E+00  0.4463011596927417E-02  10000
    8  64  2.00  0.2625  0.4804868640752381E+00  0.3671974708733862E-02  10000
    8  64  2.00  0.2630  0.4734649823805500E+00  0.2858525511456844E-02  10000
    8  64  2.00  0.2635  0.4657847924162349E+00  0.6105954735312338E-02  10000
    8  64  2.00  0.2650  0.4518538114106792E+00  0.1223582908878372E-01  10000
    8  64  2.00  0.2675  0.4521700137768067E+00  0.1724681679919642E-01  10000
    8  64  2.00  0.2700  0.4331142531364960E+00  0.2093343250027195E-01  10000
    8  64  2.00  0.2725  0.4363886572327055E+00  0.3974267986112230E-01  10000
    8  64  2.00  0.2750  0.3843318605832314E+00  0.9815883697098079E+02  10000
    8  64  2.00  0.2780  0.2815599667567246E+00  0.6833009785263965E+02  10000


# pseudoscalar mass (\sigma_3)
"*"
    8  64  2.00  0.2324  0.8577926307529470E+00  0.7913178469902357E-03  10000
    8  64  2.00  0.2350  0.8233676830726574E+00  0.1123580974331707E-02  10000
    8  64  2.00  0.2356  0.8148396776650378E+00  0.1147158925116326E-02  10000
    8  64  2.00  0.2387  0.7724168267021784E+00  0.1193832309989679E-02  10000
    8  64  2.00  0.2400  0.7525763488829341E+00  0.3749948021743499E-02  10000
    8  64  2.00  0.2418  0.7310333057682893E+00  0.1442559795823079E-02  10000
    8  64  2.00  0.2449  0.6873079271952875E+00  0.2431508897418372E-02  10000
    8  64  2.00  0.2480  0.6462173531379881E+00  0.2999005811235236E-02  10000
    8  64  2.00  0.2500  0.6278317754197734E+00  0.4312909700758247E-02  10000
    8  64  2.00  0.2515  0.6052013239961677E+00  0.2429032095272685E-02  10000
    8  64  2.00  0.2530  0.5857915030109290E+00  0.3958252361435423E-02  10000
    8  64  2.00  0.2545  0.5662836246244624E+00  0.3683160800739872E-02  10000
    8  64  2.00  0.2560  0.5504004540609544E+00  0.2071153706837886E-02  10000
    8  64  2.00  0.2575  0.5312978404925434E+00  0.6506008025329973E-02  10000
    8  64  2.00  0.2590  0.5174630884173173E+00  0.3119107937121256E-02  10000
    8  64  2.00  0.2605  0.4964836157248815E+00  0.3009692536174565E-02  10000
    8  64  2.00  0.2620  0.4859721087144365E+00  0.3090989057013332E-02  10000
    8  64  2.00  0.2625  0.4805786080446921E+00  0.4053182466310108E-02  10000
    8  64  2.00  0.2630  0.4741145259065441E+00  0.2652229899297801E-02  10000
    8  64  2.00  0.2635  0.4688131897509015E+00  0.3922979911617563E-02  10000
    8  64  2.00  0.2650  0.4525726098381376E+00  0.1016293646906287E-01  10000
    8  64  2.00  0.2675  0.4400952191167862E+00  0.5196083966605328E-02  10000
    8  64  2.00  0.2700  0.4350529729210740E+00  0.1027694154519739E-01  10000
    8  64  2.00  0.2725  0.4302897236552798E+00  0.6664285891944668E-02  10000
    8  64  2.00  0.2750  0.4271265939692696E+00  0.5447637150635933E-02  10000
    8  64  2.00  0.2780  0.4205576754819126E+00  0.1420603883812371E-01  10000


# eta mass (\sigma_1)
"*"
    8  64  2.00  0.2324                     NaN                     NaN  10000
    8  64  2.00  0.2350  0.8717825480638983E+00  0.6702285524883894E+02  10000
    8  64  2.00  0.2356  0.9015749388447639E+00  0.2518422292405088E+02  10000
    8  64  2.00  0.2387  0.8255397791991823E+00  0.8813192925205979E+02  10000
    8  64  2.00  0.2400                     NaN                     NaN  10000
    8  64  2.00  0.2418  0.7895386734516061E+00  0.7625414315661347E+02  10000
    8  64  2.00  0.2449                     NaN                     NaN  10000
    8  64  2.00  0.2480  0.7586133317961673E+00  0.2162169629949608E+01  10000
    8  64  2.00  0.2500 -0.1484840262222697E-01  0.1097036109309379E+03  10000
    8  64  2.00  0.2515  0.1627886052763579E+00  0.9614653816153819E+02  10000
    8  64  2.00  0.2530                     NaN                     NaN  10000
    8  64  2.00  0.2545  0.6484034766090614E+00  0.2520852514896216E+02  10000
    8  64  2.00  0.2560                     NaN                     NaN  10000
    8  64  2.00  0.2575  0.6054913045631974E+00  0.1060077941941020E+03  10000
    8  64  2.00  0.2590                     NaN                     NaN  10000
    8  64  2.00  0.2605  0.2879703232271012E+00  0.6275361000755420E+02  10000
    8  64  2.00  0.2620                     NaN                     NaN  10000
    8  64  2.00  0.2625  0.6157644154943052E+00  0.4235319700413744E+02  10000
    8  64  2.00  0.2630  0.5537636708398370E+00  0.7767326129312893E+02  10000
    8  64  2.00  0.2635                     NaN                     NaN  10000
    8  64  2.00  0.2650                     NaN                     NaN  10000
    8  64  2.00  0.2675  0.3450427991916884E+00  0.1498045650322908E+03  10000
    8  64  2.00  0.2700                     NaN                     NaN  10000
    8  64  2.00  0.2725                     NaN                     NaN  10000
    8  64  2.00  0.2750                     NaN                     NaN  10000
    8  64  2.00  0.2780  0.5882981458017535E+00  0.5019180866197700E+02  10000

