# pion mass (\sigma_1)
"*"
    8  64  2.00  0.2324  0.8578357479111869E+00  0.8329298077889619E-03  10000
    8  64  2.00  0.2350  0.8234006441223393E+00  0.1215451063706778E-02  10000
    8  64  2.00  0.2356  0.8149617221722925E+00  0.1140688644413045E-02  10000
    8  64  2.00  0.2387  0.7727626783994642E+00  0.1099278113266854E-02  10000
    8  64  2.00  0.2400  0.7542173498141855E+00  0.1900149437658012E-02  10000
    8  64  2.00  0.2418  0.7309658689357894E+00  0.1032588866577894E-02  10000
    8  64  2.00  0.2449  0.6890923177495316E+00  0.2106166417323470E-02  10000
    8  64  2.00  0.2480  0.6479899684310068E+00  0.1928081628927118E-02  10000
    8  64  2.00  0.2500  0.6253927207150164E+00  0.1613830388689244E-02  10000
    8  64  2.00  0.2515  0.6064608903972564E+00  0.1726404240540991E-02  10000
    8  64  2.00  0.2530  0.5868682377236445E+00  0.2034506216438940E-02  10000
    8  64  2.00  0.2545  0.5687375655563659E+00  0.2588247881149025E-02  10000
    8  64  2.00  0.2560  0.5500799911327318E+00  0.2129471175526243E-02  10000
    8  64  2.00  0.2575  0.5327227564550026E+00  0.2259107564121464E-02  10000
    8  64  2.00  0.2590  0.5176111783195397E+00  0.2701044592486266E-02  10000
    8  64  2.00  0.2605  0.4997041589054608E+00  0.3646049280954509E-02  10000
    8  64  2.00  0.2620  0.4868768455334403E+00  0.4277566687982241E-02  10000
    8  64  2.00  0.2625  0.4806948138008345E+00  0.3441845474798663E-02  10000
    8  64  2.00  0.2630  0.4734649823805500E+00  0.2858525511456844E-02  10000
    8  64  2.00  0.2635  0.4678330797979616E+00  0.5578837837198461E-02  10000
    8  64  2.00  0.2650  0.4582163080797689E+00  0.7628629283109048E-02  10000
    8  64  2.00  0.2675  0.4396329147053038E+00  0.7980560536980477E-02  10000
    8  64  2.00  0.2700  0.4277576465984354E+00  0.1448229183498284E-01  10000
    8  64  2.00  0.2725  0.4370070626182097E+00  0.2889561812124483E-01  10000
    8  64  2.00  0.2750  0.8229450203274764E+00  0.4650051981939846E+00  10000
    8  64  2.00  0.2780  0.4590141951801450E+00  0.2922131521604062E+00  10000


# pseudoscalar mass (\sigma_3)
"*"
    8  64  2.00  0.2324  0.8579016463130529E+00  0.7682672602525679E-03  10000
    8  64  2.00  0.2350  0.8235704922061836E+00  0.1078767686216457E-02  10000
    8  64  2.00  0.2356  0.8150189714167511E+00  0.1083414690154777E-02  10000
    8  64  2.00  0.2387  0.7727229494709612E+00  0.1032178114322844E-02  10000
    8  64  2.00  0.2400  0.7542602130857770E+00  0.1735048409315159E-02  10000
    8  64  2.00  0.2418  0.7310538037747694E+00  0.9151112950908035E-03  10000
    8  64  2.00  0.2449  0.6878985918454018E+00  0.1805188576314320E-02  10000
    8  64  2.00  0.2480  0.6485394897787025E+00  0.2129423352524417E-02  10000
    8  64  2.00  0.2500  0.6258766245281276E+00  0.1434044203606293E-02  10000
    8  64  2.00  0.2515  0.6059667948842425E+00  0.1562837537325011E-02  10000
    8  64  2.00  0.2530  0.5871121737014072E+00  0.1721674173155029E-02  10000
    8  64  2.00  0.2545  0.5686432856229586E+00  0.1975834325351681E-02  10000
    8  64  2.00  0.2560  0.5507064543408285E+00  0.1784452242014894E-02  10000
    8  64  2.00  0.2575  0.5334743380810810E+00  0.1826359324585732E-02  10000
    8  64  2.00  0.2590  0.5178820319701486E+00  0.2298288110569338E-02  10000
    8  64  2.00  0.2605  0.4974301657287626E+00  0.2787423024394999E-02  10000
    8  64  2.00  0.2620  0.4864994118511253E+00  0.2724719317918654E-02  10000
    8  64  2.00  0.2625  0.4806519907562204E+00  0.2232497494985890E-02  10000
    8  64  2.00  0.2630  0.4742864145444948E+00  0.2032887828221099E-02  10000
    8  64  2.00  0.2635  0.4710117531886691E+00  0.3528463136848002E-02  10000
    8  64  2.00  0.2650  0.4584555671774693E+00  0.3705658728623873E-02  10000
    8  64  2.00  0.2675  0.4410970804245274E+00  0.2782557076090171E-02  10000
    8  64  2.00  0.2700  0.4307652576971409E+00  0.4213662201018472E-02  10000
    8  64  2.00  0.2725  0.4298688914479676E+00  0.4064307995142311E-02  10000
    8  64  2.00  0.2750  0.4276155022135261E+00  0.4968513845727967E-02  10000
    8  64  2.00  0.2780  0.4349836321352869E+00  0.1345829970667056E-01  10000


# eta mass (\sigma_1)
"*"
    8  64  2.00  0.2324                     NaN                     NaN  10000
    8  64  2.00  0.2350  0.9121897630614185E+00  0.6702047705639286E+02  10000
    8  64  2.00  0.2356  0.9015749388447639E+00  0.2518422292405088E+02  10000
    8  64  2.00  0.2387  0.8631397161453405E+00  0.5977677683102892E+02  10000
    8  64  2.00  0.2400                     NaN                     NaN  10000
    8  64  2.00  0.2418  0.8217744191170189E+00  0.6181097034751532E+02  10000
    8  64  2.00  0.2449                     NaN                     NaN  10000
    8  64  2.00  0.2480  0.7586133317961673E+00  0.2162169629949608E+01  10000
    8  64  2.00  0.2500  0.7368584724206170E+00  0.6266646222158365E+02  10000
    8  64  2.00  0.2515  0.7176066435868741E+00  0.4764090034052954E+02  10000
    8  64  2.00  0.2530                     NaN                     NaN  10000
    8  64  2.00  0.2545  0.6744978673463851E+00  0.1745444900425680E+01  10000
    8  64  2.00  0.2560                     NaN                     NaN  10000
    8  64  2.00  0.2575  0.6562338115442716E+00  0.8851981656030242E+02  10000
    8  64  2.00  0.2590                     NaN                     NaN  10000
    8  64  2.00  0.2605  0.6215298786434673E+00  0.4746895603812534E+00  10000
    8  64  2.00  0.2620                     NaN                     NaN  10000
    8  64  2.00  0.2625  0.6157644154943052E+00  0.4235319700413744E+02  10000
    8  64  2.00  0.2630  0.6050888338645370E+00  0.3408404523577949E+00  10000
    8  64  2.00  0.2635                     NaN                     NaN  10000
    8  64  2.00  0.2650                     NaN                     NaN  10000
    8  64  2.00  0.2675  0.6010152657793298E+00  0.6828391378122029E+02  10000
    8  64  2.00  0.2700                     NaN                     NaN  10000
    8  64  2.00  0.2725                     NaN                     NaN  10000
    8  64  2.00  0.2750                     NaN                     NaN  10000
    8  64  2.00  0.2780  0.6838569765829030E+00  0.4503912004395255E+00  10000

