# fermion mass from PCAC relation
"m"
    8  64  2.00  0.2324  0.3139673447654916E+00  0.6271943578210727E-02  10000
    8  64  2.00  0.2350  0.2949186907815415E+00  0.8285490552549598E-02  10000
    8  64  2.00  0.2356  0.2905249760979705E+00  0.5839136412387957E-02  10000
    8  64  2.00  0.2387  0.2679439399800443E+00  0.7700440403259571E-02  10000
    8  64  2.00  0.2400  0.2582086877695502E+00  0.1138736690314283E-01  10000
    8  64  2.00  0.2418  0.2455121073987145E+00  0.6142945407397683E-02  10000
    8  64  2.00  0.2449  0.2234063427311136E+00  0.5200968736949626E-02  10000
    8  64  2.00  0.2480  0.2015599419969266E+00  0.6879551396738558E-02  10000
    8  64  2.00  0.2500  0.1878759547430374E+00  0.5287677157784743E-02  10000
    8  64  2.00  0.2515  0.1771969869253487E+00  0.5582518708576408E-02  10000
    8  64  2.00  0.2530  0.1668138052844654E+00  0.8388036127059037E-02  10000
    8  64  2.00  0.2545  0.1564578734686985E+00  0.6630445688695642E-02  10000
    8  64  2.00  0.2560  0.1461076678281042E+00  0.5067011829351836E-02  10000
    8  64  2.00  0.2575  0.1358156065649448E+00  0.6568878857329285E-02  10000
    8  64  2.00  0.2590  0.1261441966806682E+00  0.5597631214424932E-02  10000
    8  64  2.00  0.2605  0.1155459166138406E+00  0.4200116467083598E-02  10000
    8  64  2.00  0.2620  0.1055792462529667E+00  0.9924486583842880E-02  10000
    8  64  2.00  0.2625  0.1023285276284635E+00  0.5660219425312753E-02  10000
    8  64  2.00  0.2630  0.9843783161691069E-01  0.4192737636091683E-02  10000
    8  64  2.00  0.2635  0.9540753697412595E-01  0.6212553749585467E-02  10000
    8  64  2.00  0.2650  0.8562060741147985E-01  0.7961149143811659E-02  10000
    8  64  2.00  0.2675  0.6965389928334358E-01  0.4030116153317939E-02  10000
    8  64  2.00  0.2700  0.5411710932297058E-01  0.4130490731237568E-02  10000
    8  64  2.00  0.2725  0.3805602052170641E-01  0.3901515856716729E-02  10000
    8  64  2.00  0.2750  0.2031348626236294E-01  0.3910070367156422E-02  10000
    8  64  2.00  0.2780 -0.3228774674587492E-02  0.7115056714416632E-02  10000

