#  Re(op_pbp_e)                                                    
   8  64  2.00  0.2200  5.931  0.510  0.739
#  Re(op_pbp_e)                                                    
   8  64  2.00  0.2231    NaN  0.503  0.415
#  Re(op_pbp_e)                                                    
   8  64  2.00  0.2250    NaN  0.500  0.640
#  Re(op_pbp_e)                                                    
   8  64  2.00  0.2262    NaN  0.502  0.474
#  Re(op_pbp_e)                                                    
   8  64  2.00  0.2293    NaN  0.503  0.710
#  Re(op_pbp_e)                                                    
   8  64  2.00  0.2300    NaN  0.503  0.574
#  Re(op_pbp_e)                                                    
   8  64  2.00  0.2324    NaN  0.500  0.548
#  Re(op_pbp_e)                                                    
   8  64  2.00  0.2350    NaN  0.500  0.656
#  Re(op_pbp_e)                                                    
   8  64  2.00  0.2356    NaN  0.500  0.542
#  Re(op_pbp_e)                                                    
   8  64  2.00  0.2387    NaN  0.500  0.232
#  Re(op_pbp_e)                                                    
   8  64  2.00  0.2400    NaN  0.500  0.427
#  Re(op_pbp_e)                                                    
   8  64  2.00  0.2418    NaN  0.500  0.455
#  Re(op_pbp_e)                                                    
   8  64  2.00  0.2449    NaN  0.502  0.334
#  Re(op_pbp_e)                                                    
   8  64  2.00  0.2480    NaN  0.516  0.821
#  Re(op_pbp_e)                                                    
   8  64  2.00  0.2500  0.791  0.538  0.718
#  Re(op_pbp_e)                                                    
   8  64  2.00  0.2515    NaN  0.505  0.379
#  Re(op_pbp_e)                                                    
   8  64  2.00  0.2530  1.452  0.528  0.407
#  Re(op_pbp_e)                                                    
   8  64  2.00  0.2545    NaN  0.500  0.401
#  Re(op_pbp_e)                                                    
   8  64  2.00  0.2560    NaN  0.515  0.568
#  Re(op_pbp_e)                                                    
   8  64  2.00  0.2575    NaN  0.511  0.941
#  Re(op_pbp_e)                                                    
   8  64  2.00  0.2590    NaN  0.509  0.422
#  Re(op_pbp_e)                                                    
   8  64  2.00  0.2605  0.367  0.517  0.681
#  Re(op_pbp_e)                                                    
   8  64  2.00  0.2620  4.316  0.521  0.368
#  Re(op_pbp_e)                                                    
   8  64  2.00  0.2625  2.905  0.520  0.382
#  Re(op_pbp_e)                                                    
   8  64  2.00  0.2630    NaN  0.532  0.743
#  Re(op_pbp_e)                                                    
   8  64  2.00  0.2635    NaN  0.533  0.549
#  Re(op_pbp_e)                                                    
   8  64  2.00  0.2650  0.465  0.540  0.765
#  Re(op_pbp_e)                                                    
   8  64  2.00  0.2675  0.274  0.578  0.605
#  Re(op_pbp_e)                                                    
   8  64  2.00  0.2700  1.066  0.635  0.624
#  Re(op_pbp_e)                                                    
   8  64  2.00  0.2725  0.951  0.653  0.635
#  Re(op_pbp_e)                                                    
   8  64  2.00  0.2750  0.744  0.683  0.916
#  Re(op_pbp_e)                                                    
   8  64  2.00  0.2780  1.211  0.712  0.935
