#-----------------------------------------------------------
#beta =   2.00   kappa =   0.2200
#  Re(op_pbp_e)                                                    
#
#   -11  0.19168E+01  jk failed  0.000E+00  jk failed     1
#   -10  0.19173E+01  jk failed  0.415E-02  jk failed     2
     -9  0.19193E+01  0.138E-02  0.499E-02  0.809E-05    14
     -8  0.19173E+01  0.777E-03  0.371E-02  0.423E-05    30
     -7  0.19175E+01  0.415E-03  0.371E-02  0.196E-05    83
     -6  0.19179E+01  0.329E-03  0.403E-02  0.166E-05   209
     -5  0.19175E+01  0.230E-03  0.410E-02  0.115E-05   306
     -4  0.19171E+01  0.181E-03  0.441E-02  0.122E-05   527
     -3  0.19168E+01  0.146E-03  0.435E-02  0.963E-06   836
     -2  0.19165E+01  0.131E-03  0.429E-02  0.698E-06  1026
     -1  0.19164E+01  0.138E-03  0.421E-02  0.675E-06  1274
      0  0.19162E+01  0.986E-04  0.422E-02  0.794E-06  1329
      1  0.19163E+01  0.134E-03  0.420E-02  0.777E-06  1236
      2  0.19166E+01  0.172E-03  0.418E-02  0.775E-06  1019
      3  0.19169E+01  0.149E-03  0.426E-02  0.656E-06   883
      4  0.19171E+01  0.197E-03  0.427E-02  0.938E-06   522
      5  0.19174E+01  0.172E-03  0.407E-02  0.123E-05   355
      6  0.19173E+01  0.383E-03  0.406E-02  0.196E-05   183
      7  0.19192E+01  0.278E-03  0.325E-02  0.193E-05   100
      8  0.19178E+01  0.925E-03  0.454E-02  0.620E-05    40
      9  0.19192E+01  0.642E-03  0.265E-02  0.201E-05    18
#    10  0.19218E+01  jk failed  0.315E-02  jk failed     5
#    11  0.19195E+01  jk failed  0.159E-02  jk failed     2
&-----------------------------------------------------------
#beta =   2.00   kappa =   0.2231
#  Re(op_pbp_e)                                                    
#
#   -11  0.19068E+01  jk failed  0.000E+00  jk failed     1
#   -10  0.19208E+01  jk failed  0.000E+00  jk failed     1
     -9  0.19131E+01  0.143E-02  0.475E-02  0.101E-04    12
     -8  0.19121E+01  0.977E-03  0.506E-02  0.599E-05    41
     -7  0.19129E+01  0.431E-03  0.414E-02  0.301E-05    98
     -6  0.19120E+01  0.264E-03  0.435E-02  0.179E-05   193
     -5  0.19109E+01  0.220E-03  0.452E-02  0.200E-05   319
     -4  0.19103E+01  0.181E-03  0.478E-02  0.153E-05   548
     -3  0.19105E+01  0.135E-03  0.489E-02  0.137E-05   783
     -2  0.19101E+01  0.120E-03  0.489E-02  0.124E-05  1055
     -1  0.19098E+01  0.121E-03  0.491E-02  0.124E-05  1215
      0  0.19100E+01  0.109E-03  0.489E-02  0.102E-05  1321
      1  0.19102E+01  0.145E-03  0.490E-02  0.695E-06  1296
      2  0.19102E+01  0.178E-03  0.482E-02  0.989E-06  1029
      3  0.19105E+01  0.141E-03  0.470E-02  0.126E-05   804
      4  0.19106E+01  0.228E-03  0.445E-02  0.108E-05   611
      5  0.19111E+01  0.228E-03  0.464E-02  0.179E-05   340
      6  0.19110E+01  0.417E-03  0.462E-02  0.275E-05   165
      7  0.19121E+01  0.364E-03  0.455E-02  0.434E-05    99
      8  0.19121E+01  0.851E-03  0.435E-02  0.564E-05    38
      9  0.19142E+01  0.103E-02  0.496E-02  0.111E-04    24
#    10  0.19088E+01  jk failed  0.607E-02  jk failed     5
#    11  0.19173E+01  jk failed  0.174E-02  jk failed     2
&-----------------------------------------------------------
#beta =   2.00   kappa =   0.2250
#  Re(op_pbp_e)                                                    
#
#   -10  0.19113E+01  jk failed  0.461E-02  jk failed     4
#    -9  0.19094E+01  jk failed  0.273E-02  jk failed     9
     -8  0.19099E+01  0.823E-03  0.453E-02  0.565E-05    38
     -7  0.19075E+01  0.541E-03  0.523E-02  0.326E-05    94
     -6  0.19077E+01  0.350E-03  0.510E-02  0.266E-05   187
     -5  0.19067E+01  0.318E-03  0.494E-02  0.175E-05   316
     -4  0.19068E+01  0.207E-03  0.485E-02  0.122E-05   508
     -3  0.19062E+01  0.195E-03  0.523E-02  0.167E-05   785
     -2  0.19063E+01  0.163E-03  0.504E-02  0.128E-05  1093
     -1  0.19057E+01  0.146E-03  0.501E-02  0.942E-06  1264
      0  0.19060E+01  0.140E-03  0.511E-02  0.723E-06  1366
      1  0.19062E+01  0.169E-03  0.537E-02  0.111E-05  1294
      2  0.19060E+01  0.174E-03  0.516E-02  0.941E-06  1084
      3  0.19059E+01  0.199E-03  0.510E-02  0.157E-05   796
      4  0.19064E+01  0.178E-03  0.481E-02  0.149E-05   544
      5  0.19068E+01  0.257E-03  0.516E-02  0.270E-05   306
      6  0.19072E+01  0.485E-03  0.494E-02  0.274E-05   166
      7  0.19089E+01  0.523E-03  0.458E-02  0.303E-05    90
      8  0.19097E+01  0.106E-02  0.551E-02  0.696E-05    38
      9  0.19085E+01  0.127E-02  0.402E-02  0.544E-05    11
#    10  0.19084E+01  jk failed  0.447E-02  jk failed     5
#    11  0.19144E+01  jk failed  0.132E-02  jk failed     2
&-----------------------------------------------------------
#beta =   2.00   kappa =   0.2262
#  Re(op_pbp_e)                                                    
#
#   -11  0.19107E+01  jk failed  0.000E+00  jk failed     1
#   -10  0.19069E+01  jk failed  0.217E-02  jk failed     5
     -9  0.19072E+01  0.991E-03  0.420E-02  0.362E-05    19
     -8  0.19070E+01  0.101E-02  0.439E-02  0.645E-05    29
     -7  0.19060E+01  0.607E-03  0.482E-02  0.433E-05    72
     -6  0.19047E+01  0.427E-03  0.511E-02  0.280E-05   162
     -5  0.19049E+01  0.356E-03  0.540E-02  0.193E-05   347
     -4  0.19043E+01  0.178E-03  0.510E-02  0.179E-05   545
     -3  0.19036E+01  0.196E-03  0.549E-02  0.155E-05   839
     -2  0.19034E+01  0.149E-03  0.563E-02  0.163E-05  1107
     -1  0.19029E+01  0.106E-03  0.532E-02  0.101E-05  1301
      0  0.19031E+01  0.134E-03  0.537E-02  0.125E-05  1279
      1  0.19031E+01  0.151E-03  0.541E-02  0.120E-05  1271
      2  0.19035E+01  0.182E-03  0.552E-02  0.150E-05  1052
      3  0.19038E+01  0.168E-03  0.558E-02  0.155E-05   798
      4  0.19040E+01  0.252E-03  0.519E-02  0.231E-05   534
      5  0.19045E+01  0.271E-03  0.514E-02  0.251E-05   320
      6  0.19056E+01  0.374E-03  0.526E-02  0.314E-05   176
      7  0.19054E+01  0.535E-03  0.486E-02  0.380E-05    81
      8  0.19069E+01  0.762E-03  0.420E-02  0.391E-05    40
      9  0.19076E+01  0.108E-02  0.419E-02  0.487E-05    16
#    10  0.19071E+01  jk failed  0.543E-02  jk failed     5
#    11  0.19007E+01  jk failed  0.000E+00  jk failed     1
&-----------------------------------------------------------
#beta =   2.00   kappa =   0.2293
#  Re(op_pbp_e)                                                    
#
#   -11  0.19071E+01  jk failed  0.000E+00  jk failed     1
#   -10  0.19044E+01  jk failed  0.981E-03  jk failed     3
     -9  0.18982E+01  0.750E-03  0.249E-02  0.286E-05    12
     -8  0.18996E+01  0.125E-02  0.588E-02  0.888E-05    23
     -7  0.18992E+01  0.641E-03  0.569E-02  0.386E-05    86
     -6  0.18980E+01  0.451E-03  0.608E-02  0.385E-05   163
     -5  0.18978E+01  0.337E-03  0.582E-02  0.362E-05   299
     -4  0.18971E+01  0.282E-03  0.569E-02  0.235E-05   521
     -3  0.18965E+01  0.254E-03  0.608E-02  0.157E-05   797
     -2  0.18957E+01  0.220E-03  0.626E-02  0.198E-05  1042
     -1  0.18956E+01  0.206E-03  0.617E-02  0.152E-05  1299
      0  0.18958E+01  0.197E-03  0.612E-02  0.185E-05  1355
      1  0.18959E+01  0.290E-03  0.610E-02  0.183E-05  1227
      2  0.18963E+01  0.179E-03  0.618E-02  0.159E-05  1081
      3  0.18963E+01  0.221E-03  0.609E-02  0.184E-05   865
      4  0.18971E+01  0.288E-03  0.581E-02  0.245E-05   564
      5  0.18980E+01  0.368E-03  0.587E-02  0.385E-05   339
      6  0.18984E+01  0.468E-03  0.580E-02  0.257E-05   172
      7  0.18989E+01  0.692E-03  0.550E-02  0.439E-05    87
      8  0.18989E+01  0.885E-03  0.623E-02  0.671E-05    47
      9  0.19047E+01  0.164E-02  0.568E-02  0.130E-04    13
#    10  0.19028E+01  jk failed  0.238E-02  jk failed     2
#    11  0.19115E+01  jk failed  0.000E+00  jk failed     1
#    13  0.19082E+01  jk failed  0.000E+00  jk failed     1
&-----------------------------------------------------------
#beta =   2.00   kappa =   0.2300
#  Re(op_pbp_e)                                                    
#
#   -11  0.18950E+01  jk failed  0.466E-03  jk failed     2
#   -10  0.19007E+01  jk failed  0.558E-02  jk failed     4
     -9  0.18975E+01  0.194E-02  0.750E-02  0.158E-04    16
     -8  0.18980E+01  0.118E-02  0.569E-02  0.104E-04    34
     -7  0.18971E+01  0.779E-03  0.580E-02  0.404E-05    87
     -6  0.18962E+01  0.356E-03  0.581E-02  0.303E-05   192
     -5  0.18956E+01  0.285E-03  0.576E-02  0.304E-05   295
     -4  0.18952E+01  0.197E-03  0.597E-02  0.198E-05   537
     -3  0.18944E+01  0.172E-03  0.608E-02  0.201E-05   751
     -2  0.18938E+01  0.153E-03  0.616E-02  0.151E-05  1046
     -1  0.18945E+01  0.170E-03  0.642E-02  0.144E-05  1321
      0  0.18936E+01  0.182E-03  0.642E-02  0.157E-05  1369
      1  0.18942E+01  0.181E-03  0.638E-02  0.157E-05  1310
      2  0.18943E+01  0.167E-03  0.627E-02  0.188E-05  1099
      3  0.18944E+01  0.246E-03  0.627E-02  0.211E-05   783
      4  0.18951E+01  0.257E-03  0.585E-02  0.196E-05   541
      5  0.18965E+01  0.281E-03  0.567E-02  0.295E-05   304
      6  0.18959E+01  0.491E-03  0.632E-02  0.440E-05   173
      7  0.18975E+01  0.565E-03  0.548E-02  0.466E-05    84
      8  0.18968E+01  0.163E-02  0.663E-02  0.174E-04    29
      9  0.19000E+01  0.128E-02  0.512E-02  0.121E-04    17
#    10  0.19036E+01  jk failed  0.608E-02  jk failed     6
&-----------------------------------------------------------
#beta =   2.00   kappa =   0.2324
#  Re(op_pbp_e)                                                    
#
#   -11  0.18913E+01  jk failed  0.467E-02  jk failed     2
#   -10  0.18988E+01  jk failed  0.478E-02  jk failed     7
     -9  0.18922E+01  0.144E-02  0.455E-02  0.820E-05    11
     -8  0.18931E+01  0.155E-02  0.634E-02  0.123E-04    33
     -7  0.18900E+01  0.658E-03  0.674E-02  0.856E-05    85
     -6  0.18908E+01  0.546E-03  0.641E-02  0.561E-05   188
     -5  0.18897E+01  0.386E-03  0.661E-02  0.395E-05   295
     -4  0.18889E+01  0.358E-03  0.689E-02  0.265E-05   532
     -3  0.18887E+01  0.229E-03  0.693E-02  0.257E-05   801
     -2  0.18883E+01  0.196E-03  0.687E-02  0.232E-05  1063
     -1  0.18880E+01  0.177E-03  0.684E-02  0.189E-05  1297
      0  0.18880E+01  0.228E-03  0.699E-02  0.197E-05  1400
      1  0.18877E+01  0.212E-03  0.687E-02  0.160E-05  1287
      2  0.18880E+01  0.185E-03  0.692E-02  0.188E-05  1085
      3  0.18880E+01  0.315E-03  0.693E-02  0.301E-05   790
      4  0.18893E+01  0.280E-03  0.651E-02  0.287E-05   536
      5  0.18899E+01  0.381E-03  0.658E-02  0.327E-05   288
      6  0.18907E+01  0.528E-03  0.663E-02  0.467E-05   168
      7  0.18909E+01  0.690E-03  0.542E-02  0.540E-05    70
      8  0.18904E+01  0.108E-02  0.643E-02  0.114E-04    41
      9  0.18922E+01  0.119E-02  0.395E-02  0.794E-05    12
#    10  0.18968E+01  jk failed  0.637E-02  jk failed     7
#    12  0.18959E+01  jk failed  0.237E-02  jk failed     2
&-----------------------------------------------------------
#beta =   2.00   kappa =   0.2350
#  Re(op_pbp_e)                                                    
#
#   -11  0.18919E+01  jk failed  0.000E+00  jk failed     1
#   -10  0.18827E+01  jk failed  0.476E-02  jk failed     3
     -9  0.18879E+01  0.150E-02  0.563E-02  0.180E-04    15
     -8  0.18876E+01  0.138E-02  0.745E-02  0.142E-04    31
     -7  0.18837E+01  0.905E-03  0.726E-02  0.757E-05    93
     -6  0.18832E+01  0.662E-03  0.811E-02  0.774E-05   172
     -5  0.18825E+01  0.439E-03  0.777E-02  0.452E-05   319
     -4  0.18827E+01  0.271E-03  0.731E-02  0.340E-05   544
     -3  0.18815E+01  0.192E-03  0.727E-02  0.331E-05   780
     -2  0.18806E+01  0.236E-03  0.759E-02  0.347E-05  1068
     -1  0.18804E+01  0.211E-03  0.750E-02  0.228E-05  1282
      0  0.18808E+01  0.155E-03  0.770E-02  0.265E-05  1349
      1  0.18809E+01  0.174E-03  0.758E-02  0.161E-05  1320
      2  0.18811E+01  0.185E-03  0.778E-02  0.372E-05  1059
      3  0.18812E+01  0.277E-03  0.762E-02  0.243E-05   828
      4  0.18817E+01  0.290E-03  0.710E-02  0.281E-05   518
      5  0.18832E+01  0.355E-03  0.739E-02  0.404E-05   328
      6  0.18840E+01  0.346E-03  0.713E-02  0.537E-05   159
      7  0.18850E+01  0.974E-03  0.767E-02  0.103E-04    84
      8  0.18857E+01  0.201E-02  0.819E-02  0.184E-04    26
      9  0.18861E+01  0.161E-02  0.645E-02  0.151E-04    17
#    10  0.18928E+01  jk failed  0.578E-03  jk failed     4
&-----------------------------------------------------------
#beta =   2.00   kappa =   0.2356
#  Re(op_pbp_e)                                                    
#
#   -12  0.18887E+01  jk failed  0.000E+00  jk failed     1
#   -10  0.18910E+01  jk failed  0.308E-02  jk failed     3
     -9  0.18863E+01  0.165E-02  0.595E-02  0.963E-05    14
     -8  0.18840E+01  0.157E-02  0.753E-02  0.138E-04    24
     -7  0.18826E+01  0.773E-03  0.684E-02  0.649E-05    64
     -6  0.18818E+01  0.469E-03  0.712E-02  0.411E-05   183
     -5  0.18814E+01  0.412E-03  0.768E-02  0.379E-05   312
     -4  0.18805E+01  0.272E-03  0.734E-02  0.408E-05   549
     -3  0.18793E+01  0.293E-03  0.790E-02  0.293E-05   804
     -2  0.18794E+01  0.175E-03  0.754E-02  0.285E-05  1078
     -1  0.18792E+01  0.213E-03  0.789E-02  0.189E-05  1287
      0  0.18787E+01  0.241E-03  0.799E-02  0.221E-05  1362
      1  0.18790E+01  0.173E-03  0.830E-02  0.318E-05  1318
      2  0.18789E+01  0.180E-03  0.791E-02  0.225E-05  1112
      3  0.18796E+01  0.260E-03  0.778E-02  0.280E-05   763
      4  0.18809E+01  0.378E-03  0.778E-02  0.286E-05   557
      5  0.18816E+01  0.431E-03  0.750E-02  0.462E-05   275
      6  0.18828E+01  0.459E-03  0.678E-02  0.540E-05   166
      7  0.18828E+01  0.770E-03  0.695E-02  0.627E-05    77
      8  0.18850E+01  0.116E-02  0.656E-02  0.802E-05    37
#     9  0.18850E+01  jk failed  0.731E-02  jk failed     7
#    10  0.18882E+01  jk failed  0.524E-02  jk failed     4
#    11  0.18865E+01  jk failed  0.604E-02  jk failed     2
#    12  0.18940E+01  jk failed  0.000E+00  jk failed     1
&-----------------------------------------------------------
#beta =   2.00   kappa =   0.2387
#  Re(op_pbp_e)                                                    
#
#   -11  0.18887E+01  jk failed  0.000E+00  jk failed     1
#   -10  0.18800E+01  jk failed  0.190E-02  jk failed     4
     -9  0.18795E+01  0.247E-02  0.856E-02  0.399E-04    13
     -8  0.18785E+01  0.138E-02  0.663E-02  0.128E-04    24
     -7  0.18747E+01  0.143E-02  0.108E-01  0.172E-04    65
     -6  0.18732E+01  0.687E-03  0.887E-02  0.716E-05   161
     -5  0.18723E+01  0.410E-03  0.839E-02  0.530E-05   284
     -4  0.18716E+01  0.353E-03  0.865E-02  0.649E-05   498
     -3  0.18705E+01  0.260E-03  0.890E-02  0.409E-05   834
     -2  0.18696E+01  0.229E-03  0.919E-02  0.409E-05  1055
     -1  0.18693E+01  0.241E-03  0.885E-02  0.357E-05  1277
      0  0.18697E+01  0.271E-03  0.910E-02  0.305E-05  1417
      1  0.18693E+01  0.180E-03  0.899E-02  0.276E-05  1378
      2  0.18696E+01  0.238E-03  0.914E-02  0.362E-05  1095
      3  0.18705E+01  0.389E-03  0.906E-02  0.382E-05   789
      4  0.18707E+01  0.356E-03  0.887E-02  0.481E-05   522
      5  0.18720E+01  0.545E-03  0.873E-02  0.543E-05   299
      6  0.18751E+01  0.777E-03  0.808E-02  0.641E-05   177
      7  0.18752E+01  0.111E-02  0.739E-02  0.118E-04    74
      8  0.18758E+01  0.174E-02  0.760E-02  0.143E-04    20
      9  0.18766E+01  0.209E-02  0.660E-02  0.192E-04    11
#    10  0.18849E+01  jk failed  0.588E-02  jk failed     2
&-----------------------------------------------------------
#beta =   2.00   kappa =   0.2400
#  Re(op_pbp_e)                                                    
#
#   -12  0.18877E+01  jk failed  0.000E+00  jk failed     1
#   -11  0.18843E+01  jk failed  0.000E+00  jk failed     1
#   -10  0.18788E+01  jk failed  0.100E-01  jk failed     2
#    -9  0.18776E+01  jk failed  0.786E-02  jk failed     3
     -8  0.18725E+01  0.189E-02  0.845E-02  0.199E-04    35
     -7  0.18695E+01  0.119E-02  0.846E-02  0.154E-04    57
     -6  0.18686E+01  0.867E-03  0.859E-02  0.916E-05   152
     -5  0.18682E+01  0.644E-03  0.927E-02  0.609E-05   298
     -4  0.18669E+01  0.431E-03  0.953E-02  0.635E-05   529
     -3  0.18659E+01  0.302E-03  0.939E-02  0.349E-05   836
     -2  0.18654E+01  0.302E-03  0.978E-02  0.342E-05  1084
     -1  0.18651E+01  0.300E-03  0.971E-02  0.268E-05  1279
      0  0.18648E+01  0.346E-03  0.985E-02  0.398E-05  1404
      1  0.18648E+01  0.296E-03  0.101E-01  0.377E-05  1338
      2  0.18655E+01  0.233E-03  0.938E-02  0.481E-05  1141
      3  0.18662E+01  0.375E-03  0.924E-02  0.370E-05   782
      4  0.18671E+01  0.427E-03  0.972E-02  0.625E-05   520
      5  0.18674E+01  0.553E-03  0.917E-02  0.683E-05   278
      6  0.18683E+01  0.649E-03  0.812E-02  0.702E-05   144
      7  0.18707E+01  0.103E-02  0.868E-02  0.136E-04    70
      8  0.18726E+01  0.164E-02  0.736E-02  0.229E-04    29
#     9  0.18777E+01  jk failed  0.632E-02  jk failed     8
#    10  0.18800E+01  jk failed  0.568E-02  jk failed     4
#    11  0.18814E+01  jk failed  0.598E-02  jk failed     4
#    12  0.18845E+01  jk failed  0.000E+00  jk failed     1
&-----------------------------------------------------------
#beta =   2.00   kappa =   0.2418
#  Re(op_pbp_e)                                                    
#
#   -11  0.18723E+01  jk failed  0.000E+00  jk failed     1
#   -10  0.18722E+01  jk failed  0.478E-02  jk failed     4
     -9  0.18674E+01  0.285E-02  0.944E-02  0.212E-04    12
     -8  0.18681E+01  0.173E-02  0.747E-02  0.161E-04    25
     -7  0.18660E+01  0.134E-02  0.101E-01  0.197E-04    68
     -6  0.18629E+01  0.780E-03  0.984E-02  0.141E-04   166
     -5  0.18629E+01  0.531E-03  0.945E-02  0.624E-05   287
     -4  0.18612E+01  0.418E-03  0.969E-02  0.448E-05   520
     -3  0.18603E+01  0.393E-03  0.105E-01  0.505E-05   807
     -2  0.18596E+01  0.427E-03  0.108E-01  0.382E-05  1065
     -1  0.18592E+01  0.358E-03  0.104E-01  0.554E-05  1322
      0  0.18588E+01  0.231E-03  0.107E-01  0.475E-05  1446
      1  0.18592E+01  0.322E-03  0.106E-01  0.296E-05  1294
      2  0.18589E+01  0.302E-03  0.108E-01  0.539E-05  1086
      3  0.18603E+01  0.414E-03  0.104E-01  0.542E-05   795
      4  0.18609E+01  0.435E-03  0.993E-02  0.638E-05   528
      5  0.18628E+01  0.698E-03  0.100E-01  0.776E-05   298
      6  0.18645E+01  0.685E-03  0.910E-02  0.750E-05   167
      7  0.18640E+01  0.138E-02  0.102E-01  0.194E-04    72
      8  0.18694E+01  0.208E-02  0.895E-02  0.225E-04    26
#     9  0.18688E+01  jk failed  0.652E-02  jk failed     8
#    10  0.18790E+01  jk failed  0.249E-02  jk failed     2
#    11  0.18679E+01  jk failed  0.000E+00  jk failed     1
&-----------------------------------------------------------
#beta =   2.00   kappa =   0.2449
#  Re(op_pbp_e)                                                    
#
#   -10  0.18707E+01  jk failed  0.000E+00  jk failed     1
#    -9  0.18559E+01  jk failed  0.115E-01  jk failed     9
     -8  0.18576E+01  0.256E-02  0.123E-01  0.686E-04    24
     -7  0.18579E+01  0.152E-02  0.108E-01  0.234E-04    48
     -6  0.18527E+01  0.810E-03  0.122E-01  0.193E-04   136
     -5  0.18521E+01  0.760E-03  0.113E-01  0.103E-04   282
     -4  0.18498E+01  0.546E-03  0.121E-01  0.879E-05   503
     -3  0.18488E+01  0.424E-03  0.124E-01  0.107E-04   784
     -2  0.18483E+01  0.445E-03  0.118E-01  0.568E-05  1088
     -1  0.18479E+01  0.294E-03  0.124E-01  0.600E-05  1389
      0  0.18467E+01  0.336E-03  0.126E-01  0.446E-05  1461
      1  0.18473E+01  0.337E-03  0.124E-01  0.442E-05  1377
      2  0.18481E+01  0.292E-03  0.118E-01  0.626E-05  1106
      3  0.18490E+01  0.367E-03  0.116E-01  0.767E-05   751
      4  0.18507E+01  0.573E-03  0.116E-01  0.918E-05   530
      5  0.18530E+01  0.595E-03  0.118E-01  0.981E-05   268
      6  0.18543E+01  0.898E-03  0.111E-01  0.140E-04   153
      7  0.18569E+01  0.135E-02  0.112E-01  0.230E-04    56
      8  0.18582E+01  0.199E-02  0.837E-02  0.214E-04    26
#     9  0.18621E+01  jk failed  0.115E-01  jk failed     8
&-----------------------------------------------------------
#beta =   2.00   kappa =   0.2480
#  Re(op_pbp_e)                                                    
#
#   -10  0.18463E+01  jk failed  0.593E-03  jk failed     2
#    -9  0.18558E+01  jk failed  0.101E-01  jk failed     9
     -8  0.18458E+01  0.283E-02  0.117E-01  0.284E-04    18
     -7  0.18455E+01  0.177E-02  0.112E-01  0.333E-04    50
     -6  0.18411E+01  0.123E-02  0.138E-01  0.297E-04   129
     -5  0.18399E+01  0.801E-03  0.126E-01  0.142E-04   266
     -4  0.18375E+01  0.508E-03  0.131E-01  0.129E-04   481
     -3  0.18358E+01  0.419E-03  0.144E-01  0.914E-05   763
     -2  0.18352E+01  0.426E-03  0.142E-01  0.893E-05  1134
     -1  0.18341E+01  0.354E-03  0.149E-01  0.794E-05  1384
      0  0.18346E+01  0.334E-03  0.140E-01  0.711E-05  1499
      1  0.18346E+01  0.462E-03  0.142E-01  0.903E-05  1411
      2  0.18358E+01  0.441E-03  0.143E-01  0.101E-04  1072
      3  0.18360E+01  0.557E-03  0.143E-01  0.110E-04   786
      4  0.18392E+01  0.836E-03  0.137E-01  0.162E-04   502
      5  0.18404E+01  0.526E-03  0.135E-01  0.145E-04   284
      6  0.18419E+01  0.109E-02  0.120E-01  0.187E-04   123
      7  0.18448E+01  0.158E-02  0.102E-01  0.267E-04    54
      8  0.18517E+01  0.281E-02  0.113E-01  0.354E-04    26
#     9  0.18468E+01  jk failed  0.307E-02  jk failed     3
#    10  0.18571E+01  jk failed  0.992E-02  jk failed     4
&-----------------------------------------------------------
#beta =   2.00   kappa =   0.2500
#  Re(op_pbp_e)                                                    
#
#   -10  0.18631E+01  jk failed  0.000E+00  jk failed     1
#    -9  0.18529E+01  jk failed  0.674E-02  jk failed     4
     -8  0.18442E+01  0.281E-02  0.116E-01  0.425E-04    18
     -7  0.18373E+01  0.204E-02  0.134E-01  0.302E-04    56
     -6  0.18340E+01  0.141E-02  0.149E-01  0.279E-04   109
     -5  0.18311E+01  0.110E-02  0.153E-01  0.173E-04   253
     -4  0.18316E+01  0.641E-03  0.151E-01  0.196E-04   495
     -3  0.18272E+01  0.432E-03  0.160E-01  0.151E-04   799
     -2  0.18267E+01  0.567E-03  0.158E-01  0.979E-05  1159
     -1  0.18252E+01  0.391E-03  0.162E-01  0.870E-05  1367
      0  0.18248E+01  0.464E-03  0.156E-01  0.105E-04  1452
      1  0.18251E+01  0.423E-03  0.160E-01  0.103E-04  1375
      2  0.18265E+01  0.464E-03  0.154E-01  0.969E-05  1130
      3  0.18280E+01  0.487E-03  0.147E-01  0.819E-05   758
      4  0.18304E+01  0.652E-03  0.153E-01  0.133E-04   495
      5  0.18316E+01  0.671E-03  0.141E-01  0.162E-04   290
      6  0.18337E+01  0.154E-02  0.145E-01  0.211E-04   157
      7  0.18400E+01  0.217E-02  0.139E-01  0.442E-04    56
      8  0.18437E+01  0.271E-02  0.118E-01  0.676E-04    20
#     9  0.18452E+01  jk failed  0.128E-01  jk failed     5
#    10  0.18366E+01  jk failed  0.000E+00  jk failed     1
&-----------------------------------------------------------
#beta =   2.00   kappa =   0.2515
#  Re(op_pbp_e)                                                    
#
#   -10  0.18357E+01  jk failed  0.000E+00  jk failed     1
#    -9  0.18294E+01  jk failed  0.204E-01  jk failed     4
     -8  0.18392E+01  0.361E-02  0.149E-01  0.719E-04    18
     -7  0.18305E+01  0.147E-02  0.118E-01  0.313E-04    50
     -6  0.18271E+01  0.122E-02  0.139E-01  0.225E-04   125
     -5  0.18265E+01  0.902E-03  0.159E-01  0.207E-04   253
     -4  0.18235E+01  0.613E-03  0.160E-01  0.167E-04   493
     -3  0.18207E+01  0.420E-03  0.171E-01  0.138E-04   795
     -2  0.18180E+01  0.406E-03  0.175E-01  0.120E-04  1068
     -1  0.18170E+01  0.382E-03  0.174E-01  0.111E-04  1468
      0  0.18171E+01  0.362E-03  0.175E-01  0.121E-04  1489
      1  0.18177E+01  0.583E-03  0.178E-01  0.120E-04  1417
      2  0.18182E+01  0.354E-03  0.175E-01  0.144E-04  1100
      3  0.18208E+01  0.610E-03  0.169E-01  0.174E-04   786
      4  0.18226E+01  0.777E-03  0.162E-01  0.154E-04   492
      5  0.18254E+01  0.877E-03  0.157E-01  0.210E-04   259
      6  0.18282E+01  0.141E-02  0.135E-01  0.238E-04   110
      7  0.18318E+01  0.280E-02  0.161E-01  0.543E-04    49
      8  0.18369E+01  0.325E-02  0.138E-01  0.725E-04    19
#     9  0.18419E+01  jk failed  0.115E-01  jk failed     4
&-----------------------------------------------------------
#beta =   2.00   kappa =   0.2530
#  Re(op_pbp_e)                                                    
#
#   -10  0.18416E+01  jk failed  0.157E-02  jk failed     2
#    -9  0.18339E+01  jk failed  0.136E-01  jk failed     4
     -8  0.18296E+01  0.298E-02  0.123E-01  0.485E-04    18
     -7  0.18304E+01  0.230E-02  0.151E-01  0.394E-04    51
     -6  0.18211E+01  0.164E-02  0.171E-01  0.462E-04   127
     -5  0.18185E+01  0.108E-02  0.176E-01  0.396E-04   247
     -4  0.18155E+01  0.108E-02  0.168E-01  0.201E-04   419
     -3  0.18129E+01  0.801E-03  0.181E-01  0.159E-04   753
     -2  0.18106E+01  0.497E-03  0.187E-01  0.136E-04  1163
     -1  0.18100E+01  0.494E-03  0.185E-01  0.145E-04  1375
      0  0.18090E+01  0.457E-03  0.196E-01  0.127E-04  1551
      1  0.18096E+01  0.422E-03  0.187E-01  0.119E-04  1399
      2  0.18112E+01  0.526E-03  0.185E-01  0.130E-04  1168
      3  0.18123E+01  0.642E-03  0.179E-01  0.166E-04   820
      4  0.18160E+01  0.870E-03  0.172E-01  0.204E-04   454
      5  0.18193E+01  0.955E-03  0.179E-01  0.282E-04   253
      6  0.18247E+01  0.153E-02  0.146E-01  0.199E-04   115
      7  0.18247E+01  0.249E-02  0.162E-01  0.419E-04    53
      8  0.18372E+01  0.356E-02  0.159E-01  0.789E-04    21
#     9  0.18270E+01  jk failed  0.109E-01  jk failed     7
&-----------------------------------------------------------
#beta =   2.00   kappa =   0.2545
#  Re(op_pbp_e)                                                    
#
#    -9  0.18398E+01  jk failed  0.739E-02  jk failed     3
     -8  0.18273E+01  0.386E-02  0.154E-01  0.915E-04    17
     -7  0.18199E+01  0.389E-02  0.182E-01  0.118E-03    23
     -6  0.18130E+01  0.178E-02  0.169E-01  0.417E-04    81
     -5  0.18105E+01  0.151E-02  0.196E-01  0.350E-04   206
     -4  0.18079E+01  0.828E-03  0.186E-01  0.231E-04   460
     -3  0.18037E+01  0.682E-03  0.202E-01  0.238E-04   770
     -2  0.18026E+01  0.574E-03  0.200E-01  0.192E-04  1149
     -1  0.18011E+01  0.508E-03  0.205E-01  0.173E-04  1440
      0  0.18009E+01  0.538E-03  0.208E-01  0.149E-04  1551
      1  0.18020E+01  0.509E-03  0.202E-01  0.134E-04  1425
      2  0.18018E+01  0.688E-03  0.199E-01  0.202E-04  1142
      3  0.18041E+01  0.639E-03  0.207E-01  0.192E-04   839
      4  0.18065E+01  0.864E-03  0.197E-01  0.258E-04   458
      5  0.18118E+01  0.139E-02  0.180E-01  0.240E-04   247
      6  0.18141E+01  0.181E-02  0.181E-01  0.548E-04   118
      7  0.18251E+01  0.262E-02  0.148E-01  0.524E-04    43
      8  0.18255E+01  0.406E-02  0.161E-01  0.745E-04    25
#     9  0.18347E+01  jk failed  0.131E-02  jk failed     2
#    12  0.18520E+01  jk failed  0.000E+00  jk failed     1
&-----------------------------------------------------------
#beta =   2.00   kappa =   0.2560
#  Re(op_pbp_e)                                                    
#
#   -11  0.18303E+01  jk failed  0.000E+00  jk failed     1
#   -10  0.18596E+01  jk failed  0.000E+00  jk failed     1
#    -9  0.18226E+01  jk failed  0.197E-01  jk failed     4
#    -8  0.18077E+01  jk failed  0.138E-01  jk failed     5
     -7  0.18154E+01  0.351E-02  0.156E-01  0.670E-04    33
     -6  0.18110E+01  0.168E-02  0.184E-01  0.538E-04    77
     -5  0.18016E+01  0.136E-02  0.203E-01  0.485E-04   216
     -4  0.17976E+01  0.109E-02  0.225E-01  0.350E-04   435
     -3  0.17962E+01  0.838E-03  0.223E-01  0.233E-04   803
     -2  0.17942E+01  0.450E-03  0.218E-01  0.203E-04  1154
     -1  0.17914E+01  0.721E-03  0.230E-01  0.202E-04  1466
      0  0.17910E+01  0.620E-03  0.225E-01  0.165E-04  1539
      1  0.17923E+01  0.588E-03  0.216E-01  0.193E-04  1455
      2  0.17935E+01  0.625E-03  0.221E-01  0.159E-04  1136
      3  0.17954E+01  0.923E-03  0.204E-01  0.189E-04   786
      4  0.17998E+01  0.130E-02  0.208E-01  0.267E-04   480
      5  0.18035E+01  0.130E-02  0.208E-01  0.423E-04   258
      6  0.18078E+01  0.224E-02  0.195E-01  0.855E-04    94
      7  0.18100E+01  0.353E-02  0.204E-01  0.104E-03    43
#     8  0.18169E+01  jk failed  0.199E-01  jk failed     9
#     9  0.18023E+01  jk failed  0.152E-01  jk failed     4
#    10  0.18519E+01  jk failed  0.000E+00  jk failed     1
&-----------------------------------------------------------
#beta =   2.00   kappa =   0.2575
#  Re(op_pbp_e)                                                    
#
#    -8  0.18174E+01  jk failed  0.126E-01  jk failed     8
     -7  0.18149E+01  0.352E-02  0.165E-01  0.859E-04    23
     -6  0.18026E+01  0.197E-02  0.198E-01  0.748E-04    88
     -5  0.17943E+01  0.121E-02  0.221E-01  0.459E-04   224
     -4  0.17920E+01  0.110E-02  0.210E-01  0.305E-04   432
     -3  0.17866E+01  0.102E-02  0.240E-01  0.294E-04   724
     -2  0.17842E+01  0.772E-03  0.243E-01  0.209E-04  1212
     -1  0.17815E+01  0.600E-03  0.240E-01  0.208E-04  1454
      0  0.17817E+01  0.605E-03  0.245E-01  0.172E-04  1583
      1  0.17806E+01  0.671E-03  0.252E-01  0.159E-04  1528
      2  0.17838E+01  0.625E-03  0.243E-01  0.209E-04  1155
      3  0.17864E+01  0.108E-02  0.238E-01  0.301E-04   754
      4  0.17911E+01  0.105E-02  0.223E-01  0.303E-04   478
      5  0.17958E+01  0.134E-02  0.200E-01  0.450E-04   211
      6  0.17992E+01  0.227E-02  0.218E-01  0.632E-04    86
      7  0.18030E+01  0.381E-02  0.156E-01  0.949E-04    29
#     8  0.18194E+01  jk failed  0.204E-01  jk failed     7
#     9  0.18182E+01  jk failed  0.206E-01  jk failed     3
#    10  0.18107E+01  jk failed  0.000E+00  jk failed     1
&-----------------------------------------------------------
#beta =   2.00   kappa =   0.2590
#  Re(op_pbp_e)                                                    
#
#    -9  0.18223E+01  jk failed  0.471E-02  jk failed     2
#    -8  0.18072E+01  jk failed  0.230E-01  jk failed     5
     -7  0.17982E+01  0.572E-02  0.249E-01  0.186E-03    34
     -6  0.17943E+01  0.313E-02  0.240E-01  0.111E-03    79
     -5  0.17868E+01  0.174E-02  0.243E-01  0.555E-04   220
     -4  0.17821E+01  0.103E-02  0.247E-01  0.401E-04   403
     -3  0.17767E+01  0.107E-02  0.254E-01  0.319E-04   719
     -2  0.17735E+01  0.977E-03  0.268E-01  0.312E-04  1193
     -1  0.17697E+01  0.623E-03  0.279E-01  0.271E-04  1529
      0  0.17698E+01  0.580E-03  0.276E-01  0.345E-04  1656
      1  0.17719E+01  0.654E-03  0.274E-01  0.282E-04  1495
      2  0.17731E+01  0.929E-03  0.261E-01  0.245E-04  1175
      3  0.17773E+01  0.852E-03  0.253E-01  0.315E-04   759
      4  0.17828E+01  0.856E-03  0.244E-01  0.373E-04   385
      5  0.17889E+01  0.205E-02  0.240E-01  0.508E-04   222
      6  0.17949E+01  0.251E-02  0.253E-01  0.954E-04    89
      7  0.17959E+01  0.413E-02  0.210E-01  0.109E-03    28
#     8  0.18056E+01  jk failed  0.162E-01  jk failed     6
#    10  0.17990E+01  jk failed  0.000E+00  jk failed     1
&-----------------------------------------------------------
#beta =   2.00   kappa =   0.2605
#  Re(op_pbp_e)                                                    
#
#    -9  0.18039E+01  jk failed  0.179E-01  jk failed     2
#    -8  0.17850E+01  jk failed  0.226E-01  jk failed     8
     -7  0.17890E+01  0.514E-02  0.240E-01  0.178E-03    29
     -6  0.17829E+01  0.395E-02  0.244E-01  0.180E-03    59
     -5  0.17779E+01  0.210E-02  0.258E-01  0.107E-03   162
     -4  0.17702E+01  0.106E-02  0.279E-01  0.396E-04   382
     -3  0.17647E+01  0.113E-02  0.285E-01  0.419E-04   777
     -2  0.17593E+01  0.750E-03  0.303E-01  0.304E-04  1152
     -1  0.17567E+01  0.795E-03  0.316E-01  0.411E-04  1597
      0  0.17567E+01  0.699E-03  0.307E-01  0.289E-04  1710
      1  0.17586E+01  0.888E-03  0.295E-01  0.320E-04  1520
      2  0.17631E+01  0.868E-03  0.288E-01  0.301E-04  1206
      3  0.17660E+01  0.973E-03  0.281E-01  0.393E-04   745
      4  0.17695E+01  0.134E-02  0.275E-01  0.527E-04   383
      5  0.17761E+01  0.201E-02  0.262E-01  0.697E-04   166
      6  0.17806E+01  0.402E-02  0.277E-01  0.110E-03    67
      7  0.17926E+01  0.726E-02  0.305E-01  0.416E-03    26
#     8  0.18062E+01  jk failed  0.324E-01  jk failed     8
#     9  0.18033E+01  jk failed  0.000E+00  jk failed     1
&-----------------------------------------------------------
#beta =   2.00   kappa =   0.2620
#  Re(op_pbp_e)                                                    
#
#    -8  0.17956E+01  jk failed  0.708E-02  jk failed     3
     -7  0.17924E+01  0.681E-02  0.264E-01  0.328E-03    16
     -6  0.17708E+01  0.430E-02  0.277E-01  0.263E-03    56
     -5  0.17654E+01  0.159E-02  0.277E-01  0.103E-03   179
     -4  0.17582E+01  0.175E-02  0.305E-01  0.786E-04   348
     -3  0.17514E+01  0.860E-03  0.319E-01  0.433E-04   725
     -2  0.17482E+01  0.983E-03  0.310E-01  0.344E-04  1177
     -1  0.17436E+01  0.590E-03  0.329E-01  0.356E-04  1582
      0  0.17429E+01  0.749E-03  0.332E-01  0.370E-04  1770
      1  0.17440E+01  0.831E-03  0.320E-01  0.368E-04  1596
      2  0.17493E+01  0.835E-03  0.325E-01  0.327E-04  1189
      3  0.17533E+01  0.101E-02  0.305E-01  0.492E-04   709
      4  0.17577E+01  0.152E-02  0.290E-01  0.756E-04   393
      5  0.17665E+01  0.243E-02  0.274E-01  0.887E-04   162
      6  0.17767E+01  0.400E-02  0.307E-01  0.172E-03    66
      7  0.17882E+01  0.630E-02  0.282E-01  0.266E-03    21
#     8  0.17889E+01  jk failed  0.277E-01  jk failed     6
#     9  0.18423E+01  jk failed  0.726E-02  jk failed     2
&-----------------------------------------------------------
#beta =   2.00   kappa =   0.2625
#  Re(op_pbp_e)                                                    
#
#    -9  0.18248E+01  jk failed  0.000E+00  jk failed     1
#    -8  0.18077E+01  jk failed  0.300E-01  jk failed     3
     -7  0.17900E+01  0.656E-02  0.286E-01  0.230E-03    20
     -6  0.17675E+01  0.357E-02  0.261E-01  0.116E-03    62
     -5  0.17646E+01  0.277E-02  0.278E-01  0.897E-04   149
     -4  0.17557E+01  0.193E-02  0.306E-01  0.816E-04   368
     -3  0.17470E+01  0.937E-03  0.324E-01  0.485E-04   727
     -2  0.17424E+01  0.812E-03  0.326E-01  0.394E-04  1152
     -1  0.17410E+01  0.770E-03  0.338E-01  0.443E-04  1549
      0  0.17380E+01  0.694E-03  0.347E-01  0.355E-04  1798
      1  0.17391E+01  0.788E-03  0.336E-01  0.377E-04  1584
      2  0.17403E+01  0.107E-02  0.334E-01  0.398E-04  1201
      3  0.17477E+01  0.973E-03  0.308E-01  0.466E-04   723
      4  0.17566E+01  0.152E-02  0.336E-01  0.855E-04   406
      5  0.17616E+01  0.227E-02  0.270E-01  0.798E-04   158
      6  0.17749E+01  0.340E-02  0.290E-01  0.164E-03    76
      7  0.17680E+01  0.641E-02  0.287E-01  0.175E-03    21
#     8  0.17893E+01  jk failed  0.400E-01  jk failed     2
&-----------------------------------------------------------
#beta =   2.00   kappa =   0.2630
#  Re(op_pbp_e)                                                    
#
#    -8  0.17815E+01  jk failed  0.133E-01  jk failed     3
     -7  0.17772E+01  0.681E-02  0.319E-01  0.341E-03    23
     -6  0.17708E+01  0.385E-02  0.289E-01  0.137E-03    51
     -5  0.17649E+01  0.258E-02  0.315E-01  0.128E-03   146
     -4  0.17493E+01  0.185E-02  0.349E-01  0.613E-04   388
     -3  0.17455E+01  0.805E-03  0.328E-01  0.551E-04   713
     -2  0.17374E+01  0.104E-02  0.337E-01  0.534E-04  1149
     -1  0.17345E+01  0.918E-03  0.354E-01  0.472E-04  1554
      0  0.17328E+01  0.878E-03  0.355E-01  0.361E-04  1789
      1  0.17341E+01  0.898E-03  0.369E-01  0.462E-04  1673
      2  0.17377E+01  0.926E-03  0.344E-01  0.487E-04  1195
      3  0.17437E+01  0.116E-02  0.325E-01  0.500E-04   703
      4  0.17522E+01  0.156E-02  0.312E-01  0.603E-04   366
      5  0.17615E+01  0.210E-02  0.304E-01  0.122E-03   174
      6  0.17709E+01  0.433E-02  0.253E-01  0.141E-03    50
      7  0.17673E+01  0.707E-02  0.255E-01  0.189E-03    14
#     8  0.18067E+01  jk failed  0.345E-01  jk failed     7
#     9  0.18022E+01  jk failed  0.000E+00  jk failed     1
#    10  0.17607E+01  jk failed  0.000E+00  jk failed     1
&-----------------------------------------------------------
#beta =   2.00   kappa =   0.2635
#  Re(op_pbp_e)                                                    
#
#    -8  0.18185E+01  jk failed  0.207E-01  jk failed     4
     -7  0.17779E+01  0.798E-02  0.329E-01  0.338E-03    18
     -6  0.17608E+01  0.634E-02  0.345E-01  0.264E-03    44
     -5  0.17582E+01  0.328E-02  0.331E-01  0.107E-03   135
     -4  0.17470E+01  0.185E-02  0.303E-01  0.534E-04   347
     -3  0.17386E+01  0.142E-02  0.334E-01  0.480E-04   758
     -2  0.17316E+01  0.744E-03  0.360E-01  0.698E-04  1233
     -1  0.17290E+01  0.780E-03  0.364E-01  0.453E-04  1561
      0  0.17263E+01  0.753E-03  0.355E-01  0.442E-04  1796
      1  0.17291E+01  0.766E-03  0.367E-01  0.472E-04  1653
      2  0.17339E+01  0.111E-02  0.354E-01  0.559E-04  1206
      3  0.17371E+01  0.124E-02  0.342E-01  0.725E-04   706
      4  0.17449E+01  0.187E-02  0.325E-01  0.845E-04   345
      5  0.17572E+01  0.304E-02  0.306E-01  0.105E-03   130
      6  0.17636E+01  0.470E-02  0.272E-01  0.140E-03    46
      7  0.17657E+01  0.103E-01  0.370E-01  0.467E-03    14
#     8  0.18014E+01  jk failed  0.183E-01  jk failed     3
#     9  0.17779E+01  jk failed  0.000E+00  jk failed     1
&-----------------------------------------------------------
#beta =   2.00   kappa =   0.2650
#  Re(op_pbp_e)                                                    
#
#    -8  0.17879E+01  jk failed  0.238E-01  jk failed     3
     -7  0.17719E+01  0.470E-02  0.141E-01  0.107E-03    10
     -6  0.17565E+01  0.667E-02  0.327E-01  0.217E-03    40
     -5  0.17453E+01  0.364E-02  0.371E-01  0.190E-03   124
     -4  0.17325E+01  0.185E-02  0.348E-01  0.797E-04   329
     -3  0.17233E+01  0.178E-02  0.372E-01  0.706E-04   697
     -2  0.17164E+01  0.116E-02  0.386E-01  0.614E-04  1252
     -1  0.17112E+01  0.115E-02  0.392E-01  0.466E-04  1647
      0  0.17073E+01  0.953E-03  0.403E-01  0.490E-04  1837
      1  0.17084E+01  0.981E-03  0.391E-01  0.421E-04  1665
      2  0.17168E+01  0.149E-02  0.386E-01  0.685E-04  1202
      3  0.17223E+01  0.148E-02  0.384E-01  0.771E-04   683
      4  0.17276E+01  0.194E-02  0.365E-01  0.860E-04   326
      5  0.17456E+01  0.266E-02  0.325E-01  0.139E-03   120
      6  0.17602E+01  0.444E-02  0.333E-01  0.282E-03    45
      7  0.17685E+01  0.593E-02  0.244E-01  0.272E-03    18
#     8  0.18260E+01  jk failed  0.000E+00  jk failed     1
#    10  0.18334E+01  jk failed  0.000E+00  jk failed     1
&-----------------------------------------------------------
#beta =   2.00   kappa =   0.2675
#  Re(op_pbp_e)                                                    
#
#    -8  0.17607E+01  jk failed  0.193E-01  jk failed     3
#    -7  0.17658E+01  jk failed  0.489E-01  jk failed     8
     -6  0.17358E+01  0.848E-02  0.346E-01  0.419E-03    29
     -5  0.17146E+01  0.462E-02  0.395E-01  0.243E-03    97
     -4  0.17082E+01  0.202E-02  0.396E-01  0.148E-03   286
     -3  0.16947E+01  0.181E-02  0.389E-01  0.778E-04   644
     -2  0.16856E+01  0.156E-02  0.464E-01  0.115E-03  1129
     -1  0.16782E+01  0.112E-02  0.460E-01  0.754E-04  1730
      0  0.16717E+01  0.871E-03  0.471E-01  0.860E-04  2053
      1  0.16742E+01  0.120E-02  0.450E-01  0.704E-04  1808
      2  0.16845E+01  0.180E-02  0.428E-01  0.793E-04  1161
      3  0.16926E+01  0.178E-02  0.420E-01  0.950E-04   619
      4  0.17047E+01  0.264E-02  0.403E-01  0.155E-03   295
      5  0.17295E+01  0.438E-02  0.421E-01  0.343E-03   101
      6  0.17345E+01  0.862E-02  0.334E-01  0.450E-03    27
      7  0.17550E+01  0.133E-01  0.398E-01  0.583E-03    10
&-----------------------------------------------------------
#beta =   2.00   kappa =   0.2700
#  Re(op_pbp_e)                                                    
#
#    -7  0.17543E+01  jk failed  0.308E-01  jk failed     2
     -6  0.17033E+01  0.133E-01  0.440E-01  0.639E-03    12
     -5  0.17042E+01  0.643E-02  0.421E-01  0.278E-03    52
     -4  0.16761E+01  0.304E-02  0.443E-01  0.202E-03   192
     -3  0.16603E+01  0.189E-02  0.458E-01  0.114E-03   563
     -2  0.16450E+01  0.154E-02  0.481E-01  0.879E-04  1182
     -1  0.16354E+01  0.117E-02  0.514E-01  0.112E-03  1856
      0  0.16279E+01  0.916E-03  0.522E-01  0.606E-04  2243
      1  0.16339E+01  0.151E-02  0.489E-01  0.779E-04  1951
      2  0.16449E+01  0.162E-02  0.470E-01  0.816E-04  1140
      3  0.16590E+01  0.193E-02  0.447E-01  0.110E-03   533
      4  0.16786E+01  0.352E-02  0.416E-01  0.174E-03   171
      5  0.16981E+01  0.507E-02  0.454E-01  0.306E-03    85
      6  0.17044E+01  0.121E-01  0.383E-01  0.632E-03    11
#     7  0.17634E+01  jk failed  0.269E-01  jk failed     5
#     8  0.17234E+01  jk failed  0.639E-02  jk failed     2
&-----------------------------------------------------------
#beta =   2.00   kappa =   0.2725
#  Re(op_pbp_e)                                                    
#
#    -8  0.16825E+01  jk failed  0.000E+00  jk failed     1
#    -6  0.16791E+01  jk failed  0.497E-01  jk failed     9
     -5  0.16541E+01  0.122E-01  0.489E-01  0.171E-02    31
     -4  0.16372E+01  0.456E-02  0.530E-01  0.468E-03   127
     -3  0.16193E+01  0.234E-02  0.465E-01  0.146E-03   420
     -2  0.15979E+01  0.134E-02  0.492E-01  0.938E-04  1047
     -1  0.15857E+01  0.126E-02  0.515E-01  0.752E-04  2066
      0  0.15773E+01  0.111E-02  0.548E-01  0.752E-04  2650
      1  0.15869E+01  0.120E-02  0.529E-01  0.638E-04  1984
      2  0.15989E+01  0.180E-02  0.496E-01  0.106E-03  1080
      3  0.16157E+01  0.242E-02  0.477E-01  0.238E-03   408
      4  0.16428E+01  0.397E-02  0.487E-01  0.174E-03   144
      5  0.16530E+01  0.101E-01  0.428E-01  0.556E-03    29
#     6  0.16595E+01  jk failed  0.396E-01  jk failed     3
#     7  0.16810E+01  jk failed  0.000E+00  jk failed     1
&-----------------------------------------------------------
#beta =   2.00   kappa =   0.2750
#  Re(op_pbp_e)                                                    
#
#    -7  0.16921E+01  jk failed  0.000E+00  jk failed     1
#    -6  0.16311E+01  jk failed  0.200E-01  jk failed     3
     -5  0.16533E+01  0.128E-01  0.513E-01  0.880E-03    17
     -4  0.16029E+01  0.730E-02  0.497E-01  0.628E-03    74
     -3  0.15747E+01  0.317E-02  0.521E-01  0.248E-03   315
     -2  0.15500E+01  0.188E-02  0.469E-01  0.100E-03   951
     -1  0.15330E+01  0.142E-02  0.522E-01  0.101E-03  2177
      0  0.15168E+01  0.764E-03  0.539E-01  0.691E-04  2974
      1  0.15309E+01  0.107E-02  0.504E-01  0.915E-04  2166
      2  0.15507E+01  0.176E-02  0.512E-01  0.151E-03   916
      3  0.15721E+01  0.319E-02  0.493E-01  0.393E-03   310
      4  0.15916E+01  0.759E-02  0.569E-01  0.163E-02    76
      5  0.16352E+01  0.156E-01  0.540E-01  0.138E-02    13
#     6  0.16295E+01  jk failed  0.268E-01  jk failed     6
#     7  0.16374E+01  jk failed  0.000E+00  jk failed     1
&-----------------------------------------------------------
#beta =   2.00   kappa =   0.2780
#  Re(op_pbp_e)                                                    
#
#    -5  0.15755E+01  jk failed  0.600E-01  jk failed     6
     -4  0.15523E+01  0.117E-01  0.591E-01  0.111E-02    44
     -3  0.15147E+01  0.394E-02  0.484E-01  0.394E-03   168
     -2  0.14904E+01  0.182E-02  0.496E-01  0.133E-03   717
     -1  0.14648E+01  0.105E-02  0.502E-01  0.110E-03  2190
      0  0.14462E+01  0.126E-02  0.521E-01  0.833E-04  3762
      1  0.14645E+01  0.123E-02  0.485E-01  0.843E-04  2147
      2  0.14876E+01  0.168E-02  0.454E-01  0.119E-03   758
      3  0.15062E+01  0.314E-02  0.412E-01  0.214E-03   171
      4  0.15303E+01  0.110E-01  0.504E-01  0.562E-03    31
#     5  0.15724E+01  jk failed  0.309E-01  jk failed     5
#     6  0.15892E+01  jk failed  0.000E+00  jk failed     1
&-----------------------------------------------------------
