# pion mass (\sigma_1)
"*"
    7  64  2.00  0.2324  0.8657729794543630E+00  0.1593525617610891E-02  10000
    7  64  2.00  0.2350  0.8347556581265109E+00  0.2197299826757153E-02  10000
    7  64  2.00  0.2356  0.8246318055111317E+00  0.1629043791112017E-02  10000
    7  64  2.00  0.2387  0.7840587364934317E+00  0.1892125703815606E-02  10000
    7  64  2.00  0.2400  0.7681126730999637E+00  0.2864877414203687E-02  10000
    7  64  2.00  0.2418  0.7438839038790843E+00  0.4708640310793524E-02  10000
    7  64  2.00  0.2449  0.7096445827312594E+00  0.2294986980688234E-02  10000
    7  64  2.00  0.2480  0.6732130433147125E+00  0.5634299740903270E-02  10000
    7  64  2.00  0.2500  0.6460823198084160E+00  0.3739808693750049E-02  10000
    7  64  2.00  0.2515  0.6274852169137626E+00  0.4218448761506600E-02  10000
    7  64  2.00  0.2530  0.6147152094669422E+00  0.7508471998143025E-02  10000
    7  64  2.00  0.2545  0.5982478520502981E+00  0.3283006906701700E-02  10000
    7  64  2.00  0.2560  0.5759833662194838E+00  0.7344866851896441E-02  10000
    7  64  2.00  0.2575  0.5639562650697546E+00  0.7473214422878331E-02  10000
    7  64  2.00  0.2590  0.5494729010340650E+00  0.3498571531510564E-02  10000
    7  64  2.00  0.2605  0.5344772698577882E+00  0.1386448604220557E-01  10000
    7  64  2.00  0.2620  0.5289530720932787E+00  0.9060960495660308E-02  10000
    7  64  2.00  0.2625  0.5122046625293797E+00  0.1634716337610422E-01  10000
    7  64  2.00  0.2630  0.5146287379303996E+00  0.8311494689075756E-02  10000
    7  64  2.00  0.2635  0.5098644176754552E+00  0.6394184515050188E-02  10000
    7  64  2.00  0.2650  0.5002396090922632E+00  0.1661789943548886E-01  10000
    7  64  2.00  0.2675  0.4908653819289033E+00  0.1157806218240280E-01  10000
    7  64  2.00  0.2700  0.4747930878974634E+00  0.2686712106190429E-01  10000
    7  64  2.00  0.2725  0.4887895251643291E+00  0.1721679358019209E+00  10000
    7  64  2.00  0.2750  0.5537831093821644E+00  0.3540357013812694E+02  10000
    7  64  2.00  0.2780  0.5355487649719398E+00  0.7432911055967335E+02  10000


# pseudoscalar mass (\sigma_3)
"*"
    7  64  2.00  0.2324  0.8657419609916370E+00  0.2082754811805903E-02  10000
    7  64  2.00  0.2350  0.8332948039589672E+00  0.1579495551679819E-02  10000
    7  64  2.00  0.2356  0.8246349432324297E+00  0.1877746333277786E-02  10000
    7  64  2.00  0.2387  0.7840678089743830E+00  0.1827775438995055E-02  10000
    7  64  2.00  0.2400  0.7684046797909808E+00  0.2554570222805491E-02  10000
    7  64  2.00  0.2418  0.7441067992071130E+00  0.4320674501751692E-02  10000
    7  64  2.00  0.2449  0.7091647790625442E+00  0.1912232913809797E-02  10000
    7  64  2.00  0.2480  0.6737362818668486E+00  0.4111591416132554E-02  10000
    7  64  2.00  0.2500  0.6461078444354164E+00  0.3288759718521340E-02  10000
    7  64  2.00  0.2515  0.6275756018971983E+00  0.3664283068352575E-02  10000
    7  64  2.00  0.2530  0.6165864669705943E+00  0.4006237521296491E-02  10000
    7  64  2.00  0.2545  0.5979457606577745E+00  0.2520472009889194E-02  10000
    7  64  2.00  0.2560  0.5746874543675968E+00  0.8582034533936458E-02  10000
    7  64  2.00  0.2575  0.5638622252780682E+00  0.6493680320857092E-02  10000
    7  64  2.00  0.2590  0.5504212614828402E+00  0.2414821140781781E-02  10000
    7  64  2.00  0.2605  0.5349783440583007E+00  0.8752323740853414E-02  10000
    7  64  2.00  0.2620  0.5291040593570038E+00  0.7368176069165752E-02  10000
    7  64  2.00  0.2625  0.5150026317364550E+00  0.1367339071977310E-01  10000
    7  64  2.00  0.2630  0.5153407945332912E+00  0.8834634773457951E-02  10000
    7  64  2.00  0.2635  0.5102125574123166E+00  0.3446358630968526E-02  10000
    7  64  2.00  0.2650  0.5022614920010583E+00  0.1471434577451735E-01  10000
    7  64  2.00  0.2675  0.4957621337279294E+00  0.9787459625739332E-02  10000
    7  64  2.00  0.2700  0.4773846443027521E+00  0.2333764750162523E-01  10000
    7  64  2.00  0.2725  0.4828866303426407E+00  0.8672000330646351E-02  10000
    7  64  2.00  0.2750  0.5000499491446996E+00  0.1265324724143232E-01  10000
    7  64  2.00  0.2780  0.4948079718707042E+00  0.1571467980995389E-01  10000


# eta mass (\sigma_1)
"*"
    7  64  2.00  0.2324  0.9442845970143989E+00  0.9775537363028734E+02  10000
    7  64  2.00  0.2350                     NaN                     NaN  10000
    7  64  2.00  0.2356                     NaN                     NaN  10000
    7  64  2.00  0.2387  0.5063799523813258E+00  0.1421762519924534E+03  10000
    7  64  2.00  0.2400                     NaN                     NaN  10000
    7  64  2.00  0.2418                     NaN                     NaN  10000
    7  64  2.00  0.2449  0.7622191766156261E+00  0.5300587963218774E+02  10000
    7  64  2.00  0.2480                     NaN                     NaN  10000
    7  64  2.00  0.2500  0.6992527766516988E+00  0.6347295289754322E+02  10000
    7  64  2.00  0.2515                     NaN                     NaN  10000
    7  64  2.00  0.2530                     NaN                     NaN  10000
    7  64  2.00  0.2545  0.5889155403980304E+00  0.9835686432639640E+02  10000
    7  64  2.00  0.2560                     NaN                     NaN  10000
    7  64  2.00  0.2575  0.6599130372573694E+00  0.7670113891202867E+02  10000
    7  64  2.00  0.2590                     NaN                     NaN  10000
    7  64  2.00  0.2605  0.5299616492064295E+00  0.1074090490864648E+03  10000
    7  64  2.00  0.2620  0.5633444755138443E+00  0.3840275212506339E+02  10000
    7  64  2.00  0.2625  0.6202703149058769E+00  0.2543863957922451E+02  10000
    7  64  2.00  0.2630                     NaN                     NaN  10000
    7  64  2.00  0.2635  0.5670922084373922E+00  0.4948663526934859E+02  10000
    7  64  2.00  0.2650                     NaN                     NaN  10000
    7  64  2.00  0.2675  0.4331222837344191E+00  0.1492459020025839E+03  10000
    7  64  2.00  0.2700  0.2130583291070586E+00  0.1310055613344983E+03  10000
    7  64  2.00  0.2725  0.5515308227555148E+00  0.9424971007059970E+02  10000
    7  64  2.00  0.2750                     NaN                     NaN  10000
    7  64  2.00  0.2780  0.1298157636722456E+00  0.1144823340834670E+03  10000

