# pion mass (\sigma_1)
"*"
    7  64  2.00  0.2324  0.8660878798047768E+00  0.1221392659019633E-02  10000
    7  64  2.00  0.2350  0.8335653101307714E+00  0.1583645543812857E-02  10000
    7  64  2.00  0.2356  0.8249350871833642E+00  0.1399722361571383E-02  10000
    7  64  2.00  0.2387  0.7841892432793032E+00  0.1717770474180534E-02  10000
    7  64  2.00  0.2400  0.7694059070428694E+00  0.1707157891865930E-02  10000
    7  64  2.00  0.2418  0.7466468216441242E+00  0.1915007233912462E-02  10000
    7  64  2.00  0.2449  0.7093032478158977E+00  0.1750728057886893E-02  10000
    7  64  2.00  0.2480  0.6727412442816108E+00  0.2087526453468982E-02  10000
    7  64  2.00  0.2500  0.6471300617916141E+00  0.2976447243434403E-02  10000
    7  64  2.00  0.2515  0.6276529664875740E+00  0.2920684301176754E-02  10000
    7  64  2.00  0.2530  0.6147693019483983E+00  0.2732581798153072E-02  10000
    7  64  2.00  0.2545  0.5988129252774617E+00  0.3132827233103120E-02  10000
    7  64  2.00  0.2560  0.5785800142621635E+00  0.5503687803326010E-02  10000
    7  64  2.00  0.2575  0.5646333890119969E+00  0.6298597541664394E-02  10000
    7  64  2.00  0.2590  0.5497102769723937E+00  0.3409791011104728E-02  10000
    7  64  2.00  0.2605  0.5360812795687510E+00  0.8885007850529654E-02  10000
    7  64  2.00  0.2620  0.5274687478852758E+00  0.6489890553144942E-02  10000
    7  64  2.00  0.2625  0.5240650446398991E+00  0.1021744793033213E-01  10000
    7  64  2.00  0.2630  0.5151899928763957E+00  0.7817637341702526E-02  10000
    7  64  2.00  0.2635  0.5109763619363766E+00  0.6292853960999223E-02  10000
    7  64  2.00  0.2650  0.5001379834280945E+00  0.1233710863984864E-01  10000
    7  64  2.00  0.2675  0.4925808085642772E+00  0.1075421665139234E-01  10000
    7  64  2.00  0.2700  0.4846934494196622E+00  0.2216957249587800E-01  10000
    7  64  2.00  0.2725  0.5116211300463381E+00  0.9286938454790243E-01  10000
    7  64  2.00  0.2750  0.5761708834855580E+00  0.2084395694025668E+00  10000
    7  64  2.00  0.2780  0.1184242722686428E+01  0.7159030990995576E+00  10000


# pseudoscalar mass (\sigma_3)
"*"
    7  64  2.00  0.2324  0.8660933699099704E+00  0.1123508987544435E-02  10000
    7  64  2.00  0.2350  0.8334790164495315E+00  0.1499119464392991E-02  10000
    7  64  2.00  0.2356  0.8248186371020334E+00  0.1309382671262727E-02  10000
    7  64  2.00  0.2387  0.7845491065554200E+00  0.1553056854753368E-02  10000
    7  64  2.00  0.2400  0.7693344537587549E+00  0.1509466734251824E-02  10000
    7  64  2.00  0.2418  0.7469225683978351E+00  0.1815283658180206E-02  10000
    7  64  2.00  0.2449  0.7090939615987376E+00  0.1505685501731526E-02  10000
    7  64  2.00  0.2480  0.6730959669370854E+00  0.2006789965404433E-02  10000
    7  64  2.00  0.2500  0.6472588086300797E+00  0.2316967987966401E-02  10000
    7  64  2.00  0.2515  0.6283446823664587E+00  0.2483467250775170E-02  10000
    7  64  2.00  0.2530  0.6143417215397255E+00  0.2296559747278958E-02  10000
    7  64  2.00  0.2545  0.5982078046047957E+00  0.2265716127550567E-02  10000
    7  64  2.00  0.2560  0.5795834312068799E+00  0.4705132151195834E-02  10000
    7  64  2.00  0.2575  0.5663105205552783E+00  0.4595486417583181E-02  10000
    7  64  2.00  0.2590  0.5504212614828402E+00  0.2414821140781781E-02  10000
    7  64  2.00  0.2605  0.5359214119011482E+00  0.3629338508604338E-02  10000
    7  64  2.00  0.2620  0.5278539225726981E+00  0.3773629525448588E-02  10000
    7  64  2.00  0.2625  0.5242469291395088E+00  0.3902215070584135E-02  10000
    7  64  2.00  0.2630  0.5176592795799262E+00  0.4682312177431801E-02  10000
    7  64  2.00  0.2635  0.5104515616722806E+00  0.3140253018071888E-02  10000
    7  64  2.00  0.2650  0.5026879543748974E+00  0.5261803631937173E-02  10000
    7  64  2.00  0.2675  0.4946680444892935E+00  0.4604605061062445E-02  10000
    7  64  2.00  0.2700  0.4887245211107471E+00  0.6089774207927113E-02  10000
    7  64  2.00  0.2725  0.4835923562075259E+00  0.7566119395922494E-02  10000
    7  64  2.00  0.2750  0.4948767962351821E+00  0.7436154416310966E-02  10000
    7  64  2.00  0.2780  0.4989648926324290E+00  0.1089079974524023E-01  10000


# eta mass (\sigma_1)
"*"
    7  64  2.00  0.2324  0.9442845970143989E+00  0.9775537363028734E+02  10000
    7  64  2.00  0.2350                     NaN                     NaN  10000
    7  64  2.00  0.2356                     NaN                     NaN  10000
    7  64  2.00  0.2387  0.8216587241169500E+00  0.8496672430800426E+02  10000
    7  64  2.00  0.2400                     NaN                     NaN  10000
    7  64  2.00  0.2418                     NaN                     NaN  10000
    7  64  2.00  0.2449  0.7971195343149977E+00  0.9982151479735748E+00  10000
    7  64  2.00  0.2480                     NaN                     NaN  10000
    7  64  2.00  0.2500  0.7292043230613697E+00  0.1013901130185171E+01  10000
    7  64  2.00  0.2515                     NaN                     NaN  10000
    7  64  2.00  0.2530                     NaN                     NaN  10000
    7  64  2.00  0.2545  0.6829374810778055E+00  0.6704477353355256E+00  10000
    7  64  2.00  0.2560                     NaN                     NaN  10000
    7  64  2.00  0.2575  0.6599130372573694E+00  0.7670113891202867E+02  10000
    7  64  2.00  0.2590                     NaN                     NaN  10000
    7  64  2.00  0.2605  0.6258386366765899E+00  0.6188852461287800E+02  10000
    7  64  2.00  0.2620  0.6177181672981681E+00  0.3197551052350917E+00  10000
    7  64  2.00  0.2625  0.6202703149058769E+00  0.2543863957922451E+02  10000
    7  64  2.00  0.2630                     NaN                     NaN  10000
    7  64  2.00  0.2635  0.6175608489325435E+00  0.3532428475186574E+02  10000
    7  64  2.00  0.2650                     NaN                     NaN  10000
    7  64  2.00  0.2675  0.6068290795640261E+00  0.5313623661131026E+02  10000
    7  64  2.00  0.2700  0.6006392158224219E+00  0.3378397675171289E+00  10000
    7  64  2.00  0.2725  0.6164702597870912E+00  0.7816653118964135E+02  10000
    7  64  2.00  0.2750                     NaN                     NaN  10000
    7  64  2.00  0.2780  0.5444841683151307E+00  0.4772905015922546E+00  10000

