# fermion mass from PCAC relation
"m"
    7  64  2.00  0.2324  0.3145179552045712E+00  0.1017422235861174E-01  10000
    7  64  2.00  0.2350  0.2955626532509087E+00  0.7941100582765329E-02  10000
    7  64  2.00  0.2356  0.2911227981931290E+00  0.1142349384877520E-01  10000
    7  64  2.00  0.2387  0.2684204528131843E+00  0.9462641719694855E-02  10000
    7  64  2.00  0.2400  0.2593742133537954E+00  0.9652299392988093E-02  10000
    7  64  2.00  0.2418  0.2466182855655337E+00  0.8248404999758594E-02  10000
    7  64  2.00  0.2449  0.2245120351851297E+00  0.7812628590881729E-02  10000
    7  64  2.00  0.2480  0.2028364138333607E+00  0.6791892700069259E-02  10000
    7  64  2.00  0.2500  0.1890399672970257E+00  0.7338952707687225E-02  10000
    7  64  2.00  0.2515  0.1782572291183182E+00  0.8894666371200243E-02  10000
    7  64  2.00  0.2530  0.1684946791847878E+00  0.7462147894320633E-02  10000
    7  64  2.00  0.2545  0.1580022697147070E+00  0.6598441033903809E-02  10000
    7  64  2.00  0.2560  0.1473845469186189E+00  0.1359031088716564E-01  10000
    7  64  2.00  0.2575  0.1374159083797767E+00  0.1045932659283620E-01  10000
    7  64  2.00  0.2590  0.1272199842907011E+00  0.7579523355094694E-02  10000
    7  64  2.00  0.2605  0.1171405819891996E+00  0.4587836920148664E-01  10000
    7  64  2.00  0.2620  0.1077138080838589E+00  0.7734688093586136E-02  10000
    7  64  2.00  0.2625  0.1040043886883062E+00  0.1225116404335755E-01  10000
    7  64  2.00  0.2630  0.1008679160940282E+00  0.1128662837267356E-01  10000
    7  64  2.00  0.2635  0.9745651806483090E-01  0.9664037360544393E-02  10000
    7  64  2.00  0.2650  0.8763387801930504E-01  0.1605084616626210E-01  10000
    7  64  2.00  0.2675  0.7238340091628420E-01  0.7961697957560788E-02  10000
    7  64  2.00  0.2700  0.5631254207615037E-01  0.9728325454643657E-02  10000
    7  64  2.00  0.2725  0.4050877405496060E-01  0.5950214817063988E-02  10000
    7  64  2.00  0.2750  0.2242737641878870E-01  0.6093518862389470E-02  10000
    7  64  2.00  0.2780 -0.8793228332629137E-03  0.1316538226144406E-01  10000

