#  Re(op_pbp_e)                                                    
   7  64  2.00  0.2200    NaN  0.504  0.609
#  Re(op_pbp_e)                                                    
   7  64  2.00  0.2231    NaN  0.500  0.379
#  Re(op_pbp_e)                                                    
   7  64  2.00  0.2250    NaN  0.500  0.260
#  Re(op_pbp_e)                                                    
   7  64  2.00  0.2262    NaN  0.500  0.731
#  Re(op_pbp_e)                                                    
   7  64  2.00  0.2293    NaN  0.508  0.459
#  Re(op_pbp_e)                                                    
   7  64  2.00  0.2300    NaN  0.500  0.657
#  Re(op_pbp_e)                                                    
   7  64  2.00  0.2324    NaN  0.504  0.256
#  Re(op_pbp_e)                                                    
   7  64  2.00  0.2350  0.918  0.501  0.625
#  Re(op_pbp_e)                                                    
   7  64  2.00  0.2356  0.529  0.516  0.406
#  Re(op_pbp_e)                                                    
   7  64  2.00  0.2387    NaN  0.500  0.470
#  Re(op_pbp_e)                                                    
   7  64  2.00  0.2400  0.509  0.513  0.475
#  Re(op_pbp_e)                                                    
   7  64  2.00  0.2418    NaN  0.500  0.435
#  Re(op_pbp_e)                                                    
   7  64  2.00  0.2449    NaN  0.500  0.666
#  Re(op_pbp_e)                                                    
   7  64  2.00  0.2480  3.144  0.529  0.360
#  Re(op_pbp_e)                                                    
   7  64  2.00  0.2500    NaN  0.528  0.262
#  Re(op_pbp_e)                                                    
   7  64  2.00  0.2515    NaN  0.507  0.485
#  Re(op_pbp_e)                                                    
   7  64  2.00  0.2530  0.849  0.514  0.473
#  Re(op_pbp_e)                                                    
   7  64  2.00  0.2545    NaN  0.518  0.454
#  Re(op_pbp_e)                                                    
   7  64  2.00  0.2560    NaN  0.500  0.536
#  Re(op_pbp_e)                                                    
   7  64  2.00  0.2575    NaN  0.504  0.369
#  Re(op_pbp_e)                                                    
   7  64  2.00  0.2590    NaN  0.510  0.607
#  Re(op_pbp_e)                                                    
   7  64  2.00  0.2605    NaN  0.520  0.690
#  Re(op_pbp_e)                                                    
   7  64  2.00  0.2620    NaN  0.522  0.401
#  Re(op_pbp_e)                                                    
   7  64  2.00  0.2625  1.044  0.543  0.760
#  Re(op_pbp_e)                                                    
   7  64  2.00  0.2630    NaN  0.518  0.532
#  Re(op_pbp_e)                                                    
   7  64  2.00  0.2635  0.635  0.530  0.827
#  Re(op_pbp_e)                                                    
   7  64  2.00  0.2650  0.870  0.567  0.840
#  Re(op_pbp_e)                                                    
   7  64  2.00  0.2675    NaN  0.554  0.703
#  Re(op_pbp_e)                                                    
   7  64  2.00  0.2700  0.550  0.622  0.650
#  Re(op_pbp_e)                                                    
   7  64  2.00  0.2725  0.589  0.567  0.487
#  Re(op_pbp_e)                                                    
   7  64  2.00  0.2750  1.070  0.597  0.254
#  Re(op_pbp_e)                                                    
   7  64  2.00  0.2780  1.102  0.672  1.428
