#-----------------------------------------------------------
#beta =   2.00   kappa =   0.2200
#  Re(op_pbp_e)                                                    
#
#   -10  0.19196E+01  jk failed  0.216E-02  jk failed     3
#    -9  0.19178E+01  jk failed  0.356E-02  jk failed     9
     -8  0.19186E+01  0.107E-02  0.473E-02  0.637E-05    30
     -7  0.19183E+01  0.719E-03  0.552E-02  0.529E-05    60
     -6  0.19178E+01  0.392E-03  0.499E-02  0.462E-05   137
     -5  0.19165E+01  0.301E-03  0.486E-02  0.220E-05   296
     -4  0.19165E+01  0.241E-03  0.520E-02  0.134E-05   524
     -3  0.19162E+01  0.170E-03  0.537E-02  0.162E-05   756
     -2  0.19161E+01  0.124E-03  0.515E-02  0.100E-05  1160
     -1  0.19157E+01  0.179E-03  0.507E-02  0.887E-06  1312
      0  0.19156E+01  0.134E-03  0.531E-02  0.115E-05  1484
      1  0.19160E+01  0.150E-03  0.522E-02  0.125E-05  1284
      2  0.19158E+01  0.119E-03  0.533E-02  0.109E-05  1063
      3  0.19161E+01  0.187E-03  0.515E-02  0.140E-05   806
      4  0.19165E+01  0.222E-03  0.487E-02  0.145E-05   538
      5  0.19173E+01  0.291E-03  0.534E-02  0.210E-05   311
      6  0.19179E+01  0.310E-03  0.511E-02  0.307E-05   140
      7  0.19188E+01  0.785E-03  0.546E-02  0.828E-05    52
      8  0.19183E+01  0.790E-03  0.379E-02  0.391E-05    24
#     9  0.19207E+01  jk failed  0.439E-02  jk failed     9
#    10  0.19245E+01  jk failed  0.000E+00  jk failed     1
#    11  0.19264E+01  jk failed  0.000E+00  jk failed     1
&-----------------------------------------------------------
#beta =   2.00   kappa =   0.2231
#  Re(op_pbp_e)                                                    
#
#   -11  0.19200E+01  jk failed  0.134E-02  jk failed     2
#   -10  0.19123E+01  jk failed  0.492E-02  jk failed     5
     -9  0.19143E+01  0.171E-02  0.514E-02  0.145E-04    10
     -8  0.19140E+01  0.109E-02  0.492E-02  0.773E-05    25
     -7  0.19131E+01  0.512E-03  0.444E-02  0.345E-05    64
     -6  0.19111E+01  0.471E-03  0.556E-02  0.428E-05   151
     -5  0.19110E+01  0.367E-03  0.544E-02  0.264E-05   283
     -4  0.19102E+01  0.295E-03  0.594E-02  0.197E-05   501
     -3  0.19095E+01  0.184E-03  0.588E-02  0.129E-05   823
     -2  0.19092E+01  0.157E-03  0.564E-02  0.121E-05  1110
     -1  0.19093E+01  0.168E-03  0.587E-02  0.127E-05  1360
      0  0.19091E+01  0.140E-03  0.608E-02  0.144E-05  1414
      1  0.19096E+01  0.209E-03  0.579E-02  0.135E-05  1382
      2  0.19095E+01  0.179E-03  0.583E-02  0.157E-05  1067
      3  0.19097E+01  0.187E-03  0.572E-02  0.146E-05   772
      4  0.19101E+01  0.214E-03  0.550E-02  0.175E-05   532
      5  0.19103E+01  0.349E-03  0.570E-02  0.321E-05   287
      6  0.19124E+01  0.527E-03  0.516E-02  0.256E-05   128
      7  0.19122E+01  0.931E-03  0.554E-02  0.557E-05    59
      8  0.19136E+01  0.946E-03  0.433E-02  0.829E-05    22
#     9  0.19123E+01  jk failed  0.246E-02  jk failed     3
&-----------------------------------------------------------
#beta =   2.00   kappa =   0.2250
#  Re(op_pbp_e)                                                    
#
#   -10  0.19054E+01  jk failed  0.000E+00  jk failed     1
     -9  0.19115E+01  0.191E-02  0.713E-02  0.146E-04    15
     -8  0.19071E+01  0.142E-02  0.637E-02  0.104E-04    21
     -7  0.19084E+01  0.544E-03  0.523E-02  0.472E-05    62
     -6  0.19082E+01  0.515E-03  0.560E-02  0.417E-05   131
     -5  0.19070E+01  0.309E-03  0.630E-02  0.366E-05   304
     -4  0.19060E+01  0.233E-03  0.598E-02  0.200E-05   499
     -3  0.19061E+01  0.211E-03  0.637E-02  0.260E-05   836
     -2  0.19053E+01  0.170E-03  0.635E-02  0.215E-05  1090
     -1  0.19051E+01  0.209E-03  0.656E-02  0.187E-05  1349
      0  0.19050E+01  0.158E-03  0.655E-02  0.177E-05  1444
      1  0.19051E+01  0.190E-03  0.641E-02  0.140E-05  1371
      2  0.19055E+01  0.159E-03  0.601E-02  0.139E-05  1106
      3  0.19054E+01  0.200E-03  0.617E-02  0.204E-05   814
      4  0.19064E+01  0.238E-03  0.623E-02  0.260E-05   482
      5  0.19063E+01  0.331E-03  0.608E-02  0.304E-05   282
      6  0.19066E+01  0.584E-03  0.589E-02  0.482E-05   106
      7  0.19088E+01  0.831E-03  0.623E-02  0.655E-05    60
      8  0.19091E+01  0.143E-02  0.653E-02  0.112E-04    22
#     9  0.19107E+01  jk failed  0.473E-02  jk failed     4
#    10  0.19096E+01  jk failed  0.000E+00  jk failed     1
&-----------------------------------------------------------
#beta =   2.00   kappa =   0.2262
#  Re(op_pbp_e)                                                    
#
#   -12  0.19112E+01  jk failed  0.143E-02  jk failed     2
#   -10  0.19044E+01  jk failed  0.763E-02  jk failed     4
#    -9  0.19100E+01  jk failed  0.251E-02  jk failed     7
     -8  0.19052E+01  0.158E-02  0.629E-02  0.117E-04    29
     -7  0.19056E+01  0.774E-03  0.527E-02  0.578E-05    54
     -6  0.19036E+01  0.697E-03  0.677E-02  0.914E-05   129
     -5  0.19038E+01  0.433E-03  0.635E-02  0.452E-05   263
     -4  0.19034E+01  0.284E-03  0.643E-02  0.231E-05   534
     -3  0.19028E+01  0.234E-03  0.655E-02  0.167E-05   750
     -2  0.19024E+01  0.179E-03  0.648E-02  0.167E-05  1130
     -1  0.19021E+01  0.187E-03  0.686E-02  0.191E-05  1355
      0  0.19021E+01  0.226E-03  0.674E-02  0.180E-05  1444
      1  0.19021E+01  0.167E-03  0.679E-02  0.180E-05  1374
      2  0.19023E+01  0.180E-03  0.668E-02  0.166E-05  1110
      3  0.19026E+01  0.262E-03  0.660E-02  0.251E-05   803
      4  0.19039E+01  0.273E-03  0.632E-02  0.224E-05   506
      5  0.19049E+01  0.407E-03  0.629E-02  0.345E-05   277
      6  0.19047E+01  0.487E-03  0.610E-02  0.529E-05   134
      7  0.19052E+01  0.893E-03  0.647E-02  0.860E-05    65
      8  0.19068E+01  0.135E-02  0.621E-02  0.120E-04    25
#     9  0.19067E+01  jk failed  0.169E-02  jk failed     5
&-----------------------------------------------------------
#beta =   2.00   kappa =   0.2293
#  Re(op_pbp_e)                                                    
#
#   -10  0.19121E+01  jk failed  0.278E-02  jk failed     2
#    -9  0.18996E+01  jk failed  0.330E-02  jk failed     5
     -8  0.19011E+01  0.142E-02  0.629E-02  0.967E-05    26
     -7  0.18994E+01  0.896E-03  0.696E-02  0.793E-05    68
     -6  0.18977E+01  0.628E-03  0.743E-02  0.660E-05   135
     -5  0.18973E+01  0.353E-03  0.710E-02  0.398E-05   292
     -4  0.18958E+01  0.304E-03  0.723E-02  0.355E-05   520
     -3  0.18957E+01  0.303E-03  0.766E-02  0.308E-05   825
     -2  0.18947E+01  0.198E-03  0.729E-02  0.208E-05  1160
     -1  0.18948E+01  0.158E-03  0.735E-02  0.198E-05  1346
      0  0.18946E+01  0.219E-03  0.761E-02  0.272E-05  1451
      1  0.18946E+01  0.214E-03  0.746E-02  0.212E-05  1348
      2  0.18945E+01  0.188E-03  0.742E-02  0.277E-05  1098
      3  0.18952E+01  0.407E-03  0.753E-02  0.278E-05   778
      4  0.18957E+01  0.379E-03  0.737E-02  0.333E-05   499
      5  0.18968E+01  0.411E-03  0.723E-02  0.561E-05   241
      6  0.18973E+01  0.631E-03  0.622E-02  0.392E-05   118
      7  0.18993E+01  0.140E-02  0.808E-02  0.832E-05    52
      8  0.18994E+01  0.133E-02  0.625E-02  0.698E-05    23
#     9  0.18990E+01  jk failed  0.647E-02  jk failed     9
#    10  0.18837E+01  jk failed  0.000E+00  jk failed     1
#    11  0.19141E+01  jk failed  0.464E-02  jk failed     3
&-----------------------------------------------------------
#beta =   2.00   kappa =   0.2300
#  Re(op_pbp_e)                                                    
#
#   -10  0.19035E+01  jk failed  0.437E-02  jk failed     3
#    -9  0.18983E+01  jk failed  0.562E-02  jk failed     6
     -8  0.18974E+01  0.145E-02  0.541E-02  0.139E-04    15
     -7  0.18975E+01  0.921E-03  0.687E-02  0.813E-05    61
     -6  0.18945E+01  0.737E-03  0.737E-02  0.767E-05   128
     -5  0.18949E+01  0.525E-03  0.730E-02  0.447E-05   259
     -4  0.18941E+01  0.321E-03  0.768E-02  0.347E-05   479
     -3  0.18931E+01  0.288E-03  0.767E-02  0.272E-05   794
     -2  0.18932E+01  0.253E-03  0.774E-02  0.240E-05  1149
     -1  0.18931E+01  0.231E-03  0.776E-02  0.180E-05  1359
      0  0.18928E+01  0.148E-03  0.759E-02  0.251E-05  1405
      1  0.18931E+01  0.182E-03  0.787E-02  0.330E-05  1399
      2  0.18928E+01  0.258E-03  0.801E-02  0.260E-05  1143
      3  0.18934E+01  0.276E-03  0.767E-02  0.329E-05   782
      4  0.18939E+01  0.320E-03  0.757E-02  0.345E-05   531
      5  0.18950E+01  0.444E-03  0.759E-02  0.597E-05   272
      6  0.18970E+01  0.884E-03  0.777E-02  0.692E-05   130
      7  0.18971E+01  0.112E-02  0.659E-02  0.902E-05    53
      8  0.18957E+01  0.162E-02  0.689E-02  0.153E-04    19
      9  0.19006E+01  0.224E-02  0.776E-02  0.309E-04    13
&-----------------------------------------------------------
#beta =   2.00   kappa =   0.2324
#  Re(op_pbp_e)                                                    
#
#   -10  0.19030E+01  jk failed  0.000E+00  jk failed     1
#    -9  0.18926E+01  jk failed  0.481E-02  jk failed     8
     -8  0.18916E+01  0.151E-02  0.707E-02  0.138E-04    23
     -7  0.18912E+01  0.102E-02  0.757E-02  0.113E-04    61
     -6  0.18905E+01  0.670E-03  0.804E-02  0.742E-05   138
     -5  0.18893E+01  0.452E-03  0.794E-02  0.411E-05   281
     -4  0.18875E+01  0.367E-03  0.831E-02  0.460E-05   516
     -3  0.18870E+01  0.303E-03  0.834E-02  0.350E-05   844
     -2  0.18866E+01  0.352E-03  0.851E-02  0.247E-05  1122
     -1  0.18865E+01  0.211E-03  0.855E-02  0.234E-05  1325
      0  0.18860E+01  0.177E-03  0.876E-02  0.241E-05  1448
      1  0.18861E+01  0.223E-03  0.842E-02  0.244E-05  1363
      2  0.18869E+01  0.258E-03  0.850E-02  0.226E-05  1080
      3  0.18869E+01  0.269E-03  0.840E-02  0.280E-05   795
      4  0.18878E+01  0.363E-03  0.847E-02  0.387E-05   510
      5  0.18885E+01  0.526E-03  0.786E-02  0.466E-05   274
      6  0.18895E+01  0.780E-03  0.825E-02  0.680E-05   114
      7  0.18913E+01  0.110E-02  0.723E-02  0.117E-04    56
      8  0.18920E+01  0.122E-02  0.654E-02  0.717E-05    30
#     9  0.18925E+01  jk failed  0.372E-02  jk failed     8
#    10  0.18907E+01  jk failed  0.747E-03  jk failed     2
#    11  0.18954E+01  jk failed  0.000E+00  jk failed     1
&-----------------------------------------------------------
#beta =   2.00   kappa =   0.2350
#  Re(op_pbp_e)                                                    
#
#    -9  0.18889E+01  jk failed  0.447E-02  jk failed     5
     -8  0.18869E+01  0.134E-02  0.550E-02  0.784E-05    18
     -7  0.18842E+01  0.151E-02  0.946E-02  0.231E-04    57
     -6  0.18836E+01  0.916E-03  0.909E-02  0.809E-05   132
     -5  0.18816E+01  0.505E-03  0.955E-02  0.888E-05   280
     -4  0.18808E+01  0.418E-03  0.931E-02  0.501E-05   488
     -3  0.18796E+01  0.317E-03  0.968E-02  0.503E-05   781
     -2  0.18793E+01  0.303E-03  0.945E-02  0.237E-05  1092
     -1  0.18784E+01  0.223E-03  0.941E-02  0.398E-05  1398
      0  0.18782E+01  0.223E-03  0.974E-02  0.345E-05  1477
      1  0.18787E+01  0.263E-03  0.992E-02  0.345E-05  1380
      2  0.18791E+01  0.251E-03  0.956E-02  0.342E-05  1102
      3  0.18798E+01  0.341E-03  0.968E-02  0.511E-05   840
      4  0.18802E+01  0.441E-03  0.968E-02  0.574E-05   499
      5  0.18810E+01  0.595E-03  0.889E-02  0.736E-05   249
      6  0.18830E+01  0.771E-03  0.937E-02  0.117E-04   126
      7  0.18847E+01  0.104E-02  0.836E-02  0.117E-04    60
      8  0.18892E+01  0.293E-02  0.927E-02  0.425E-04    11
#     9  0.18870E+01  jk failed  0.667E-02  jk failed     3
#    11  0.18902E+01  jk failed  0.625E-02  jk failed     2
&-----------------------------------------------------------
#beta =   2.00   kappa =   0.2356
#  Re(op_pbp_e)                                                    
#
#   -10  0.18871E+01  jk failed  0.607E-02  jk failed     2
#    -9  0.18797E+01  jk failed  0.105E-01  jk failed     7
     -8  0.18857E+01  0.187E-02  0.859E-02  0.182E-04    22
     -7  0.18825E+01  0.145E-02  0.916E-02  0.158E-04    56
     -6  0.18809E+01  0.864E-03  0.816E-02  0.745E-05   138
     -5  0.18808E+01  0.739E-03  0.968E-02  0.966E-05   296
     -4  0.18788E+01  0.468E-03  0.981E-02  0.768E-05   532
     -3  0.18779E+01  0.330E-03  0.960E-02  0.532E-05   795
     -2  0.18769E+01  0.257E-03  0.101E-01  0.400E-05  1103
     -1  0.18769E+01  0.388E-03  0.100E-01  0.342E-05  1328
      0  0.18770E+01  0.279E-03  0.989E-02  0.356E-05  1505
      1  0.18769E+01  0.336E-03  0.101E-01  0.339E-05  1407
      2  0.18775E+01  0.327E-03  0.949E-02  0.453E-05  1141
      3  0.18779E+01  0.388E-03  0.984E-02  0.529E-05   749
      4  0.18788E+01  0.419E-03  0.949E-02  0.542E-05   473
      5  0.18802E+01  0.621E-03  0.911E-02  0.574E-05   259
      6  0.18818E+01  0.685E-03  0.782E-02  0.968E-05   112
      7  0.18834E+01  0.132E-02  0.835E-02  0.151E-04    44
      8  0.18849E+01  0.162E-02  0.740E-02  0.144E-04    22
#     9  0.18857E+01  jk failed  0.824E-02  jk failed     7
#    10  0.18962E+01  jk failed  0.425E-02  jk failed     2
&-----------------------------------------------------------
#beta =   2.00   kappa =   0.2387
#  Re(op_pbp_e)                                                    
#
#   -10  0.18807E+01  jk failed  0.333E-02  jk failed     2
#    -9  0.18829E+01  jk failed  0.825E-03  jk failed     2
     -8  0.18754E+01  0.294E-02  0.975E-02  0.209E-04    12
     -7  0.18731E+01  0.145E-02  0.958E-02  0.181E-04    58
     -6  0.18724E+01  0.105E-02  0.114E-01  0.128E-04   115
     -5  0.18701E+01  0.541E-03  0.101E-01  0.754E-05   242
     -4  0.18689E+01  0.535E-03  0.113E-01  0.747E-05   480
     -3  0.18676E+01  0.350E-03  0.115E-01  0.566E-05   782
     -2  0.18665E+01  0.341E-03  0.110E-01  0.497E-05  1128
     -1  0.18666E+01  0.333E-03  0.117E-01  0.518E-05  1379
      0  0.18660E+01  0.247E-03  0.118E-01  0.369E-05  1576
      1  0.18666E+01  0.384E-03  0.116E-01  0.571E-05  1398
      2  0.18676E+01  0.349E-03  0.110E-01  0.463E-05  1094
      3  0.18683E+01  0.442E-03  0.113E-01  0.526E-05   819
      4  0.18696E+01  0.461E-03  0.100E-01  0.542E-05   479
      5  0.18699E+01  0.880E-03  0.112E-01  0.967E-05   243
      6  0.18709E+01  0.109E-02  0.987E-02  0.113E-04   118
      7  0.18728E+01  0.166E-02  0.986E-02  0.229E-04    50
      8  0.18768E+01  0.268E-02  0.965E-02  0.258E-04    14
#     9  0.18811E+01  jk failed  0.102E-01  jk failed     7
#    11  0.18664E+01  jk failed  0.000E+00  jk failed     1
#    12  0.18829E+01  jk failed  0.000E+00  jk failed     1
&-----------------------------------------------------------
#beta =   2.00   kappa =   0.2400
#  Re(op_pbp_e)                                                    
#
#    -9  0.18778E+01  jk failed  0.448E-02  jk failed     5
     -8  0.18722E+01  0.241E-02  0.113E-01  0.365E-04    23
     -7  0.18685E+01  0.189E-02  0.107E-01  0.277E-04    46
     -6  0.18689E+01  0.964E-03  0.105E-01  0.143E-04   114
     -5  0.18659E+01  0.592E-03  0.114E-01  0.832E-05   254
     -4  0.18655E+01  0.382E-03  0.109E-01  0.640E-05   512
     -3  0.18638E+01  0.537E-03  0.120E-01  0.508E-05   807
     -2  0.18619E+01  0.327E-03  0.119E-01  0.622E-05  1121
     -1  0.18617E+01  0.283E-03  0.119E-01  0.512E-05  1409
      0  0.18618E+01  0.375E-03  0.118E-01  0.560E-05  1458
      1  0.18628E+01  0.295E-03  0.122E-01  0.551E-05  1427
      2  0.18623E+01  0.296E-03  0.122E-01  0.618E-05  1133
      3  0.18635E+01  0.424E-03  0.113E-01  0.651E-05   749
      4  0.18649E+01  0.351E-03  0.112E-01  0.606E-05   494
      5  0.18663E+01  0.600E-03  0.109E-01  0.841E-05   260
      6  0.18688E+01  0.136E-02  0.116E-01  0.153E-04   117
      7  0.18720E+01  0.198E-02  0.106E-01  0.190E-04    49
      8  0.18764E+01  0.238E-02  0.859E-02  0.224E-04    14
#     9  0.18849E+01  jk failed  0.711E-02  jk failed     6
#    10  0.18841E+01  jk failed  0.335E-02  jk failed     2
&-----------------------------------------------------------
#beta =   2.00   kappa =   0.2418
#  Re(op_pbp_e)                                                    
#
#   -10  0.18798E+01  jk failed  0.475E-02  jk failed     2
#    -9  0.18639E+01  jk failed  0.131E-01  jk failed     3
     -8  0.18709E+01  0.212E-02  0.792E-02  0.240E-04    15
     -7  0.18647E+01  0.160E-02  0.109E-01  0.183E-04    57
     -6  0.18632E+01  0.113E-02  0.127E-01  0.240E-04   124
     -5  0.18603E+01  0.879E-03  0.130E-01  0.152E-04   272
     -4  0.18592E+01  0.603E-03  0.129E-01  0.101E-04   486
     -3  0.18568E+01  0.441E-03  0.131E-01  0.918E-05   790
     -2  0.18560E+01  0.400E-03  0.128E-01  0.616E-05  1144
     -1  0.18553E+01  0.383E-03  0.129E-01  0.490E-05  1410
      0  0.18555E+01  0.328E-03  0.134E-01  0.683E-05  1525
      1  0.18557E+01  0.445E-03  0.134E-01  0.550E-05  1371
      2  0.18565E+01  0.439E-03  0.131E-01  0.773E-05  1105
      3  0.18569E+01  0.428E-03  0.127E-01  0.537E-05   764
      4  0.18579E+01  0.671E-03  0.123E-01  0.962E-05   507
      5  0.18614E+01  0.717E-03  0.114E-01  0.103E-04   237
      6  0.18611E+01  0.989E-03  0.114E-01  0.190E-04   123
      7  0.18643E+01  0.226E-02  0.115E-01  0.389E-04    46
      8  0.18689E+01  0.372E-02  0.144E-01  0.728E-04    16
#     9  0.18650E+01  jk failed  0.000E+00  jk failed     1
#    10  0.18888E+01  jk failed  0.000E+00  jk failed     1
#    11  0.18805E+01  jk failed  0.000E+00  jk failed     1
&-----------------------------------------------------------
#beta =   2.00   kappa =   0.2449
#  Re(op_pbp_e)                                                    
#
#   -10  0.18658E+01  jk failed  0.000E+00  jk failed     1
#    -9  0.18586E+01  jk failed  0.124E-01  jk failed     5
     -8  0.18583E+01  0.309E-02  0.115E-01  0.452E-04    15
     -7  0.18488E+01  0.184E-02  0.118E-01  0.294E-04    48
     -6  0.18508E+01  0.145E-02  0.131E-01  0.209E-04    95
     -5  0.18502E+01  0.765E-03  0.142E-01  0.188E-04   258
     -4  0.18466E+01  0.661E-03  0.148E-01  0.136E-04   467
     -3  0.18452E+01  0.620E-03  0.144E-01  0.923E-05   764
     -2  0.18439E+01  0.512E-03  0.152E-01  0.109E-04  1192
     -1  0.18420E+01  0.428E-03  0.153E-01  0.784E-05  1401
      0  0.18425E+01  0.404E-03  0.155E-01  0.788E-05  1511
      1  0.18433E+01  0.487E-03  0.158E-01  0.753E-05  1447
      2  0.18435E+01  0.429E-03  0.148E-01  0.956E-05  1140
      3  0.18444E+01  0.567E-03  0.150E-01  0.108E-04   783
      4  0.18478E+01  0.659E-03  0.135E-01  0.110E-04   479
      5  0.18491E+01  0.114E-02  0.138E-01  0.241E-04   203
      6  0.18493E+01  0.130E-02  0.129E-01  0.192E-04   122
      7  0.18573E+01  0.239E-02  0.129E-01  0.330E-04    45
      8  0.18562E+01  0.226E-02  0.103E-01  0.401E-04    22
#    10  0.18720E+01  jk failed  0.516E-02  jk failed     2
&-----------------------------------------------------------
#beta =   2.00   kappa =   0.2480
#  Re(op_pbp_e)                                                    
#
#    -9  0.18503E+01  jk failed  0.104E-01  jk failed     3
#    -8  0.18474E+01  jk failed  0.145E-01  jk failed     6
     -7  0.18408E+01  0.258E-02  0.147E-01  0.359E-04    42
     -6  0.18395E+01  0.212E-02  0.160E-01  0.528E-04    84
     -5  0.18373E+01  0.147E-02  0.163E-01  0.264E-04   220
     -4  0.18340E+01  0.800E-03  0.163E-01  0.168E-04   424
     -3  0.18322E+01  0.574E-03  0.169E-01  0.119E-04   769
     -2  0.18300E+01  0.507E-03  0.174E-01  0.116E-04  1140
     -1  0.18290E+01  0.450E-03  0.177E-01  0.957E-05  1510
      0  0.18287E+01  0.614E-03  0.176E-01  0.139E-04  1584
      1  0.18284E+01  0.380E-03  0.181E-01  0.126E-04  1461
      2  0.18290E+01  0.577E-03  0.182E-01  0.154E-04  1165
      3  0.18330E+01  0.606E-03  0.170E-01  0.122E-04   751
      4  0.18337E+01  0.668E-03  0.165E-01  0.144E-04   462
      5  0.18365E+01  0.121E-02  0.163E-01  0.260E-04   221
      6  0.18389E+01  0.149E-02  0.144E-01  0.335E-04   107
      7  0.18416E+01  0.288E-02  0.141E-01  0.600E-04    31
      8  0.18424E+01  0.347E-02  0.134E-01  0.549E-04    16
#     9  0.18479E+01  jk failed  0.834E-03  jk failed     2
#    10  0.18490E+01  jk failed  0.184E-02  jk failed     2
&-----------------------------------------------------------
#beta =   2.00   kappa =   0.2500
#  Re(op_pbp_e)                                                    
#
#   -10  0.18431E+01  jk failed  0.000E+00  jk failed     1
#    -9  0.18595E+01  jk failed  0.106E-01  jk failed     4
#    -8  0.18452E+01  jk failed  0.210E-01  jk failed     7
     -7  0.18395E+01  0.192E-02  0.146E-01  0.352E-04    46
     -6  0.18338E+01  0.196E-02  0.167E-01  0.325E-04   104
     -5  0.18260E+01  0.114E-02  0.176E-01  0.273E-04   244
     -4  0.18246E+01  0.100E-02  0.187E-01  0.214E-04   443
     -3  0.18210E+01  0.717E-03  0.198E-01  0.167E-04   807
     -2  0.18181E+01  0.500E-03  0.205E-01  0.183E-04  1178
     -1  0.18190E+01  0.406E-03  0.201E-01  0.139E-04  1444
      0  0.18183E+01  0.371E-03  0.201E-01  0.130E-04  1571
      1  0.18190E+01  0.484E-03  0.196E-01  0.146E-04  1450
      2  0.18204E+01  0.585E-03  0.192E-01  0.138E-04  1166
      3  0.18213E+01  0.800E-03  0.196E-01  0.173E-04   777
      4  0.18239E+01  0.621E-03  0.183E-01  0.275E-04   412
      5  0.18285E+01  0.121E-02  0.182E-01  0.412E-04   188
      6  0.18313E+01  0.179E-02  0.188E-01  0.575E-04   105
      7  0.18337E+01  0.332E-02  0.167E-01  0.745E-04    36
      8  0.18442E+01  0.680E-02  0.204E-01  0.178E-03    10
#     9  0.18385E+01  jk failed  0.127E-01  jk failed     5
#    10  0.18575E+01  jk failed  0.239E-02  jk failed     2
&-----------------------------------------------------------
#beta =   2.00   kappa =   0.2515
#  Re(op_pbp_e)                                                    
#
#   -11  0.18380E+01  jk failed  0.000E+00  jk failed     1
#   -10  0.18222E+01  jk failed  0.000E+00  jk failed     1
#    -9  0.18378E+01  jk failed  0.261E-01  jk failed     3
     -8  0.18315E+01  0.474E-02  0.142E-01  0.140E-03    10
     -7  0.18288E+01  0.430E-02  0.200E-01  0.100E-03    30
     -6  0.18296E+01  0.199E-02  0.159E-01  0.394E-04    87
     -5  0.18211E+01  0.163E-02  0.195E-01  0.371E-04   203
     -4  0.18152E+01  0.780E-03  0.198E-01  0.191E-04   423
     -3  0.18142E+01  0.694E-03  0.205E-01  0.295E-04   724
     -2  0.18123E+01  0.471E-03  0.201E-01  0.123E-04  1164
     -1  0.18110E+01  0.531E-03  0.208E-01  0.144E-04  1506
      0  0.18099E+01  0.568E-03  0.211E-01  0.138E-04  1598
      1  0.18102E+01  0.587E-03  0.211E-01  0.179E-04  1502
      2  0.18116E+01  0.543E-03  0.212E-01  0.145E-04  1190
      3  0.18144E+01  0.796E-03  0.203E-01  0.207E-04   811
      4  0.18166E+01  0.124E-02  0.209E-01  0.311E-04   398
      5  0.18207E+01  0.138E-02  0.190E-01  0.252E-04   207
      6  0.18200E+01  0.253E-02  0.193E-01  0.528E-04    80
      7  0.18216E+01  0.222E-02  0.147E-01  0.462E-04    44
      8  0.18277E+01  0.332E-02  0.120E-01  0.500E-04    14
#     9  0.18308E+01  jk failed  0.000E+00  jk failed     1
#    10  0.18500E+01  jk failed  0.136E-01  jk failed     2
#    12  0.18748E+01  jk failed  0.000E+00  jk failed     1
&-----------------------------------------------------------
#beta =   2.00   kappa =   0.2530
#  Re(op_pbp_e)                                                    
#
#   -10  0.18643E+01  jk failed  0.000E+00  jk failed     1
#    -9  0.18382E+01  jk failed  0.188E-01  jk failed     7
     -8  0.18274E+01  0.515E-02  0.171E-01  0.844E-04    12
     -7  0.18256E+01  0.375E-02  0.171E-01  0.835E-04    28
     -6  0.18228E+01  0.255E-02  0.197E-01  0.637E-04    84
     -5  0.18146E+01  0.143E-02  0.207E-01  0.368E-04   194
     -4  0.18107E+01  0.103E-02  0.208E-01  0.368E-04   406
     -3  0.18059E+01  0.829E-03  0.216E-01  0.238E-04   757
     -2  0.18026E+01  0.529E-03  0.221E-01  0.189E-04  1222
     -1  0.18020E+01  0.525E-03  0.232E-01  0.178E-04  1547
      0  0.18015E+01  0.496E-03  0.227E-01  0.157E-04  1602
      1  0.18012E+01  0.507E-03  0.228E-01  0.192E-04  1477
      2  0.18027E+01  0.857E-03  0.234E-01  0.206E-04  1155
      3  0.18056E+01  0.787E-03  0.222E-01  0.277E-04   763
      4  0.18103E+01  0.875E-03  0.198E-01  0.236E-04   428
      5  0.18140E+01  0.128E-02  0.205E-01  0.403E-04   198
      6  0.18189E+01  0.224E-02  0.202E-01  0.101E-03    79
      7  0.18241E+01  0.456E-02  0.174E-01  0.924E-04    27
      8  0.18285E+01  0.462E-02  0.153E-01  0.118E-03    12
#     9  0.18200E+01  jk failed  0.000E+00  jk failed     1
&-----------------------------------------------------------
#beta =   2.00   kappa =   0.2545
#  Re(op_pbp_e)                                                    
#
#    -9  0.18356E+01  jk failed  0.174E-01  jk failed     4
#    -8  0.18302E+01  jk failed  0.220E-01  jk failed     6
     -7  0.18195E+01  0.374E-02  0.179E-01  0.873E-04    24
     -6  0.18089E+01  0.277E-02  0.204E-01  0.585E-04    69
     -5  0.18049E+01  0.154E-02  0.216E-01  0.457E-04   210
     -4  0.18003E+01  0.927E-03  0.230E-01  0.313E-04   390
     -3  0.17988E+01  0.838E-03  0.245E-01  0.252E-04   763
     -2  0.17929E+01  0.620E-03  0.236E-01  0.236E-04  1205
     -1  0.17927E+01  0.715E-03  0.247E-01  0.248E-04  1494
      0  0.17908E+01  0.513E-03  0.244E-01  0.242E-04  1671
      1  0.17914E+01  0.470E-03  0.255E-01  0.211E-04  1562
      2  0.17941E+01  0.859E-03  0.246E-01  0.265E-04  1163
      3  0.17948E+01  0.788E-03  0.242E-01  0.339E-04   752
      4  0.18001E+01  0.122E-02  0.222E-01  0.368E-04   400
      5  0.18013E+01  0.154E-02  0.219E-01  0.444E-04   179
      6  0.18128E+01  0.230E-02  0.197E-01  0.703E-04    72
      7  0.18128E+01  0.456E-02  0.215E-01  0.996E-04    25
#     8  0.18431E+01  jk failed  0.148E-01  jk failed     6
#     9  0.18273E+01  jk failed  0.102E-01  jk failed     5
&-----------------------------------------------------------
#beta =   2.00   kappa =   0.2560
#  Re(op_pbp_e)                                                    
#
#    -8  0.18103E+01  jk failed  0.166E-01  jk failed     7
     -7  0.18096E+01  0.484E-02  0.205E-01  0.178E-03    19
     -6  0.17998E+01  0.358E-02  0.256E-01  0.166E-03    67
     -5  0.17977E+01  0.169E-02  0.245E-01  0.674E-04   173
     -4  0.17906E+01  0.103E-02  0.248E-01  0.439E-04   416
     -3  0.17868E+01  0.105E-02  0.254E-01  0.285E-04   734
     -2  0.17841E+01  0.973E-03  0.259E-01  0.226E-04  1187
     -1  0.17816E+01  0.592E-03  0.280E-01  0.255E-04  1555
      0  0.17800E+01  0.595E-03  0.265E-01  0.280E-04  1744
      1  0.17812E+01  0.823E-03  0.270E-01  0.315E-04  1540
      2  0.17843E+01  0.811E-03  0.264E-01  0.311E-04  1154
      3  0.17865E+01  0.112E-02  0.265E-01  0.361E-04   744
      4  0.17904E+01  0.122E-02  0.239E-01  0.429E-04   375
      5  0.17972E+01  0.144E-02  0.246E-01  0.636E-04   184
      6  0.17979E+01  0.309E-02  0.238E-01  0.101E-03    67
      7  0.18122E+01  0.544E-02  0.249E-01  0.184E-03    22
#     8  0.18130E+01  jk failed  0.259E-01  jk failed     7
#     9  0.18192E+01  jk failed  0.139E-01  jk failed     2
#    10  0.18264E+01  jk failed  0.123E-01  jk failed     2
#    11  0.18483E+01  jk failed  0.000E+00  jk failed     1
&-----------------------------------------------------------
#beta =   2.00   kappa =   0.2575
#  Re(op_pbp_e)                                                    
#
#    -8  0.18208E+01  jk failed  0.177E-01  jk failed     5
     -7  0.17976E+01  0.594E-02  0.245E-01  0.149E-03    18
     -6  0.17968E+01  0.366E-02  0.228E-01  0.110E-03    58
     -5  0.17864E+01  0.206E-02  0.240E-01  0.616E-04   172
     -4  0.17815E+01  0.171E-02  0.275E-01  0.547E-04   353
     -3  0.17762E+01  0.965E-03  0.284E-01  0.386E-04   730
     -2  0.17723E+01  0.803E-03  0.297E-01  0.281E-04  1175
     -1  0.17694E+01  0.801E-03  0.306E-01  0.335E-04  1594
      0  0.17692E+01  0.596E-03  0.300E-01  0.295E-04  1745
      1  0.17684E+01  0.689E-03  0.290E-01  0.289E-04  1625
      2  0.17733E+01  0.772E-03  0.290E-01  0.383E-04  1172
      3  0.17783E+01  0.102E-02  0.263E-01  0.352E-04   717
      4  0.17827E+01  0.135E-02  0.271E-01  0.468E-04   375
      5  0.17910E+01  0.180E-02  0.242E-01  0.668E-04   171
      6  0.17960E+01  0.280E-02  0.225E-01  0.850E-04    61
      7  0.18059E+01  0.474E-02  0.206E-01  0.131E-03    25
#     8  0.17894E+01  jk failed  0.221E-01  jk failed     4
&-----------------------------------------------------------
#beta =   2.00   kappa =   0.2590
#  Re(op_pbp_e)                                                    
#
#    -9  0.18040E+01  jk failed  0.000E+00  jk failed     1
#    -8  0.17934E+01  jk failed  0.257E-01  jk failed     3
     -7  0.17919E+01  0.685E-02  0.247E-01  0.323E-03    14
     -6  0.17867E+01  0.393E-02  0.241E-01  0.117E-03    48
     -5  0.17852E+01  0.285E-02  0.284E-01  0.977E-04   145
     -4  0.17742E+01  0.149E-02  0.285E-01  0.519E-04   335
     -3  0.17672E+01  0.143E-02  0.293E-01  0.467E-04   753
     -2  0.17602E+01  0.825E-03  0.314E-01  0.386E-04  1217
     -1  0.17583E+01  0.785E-03  0.316E-01  0.279E-04  1613
      0  0.17569E+01  0.776E-03  0.322E-01  0.384E-04  1788
      1  0.17589E+01  0.888E-03  0.318E-01  0.397E-04  1633
      2  0.17628E+01  0.871E-03  0.305E-01  0.399E-04  1169
      3  0.17670E+01  0.138E-02  0.302E-01  0.386E-04   737
      4  0.17746E+01  0.201E-02  0.292E-01  0.581E-04   346
      5  0.17806E+01  0.257E-02  0.265E-01  0.612E-04   138
      6  0.17866E+01  0.474E-02  0.251E-01  0.167E-03    44
      7  0.17878E+01  0.686E-02  0.228E-01  0.158E-03    12
#     8  0.17756E+01  jk failed  0.284E-01  jk failed     3
#     9  0.17957E+01  jk failed  0.000E+00  jk failed     1
&-----------------------------------------------------------
#beta =   2.00   kappa =   0.2605
#  Re(op_pbp_e)                                                    
#
#    -9  0.18457E+01  jk failed  0.000E+00  jk failed     1
#    -8  0.18046E+01  jk failed  0.367E-01  jk failed     7
     -7  0.17845E+01  0.440E-02  0.181E-01  0.122E-03    18
     -6  0.17802E+01  0.492E-02  0.310E-01  0.280E-03    47
     -5  0.17711E+01  0.246E-02  0.275E-01  0.118E-03   125
     -4  0.17604E+01  0.179E-02  0.317E-01  0.844E-04   321
     -3  0.17539E+01  0.965E-03  0.318E-01  0.490E-04   736
     -2  0.17473E+01  0.764E-03  0.337E-01  0.493E-04  1162
     -1  0.17449E+01  0.735E-03  0.349E-01  0.438E-04  1675
      0  0.17416E+01  0.897E-03  0.358E-01  0.440E-04  1904
      1  0.17460E+01  0.825E-03  0.353E-01  0.495E-04  1619
      2  0.17483E+01  0.124E-02  0.331E-01  0.483E-04  1154
      3  0.17550E+01  0.128E-02  0.303E-01  0.452E-04   689
      4  0.17636E+01  0.186E-02  0.306E-01  0.773E-04   342
      5  0.17673E+01  0.237E-02  0.284E-01  0.107E-03   141
      6  0.17726E+01  0.711E-02  0.327E-01  0.180E-03    36
      7  0.17899E+01  0.488E-02  0.224E-01  0.126E-03    22
#     8  0.18143E+01  jk failed  0.000E+00  jk failed     1
&-----------------------------------------------------------
#beta =   2.00   kappa =   0.2620
#  Re(op_pbp_e)                                                    
#
#    -8  0.17990E+01  jk failed  0.351E-01  jk failed     4
#    -7  0.17729E+01  jk failed  0.310E-01  jk failed     9
     -6  0.17737E+01  0.403E-02  0.256E-01  0.153E-03    49
     -5  0.17568E+01  0.298E-02  0.284E-01  0.121E-03   114
     -4  0.17521E+01  0.264E-02  0.357E-01  0.106E-03   311
     -3  0.17410E+01  0.874E-03  0.354E-01  0.721E-04   712
     -2  0.17336E+01  0.101E-02  0.355E-01  0.539E-04  1181
     -1  0.17294E+01  0.104E-02  0.369E-01  0.441E-04  1691
      0  0.17281E+01  0.839E-03  0.384E-01  0.461E-04  1857
      1  0.17289E+01  0.945E-03  0.373E-01  0.627E-04  1639
      2  0.17325E+01  0.888E-03  0.353E-01  0.456E-04  1265
      3  0.17403E+01  0.145E-02  0.343E-01  0.555E-04   654
      4  0.17485E+01  0.178E-02  0.354E-01  0.904E-04   332
      5  0.17630E+01  0.343E-02  0.339E-01  0.164E-03   129
      6  0.17598E+01  0.645E-02  0.310E-01  0.271E-03    38
      7  0.17680E+01  0.796E-02  0.276E-01  0.218E-03    13
#     8  0.17803E+01  jk failed  0.429E-02  jk failed     2
&-----------------------------------------------------------
#beta =   2.00   kappa =   0.2625
#  Re(op_pbp_e)                                                    
#
#    -7  0.18014E+01  jk failed  0.254E-01  jk failed     7
     -6  0.17712E+01  0.651E-02  0.366E-01  0.342E-03    41
     -5  0.17555E+01  0.303E-02  0.293E-01  0.976E-04   117
     -4  0.17494E+01  0.176E-02  0.355E-01  0.860E-04   309
     -3  0.17372E+01  0.170E-02  0.363E-01  0.498E-04   682
     -2  0.17277E+01  0.930E-03  0.358E-01  0.571E-04  1240
     -1  0.17249E+01  0.958E-03  0.382E-01  0.499E-04  1721
      0  0.17216E+01  0.868E-03  0.388E-01  0.373E-04  1909
      1  0.17235E+01  0.893E-03  0.376E-01  0.408E-04  1701
      2  0.17280E+01  0.124E-02  0.375E-01  0.513E-04  1203
      3  0.17347E+01  0.119E-02  0.347E-01  0.709E-04   633
      4  0.17472E+01  0.223E-02  0.342E-01  0.118E-03   282
      5  0.17578E+01  0.314E-02  0.315E-01  0.128E-03   111
      6  0.17735E+01  0.677E-02  0.332E-01  0.393E-03    37
#     7  0.17780E+01  jk failed  0.321E-01  jk failed     7
&-----------------------------------------------------------
#beta =   2.00   kappa =   0.2630
#  Re(op_pbp_e)                                                    
#
#    -8  0.17776E+01  jk failed  0.000E+00  jk failed     1
#    -7  0.17789E+01  jk failed  0.269E-01  jk failed     8
     -6  0.17569E+01  0.499E-02  0.259E-01  0.138E-03    36
     -5  0.17562E+01  0.295E-02  0.337E-01  0.168E-03   114
     -4  0.17456E+01  0.207E-02  0.356E-01  0.100E-03   305
     -3  0.17322E+01  0.184E-02  0.373E-01  0.745E-04   665
     -2  0.17227E+01  0.978E-03  0.365E-01  0.485E-04  1244
     -1  0.17172E+01  0.118E-02  0.387E-01  0.592E-04  1716
      0  0.17161E+01  0.100E-02  0.395E-01  0.650E-04  1926
      1  0.17169E+01  0.852E-03  0.395E-01  0.548E-04  1723
      2  0.17231E+01  0.115E-02  0.374E-01  0.538E-04  1142
      3  0.17330E+01  0.106E-02  0.365E-01  0.605E-04   700
      4  0.17403E+01  0.160E-02  0.346E-01  0.966E-04   280
      5  0.17479E+01  0.448E-02  0.327E-01  0.134E-03   105
      6  0.17623E+01  0.551E-02  0.251E-01  0.157E-03    25
      7  0.17732E+01  0.812E-02  0.244E-01  0.294E-03    10
&-----------------------------------------------------------
#beta =   2.00   kappa =   0.2635
#  Re(op_pbp_e)                                                    
#
#    -8  0.18027E+01  jk failed  0.844E-02  jk failed     3
     -7  0.17740E+01  0.826E-02  0.261E-01  0.198E-03    11
     -6  0.17627E+01  0.751E-02  0.341E-01  0.354E-03    26
     -5  0.17496E+01  0.351E-02  0.386E-01  0.242E-03   104
     -4  0.17403E+01  0.170E-02  0.339E-01  0.101E-03   257
     -3  0.17272E+01  0.155E-02  0.374E-01  0.105E-03   627
     -2  0.17193E+01  0.954E-03  0.390E-01  0.632E-04  1216
     -1  0.17113E+01  0.129E-02  0.408E-01  0.490E-04  1723
      0  0.17117E+01  0.101E-02  0.402E-01  0.471E-04  1954
      1  0.17127E+01  0.110E-02  0.405E-01  0.520E-04  1869
      2  0.17209E+01  0.121E-02  0.389E-01  0.512E-04  1178
      3  0.17283E+01  0.175E-02  0.372E-01  0.686E-04   636
      4  0.17425E+01  0.237E-02  0.356E-01  0.105E-03   264
      5  0.17470E+01  0.313E-02  0.357E-01  0.213E-03    94
      6  0.17715E+01  0.723E-02  0.316E-01  0.267E-03    26
#     7  0.17728E+01  jk failed  0.217E-01  jk failed     9
#     8  0.18265E+01  jk failed  0.352E-02  jk failed     3
&-----------------------------------------------------------
#beta =   2.00   kappa =   0.2650
#  Re(op_pbp_e)                                                    
#
#    -8  0.17392E+01  jk failed  0.000E+00  jk failed     1
#    -7  0.17654E+01  jk failed  0.238E-01  jk failed     5
     -6  0.17422E+01  0.749E-02  0.309E-01  0.391E-03    18
     -5  0.17323E+01  0.462E-02  0.391E-01  0.177E-03    84
     -4  0.17256E+01  0.194E-02  0.362E-01  0.146E-03   253
     -3  0.17121E+01  0.164E-02  0.409E-01  0.937E-04   585
     -2  0.17032E+01  0.117E-02  0.403E-01  0.626E-04  1144
     -1  0.16937E+01  0.135E-02  0.439E-01  0.766E-04  1808
      0  0.16908E+01  0.872E-03  0.436E-01  0.658E-04  2083
      1  0.16959E+01  0.893E-03  0.427E-01  0.585E-04  1782
      2  0.17014E+01  0.121E-02  0.423E-01  0.730E-04  1172
      3  0.17124E+01  0.193E-02  0.406E-01  0.742E-04   647
      4  0.17236E+01  0.331E-02  0.414E-01  0.193E-03   288
      5  0.17316E+01  0.419E-02  0.334E-01  0.212E-03    86
      6  0.17420E+01  0.633E-02  0.356E-01  0.296E-03    35
#     7  0.17586E+01  jk failed  0.362E-01  jk failed     8
#     8  0.17475E+01  jk failed  0.000E+00  jk failed     1
&-----------------------------------------------------------
#beta =   2.00   kappa =   0.2675
#  Re(op_pbp_e)                                                    
#
#    -8  0.18663E+01  jk failed  0.000E+00  jk failed     1
#    -7  0.18237E+01  jk failed  0.339E-01  jk failed     2
     -6  0.17256E+01  0.990E-02  0.370E-01  0.497E-03    15
     -5  0.17131E+01  0.536E-02  0.460E-01  0.329E-03    54
     -4  0.16961E+01  0.305E-02  0.432E-01  0.218E-03   222
     -3  0.16820E+01  0.188E-02  0.460E-01  0.134E-03   570
     -2  0.16682E+01  0.117E-02  0.433E-01  0.745E-04  1157
     -1  0.16596E+01  0.820E-03  0.480E-01  0.613E-04  1932
      0  0.16559E+01  0.132E-02  0.487E-01  0.878E-04  2249
      1  0.16605E+01  0.975E-03  0.482E-01  0.914E-04  1833
      2  0.16689E+01  0.134E-02  0.445E-01  0.809E-04  1142
      3  0.16816E+01  0.198E-02  0.427E-01  0.119E-03   556
      4  0.16940E+01  0.284E-02  0.415E-01  0.178E-03   184
      5  0.17141E+01  0.719E-02  0.453E-01  0.401E-03    61
      6  0.17404E+01  0.961E-02  0.430E-01  0.639E-03    21
#     7  0.17057E+01  jk failed  0.000E+00  jk failed     1
&-----------------------------------------------------------
#beta =   2.00   kappa =   0.2700
#  Re(op_pbp_e)                                                    
#
#    -7  0.17674E+01  jk failed  0.000E+00  jk failed     1
#    -6  0.16972E+01  jk failed  0.300E-01  jk failed     7
     -5  0.16795E+01  0.821E-02  0.450E-01  0.520E-03    50
     -4  0.16670E+01  0.507E-02  0.452E-01  0.211E-03   156
     -3  0.16504E+01  0.175E-02  0.458E-01  0.225E-03   475
     -2  0.16343E+01  0.186E-02  0.500E-01  0.132E-03  1081
     -1  0.16188E+01  0.150E-02  0.500E-01  0.675E-04  2007
      0  0.16094E+01  0.130E-02  0.512E-01  0.742E-04  2400
      1  0.16184E+01  0.808E-03  0.526E-01  0.931E-04  2044
      2  0.16323E+01  0.123E-02  0.480E-01  0.122E-03  1128
      3  0.16478E+01  0.216E-02  0.464E-01  0.101E-03   452
      4  0.16684E+01  0.348E-02  0.421E-01  0.196E-03   154
      5  0.16887E+01  0.850E-02  0.457E-01  0.618E-03    41
#     6  0.16920E+01  jk failed  0.302E-01  jk failed     4
&-----------------------------------------------------------
#beta =   2.00   kappa =   0.2725
#  Re(op_pbp_e)                                                    
#
     -5  0.16626E+01  0.108E-01  0.484E-01  0.901E-03    21
     -4  0.16368E+01  0.503E-02  0.470E-01  0.292E-03    93
     -3  0.16092E+01  0.226E-02  0.460E-01  0.205E-03   339
     -2  0.15914E+01  0.199E-02  0.477E-01  0.139E-03  1029
     -1  0.15753E+01  0.801E-03  0.505E-01  0.896E-04  2048
      0  0.15625E+01  0.936E-03  0.529E-01  0.690E-04  2874
      1  0.15728E+01  0.788E-03  0.499E-01  0.101E-03  2069
      2  0.15944E+01  0.171E-02  0.501E-01  0.101E-03  1048
      3  0.16110E+01  0.263E-02  0.451E-01  0.166E-03   356
      4  0.16328E+01  0.438E-02  0.419E-01  0.255E-03   104
      5  0.16658E+01  0.111E-01  0.431E-01  0.809E-03    16
#     6  0.16181E+01  jk failed  0.245E-01  jk failed     2
#     7  0.17407E+01  jk failed  0.000E+00  jk failed     1
&-----------------------------------------------------------
#beta =   2.00   kappa =   0.2750
#  Re(op_pbp_e)                                                    
#
#    -6  0.16332E+01  jk failed  0.000E+00  jk failed     1
     -5  0.16132E+01  0.112E-01  0.417E-01  0.540E-03    15
     -4  0.15929E+01  0.105E-01  0.469E-01  0.615E-03    30
     -3  0.15727E+01  0.296E-02  0.453E-01  0.189E-03   277
     -2  0.15466E+01  0.130E-02  0.469E-01  0.135E-03   837
     -1  0.15279E+01  0.963E-03  0.496E-01  0.702E-04  2208
      0  0.15125E+01  0.894E-03  0.528E-01  0.788E-04  3292
      1  0.15261E+01  0.899E-03  0.487E-01  0.689E-04  2173
      2  0.15477E+01  0.177E-02  0.467E-01  0.128E-03   866
      3  0.15659E+01  0.282E-02  0.431E-01  0.145E-03   231
      4  0.15939E+01  0.593E-02  0.393E-01  0.446E-03    50
      5  0.16277E+01  0.141E-01  0.526E-01  0.771E-03    15
#     6  0.16317E+01  jk failed  0.443E-01  jk failed     5
&-----------------------------------------------------------
#beta =   2.00   kappa =   0.2780
#  Re(op_pbp_e)                                                    
#
#    -5  0.15698E+01  jk failed  0.228E-01  jk failed     2
     -4  0.15279E+01  0.155E-01  0.691E-01  0.335E-02    21
     -3  0.15185E+01  0.454E-02  0.471E-01  0.362E-03   143
     -2  0.14962E+01  0.204E-02  0.457E-01  0.117E-03   653
     -1  0.14704E+01  0.852E-03  0.465E-01  0.120E-03  2234
      0  0.14487E+01  0.119E-02  0.509E-01  0.155E-03  3931
      1  0.14690E+01  0.117E-02  0.470E-01  0.145E-03  2175
      2  0.14947E+01  0.123E-02  0.451E-01  0.182E-03   678
      3  0.15321E+01  0.525E-02  0.516E-01  0.404E-03   133
      4  0.15418E+01  0.897E-02  0.377E-01  0.458E-03    28
#     5  0.15761E+01  jk failed  0.000E+00  jk failed     1
#     6  0.16021E+01  jk failed  0.000E+00  jk failed     1
&-----------------------------------------------------------
