# triplet j1 / nf 3 / mode 2 / nplat  4 / jkb  20 / start     1 / nmeas 30000
 0.0010   4.0246361421979781E-003   1.4881546613156431E-004   1.4928988685234577E-003   1.9522889299208167E-005  0.42934219208333058        1.6121711924101025E-002
 0.0020   8.1099086692562345E-003   2.8591052796713318E-004   3.0131131309693712E-003   4.1479222379455542E-005  0.42807685897560738        1.5376571572847912E-002
 0.0030   1.2261469821237663E-002   4.3165778980589392E-004   4.5600472747843466E-003   6.5849530993998214E-005  0.42659696776865796        1.5330702305133764E-002
 0.0040   1.6473514813806878E-002   5.8078085439206212E-004   6.1329188438132114E-003   9.2575971297861789E-005  0.42519909510156761        1.5330238269741225E-002
 0.0050   2.0742245033924186E-002   7.3233508660292305E-004   7.7307523250553806E-003   1.2156299850107119E-004  0.42389190156011713        1.5332711811320829E-002
 0.0060   2.5063572307385703E-002   8.8568803901132415E-004   9.3523755038928055E-003   1.5267814374761443E-004  0.42267700347539205        1.5329704638501692E-002
 0.0070   2.9432940873549533E-002   1.0402137542316334E-003   1.0996418616823982E-002   1.8575311721940457E-004  0.42155669602550710        1.5318122842456703E-002
 0.0080   3.3845430193896957E-002   1.1952117583472418E-003   1.2661316580340158E-002   2.2058540918879250E-004  0.42053232734823104        1.5295750222702837E-002
 0.0090   3.8295723849548838E-002   1.3499579022346331E-003   1.4345314506921796E-002   2.5694051153412820E-004  0.41960534034064439        1.5261331724697728E-002
 0.0100   4.2778171334388430E-002   1.5036826725466177E-003   1.6046476635475128E-002   2.9455483362867633E-004  0.41877681186715099        1.5213825953413645E-002
 0.0200   8.7997760970537672E-002   2.8101391822764801E-003   3.3480852909481849E-002   6.7022945042541707E-004  0.41586907852602290        1.3917497895235231E-002
 0.0400  0.16593653302818048        3.1467784678394016E-003   6.3780439053463867E-002   7.8849811309017665E-004  0.43047380963881754        8.5861210732479723E-003
 0.0600  0.22398798660101929        2.2104951746133527E-003   8.3879087044678100E-002   4.3611636137323901E-004  0.44791204819886415        4.5711555450520837E-003
 0.0800  0.27391006033175136        1.5500864026295655E-003   9.8039972382893192E-002   2.1996449706224728E-004  0.45724987758187369        2.6379772597345326E-003
 0.1000  0.32116448359283545        1.1652393677515386E-003  0.10940476155563934        1.2723803648822835E-004  0.46058055373473050        1.6923914411489066E-003
 0.1200  0.36706719794305087        9.2445625107431307E-004  0.11922762772375287        8.5732536783714102E-005  0.46083822554727444        1.1723847738656871E-003
 0.1400  0.41194552416247715        7.6615201630286236E-004  0.12802650097405413        6.3663249562102690E-005  0.45960967815940573        8.6240419444603858E-004
 0.1600  0.45596703543439743        6.6105131015718494E-004  0.13605315967368950        4.9794245015943913E-005  0.45761037175158015        6.6869790210248071E-004
 0.1800  0.49928006726675117        5.9166996252542760E-004  0.14345228518346406        4.0099658454606232E-005  0.45515650898278565        5.4312002346898556E-004
 0.2000  0.54202200223008445        5.4633107420019812E-004  0.15031866383495737        3.2919358276872716E-005  0.45239680891229339        4.5867618249472288E-004
 0.2200  0.58431370252510650        5.1718679985559397E-004  0.15672030312413024        2.7423245930749457E-005  0.44941017279015366        3.9971977694569158E-004
 0.2400  0.62625761010722703        4.9908598279904302E-004  0.16270908405302437        2.3123327910159985E-005  0.44624514328816089        3.5703876696075321E-004
 0.2600  0.66793908055921936        4.8871433495760398E-004  0.16832630973061544        1.9702307075246818E-005  0.44293583600704417        3.2512015341428375E-004
 0.2800  0.70942897445084974        4.8395096749501013E-004  0.17360590111100385        1.6942074949363838E-005  0.43950855526999627        3.0058544017724114E-004
 0.3000  0.75078637454732922        4.8342533197229010E-004  0.17857638414523669        1.4687654915997153E-005  0.43598470653953142        2.8129904255244246E-004
 0.3200  0.79206097562235600        4.8622700853924022E-004  0.18326219828641968        1.2826448508551437E-005  0.43238220951840967        2.6585987917229526E-004
 0.3400  0.83329504080538919        4.9172650917573332E-004  0.18768459667500575        1.1275010968020942E-005  0.42871627921022071        2.5331254599527807E-004
 0.3600  0.87452496080394082        4.9947006577734170E-004  0.19186228737758426        9.9706954664353152E-006  0.42499991915929525        2.4298255751233283E-004
 0.3800  0.91578246834174448        5.0911286263468963E-004  0.19581190357357547        8.8655988355049998E-006  0.42124427898434791        2.3437729268610324E-004
 0.4000  0.95709560061069920        5.2038333562441706E-004  0.19954835698871631        7.9226932113575551E-006  0.41745892622294922        2.2712821731348833E-004


# triplet j3 / nf 3 / mode 2 / nplat  4 / jkb  20 / start     1 / nmeas 30000
 0.0010  0.16172080848886805        5.3212815093841700E-003   1.4928988685234577E-003   1.9522889299208167E-005   1.0684748114822966E-002   3.5844653799012343E-004
 0.0020  0.16124403161664000        5.2395829414616287E-003   3.0131131309693712E-003   4.1479222379455542E-005   2.1530497562652046E-002   7.1515143218659773E-004
 0.0030  0.16083310578683913        5.1577332954373259E-003   4.5600472747843466E-003   6.5849530993998214E-005   3.2522569408436564E-002   1.0690696593582151E-003
 0.0040  0.16048969149156234        5.0756560066813356E-003   6.1329188438132114E-003   9.2575971297861789E-005   4.3644694726958290E-002   1.4190712910723204E-003
 0.0050  0.16021530672499532        4.9932877530782099E-003   7.7307523250553806E-003   1.2156299850107119E-004   5.4879086585328737E-002   1.7639526041386298E-003
 0.0060  0.16001130754603321        4.9105851998440617E-003   9.3523755038928055E-003   1.5267814374761443E-004   6.6206543785831559E-002   2.1024523250969128E-003
 0.0070  0.15987888659897270        4.8275187876500652E-003   1.0996418616823982E-002   1.8575311721940457E-004   7.7606578159941791E-002   2.4332664121939091E-003
 0.0080  0.15981905836631016        4.7440812000897978E-003   1.2661316580340158E-002   2.2058540918879250E-004   8.9057573452340610E-002   2.7550704196400420E-003
 0.0090  0.15983265052156231        4.6602778703544673E-003   1.4345314506921796E-002   2.5694051153412820E-004  0.10053696905510219        3.0665361348962894E-003
 0.0100  0.15992030228680851        4.5761366079465939E-003   1.6046476635475128E-002   2.9455483362867633E-004  0.11202146289589440        3.3663583110951924E-003
 0.0200  0.16486974969761131        3.7320741425516616E-003   3.3480852909481849E-002   6.7022945042541707E-004  0.22196641794077360        5.4938107158724776E-003
 0.0400  0.19320691690227215        2.3605085362878803E-003   6.3780439053463867E-002   7.8849811309017665E-004  0.36971415245464373        5.0622055891582692E-003
 0.0600  0.23435655967483351        1.6726375736951604E-003   8.3879087044678100E-002   4.3611636137323901E-004  0.42809519814424868        3.2517539685795863E-003
 0.0800  0.27924182131598474        1.3850830445780811E-003   9.8039972382893192E-002   2.1996449706224728E-004  0.44851928326814522        2.2809138288816312E-003
 0.1000  0.32467818149149136        1.2493433740053466E-003  0.10940476155563934        1.2723803648822835E-004  0.45559610754747748        1.7730132805942377E-003
 0.1200  0.36971321337285412        1.1703567852934904E-003  0.11922762772375287        8.5732536783714102E-005  0.45754003383722730        1.4576913311273787E-003
 0.1400  0.41409032831310516        1.1174353131067440E-003  0.12802650097405413        6.3663249562102690E-005  0.45722910397550515        1.2390726830942627E-003
 0.1600  0.45779424683614173        1.0801816095137259E-003  0.13605315967368950        4.9794245015943913E-005  0.45578389425737914        1.0786675874253564E-003
 0.1800  0.50089620917771915        1.0542312678309029E-003  0.14345228518346406        4.0099658454606232E-005  0.45368794624116593        9.5697564321718870E-004
 0.2000  0.54349267830951642        1.0370520433326089E-003  0.15031866383495737        3.2919358276872716E-005  0.45117263572315658        8.6231018318888466E-004
 0.2200  0.58568043923917301        1.0267847403802504E-003  0.15672030312413024        2.7423245930749457E-005  0.44836143470420159        7.8702236385019971E-004
 0.2400  0.62754731196664248        1.0219450287800589E-003  0.16270908405302437        2.3123327910159985E-005  0.44532804400324760        7.2589557795101609E-004
 0.2600  0.66916966262340971        1.0213447228447875E-003  0.16832630973061544        1.9702307075246818E-005  0.44212129086875962        6.7529971475375626E-004
 0.2800  0.71061274932627849        1.0240443194295340E-003  0.17360590111100385        1.6942074949363838E-005  0.43877639955542752        6.3267086288278302E-004
 0.3000  0.75193209405373329        1.0293133340788688E-003  0.17857638414523669        1.4687654915997153E-005  0.43532039630895825        5.9617517127565219E-004
 0.3200  0.79317506025903184        1.0365897383159651E-003  0.18326219828641968        1.2826448508551437E-005  0.43177489040194739        5.6448301757519028E-004
 0.3400  0.83438233967308395        1.0454433003184614E-003  0.18768459667500575        1.1275010968020942E-005  0.42815761119583035        5.3661623667145594E-004
 0.3600  0.87558922523924654        1.0555463777873226E-003  0.19186228737758426        9.9706954664353152E-006  0.42448333868305027        5.1184494421000913E-004
 0.3800  0.91682666099907861        1.0666481069465706E-003  0.19581190357357547        8.8655988355049998E-006  0.42076451524953229        4.8961559450725006E-004
 0.4000  0.95812210199576042        1.0785589447790474E-003  0.19954835698871631        7.9226932113575551E-006  0.41701167407723477        4.6950341874603602E-004