# triplet j1 / nf 6 / mode 2 / nplat  4 / jkb  20 / start     1 / nmeas 30000
 0.0010   3.5322133207980853E-003   1.7058995294975493E-004   1.3277555968894614E-003   1.7797429381809103E-005  0.46134640865003490        2.2494465480866432E-002
 0.0020   6.9499089218263933E-003   3.1650957906097146E-004   2.6552729412639424E-003   3.5575263357648383E-005  0.46892724613316683        2.1585473310600591E-002
 0.0030   1.0425484830087251E-002   4.6789930303980291E-004   3.9823191575068147E-003   5.3315249725806284E-005  0.46886454811839851        2.1275575428710770E-002
 0.0040   1.3900217303191286E-002   6.2126403871737941E-004   5.3086719728016631E-003   7.1001775912064220E-005  0.46883103116458008        2.1187448059715994E-002
 0.0050   1.7373678265855171E-002   7.7475669901466183E-004   6.6341246449679262E-003   8.8623074116583823E-005  0.46881342393718139        2.1139338011202252E-002
 0.0060   2.0845714335890764E-002   9.2790472697576801E-004   7.9584904528760495E-003   1.0617229518054679E-004  0.46880171396985920        2.1100758134391988E-002
 0.0070   2.4316258737690215E-002   1.0805392066859521E-003   9.2816066212908031E-003   1.2364841735086943E-004  0.46879054187515445        2.1064331665988173E-002
 0.0080   2.7785287765928576E-002   1.2325308426677859E-003   1.0603337566287523E-002   1.4105696338944973E-004  0.46877709800658218        2.1027013478635993E-002
 0.0090   3.1252860711758472E-002   1.3837850284502010E-003   1.1923577364272542E-002   1.5841050746609277E-004  0.46875915543729973        2.0987561125337850E-002
 0.0100   3.4719122808658680E-002   1.5342474364499023E-003   1.3242251366577364E-002   1.7572896079286144E-004  0.46873476735006997        2.0945707704616713E-002
 0.0200   6.9398670830708831E-002   2.9938274937393833E-003   2.6347383712333371E-002   3.5606981537413896E-004  0.46778639982798842        2.0426153302951697E-002
 0.0400  0.13982946138267302        5.7515248159449462E-003   5.2164822759938861E-002   8.3796538887160059E-004  0.46199276756315349        1.9361784587562842E-002
 0.0600  0.20482699801802731        6.8457165231445242E-003   7.4758610867578665E-002   8.9582629113147533E-004  0.46241725841837972        1.5701254877910593E-002
 0.0800  0.25786981567133371        5.7572157848748539E-003   9.1484561405806686E-002   5.2994936848218979E-004  0.46917340545979008        1.0562570032028219E-002
 0.1000  0.30504062711412455        4.4291105602989990E-003  0.10430385703375704        3.2311704538761835E-004  0.47348638659566777        6.9139066038648479E-003
 0.1200  0.35061816383629246        3.3736605411515577E-003  0.11505152746431693        2.3639197086391058E-004  0.47393349602457335        4.5861235174633475E-003
 0.1400  0.39560084355850428        2.5713921989145034E-003  0.12453356701555297        1.7842153481171066E-004  0.47202502136279789        3.0867236701954313E-003
 0.1600  0.44007250719679863        1.9808480367352072E-003  0.13310419936128018        1.3256424024329837E-004  0.46897169373834685        2.1238074624176976E-003
 0.1800  0.48402875268971485        1.5589877025038042E-003  0.14094900849443887        9.7826477731818848E-005  0.46538362939914663        1.5076096931682370E-003
 0.2000  0.52750572538312857        1.2636420966358659E-003  0.14818423426493327        7.2846003824300563E-005  0.46153412565962237        1.1114116432739186E-003
 0.2200  0.57056600885136100        1.0599373568831035E-003  0.15489244118058687        5.5408166179736654E-005  0.45754683470117186        8.5391282319205366E-004
 0.2400  0.61327843492227652        9.2162166022061328E-004  0.16113681801929136        4.3328132685171751E-005  0.45348227505531447        6.8420524268395541E-004
 0.2600  0.65570856610421213        8.2946743758562048E-004  0.16696785037842471        3.4860744668380922E-005  0.44937327693782203        5.7038693159603055E-004
 0.2800  0.69791576775884390        7.6946992989951910E-004  0.17242696928027265        2.8764036291795301E-005  0.44523941204862311        4.9229056735088301E-004
 0.3000  0.73995290420699233        7.3156188250788322E-004  0.17754882327946356        2.4217320285158501E-005  0.44109328394246139        4.3712763353094417E-004
 0.3200  0.78186687495421681        7.0869207832700907E-004  0.18236282363249831        2.0702815266665618E-005  0.43694354419647441        3.9682590629630727E-004
 0.3400  0.82369934875589890        6.9606065354220730E-004  0.18689425266080523        1.7900217195484235E-005  0.43279646697097673        3.6631805132754646E-004
 0.3600  0.86548750325905843        6.9047455002636717E-004  0.19116508436859994        1.5610252145113014E-005  0.42865681537782607        3.4242433121572794E-004
 0.3800  0.90726470507844581        6.8983774073867645E-004  0.19519460447283199        1.3705395155930857E-005  0.42452833708023929        3.2313355392990566E-004
 0.4000  0.94906110037166236        6.9277826860430244E-004  0.19899988596726376        1.2100347029698998E-005  0.42041406226642308        3.0715223569179349E-004


# triplet j3 / nf 6 / mode 2 / nplat  4 / jkb  20 / start     1 / nmeas 30000
 0.0010  0.18748695177209745        9.2688784185735295E-003   1.3277555968894614E-003   1.7797429381809103E-005   8.6916658185198035E-003   4.3362441969387581E-004
 0.0020  0.18752837510391746        9.2643746165379359E-003   2.6552729412639424E-003   3.5575263357648383E-005   1.7378712153733673E-002   8.6640950938273234E-004
 0.0030  0.18759726039400162        9.2568644670720391E-003   3.9823191575068147E-003   5.3315249725806284E-005   2.6056565130576793E-002   1.2975212506458394E-003
 0.0040  0.18769338093413562        9.2463372376371967E-003   5.3086719728016631E-003   7.1001775912064220E-005   3.4720740706108165E-002   1.7261351660379720E-003
 0.0050  0.18781642465840281        9.2327815680763401E-003   6.6341246449679262E-003   8.8623074116583823E-005   4.3366886623534447E-002   2.1514415792768323E-003
 0.0060  0.18796600621867632        9.2161798088711503E-003   7.9584904528760495E-003   1.0617229518054679E-004   5.1990819011297686E-002   2.5726487263059692E-003
 0.0070  0.18814167228786155        9.1965131282781415E-003   9.2816066212908031E-003   1.2364841735086943E-004   6.0588555270079350E-002   2.9889873235990484E-003
 0.0080  0.18834291285151097        9.1737539234775685E-003   1.0603337566287523E-002   1.4105696338944973E-004   6.9156340257192195E-002   3.3997111623162639E-003
 0.0090  0.18856917540560525        9.1478748837998825E-003   1.1923577364272542E-002   1.5841050746609277E-004   7.7690664769211215E-002   3.8041016410514808E-003
 0.0100  0.18881987749084336        9.1188383893468575E-003   1.3242251366577364E-002   1.7572896079286144E-004   8.6188277254360193E-002   4.2014651077659408E-003
 0.0200  0.19255159718950363        8.6446836267146162E-003   2.6347383712333371E-002   3.5606981537413896E-004  0.16859768942240996        7.6545172812278062E-003
 0.0400  0.20690980773520654        6.7225475157269799E-003   5.2164822759938861E-002   8.3796538887160059E-004  0.31221429548529911        1.0449279190321559E-002
 0.0600  0.23398117368257373        4.8649728683576579E-003   7.4758610867578665E-002   8.9582629113147533E-004  0.40479982804965831        8.7591358697250033E-003
 0.0800  0.27104175890676702        3.8400923225692910E-003   9.1484561405806686E-002   5.2994936848218979E-004  0.44637276584906110        6.4549642195568906E-003
 0.1000  0.31253481432278185        3.0554650820555432E-003  0.10430385703375704        3.2311704538761835E-004  0.46213278546298281        4.5743475238192617E-003
 0.1200  0.35572314977708575        2.4751447126706390E-003  0.11505152746431693        2.3639197086391058E-004  0.46713207240175719        3.2855718259749587E-003
 0.1400  0.39943637899783596        2.1090137714883496E-003  0.12453356701555297        1.7842153481171066E-004  0.46749246300586839        2.4909627736575354E-003
 0.1600  0.44313888111094535        1.8931971463213662E-003  0.13310419936128018        1.3256424024329837E-004  0.46572656533853840        2.0031678217169798E-003
 0.1800  0.48660155588139486        1.7614280298478421E-003  0.14094900849443887        9.7826477731818848E-005  0.46292301152277143        1.6833979249188285E-003
 0.2000  0.52975120522167740        1.6732507621713283E-003  0.14818423426493327        7.2846003824300563E-005  0.45957780057011688        1.4559925351868323E-003
 0.2200  0.57258749335178694        1.6087778202610620E-003  0.15489244118058687        5.5408166179736654E-005  0.45593149408457351        1.2836067944115904E-003
 0.2400  0.61514044186307171        1.5586830109065239E-003  0.16113681801929136        4.3328132685171751E-005  0.45210960129463118        1.1471962677820325E-003
 0.2600  0.65745145152344164        1.5183725910805721E-003  0.16696785037842471        3.4860744668380922E-005  0.44818200094268734        1.0361253713578353E-003
 0.2800  0.69956512546961702        1.4853794362784305E-003  0.17242696928027265        2.8764036291795301E-005  0.44418967553279903        9.4387079952782261E-004
 0.3000  0.74152551597645622        1.4582467325293150E-003  0.17754882327946356        2.4217320285158501E-005  0.44015782255264541        8.6611255994888071E-004
 0.3200  0.78337432938340934        1.4360230367285681E-003  0.18236282363249831        2.0702815266665618E-005  0.43610272971443170        7.9981396693698840E-004
 0.3400  0.82515015904192424        1.4180205580149926E-003  0.18689425266080523        1.7900217195484235E-005  0.43203550781808026        7.4274124275805682E-004
 0.3600  0.86688830937320316        1.4037017173036336E-003  0.19116508436859994        1.5610252145113014E-005  0.42796414818949446        6.9319766541037090E-004
 0.3800  0.90862092704854902        1.3926157806141398E-003  0.19519460447283199        1.3705395155930857E-005  0.42389467936827152        6.4986095479955695E-004
 0.4000  0.95037730403196807        1.3843757834445475E-003  0.19899988596726376        1.2100347029698998E-005  0.41983181927171831        6.1168504505846428E-004