# triplet j1 / nf 1 / mode 2 / nplat  4 / jkb  20 / start     1 / nmeas 30000
 0.0010   3.2866397457617699E-002   6.6324406799330555E-004   6.3258632463935274E-002   1.3426315500712719E-003  0.34223371719344525        7.8030206015502115E-003
 0.0020   4.6408908236018925E-002   8.8287636033525924E-004   6.4022995137789987E-002   1.2695319628680463E-003  0.34482332686418110        7.3973041349188100E-003
 0.0030   5.6701503608127243E-002   1.0175137685025286E-003   6.4776847190057288E-002   1.2008381001904927E-003  0.34768900140414855        7.0224695034412409E-003
 0.0040   6.5281231632149120E-002   1.1065136544069329E-003   6.5520570788298357E-002   1.1362889875079114E-003  0.35070785256601861        6.6771975624570169E-003
 0.0050   7.2753014462122512E-002   1.1666064339687875E-003   6.6254534417065386E-002   1.0756373505505939E-003  0.35379917066989514        6.3587430255056280E-003
 0.0060   7.9432893900222901E-002   1.2068830989784259E-003   6.6979093071444853E-002   1.0186491499554601E-003  0.35691094755826314        6.0640653135935734E-003
 0.0070   8.5512199100867506E-002   1.2329407784430757E-003   6.7694588484817478E-002   9.6510309685160283E-004  0.36000863596961197        5.7904454612672024E-003
 0.0080   9.1117935909654363E-002   1.2484973823216942E-003   6.8401349385677268E-002   9.1479015677245847E-004  0.36306840128558787        5.5355689339432485E-003
 0.0090   9.6339895680083110E-002   1.2561472110998201E-003   6.9099691778846298E-002   8.6751304557071830E-004  0.36607336886336217        5.2974713692416214E-003
 0.0100  0.10124450699548188        1.2577603912968195E-003   6.9789919246851614E-002   8.2308572252780255E-004  0.36901147868754064        5.0744661143309012E-003
 0.0200  0.14030334571717859        1.1348689273851277E-003   7.6304444107423125E-002   5.0166892288951994E-004  0.39376479467981956        3.4380198053095786E-003
 0.0400  0.19868378931615460        8.3759421180674097E-004   8.7814586450295953E-002   2.2651109873641411E-004  0.42185761149054024        1.8597945726932768E-003
 0.0600  0.24947478841578952        6.5708020943958090E-004   9.8052022930745594E-002   1.3130397165157220E-004  0.43480270685617572        1.1816320202193286E-003
 0.0800  0.29710693768210905        5.4685713036829297E-004  0.10744139806465673        8.9497368675199677E-005  0.44129908170590970        8.3279363538051499E-004
 0.1000  0.34275244615781375        4.7431277852047965E-004  0.11617058777507101        6.6148186339493414E-005  0.44471576801961710        6.2830242173671843E-004
 0.1200  0.38697907857931146        4.2428040960511683E-004  0.12433730932326492        5.0990991180879023E-005  0.44639453297446291        4.9790889649577869E-004
 0.1400  0.43015980614217653        3.8899797905627613E-004  0.13200288927852274        4.0395689293929140E-005  0.44693143971675836        4.0990935813418905E-004
 0.1600  0.47256476870747788        3.6403261069480047E-004  0.13921227331261959        3.2694140835644459E-005  0.44663464878868053        3.4803212245613320E-004
 0.1800  0.51439521493273432        3.4668868773948656E-004  0.14600186716407215        2.6945432573642945E-005  0.44569066237779925        3.0318606687989490E-004
 0.2000  0.55580304775623113        3.3525969269811683E-004  0.15240285796468855        2.2558025852767596E-005  0.44422769153459607        2.6996688477130560E-004
 0.2200  0.59690433649528662        3.2862924595527919E-004  0.15844277203557749        1.9141255348731727E-005  0.44234163636242396        2.4499520221138557E-004
 0.2400  0.63778902333695020        3.2603134606057479E-004  0.16414630068537281        1.6430570762969551E-005  0.44010786317807721        2.2605442578122148E-004
 0.2600  0.67852791533732448        3.2690833651990113E-004  0.16953579901351182        1.4243672301159258E-005  0.43758725140142335        2.1162526273838867E-004
 0.2800  0.71917771281059739        3.3082690170923879E-004  0.17463162534530677        1.2452962070522320E-005  0.43482974152037857        2.0062474488456895E-004
 0.3000  0.75978463156582499        3.3742418646043559E-004  0.17945239474193234        1.0967476394964176E-005  0.43187667553459230        1.9225211845337050E-004
 0.3200  0.80038702381698312        3.4638444389524303E-004  0.18401518087218766        9.7213318675909885E-006  0.42876248010642093        1.8590135797320263E-004
 0.3400  0.84101729878943055        3.5742224629026865E-004  0.18833568347370408        8.6658335973236393E-006  0.42551594016412581        1.8110394256487229E-004
 0.3600  0.88170333043850457        3.7027960143518572E-004  0.19242837082728878        7.7643388373692264E-006  0.42216120271584362        1.7749502204236620E-004
 0.3800  0.92246951574696190        3.8472166210396468E-004  0.19630660289810339        6.9888272876693300E-006  0.41871857446026473        1.7478818499709739E-004
 0.4000  0.96333756553001770        4.0053772989809608E-004  0.19998273885740286        6.3174805870056676E-006  0.41520517085294695        1.7275906332928892E-004


# triplet j3 / nf 1 / mode 2 / nplat  4 / jkb  20 / start     1 / nmeas 30000
 0.0010  0.13473054836778589        9.2518727537640631E-004   6.3258632463935274E-002   1.3426315500712719E-003   8.3485070824272700E-002   1.0552676998899244E-003
 0.0020  0.13470602248555769        8.8413464947157533E-004   6.4022995137789987E-002   1.2695319628680463E-003  0.11879850535854301        1.4125493324636598E-003
 0.0030  0.13486489828516701        8.5399900098428203E-004   6.4776847190057288E-002   1.2008381001904927E-003  0.14617954277426512        1.6409428411512477E-003
 0.0040  0.13520593830406102        8.3310129541501585E-004   6.5520570788298357E-002   1.1362889875079114E-003  0.16933161994030704        1.8012713020951548E-003
 0.0050  0.13572383172065886        8.1955840589659191E-004   6.6254534417065386E-002   1.0756373505505939E-003  0.18964949525895158        1.9187036210591285E-003
 0.0060  0.13659424426032868        6.8617246585729998E-004   6.6979093071444853E-002   1.0186491499554601E-003  0.20755244543973375        1.8915676500972098E-003
 0.0070  0.13759222187816320        6.3850095395838827E-004   6.7694588484817478E-002   9.6510309685160283E-004  0.22374179104633674        1.9030955794152183E-003
 0.0080  0.13883514799849644        6.0343587473988224E-004   6.8401349385677268E-002   9.1479015677245847E-004  0.23828291175602839        1.9003926248646057E-003
 0.0090  0.13938703994037124        8.0616378589343522E-004   6.9099691778846298E-002   8.6751304557071830E-004  0.25301828765888179        2.1596321210521144E-003
 0.0100  0.14064984386227680        8.0709144654888989E-004   6.9789919246851614E-002   8.2308572252780255E-004  0.26562692292766998        2.1856000651914657E-003
 0.0200  0.15832334495179384        7.9658816155759920E-004   7.6304444107423125E-002   5.0166892288951994E-004  0.34894739077195458        2.0972067548970116E-003
 0.0400  0.20458749007962293        6.8700763147478718E-004   8.7814586450295953E-002   2.2651109873641411E-004  0.40968423225771256        1.4737028585349050E-003
 0.0600  0.25249654247622277        6.0514605954436551E-004   9.8052022930745594E-002   1.3130397165157220E-004  0.42959920255451289        1.0690245984090550E-003
 0.0800  0.29909287464515011        5.6035878797367205E-004  0.10744139806465673        8.9497368675199677E-005  0.43836891441537962        8.4134555288275766E-004
 0.1000  0.34423742580658917        5.3986985010580130E-004  0.11617058777507101        6.6148186339493414E-005  0.44279734249266783        7.0579194768874572E-004
 0.1200  0.38818063494245519        5.3560879891140732E-004  0.12433730932326492        5.0990991180879023E-005  0.44501278400687838        6.2076871228836105E-004
 0.1400  0.43118975119909309        5.4252626551679539E-004  0.13200288927852274        4.0395689293929140E-005  0.44586389387218112        5.6512239324173490E-004
 0.1600  0.47348812956822800        5.5721373822674490E-004  0.13921227331261959        3.2694140835644459E-005  0.44576365556204478        5.2719183372655772E-004
 0.1800  0.51525209351088874        5.7726113753344679E-004  0.14600186716407215        2.6945432573642945E-005  0.44494946639648314        5.0018585648607379E-004
 0.2000  0.55661890212606546        6.0091650715352171E-004  0.15240285796468855        2.2558025852767596E-005  0.44357657260572825        4.8000179228228825E-004
 0.2200  0.59769558375370346        6.2689031084030994E-004  0.15844277203557749        1.9141255348731727E-005  0.44175605129777074        4.6410158278843158E-004
 0.2400  0.63856633437222599        6.5423272634032126E-004  0.16414630068537281        1.6430570762969551E-005  0.43957213074066914        4.5089348903891115E-004
 0.2600  0.67929824223254576        6.8225455843321241E-004  0.16953579901351182        1.4243672301159258E-005  0.43709102572644942        4.3937707215159548E-004
 0.2800  0.71994556228234952        7.1046801344367848E-004  0.17463162534530677        1.2452962070522320E-005  0.43436597897384649        4.2892756454499805E-004
 0.3000  0.76055288800370024        7.3853804609416468E-004  0.17945239474193234        1.0967476394964176E-005  0.43144042443150527        4.1915941244923135E-004
 0.3200  0.80115748008616794        7.6624634029006538E-004  0.18401518087218766        9.7213318675909885E-006  0.42835014826280671        4.0984062886129943E-004
 0.3400  0.84179101480108132        7.9346049348284450E-004  0.18833568347370408        8.6658335973236393E-006  0.42512483537644236        4.0083609523460510E-004
 0.3600  0.88248086243795554        8.2010855763179973E-004  0.19242837082728878        7.7643388373692264E-006  0.42178924695112430        3.9207022716918700E-004
 0.3800  0.92325108199145323        8.4616169107901824E-004  0.19630660289810339        6.9888272876693300E-006  0.41836411367476117        3.8350396525691486E-004
 0.4000  0.96412315410679217        8.7161950167764324E-004  0.19998273885740286        6.3174805870056676E-006  0.41486685262269768        3.7511932318896359E-004