# triplet j1 / nf 5 / mode 2 / nplat  4 / jkb  20 / start     1 / nmeas 30000
 0.0010   3.6175010829101743E-003   1.6761655641888405E-004   1.3535910551335344E-003   1.7962364604663838E-005  0.45483100901658968        2.1289528220386530E-002
 0.0020   7.1265396726280803E-003   3.1584648049131107E-004   2.7069601948499131E-003   3.5911217191277918E-005  0.46173439138154637        2.0691878084282279E-002
 0.0030   1.0690863161484421E-002   4.6820357148873550E-004   4.0599479241442207E-003   5.3844922769614783E-005  0.46166089152448903        2.0448776577042676E-002
 0.0040   1.4254894756606946E-002   6.2208225614455320E-004   5.4124611655123533E-003   7.1774428113938473E-005  0.46161336553135657        2.0375953779058899E-002
 0.0050   1.7818782463103571E-002   7.7604896515050107E-004   6.7644703248979626E-003   8.9722613207421085E-005  0.46157137976670254        2.0334223121565673E-002
 0.0060   2.1382985401915657E-002   9.2976101763991392E-004   8.1160052141789115E-003   1.0772341044396112E-004  0.46152309912924744        2.0300042182329264E-002
 0.0070   2.4948134705147361E-002   1.0831058508575669E-003   9.4671498983509642E-003   1.2582071786110011E-004  0.46146159656441782        2.0267355717547640E-002
 0.0080   2.8514958994926287E-002   1.2359963017160840E-003   1.0818036550074621E-002   1.4406712836824136E-004  0.46138286568095960        2.0233485325179504E-002
 0.0090   3.2084283359137614E-002   1.3884066705070384E-003   1.2168838406830492E-002   1.6252249039236372E-004  0.46128408528732501        2.0197760027677460E-002
 0.0100   3.5657044214982440E-002   1.5403148869196923E-003   1.3519761936852776E-002   1.8125230914323303E-004  0.46116270770170004        2.0159748513266157E-002
 0.0200   7.1778602488633478E-002   3.0290861455165331E-003   2.7086655903950204E-002   3.9815146160572995E-004  0.45857744739949413        1.9643451031159411E-002
 0.0400  0.14549524707160180        5.3655116629919477E-003   5.4163918577831635E-002   9.0325459104137495E-004  0.45242982369186868        1.7105678788791254E-002
 0.0600  0.20971285667505907        5.2377651510952796E-003   7.6741889135940489E-002   7.9112377921921955E-004  0.45759556833365334        1.1669704148623996E-002
 0.0800  0.26176190558815837        3.9786083787705278E-003   9.3018635427488408E-002   4.4149716478345170E-004  0.46605645754421637        7.1695764465221920E-003
 0.1000  0.30901226695595441        2.9716608102007213E-003  0.10556441895109496        2.6014325128215693E-004  0.47021671004145549        4.5588725189861712E-003
 0.1200  0.35484262742808881        2.2584795002834283E-003  0.11613086943349998        1.7600220562128381E-004  0.47048271576480138        3.0156467671254446E-003
 0.1400  0.39995011415816434        1.7427072820998489E-003  0.12546812312953382        1.2559915592534989E-004  0.46864057944177961        2.0554410759051371E-003
 0.1600  0.44442253902300477        1.3730714589266196E-003  0.13391473515107785        9.1565585751074457E-005  0.46579314876869232        1.4478812676353339E-003
 0.1800  0.48830077568261904        1.1138953610621179E-003  0.14165194113290006        6.8313138405484171E-005  0.46246098658211487        1.0608278760378526E-003
 0.2000  0.53165249447742946        9.3610648343209375E-004  0.14879412066962031        5.2465798574510779E-005  0.45887566338396485        8.1200497886238152E-004
 0.2200  0.57455906965937753        8.1672257112774078E-004  0.15542232679752302        4.1544801392634830E-005  0.45514351260345237        6.4982952684283616E-004
 0.2400  0.61710146410674271        7.3830365805524413E-004  0.16159820690470353        3.3813638080801808E-005  0.45131764224190374        5.4201957662540837E-004
 0.2600  0.65935382147075405        6.8803404193523959E-004  0.16737070864669143        2.8137812192707673E-005  0.44742770428016776        4.6840205383146455E-004
 0.2800  0.70138167272454066        6.5682376816511004E-004  0.17277981580414026        2.3811130293819377E-005  0.44349231985487064        4.1644057030839639E-004
 0.3000  0.74324214490496432        6.3845852706772524E-004  0.17785887860765942        2.0402740905214807E-005  0.43952448335365546        3.7840021434180394E-004
 0.3200  0.78498491316757923        6.2881783176089599E-004  0.18263618135485990        1.7647829019301052E-005  0.43553402221567189        3.4952166374693127E-004
 0.3400  0.82665333180632794        6.2522278077148418E-004  0.18713604848429063        1.5378672914411348E-005  0.43152877779334620        3.2685948987144385E-004
 0.3600  0.86828549572470337        6.2594347157811467E-004  0.19137964977632385        1.3484052448378692E-005  0.42751521887918992        3.0856174975091359E-004
 0.3800  0.90991516637000125        6.2985759678655761E-004  0.19538559993827301        1.1886369283606250E-005  0.42349878495077042        2.9343541774120652E-004
 0.4000  0.95157253661592300        6.3622421204599297E-004  0.19917041333720453        1.0528968750291864E-005  0.41948410228444288        2.8068739481441088E-004


# triplet j3 / nf 5 / mode 2 / nplat  4 / jkb  20 / start     1 / nmeas 30000
 0.0010  0.18187947985673081        8.4746303161188589E-003   1.3535910551335344E-003   1.7962364604663838E-005   9.0463842812543143E-003   4.2576629747343960E-004
 0.0020  0.18192477595627018        8.4697257747438741E-003   2.7069601948499131E-003   3.5911217191277918E-005   1.8087522389959327E-002   8.5059021274487838E-004
 0.0030  0.18199860839083812        8.4613760862297278E-003   4.0599479241442207E-003   5.3844922769614783E-005   2.7118632729862525E-002   1.2735444046990450E-003
 0.0040  0.18209965003507667        8.4494466936849370E-003   5.4124611655123533E-003   7.1774428113938473E-005   3.6135434321950148E-002   1.6937210213399563E-003
 0.0050  0.18222663273628309        8.4338084933020061E-003   6.7644703248979626E-003   8.9722613207421085E-005   4.5134127123778171E-002   2.1102332410163926E-003
 0.0060  0.18237836208562755        8.4143352121835227E-003   8.1160052141789115E-003   1.0772341044396112E-004   5.4111362655478543E-002   2.5222151083723015E-003
 0.0070  0.18255374156109988        8.3909139989958512E-003   9.4671498983509642E-003   1.2582071786110011E-004   6.3064202211863443E-002   2.9288239642935436E-003
 0.0080  0.18275178128249542        8.3634330791317393E-003   1.0818036550074621E-002   1.4406712836824136E-004   7.1990069828743716E-002   3.3292365171240586E-003
 0.0090  0.18297162210023923        8.3317936301851147E-003   1.2168838406830492E-002   1.6252249039236372E-004   8.0886692327136481E-002   3.7226507903360046E-003
 0.0100  0.18321255026623218        8.2959025491713533E-003   1.3519761936852776E-002   1.8125230914323303E-004   8.9752034098786695E-002   4.1082817801568255E-003
 0.0200  0.18674288490134225        7.6925246643704571E-003   2.7086655903950204E-002   3.9815146160572995E-004  0.17626400237165837        7.3755285135361616E-003
 0.0400  0.20235770892111213        5.5001564923552338E-003   5.4163918577831635E-002   9.0325459104137495E-004  0.32529716476614035        9.2483828573185854E-003
 0.0600  0.23266969836207368        3.6490931017760298E-003   7.6741889135940489E-002   7.9112377921921955E-004  0.41244594595967465        6.8090178039056353E-003
 0.0800  0.27209519541657134        2.7019862913030893E-003   9.3018635427488408E-002   4.4149716478345170E-004  0.44835715034096046        4.5776963148257480E-003
 0.1000  0.31501650232130851        2.1866585045955760E-003  0.10556441895109496        2.6014325128215693E-004  0.46125434845402447        3.2518061183353956E-003
 0.1200  0.35902881956104343        1.8899005340743884E-003  0.11613086943349998        1.7600220562128381E-004  0.46499699724829419        2.4729414072721312E-003
 0.1400  0.40317377008046817        1.7142669596355599E-003  0.12546812312953382        1.2559915592534989E-004  0.46489347064785219        1.9903434236848540E-003
 0.1600  0.44706224362910213        1.6024006990360204E-003  0.13391473515107785        9.1565585751074457E-005  0.46304284646109373        1.6672125262566142E-003
 0.1800  0.49056161704852919        1.5244034353600192E-003  0.14165194113290006        6.8313138405484171E-005  0.46032965202138210        1.4347587900839784E-003
 0.2000  0.53365725457755431        1.4662309232976610E-003  0.14879412066962031        5.2465798574510779E-005  0.45715183106841112        1.2586144228480516E-003
 0.2200  0.57638429649337997        1.4212042046974447E-003  0.15542232679752302        4.1544801392634830E-005  0.45370221699984203        1.1203463336950867E-003
 0.2400  0.61879566828809440        1.3857707158681802E-003  0.16159820690470353        3.3813638080801808E-005  0.45008197710106757        1.0090417912768743E-003
 0.2600  0.66094814921952205        1.3577724266910386E-003  0.16737070864669143        2.8137812192707673E-005  0.44634842687339416        9.1769185240449420E-004
 0.2800  0.70289655031943266        1.3357550143492782E-003  0.17277981580414026        2.3811130293819377E-005  0.44253650839363995        8.4153040726929885E-004
 0.3000  0.74469145211643983        1.3186670420473217E-003  0.17785887860765942        2.0402740905214807E-005  0.43866908746917993        7.7718340824474647E-004
 0.3200  0.78637853585769824        1.3057107412342943E-003  0.18263618135485990        1.7647829019301052E-005  0.43476216735442935        7.2218896301626809E-004
 0.3400  0.82799868807050903        1.2962575125464847E-003  0.18713604848429063        1.5378672914411348E-005  0.43082761732927399        6.7470621137804534E-004
 0.3600  0.86958841629395245        1.2897990378625723E-003  0.19137964977632385        1.3484052448378692E-005  0.42687466484016690        6.3333158255529686E-004
 0.3800  0.91118039693808084        1.2859133640818149E-003  0.19538559993827301        1.1886369283606250E-005  0.42291073058737011        5.9697603959867117E-004
 0.4000  0.95280403431934035        1.2842480696188248E-003  0.19917041333720453        1.0528968750291864E-005  0.41894191974745099        5.6478433721275265E-004