# triplet j1 / nf 2 / mode 2 / nplat  4 / jkb  20 / start     1 / nmeas 30000
 0.0010   6.2253675500182869E-003   1.8583724452978702E-004   2.6284051688985053E-003   6.6621430620473658E-005  0.36829528296241848        1.1943973221374598E-002
 0.0020   1.2435355596731822E-002   3.6754406683291900E-004   5.2508383693773445E-003   1.3262921174186069E-004  0.36854125634715468        1.1845489353211214E-002
 0.0030   1.8616694746102277E-002   5.4659213650337614E-004   7.8614059911174573E-003   1.9742319162056090E-004  0.36891232099082710        1.1780345368846012E-002
 0.0040   2.4755300323604807E-002   7.2073476495842386E-004   1.0454368855001107E-002   2.6042967175141085E-004  0.36942450796402454        1.1698494157536675E-002
 0.0050   3.0837992178932912E-002   8.8842704342793010E-004   1.3024213831426048E-002   3.2111331240682994E-004  0.37007492940498921        1.1596731335341288E-002
 0.0060   3.6852473233907029E-002   1.0483392611685496E-003   1.5565719055621841E-002   3.7898754653297752E-004  0.37085879034287828        1.1475237778940385E-002
 0.0070   4.2787517024645040E-002   1.1993315367507529E-003   1.8074011102973013E-002   4.3362315169582653E-004  0.37176988343101380        1.1334872327064774E-002
 0.0080   4.8633074227721063E-002   1.3404784284230440E-003   2.0544612865356599E-002   4.8465473842524819E-004  0.37280115479951059        1.1176892404890327E-002
 0.0090   5.4380356929545362E-002   1.4710673119887436E-003   2.2973481287656645E-002   5.3178503015076199E-004  0.37394489117077562        1.1002724933816621E-002
 0.0100   6.0021904185406975E-002   1.5905931076476347E-003   2.5357034554153862E-002   5.7478692584554333E-004  0.37519276908153915        1.0813872434423177E-002
 0.0200  0.10987817982243196        2.1905700591653104E-003   4.6247894831367313E-002   7.7302195484744529E-004  0.39143938778427323        8.4618280603888547E-003
 0.0400  0.18059892498535671        1.7507896819408781E-003   7.3274063068462472E-002   5.0041708246112340E-004  0.42394056046339562        4.3573297471636531E-003
 0.0600  0.23456993795922787        1.2108055579005800E-003   8.9692291800244295E-002   2.4655088647571749E-004  0.44227850266979768        2.3625015195742503E-003
 0.0800  0.28358293016204872        9.0093305090437753E-004  0.10196339392680671        1.3616870157229257E-004  0.45040380124098101        1.4621812951378960E-003
 0.1000  0.33043383275799909        7.2051031325870375E-004  0.11228756414521378        8.9207260521790503E-005  0.45351987090739559        1.0051744567128955E-003
 0.1200  0.37584177261365609        6.0784444143155143E-004  0.12144992982190345        6.5317327451919826E-005  0.45425446751563142        7.4474622793773923E-004
 0.1400  0.42013082969166826        5.3438771415032860E-004  0.12978706577894766        5.0556713096884339E-005  0.45374324323493720        5.8386817741835927E-004
 0.1600  0.46353663229229602        4.8547735383580115E-004  0.13747278656191914        4.0308584606458201E-005  0.45247990428186496        4.7851761554213920E-004
 0.1800  0.50625266412517000        4.5270076944143662E-004  0.14461210935888932        3.2786153884798947E-005  0.45069865203138121        4.0624875896100489E-004
 0.2000  0.54843741492885023        4.3096871008867243E-004  0.15127645320311989        2.7101772909441578E-005  0.44852699579104299        3.5474049620919356E-004
 0.2200  0.59021886534365586        4.1713096740197898E-004  0.15751862892813634        2.2719769414917965E-005  0.44604555194341206        3.1687499282141875E-004
 0.2400  0.63169975267885992        4.0919936714901243E-004  0.16338002757949269        1.9283643541848874E-005  0.44331190504964196        2.8835567199215817E-004
 0.2600  0.67296275365149172        4.0588124639776918E-004  0.16889444454791794        1.6546308599482300E-005  0.44037060922271254        2.6647344246733977E-004
 0.2800  0.71407494738619615        4.0630150060462771E-004  0.17409029794854394        1.4333332667622897E-005  0.43725773543856739        2.4944558730374496E-004
 0.3000  0.75509139178449625        4.0983488965717663E-004  0.17899200943775354        1.2519977172302484E-005  0.43400319610117433        2.3604894971604386E-004
 0.3200  0.79605789818434591        4.1601080705000367E-004  0.18362091419554377        1.1015999623050563E-005  0.43063210429412851        2.2541386882738955E-004
 0.3400  0.83701314235443569        4.2445405002663881E-004  0.18799588931791517        9.7551707500036687E-006  0.42716568309845693        2.1690144208715633E-004
 0.3600  0.87799027363126836        4.3485673660814461E-004  0.19213380496522084        8.6881612963268153E-006  0.42362193060981707        2.1003272800176019E-004
 0.3800  0.91901813560244916        4.4695735772135671E-004  0.19604985908341185        7.7777076198928116E-006  0.42001614221309608        2.0444143375748732E-004
 0.4000  0.96012220548994842        4.6053127179049758E-004  0.19975783282634771        6.9952287687484355E-006  0.41636133107843565        1.9984448075886362E-004


# triplet j3 / nf 2 / mode 2 / nplat  4 / jkb  20 / start     1 / nmeas 30000
 0.0010  0.13512400608969005        1.8455639603304436E-003   2.6284051688985053E-003   6.6621430620473658E-005   1.6967921317084023E-002   3.1615161234106948E-004
 0.0020  0.13527635194539209        1.8429222043550586E-003   5.2508383693773445E-003   1.3262921174186069E-004   3.3878364613152738E-002   6.2935100505117768E-004
 0.0030  0.13552966657266974        1.8385426872018270E-003   7.8614059911174573E-003   1.9742319162056090E-004   5.0674721200467267E-002   9.3671644376223191E-004
 0.0040  0.13588307786502299        1.8324706599384662E-003   1.0454368855001107E-002   2.6042967175141085E-004   6.7302086361582109E-002   1.2355077602244596E-003
 0.0050  0.13633537513318719        1.8247562825082909E-003   1.3024213831426048E-002   3.2111331240682994E-004   8.3708045453803670E-002   1.5231840520174781E-003
 0.0060  0.13688502828231486        1.8154717423807928E-003   1.5565719055621841E-002   3.7898754653297752E-004   9.9843378170494962E-002   1.7974626602988777E-003
 0.0070  0.13753021517979677        1.8046953361521333E-003   1.8074011102973013E-002   4.3362315169582653E-004  0.11566265780766090        2.0563564853950710E-003
 0.0080  0.13826883729747086        1.7925168310838303E-003   2.0544612865356599E-002   4.8465473842524819E-004  0.13112474645707001        2.2982074385437725E-003
 0.0090  0.13909854564983629        1.7790372804596620E-003   2.2973481287656645E-002   5.3178503015076199E-004  0.14619316513228195        2.5217067035155525E-003
 0.0100  0.14001677478775548        1.7643636603226352E-003   2.5357034554153862E-002   5.7478692584554333E-004  0.16083633172529718        2.7258989076322138E-003
 0.0200  0.15340473006855027        1.5766991253101240E-003   4.6247894831367313E-002   7.7302195484744529E-004  0.28037367179827744        3.7141173872351015E-003
 0.0400  0.19392648811922999        1.2227195810626847E-003   7.3274063068462472E-002   5.0041708246112340E-004  0.39480532143863828        2.8308949411893444E-003
 0.0600  0.24025985063083677        1.0301419264274654E-003   8.9692291800244295E-002   2.4655088647571749E-004  0.43180431794807411        1.9442080724311145E-003
 0.0800  0.28697955339577053        9.3262489659653688E-004  0.10196339392680671        1.3616870157229257E-004  0.44507292662726966        1.4766121453964390E-003
 0.1000  0.33287182173802726        8.7752636696383237E-004  0.11228756414521378        8.9207260521790503E-005  0.45019824265504627        1.2002231742585783E-003
 0.1200  0.37776056726855017        8.4400427727569099E-004  0.12144992982190345        6.5317327451919826E-005  0.45194713022383010        1.0170414934982830E-003
 0.1400  0.42173046054315816        8.2414528667609094E-004  0.12978706577894766        5.0556713096884339E-005  0.45202218735104660        8.8771779501604941E-004
 0.1600  0.46492909778547364        8.1429127263031955E-004  0.13747278656191914        4.0308584606458201E-005  0.45112472419941824        7.9287709001016099E-004
 0.1800  0.50750658746316324        8.1214501077559093E-004  0.14461210935888932        3.2786153884798947E-005  0.44958508706070927        7.2125810575607112E-004
 0.2000  0.54959644474582814        8.1593773564782367E-004  0.15127645320311989        2.7101772909441578E-005  0.44758110873734896        6.6569293999569853E-004
 0.2200  0.59131138051496657        8.2422646688884416E-004  0.15751862892813634        2.2719769414917965E-005  0.44522143194732905        6.2142235678105473E-004
 0.2400  0.63274454711057548        8.3584461593438041E-004  0.16338002757949269        1.9283643541848874E-005  0.44257990378305795        5.8522354113606202E-004
 0.2600  0.67397250481746052        8.4987210517968158E-004  0.16889444454791794        1.6546308599482300E-005  0.43971084234358526        5.5488884945034266E-004
 0.2800  0.71505837034801645        8.6560393639318798E-004  0.17409029794854394        1.4333332667622897E-005  0.43665637292734394        5.2889383833993296E-004
 0.3000  0.75605459111108564        8.8251113961123424E-004  0.17899200943775354        1.2519977172302484E-005  0.43345028419357257        5.0617557540296040E-004
 0.3200  0.79700522222586867        9.0020648725351582E-004  0.18362091419554377        1.1015999623050563E-005  0.43012025301125983        4.8598623277832379E-004
 0.3400  0.83794774302005548        9.1841155131689941E-004  0.18799588931791517        9.7551707500036687E-006  0.42668924607111330        4.6779303066114863E-004
 0.3600  0.87891446532711948        9.3693086113021660E-004  0.19213380496522084        8.6881612963268153E-006  0.42317648581866291        4.5121145966080738E-004
 0.3800  0.91993363914576609        9.5562860006362740E-004  0.19604985908341185        7.7777076198928116E-006  0.41959814872956236        4.3595871607940526E-004
 0.4000  0.96103031155525909        9.7441262996257713E-004  0.19975783282634771        6.9952287687484355E-006  0.41596789889886032        4.2182312169387556E-004