# triplet j1 / nf 4 / mode 2 / nplat  4 / jkb  20 / start     1 / nmeas 30000
 0.0010   3.7660472889846624E-003   1.6088986092185409E-004   1.3973961232203156E-003   1.8214456466508681E-005  0.44390393602181699        1.9183489376446705E-002
 0.0020   7.4346787722940023E-003   3.0592371228648928E-004   2.7956744864081336E-003   3.6566643821831949E-005  0.44979133875819266        1.8740408323643848E-002
 0.0030   1.1159381146315657E-002   4.5527273833328232E-004   4.1957048519777572E-003   5.5192654283176577E-005  0.44961208824545618        1.8579814490502652E-002
 0.0040   1.4891797376057180E-002   6.0600355399953389E-004   5.5983320875342794E-003   7.4225228150502913E-005  0.44939393148426210        1.8528607890434857E-002
 0.0050   1.8634103040532500E-002   7.5726173468588674E-004   7.0043638731395706E-003   9.3791903751540507E-005  0.44913392148925990        1.8498173024825603E-002
 0.0060   2.2388524471349452E-002   9.0881852226681436E-004   8.4145586049723629E-003   1.1401299121863924E-004  0.44882890765282724        1.8471329955318798E-002
 0.0070   2.6157085880485077E-002   1.0606548050435501E-003   9.8296135781771755E-003   1.3499936037434537E-004  0.44847979525025000        1.8444525390291604E-002
 0.0080   2.9941537420062600E-002   1.2127036119156894E-003   1.1250153545271046E-002   1.5685006541169084E-004  0.44808986369573683        1.8415556426045882E-002
 0.0090   3.3743395506619249E-002   1.3649059659434533E-003   1.2676719761841008E-002   1.7964985982780511E-004  0.44766270547852416        1.8383501258188609E-002
 0.0100   3.7563863151408708E-002   1.5171708326452301E-003   1.4109759647404829E-002   2.0346668031793845E-004  0.44720284322587567        1.8347670268769656E-002
 0.0200   7.6807310663737208E-002   2.9971801244890474E-003   2.8811706331787226E-002   4.9645383878132597E-004  0.44198947372236186        1.7662711519466513E-002
 0.0400  0.15407227398620360        4.4887724704398071E-003   5.7728558293850082E-002   9.1609434494934318E-004  0.44107846736447226        1.3318509407880074E-002
 0.0600  0.21597411151016840        3.6135889267828814E-003   7.9695231786090934E-002   6.3630593577760448E-004  0.45279862149475292        7.7887012091648637E-003
 0.0800  0.26691940352499166        2.5648932261417043E-003   9.5151786651472017E-002   3.3206643884462747E-004  0.46226213345666400        4.5146309837186139E-003
 0.1000  0.31422887150646828        1.8934023132209400E-003  0.10722610779405270        1.8811373147066150E-004  0.46603569627075248        2.8377220276736173E-003
 0.1200  0.36020722021825718        1.4538602888671615E-003  0.11749503156672057        1.2202285472306822E-004  0.46619000504051555        1.8971337754303810E-003
 0.1400  0.40531289395411846        1.1509234941304313E-003  0.12661306708914835        8.6384305315120305E-005  0.46454507531381634        1.3286037265709330E-003
 0.1600  0.44966007805850622        9.4145816214010695E-004  0.13488442317980873        6.4614837927733047E-005  0.46203146980913401        9.7366973288425191E-004
 0.1800  0.49334128614487793        7.9909939622608368E-004  0.14247718415802438        5.0298627604713986E-005  0.45906739715514866        7.4798579361120491E-004
 0.2000  0.53645961623997263        7.0437208298431081E-004  0.14949917929412043        4.0365615439947293E-005  0.45583993013792046        6.0167378087928154E-004
 0.2200  0.57911776291568029        6.4264625648543334E-004  0.15602707200354712        3.3152314477974203E-005  0.45243837259409481        5.0436591778964073E-004
 0.2400  0.62140941623096735        6.0333482662042344E-004  0.16211904637972469        2.7707097346409350E-005  0.44891054695144189        4.3753819902023775E-004
 0.2600  0.66341626621249705        5.7912019781833227E-004  0.16782118301674742        2.3466103547740967E-005  0.44528590186214340        3.8995095243587395E-004
 0.2800  0.70520816011088139        5.6513465213251857E-004  0.17317108602010317        2.0082430682638080E-005  0.44158506324816710        3.5479940068958404E-004
 0.3000  0.74684453310467125        5.5822205281207788E-004  0.17820014597650441        1.7333226523920008E-005  0.43782388124639199        3.2793943536200124E-004
 0.3200  0.78837612877899443        5.5635707757797762E-004  0.18293504487145035        1.5068600558469796E-005  0.43401523721944729        3.0680574458731639E-004
 0.3400  0.82984660078905181        5.5823409350009071E-004  0.18739880208911960        1.3183154187706022E-005  0.43016992345009125        2.8976869384459027E-004
 0.3600  0.87129386789384555        5.6299495990318606E-004  0.19161152537957007        1.1599903780026733E-005  0.42629712607323239        2.7575808285022329E-004
 0.3800  0.91275122000728792        5.7005836871156933E-004  0.19559096401285175        1.0260823716339695E-005  0.42240472508047311        2.6404524989173835E-004
 0.4000  0.95424820460968729        5.7901407494014446E-004  0.19935292515103770        9.1211228222958210E-006  0.41849950462696800        2.5411550550383515E-004


# triplet j3 / nf 4 / mode 2 / nplat  4 / jkb  20 / start     1 / nmeas 30000
 0.0010  0.17426116030115177        7.1652014205860230E-003   1.3973961232203156E-003   1.8214456466508681E-005   9.5934355764388628E-003   3.9938341944152384E-004
 0.0020  0.17427703234205627        7.1560867069498466E-003   2.7956744864081336E-003   3.6566643821831949E-005   1.9188151607171095E-002   7.9782604643908366E-004
 0.0030  0.17430394559608217        7.1409242843565044E-003   4.1957048519777572E-003   5.5192654283176577E-005   2.8785307432735080E-002   1.1943844283599249E-003
 0.0040  0.17434258846943418        7.1197597434286440E-003   5.5983320875342794E-003   7.4225228150502913E-005   3.8385820862506283E-002   1.5881104370986717E-003
 0.0050  0.17439390321804527        7.0926530391958280E-003   7.0043638731395706E-003   9.3791903751540507E-005   4.7990254347167492E-002   1.9780485864813397E-003
 0.0060  0.17445907868120616        7.0596838437439339E-003   8.4145586049723629E-003   1.1401299121863924E-004   5.7598704856148403E-002   2.3632355514815674E-003
 0.0070  0.17453952787657756        7.0209515493724062E-003   9.8296135781771755E-003   1.3499936037434537E-004   6.7210703860265175E-002   2.7427004045991088E-003
 0.0080  0.17463687000449352        6.9765654214288255E-003   1.1250153545271046E-002   1.5685006541169084E-004   7.6825125307453335E-002   3.1154614299277101E-003
 0.0090  0.17475290162640961        6.9266575716201940E-003   1.2676719761841008E-002   1.7964985982780511E-004   8.6440108198135912E-002   3.4805322545611015E-003
 0.0100  0.17488956886777773        6.8713760120817308E-003   1.4109759647404829E-002   2.0346668031793845E-004   9.6052992254546762E-002   3.8369226185301511E-003
 0.0200  0.17786899986343455        6.0667176149919767E-003   2.8811706331787226E-002   4.9645383878132597E-004  0.19085969361923666        6.7142683508411493E-003
 0.0400  0.19719880637681847        3.9486980773336556E-003   5.7728558293850082E-002   9.1609434494934318E-004  0.34461650007828076        7.4225838160702816E-003
 0.0600  0.23239094934335525        2.5548975957080926E-003   7.9695231786090934E-002   6.3630593577760448E-004  0.42081148274785207        4.9219521679390371E-003
 0.0800  0.27459568923319777        1.9330016271489306E-003   9.5151786651472017E-002   3.3206643884462747E-004  0.44933965743962512        3.2588306014637255E-003
 0.1000  0.31892061234998165        1.6512907272853618E-003  0.10722610779405270        1.8811373147066150E-004  0.45917969942998005        2.4113942837104977E-003
 0.1200  0.36359576969694118        1.5017111298530974E-003  0.11749503156672057        1.2202285472306822E-004  0.46184532330820488        1.9225149206031557E-003
 0.1400  0.40798956008480414        1.4076948027450481E-003  0.12661306708914835        8.6384305315120305E-005  0.46149736970828353        1.6000777137605868E-003
 0.1600  0.45189637294414048        1.3414106483577272E-003  0.13488442317980873        6.4614837927733047E-005  0.45974501947494650        1.3691440684795184E-003
 0.1800  0.49528806920429386        1.2921078970826994E-003  0.14247718415802438        5.0298627604713986E-005  0.45726298334532767        1.1956354974147800E-003
 0.2000  0.53820851019082305        1.2548901740440633E-003  0.14949917929412043        4.0365615439947293E-005  0.45435869065307538        1.0611597697456504E-003
 0.2200  0.58072626244708592        1.2269417248057645E-003  0.15602707200354712        3.3152314477974203E-005  0.45118520572810716        9.5445549701436076E-004
 0.2400  0.62291416773481156        1.2063187278672067E-003  0.16211904637972469        2.7707097346409350E-005  0.44782612977873071        8.6809186436853376E-004
 0.2600  0.66484108401434472        1.1915579844968170E-003  0.16782118301674742        2.3466103547740967E-005  0.44433161173907498        7.9695670644948347E-004
 0.2800  0.70656900578675619        1.1815267972765428E-003  0.17317108602010317        2.0082430682638080E-005  0.44073457430946389        7.3744061332271132E-004
 0.3000  0.74815254672835774        1.1753398878048432E-003  0.17820014597650441        1.7333226523920008E-005  0.43705842291312841        6.8694318595476469E-004
 0.3200  0.78963944615552806        1.1723019651890042E-003  0.18293504487145035        1.5068600558469796E-005  0.43332087095706112        6.4355744615694126E-004
 0.3400  0.83107141311875976        1.1718628652863730E-003  0.18739880208911960        1.3183154187706022E-005  0.42953594974122067        6.0586106644203446E-004
 0.3600  0.87248505680990329        1.1735868988669916E-003  0.19161152537957007        1.1599903780026733E-005  0.42571510990279804        5.7277790275229198E-004
 0.3800  0.91391272899634834        1.1771225477845016E-003  0.19559096401285175        1.0260823716339695E-005  0.42186788291859473        5.4347986185937307E-004
 0.4000  0.95538328338720679        1.1821876861207827E-003  0.19935292515103770        9.1211228222958210E-006  0.41800229066649308        5.1732285248605231E-004