# triplet j1 / nf 0 / mode 2 / nplat  4 / jkb  20 / start     1 / nmeas 30000
 0.0010  0.13640322673143596        7.9196888432670493E-003   2.2145380560433563        8.9650881526702995E-003  0.48790124658527195        2.8345176205683626E-002
 0.0020  0.14190786420356821        4.8870218447082140E-003   1.1113386802838738        4.4805855464847598E-003  0.46983649402738104        1.6207921714252532E-002
 0.0030  0.14498409995265493        3.2848174541010400E-003  0.74505786975290078        2.9665532351780149E-003  0.46115853571054510        1.0488449786631847E-002
 0.0040  0.14694773531753466        2.5161922554842622E-003  0.56292685517002250        2.2025782251584602E-003  0.45667588600670744        7.8705531974286973E-003
 0.0050  0.14861895180308765        2.1004259883599060E-003  0.45440477577986638        1.7413731892437514E-003  0.45357305784117669        6.4689769662380978E-003
 0.0060  0.15027454458893935        1.8431133226192717E-003  0.38265219362375869        1.4327025048615979E-003  0.45092810683649465        5.5946753846503570E-003
 0.0070  0.15199362653656739        1.6685027525650117E-003  0.33188510824796796        1.2117698739454420E-003  0.44846909841410965        4.9906615730031948E-003
 0.0080  0.15379166460874386        1.5421020962049239E-003  0.29421422624725474        1.0460049928313698E-003  0.44612753414912160        4.5431686474782891E-003
 0.0090  0.15566499398447001        1.4456414241369945E-003  0.26525844937039345        9.1722709042953783E-004  0.44389464575708848        4.1932248604449338E-003
 0.0100  0.15760525392815022        1.3685507702628069E-003  0.24239045480984800        8.1447677309008659E-004  0.44177594401926490        3.9072651169393350E-003
 0.0200  0.17924823717055591        9.5406929480103622E-004  0.14655236109835712        3.6509515254142357E-004  0.42714124804431602        2.3349347032147745E-003
 0.0400  0.22599965499572136        6.0070493895235757E-004  0.11313963734984955        1.6698484530310525E-004  0.42096366178591954        1.1612416079732888E-003
 0.0600  0.27182653097771131        4.5754560453568107E-004  0.11119131911000062        1.0722921618358138E-004  0.42494646568353750        7.4405105634576065E-004
 0.0800  0.31602935469706461        3.8711515559039365E-004  0.11547307175363050        7.6704157771616304E-005  0.43010345019882679        5.4587128061710179E-004
 0.1000  0.35896328982409886        3.4400996927267280E-004  0.12155494271133607        5.7627273521867281E-005  0.43436144832441242        4.2881184822819788E-004
 0.1200  0.40098507272701617        3.1393320550966784E-004  0.12816374751929185        4.4669961988162512E-005  0.43738110159401800        3.5080852149875020E-004
 0.1400  0.44235871065233989        2.9189617696101088E-004  0.13483352445261557        3.5475811886699297E-005  0.43924150965967085        2.9554320456735275E-004
 0.1600  0.48327295379679275        2.7574045153962471E-004  0.14136903502656156        2.8755011177106700E-005  0.44010838741338698        2.5507005431387532E-004
 0.1800  0.52386419674575291        2.6432939939594990E-004  0.14768329625422033        2.3723515723405560E-005  0.44014748145180638        2.2488403065917733E-004
 0.2000  0.56423313025526678        2.5698817538210829E-004  0.15373823803417230        1.9877547311608526E-005  0.43950352453489022        2.0218462343699669E-004
 0.2200  0.60445587387536781        2.5329091717735006E-004  0.15951983595783401        1.6882004237804835E-005  0.43829759050749151        1.8512257608794801E-004
 0.2400  0.64459136557008867        2.5294304037913086E-004  0.16502654489072485        1.4508408747140780E-005  0.43662946367418676        1.7240872060307220E-004
 0.2600  0.68468631719038042        2.5570809624127433E-004  0.17026347387769930        1.2597788512904410E-005  0.43458103294244371        1.6309624807831665E-004
 0.2800  0.72477859963273106        2.6136074988438368E-004  0.17523927191661784        1.1037703072971964E-005  0.43221951533093778        1.5645495315738715E-004
 0.3000  0.76489959813933273        2.6966445501366295E-004  0.17996438900440270        9.7472275830270020E-006  0.42960020563717832        1.5190122278389086E-004
 0.3200  0.80507587840766837        2.8036633592436893E-004  0.18445007592076132        8.6673396180932968E-006  0.42676873108344815        1.4895935889691866E-004
 0.3400  0.84533039298435042        2.9320316556319788E-004  0.18870779913660449        7.7543311289964172E-006  0.42376286610104819        1.4723995343897866E-004
 0.3600  0.88568336102024037        3.0791254086170918E-004  0.19274889734135975        6.9752601554790102E-006  0.42061398989642823        1.4642661457561849E-004
 0.3800  0.92615292478413358        3.2424300154848686E-004  0.19658438241959611        6.3051140838157066E-006  0.41734825291855515        1.4626541736968110E-004
 0.4000  0.96675564618338328        3.4196164937132901E-004  0.20022482848355166        5.7245343411757915E-006  0.41398751268147643        1.4655556103941906E-004


# triplet j3 / nf 0 / mode 2 / nplat  4 / jkb  20 / start     1 / nmeas 30000
 0.0010  0.20848555695077833        1.4633901423583351E-003   2.2145380560433563        8.9650881526702995E-003  0.31921302047907946        2.3319060958798972E-003
 0.0020  0.20792772870027953        1.3004610794827248E-003   1.1113386802838738        4.4805855464847598E-003  0.32065705622373081        2.1071108440040339E-003
 0.0030  0.20741686996223610        1.2557670937500506E-003  0.74505786975290078        2.9665532351780149E-003  0.32234916691034254        2.0544063429928428E-003
 0.0040  0.20684620209297683        1.2189985530225791E-003  0.56292685517002250        2.2025782251584602E-003  0.32443180751585488        2.0145588958456937E-003
 0.0050  0.20625884790568141        1.1983333334454689E-003  0.45440477577986638        1.7413731892437514E-003  0.32682017332561725        1.9993764777754548E-003
 0.0060  0.20568953440030044        1.1974617123235139E-003  0.38265219362375869        1.4327025048615979E-003  0.32944318773813047        2.0146406704995221E-003
 0.0070  0.20516562618154613        1.2157977342726065E-003  0.33188510824796796        1.2117698739454420E-003  0.33224105775510460        2.0601476462859705E-003
 0.0080  0.20470806828780957        1.2497668805956810E-003  0.29421422624725474        1.0460049928313698E-003  0.33516361459737060        2.1311876935453311E-003
 0.0090  0.20433249316782273        1.2944665683839720E-003  0.26525844937039345        9.1722709042953783E-004  0.33816871849531649        2.2206816818477280E-003
 0.0100  0.20405025174176514        1.3450122226046097E-003  0.24239045480984800        8.1447677309008659E-004  0.34122089653003546        2.3210935794136388E-003
 0.0200  0.20264511493312096        1.7332331120726962E-003  0.14655236109835712        3.6509515254142357E-004  0.37782463080861017        3.2656412259144535E-003
 0.0400  0.23332384974240292        9.1560510431751307E-004  0.11313963734984955        1.6698484530310525E-004  0.40774932538781777        1.6281294761776829E-003
 0.0600  0.27457403894461041        5.2422153451910916E-004  0.11119131911000062        1.0722921618358138E-004  0.42069426542287608        8.2841654466901508E-004
 0.0800  0.31731016678325014        3.7518103686557151E-004  0.11547307175363050        7.6704157771616304E-005  0.42836735172171420        5.2609574322026514E-004
 0.1000  0.35971790842705104        3.2085897454233858E-004  0.12155494271133607        5.7627273521867281E-005  0.43345024201070920        4.0004576924970210E-004
 0.1200  0.40153804133575705        3.0795409199496269E-004  0.12816374751929185        4.4669961988162512E-005  0.43677877256329045        3.4352059794576055E-004
 0.1400  0.44283541981805885        3.1766709774168957E-004  0.13483352445261557        3.5475811886699297E-005  0.43876866931256170        3.1999884383341568E-004
 0.1600  0.48372664070605476        3.4108963614781112E-004  0.14136903502656156        2.8755011177106700E-005  0.43969561003620056        3.1325035369490501E-004
 0.1800  0.52431926158625164        3.7272583225383027E-004  0.14768329625422033        2.3723515723405560E-005  0.43976547060819016        3.1460768036771269E-004
 0.2000  0.56470136325160825        4.0897671373136245E-004  0.15373823803417230        1.9877547311608526E-005  0.43913910173447290        3.1930461721485444E-004
 0.2200  0.60494305174187624        4.4751825575961769E-004  0.15951983595783401        1.6882004237804835E-005  0.43794461697647175        3.2480569826455257E-004
 0.2400  0.64510015669661036        4.8687650775579609E-004  0.16502654489072485        1.4508408747140780E-005  0.43628509358779127        3.2983551758372816E-004
 0.2600  0.68521766495994574        5.2612974421754140E-004  0.17026347387769930        1.2597788512904410E-005  0.43424403978777537        3.3381179659225396E-004
 0.2800  0.72533244534747887        5.6471679838818959E-004  0.17523927191661784        1.1037703072971964E-005  0.43188948331881433        3.3652803210352578E-004
 0.3000  0.76547527656367675        6.0230950142477885E-004  0.17996438900440270        9.7472275830270020E-006  0.42927712326332385        3.3797405277385256E-004
 0.3200  0.80567236350561156        6.3873412327563933E-004  0.18445007592076132        8.6673396180932968E-006  0.42645276990631187        3.3823864249154904E-004
 0.3400  0.84594644592834423        6.7391837072227690E-004  0.18870779913660449        7.7543311289964172E-006  0.42345426457848923        3.3745457753855474E-004
 0.3600  0.88631763280246578        7.0785469166082524E-004  0.19274889734135975        6.9752601554790102E-006  0.42031298766525632        3.3576773999226733E-004
 0.3800  0.92680402000863127        7.4057796380351797E-004  0.19658438241959611        6.3051140838157066E-006  0.41705505883592137        3.3332179639309972E-004
 0.4000  0.96742217127154595        7.7214659198665244E-004  0.20022482848355166        5.7245343411757915E-006  0.41370228760437738        3.3024883323043739E-004