# pion mass (\sigma_1)
"*"
   12  64  2.00  0.2480  0.6259836149862851E+00  0.9269304514009656E-03  10000
   12  64  2.00  0.2500  0.5959106339778318E+00  0.6621669906797571E-03  10000
   12  64  2.00  0.2515  0.5727327653049947E+00  0.1491557284416147E-02  10000
   12  64  2.00  0.2530  0.5530473947122292E+00  0.1747526967935011E-02  10000
   12  64  2.00  0.2545  0.5283443004892283E+00  0.1815745148250921E-02  10000
   12  64  2.00  0.2560  0.5070993668421273E+00  0.9636409548601715E-03  10000
   12  64  2.00  0.2575  0.4844197727599240E+00  0.7951681220696273E-03  10000
   12  64  2.00  0.2590  0.4633068724969675E+00  0.2268492070721683E-02  10000
   12  64  2.00  0.2605  0.4396234112579893E+00  0.2791413904085490E-02  10000
   12  64  2.00  0.2620  0.4171710037138735E+00  0.1601058106872935E-02  10000
   12  64  2.00  0.2625  0.4102481495575405E+00  0.1254868995589974E-02  10000
   12  64  2.00  0.2639  0.3887686981703752E+00  0.1890488823284780E-02  10000
   12  64  2.00  0.2653  0.3694562624948166E+00  0.4925115684980981E-02  10000
   12  64  2.00  0.2667  0.3517149090925554E+00  0.2473710143804210E-02  10000
   12  64  2.00  0.2681  0.3339509293582628E+00  0.4675077352835782E-02  10000
   12  64  2.00  0.2694  0.3191604903520808E+00  0.4791449986483396E-02  10000
   12  64  2.00  0.2708  0.3076413394320885E+00  0.4249253752920027E-02  10000
   12  64  2.00  0.2722  0.3010432295046091E+00  0.8397355994736544E-02  10000
   12  64  2.00  0.2736  0.3004003192321525E+00  0.1824019055087097E-01  10000
   12  64  2.00  0.2750  0.2890447501677512E+00  0.4104507320462055E-01  10000
   12  64  2.00  0.2780  0.2975980889906010E+00  0.4971959573675277E+02  10000


# pseudoscalar mass (\sigma_3)
"*"
   12  64  2.00  0.2480  0.6258910288395813E+00  0.1088059895672824E-02  10000
   12  64  2.00  0.2500  0.5957631100949864E+00  0.6138462196082512E-03  10000
   12  64  2.00  0.2515  0.5728827016692569E+00  0.1427903285377887E-02  10000
   12  64  2.00  0.2530  0.5530015982685450E+00  0.1445443898063903E-02  10000
   12  64  2.00  0.2545  0.5285532125403437E+00  0.1452995965609622E-02  10000
   12  64  2.00  0.2560  0.5069327802795859E+00  0.9086661717988975E-03  10000
   12  64  2.00  0.2575  0.4850745334350121E+00  0.1572656615219865E-02  10000
   12  64  2.00  0.2590  0.4629121828946862E+00  0.1092688286982134E-02  10000
   12  64  2.00  0.2605  0.4397783350158092E+00  0.2461520346279264E-02  10000
   12  64  2.00  0.2620  0.4171011719925183E+00  0.1406710472902443E-02  10000
   12  64  2.00  0.2625  0.4107873378428128E+00  0.1064307237911117E-02  10000
   12  64  2.00  0.2639  0.3891733039539005E+00  0.1655662691277281E-02  10000
   12  64  2.00  0.2653  0.3703918489607663E+00  0.1760223451143972E-02  10000
   12  64  2.00  0.2667  0.3509734810479019E+00  0.1343621388344298E-02  10000
   12  64  2.00  0.2681  0.3357741455263193E+00  0.2666645839382213E-02  10000
   12  64  2.00  0.2694  0.3208236414822628E+00  0.1556256434079018E-02  10000
   12  64  2.00  0.2708  0.3074937201776480E+00  0.2436315573146926E-02  10000
   12  64  2.00  0.2722  0.3046012758972859E+00  0.3618929391711987E-02  10000
   12  64  2.00  0.2736  0.2914541423568254E+00  0.3021111332552419E-02  10000
   12  64  2.00  0.2750  0.2846794962960849E+00  0.9385267409395440E-02  10000
   12  64  2.00  0.2780  0.2996901751475868E+00  0.6299750367305214E-02  10000


# eta mass (\sigma_1)
"*"
   12  64  2.00  0.2480                     NaN                     NaN  10000
   12  64  2.00  0.2500  0.7256886118682402E+00  0.1134309948436300E+03  10000
   12  64  2.00  0.2515  0.7067614822203495E+00  0.6251400262264905E+02  10000
   12  64  2.00  0.2530  0.1434330156749253E+00  0.9707393799747197E+02  10000
   12  64  2.00  0.2545                     NaN                     NaN  10000
   12  64  2.00  0.2560                     NaN                     NaN  10000
   12  64  2.00  0.2575  0.6122596870116667E+00  0.4076317220014298E+02  10000
   12  64  2.00  0.2590                     NaN                     NaN  10000
   12  64  2.00  0.2605  0.5778108180681356E+00  0.6672374250518558E+02  10000
   12  64  2.00  0.2620  0.5676903806336966E+00  0.3467447533489841E+02  10000
   12  64  2.00  0.2625  0.5593010759651907E+00  0.3765941167380007E+02  10000
   12  64  2.00  0.2639  0.5434011595062991E+00  0.8507919944995436E+00  10000
   12  64  2.00  0.2653 -0.2757341175326620E+00  0.1491684710238480E+03  10000
   12  64  2.00  0.2667  0.1201737324430420E+00  0.5105567961080352E+02  10000
   12  64  2.00  0.2681                     NaN                     NaN  10000
   12  64  2.00  0.2694  0.5120147122287210E+00  0.5567030758181363E+02  10000
   12  64  2.00  0.2708  0.4964422345014461E+00  0.5040408196310186E+02  10000
   12  64  2.00  0.2722  0.3904035677947428E-01  0.1306668305726707E+03  10000
   12  64  2.00  0.2736  0.3577095985650353E-01  0.7534175989112747E+02  10000
   12  64  2.00  0.2750  0.5013098373528095E+00  0.1123025359478364E+03  10000
   12  64  2.00  0.2780  0.5765986512826098E+00  0.9652030308445259E+02  10000

