# pion mass (\sigma_1)
"*"
   12  64  2.00  0.2480  0.6262069851376251E+00  0.7556818939416265E-03  10000
   12  64  2.00  0.2500  0.5959235637744080E+00  0.5853339456238063E-03  10000
   12  64  2.00  0.2515  0.5735418176530117E+00  0.9558759454777681E-03  10000
   12  64  2.00  0.2530  0.5519633482954469E+00  0.9867937909678617E-03  10000
   12  64  2.00  0.2545  0.5285673730433311E+00  0.8612581967652587E-03  10000
   12  64  2.00  0.2560  0.5073376060102102E+00  0.9215501064865568E-03  10000
   12  64  2.00  0.2575  0.4844197727599240E+00  0.7951681220696273E-03  10000
   12  64  2.00  0.2590  0.4628520468788378E+00  0.1185273172633746E-02  10000
   12  64  2.00  0.2605  0.4411715103151019E+00  0.1319362812714767E-02  10000
   12  64  2.00  0.2620  0.4174167571639641E+00  0.1392659427959251E-02  10000
   12  64  2.00  0.2625  0.4103766124792864E+00  0.1218232040842221E-02  10000
   12  64  2.00  0.2639  0.3893293983715014E+00  0.1581788943611646E-02  10000
   12  64  2.00  0.2653  0.3696905856221600E+00  0.1895345240022573E-02  10000
   12  64  2.00  0.2667  0.3513642267674935E+00  0.1858444536372539E-02  10000
   12  64  2.00  0.2681  0.3329152361039092E+00  0.2334693947115753E-02  10000
   12  64  2.00  0.2694  0.3192901719626667E+00  0.2741475459748309E-02  10000
   12  64  2.00  0.2708  0.3076413394320885E+00  0.4249253752920027E-02  10000
   12  64  2.00  0.2722  0.2958800488686686E+00  0.7054123112201238E-02  10000
   12  64  2.00  0.2736  0.2952737997139220E+00  0.1441919582666386E-01  10000
   12  64  2.00  0.2750  0.2860516399792007E+00  0.2559949092266547E-01  10000
   12  64  2.00  0.2780  0.2987900563204183E+00  0.8447290995294525E-01  10000


# pseudoscalar mass (\sigma_3)
"*"
   12  64  2.00  0.2480  0.6262785430355121E+00  0.7632398803174463E-03  10000
   12  64  2.00  0.2500  0.5958367831507757E+00  0.5449635229916600E-03  10000
   12  64  2.00  0.2515  0.5735291907684630E+00  0.8848653998540243E-03  10000
   12  64  2.00  0.2530  0.5521058772631127E+00  0.9139876036240414E-03  10000
   12  64  2.00  0.2545  0.5286759347164457E+00  0.7904441246995852E-03  10000
   12  64  2.00  0.2560  0.5070511707703008E+00  0.8727708679448505E-03  10000
   12  64  2.00  0.2575  0.4845410068607226E+00  0.6749045453944767E-03  10000
   12  64  2.00  0.2590  0.4629950376949878E+00  0.1044963624574751E-02  10000
   12  64  2.00  0.2605  0.4411532841999870E+00  0.1252833797536499E-02  10000
   12  64  2.00  0.2620  0.4172551470496410E+00  0.1213634087060512E-02  10000
   12  64  2.00  0.2625  0.4107873378428128E+00  0.1064307237911117E-02  10000
   12  64  2.00  0.2639  0.3898322486103105E+00  0.1417237907736593E-02  10000
   12  64  2.00  0.2653  0.3707501322089549E+00  0.1533405255793343E-02  10000
   12  64  2.00  0.2667  0.3512639815105889E+00  0.1174507098937404E-02  10000
   12  64  2.00  0.2681  0.3346417813750502E+00  0.1487987638385423E-02  10000
   12  64  2.00  0.2694  0.3211835358680039E+00  0.1380334529259899E-02  10000
   12  64  2.00  0.2708  0.3073653715774003E+00  0.1966840943941945E-02  10000
   12  64  2.00  0.2722  0.2983551576779535E+00  0.1641606724776371E-02  10000
   12  64  2.00  0.2736  0.2907046020896413E+00  0.2198605491848921E-02  10000
   12  64  2.00  0.2750  0.2879865629589876E+00  0.2750183264820695E-02  10000
   12  64  2.00  0.2780  0.2933447735146927E+00  0.3812669395552752E-02  10000


# eta mass (\sigma_1)
"*"
   12  64  2.00  0.2480                     NaN                     NaN  10000
   12  64  2.00  0.2500  0.7325662763582966E+00  0.4815310772438502E+00  10000
   12  64  2.00  0.2515  0.7067614822203495E+00  0.6251400262264905E+02  10000
   12  64  2.00  0.2530  0.6872034927460756E+00  0.2518313637395615E+02  10000
   12  64  2.00  0.2545                     NaN                     NaN  10000
   12  64  2.00  0.2560                     NaN                     NaN  10000
   12  64  2.00  0.2575  0.6430955451593297E+00  0.2780396368937307E+00  10000
   12  64  2.00  0.2590                     NaN                     NaN  10000
   12  64  2.00  0.2605  0.6186151007070441E+00  0.3991070848124504E+00  10000
   12  64  2.00  0.2620  0.5990282073527751E+00  0.3332553071943780E+00  10000
   12  64  2.00  0.2625  0.5961273876538262E+00  0.5673093863692197E+00  10000
   12  64  2.00  0.2639  0.5775196454077359E+00  0.6398462356335394E+00  10000
   12  64  2.00  0.2653  0.5667549691330583E+00  0.5306378670993213E+02  10000
   12  64  2.00  0.2667  0.5615450453866329E+00  0.4515978410832516E+00  10000
   12  64  2.00  0.2681                     NaN                     NaN  10000
   12  64  2.00  0.2694  0.5565739993961664E+00  0.2745623468137880E+00  10000
   12  64  2.00  0.2708  0.5507840209903786E+00  0.2487575714359148E+00  10000
   12  64  2.00  0.2722  0.5214684594685631E+00  0.2942682442280667E+00  10000
   12  64  2.00  0.2736  0.5694941311216817E+00  0.3754450399602074E+00  10000
   12  64  2.00  0.2750  0.6035864509444046E+00  0.7235359427936891E+02  10000
   12  64  2.00  0.2780  0.7208292395295668E+00  0.5556445854858580E+02  10000

