# fermion mass from PCAC relation
"m"
   12  64  2.00  0.2480  0.2009975566948513E+00  0.2996453879027583E-02  10000
   12  64  2.00  0.2500  0.1866170448439152E+00  0.2553193079973259E-02  10000
   12  64  2.00  0.2515  0.1761981935720902E+00  0.2792591421112101E-02  10000
   12  64  2.00  0.2530  0.1655752843249259E+00  0.2922495879897801E-02  10000
   12  64  2.00  0.2545  0.1553479634231488E+00  0.2883344469639248E-02  10000
   12  64  2.00  0.2560  0.1446544480276335E+00  0.2216322553814579E-02  10000
   12  64  2.00  0.2575  0.1342110621345390E+00  0.1979000065442750E-02  10000
   12  64  2.00  0.2590  0.1241139804880155E+00  0.3012816602560928E-02  10000
   12  64  2.00  0.2605  0.1138957786141821E+00  0.2651320001997140E-02  10000
   12  64  2.00  0.2620  0.1032767681548816E+00  0.2865876472736637E-02  10000
   12  64  2.00  0.2625  0.9980171369798108E-01  0.2623308324688354E-02  10000
   12  64  2.00  0.2639  0.9004288056506435E-01  0.2150689824000459E-02  10000
   12  64  2.00  0.2653  0.8076384197381072E-01  0.2631952859253767E-02  10000
   12  64  2.00  0.2667  0.7117700215791595E-01  0.2111844264740982E-02  10000
   12  64  2.00  0.2681  0.6194864972254348E-01  0.2097509843541439E-02  10000
   12  64  2.00  0.2694  0.5365575992948363E-01  0.1698068776605719E-02  10000
   12  64  2.00  0.2708  0.4505046034240874E-01  0.1789640549023232E-02  10000
   12  64  2.00  0.2722  0.3601287348749369E-01  0.1121784981639641E-02  10000
   12  64  2.00  0.2736  0.2700323667996088E-01  0.1582443855110605E-02  10000
   12  64  2.00  0.2750  0.1718654564574503E-01  0.2357151461939183E-02  10000
   12  64  2.00  0.2780 -0.8158230450838362E-02  0.2807007873380702E-02  10000

