#  Re(op_pbp_e)                                                    
  12  64  2.00  0.2200    NaN  0.500  0.358
#  Re(op_pbp_e)                                                    
  12  64  2.00  0.2231  0.265  0.535  0.854
#  Re(op_pbp_e)                                                    
  12  64  2.00  0.2250    NaN  0.513  0.572
#  Re(op_pbp_e)                                                    
  12  64  2.00  0.2262    NaN  0.500  0.352
#  Re(op_pbp_e)                                                    
  12  64  2.00  0.2293    NaN  0.500  0.575
#  Re(op_pbp_e)                                                    
  12  64  2.00  0.2300    NaN  0.500  0.700
#  Re(op_pbp_e)                                                    
  12  64  2.00  0.2324    NaN  0.506  0.379
#  Re(op_pbp_e)                                                    
  12  64  2.00  0.2350    NaN  0.528  0.472
#  Re(op_pbp_e)                                                    
  12  64  2.00  0.2356    NaN  0.500  0.576
#  Re(op_pbp_e)                                                    
  12  64  2.00  0.2387    NaN  0.501  0.458
#  Re(op_pbp_e)                                                    
  12  64  2.00  0.2400    NaN  0.505  0.644
#  Re(op_pbp_e)                                                    
  12  64  2.00  0.2418    NaN  0.506  0.388
#  Re(op_pbp_e)                                                    
  12  64  2.00  0.2449    NaN  0.501  0.630
#  Re(op_pbp_e)                                                    
  12  64  2.00  0.2480    NaN  0.500  0.615
#  Re(op_pbp_e)                                                    
  12  64  2.00  0.2500  0.598  0.513  0.380
#  Re(op_pbp_e)                                                    
  12  64  2.00  0.2515    NaN  0.500  0.361
#  Re(op_pbp_e)                                                    
  12  64  2.00  0.2530  2.374  0.524  0.406
#  Re(op_pbp_e)                                                    
  12  64  2.00  0.2545    NaN  0.500  0.665
#  Re(op_pbp_e)                                                    
  12  64  2.00  0.2560    NaN  0.500  0.485
#  Re(op_pbp_e)                                                    
  12  64  2.00  0.2575    NaN  0.500  0.403
#  Re(op_pbp_e)                                                    
  12  64  2.00  0.2590    NaN  0.500  0.462
#  Re(op_pbp_e)                                                    
  12  64  2.00  0.2605  0.537  0.513  0.656
#  Re(op_pbp_e)                                                    
  12  64  2.00  0.2620  0.881  0.530  0.465
#  Re(op_pbp_e)                                                    
  12  64  2.00  0.2625    NaN  0.526  0.611
#  Re(op_pbp_e)                                                    
  12  64  2.00  0.2639    NaN  0.537  0.640
#  Re(op_pbp_e)                                                    
  12  64  2.00  0.2653  1.244  0.563  0.361
#  Re(op_pbp_e)                                                    
  12  64  2.00  0.2667    NaN  0.563  0.521
#  Re(op_pbp_e)                                                    
  12  64  2.00  0.2681  0.708  0.676  0.643
#  Re(op_pbp_e)                                                    
  12  64  2.00  0.2694  0.637  0.714  0.625
#  Re(op_pbp_e)                                                    
  12  64  2.00  0.2708  0.942  0.787  0.589
#  Re(op_pbp_e)                                                    
  12  64  2.00  0.2722  1.420  0.914  1.077
#  Re(op_pbp_e)                                                    
  12  64  2.00  0.2736  0.853  0.960  0.860
#  Re(op_pbp_e)                                                    
  12  64  2.00  0.2750  1.425  1.053  1.236
#  Re(op_pbp_e)                                                    
  12  64  2.00  0.2780  6.442  2.202  6.108
