#-----------------------------------------------------------
#beta =   2.00   kappa =   0.2200
#  Re(op_pbp_e)                                                    
#
#   -14  0.19236E+01  jk failed  0.275E-02  jk failed     3
#   -13  0.19149E+01  jk failed  0.000E+00  jk failed     1
#   -12  0.19186E+01  jk failed  0.115E-02  jk failed     6
    -11  0.19187E+01  0.829E-03  0.249E-02  0.276E-05    10
    -10  0.19180E+01  0.769E-03  0.356E-02  0.384E-05    25
     -9  0.19178E+01  0.590E-03  0.308E-02  0.226E-05    41
     -8  0.19175E+01  0.414E-03  0.316E-02  0.134E-05    84
     -7  0.19177E+01  0.243E-03  0.333E-02  0.883E-06   148
     -6  0.19172E+01  0.156E-03  0.304E-02  0.739E-06   282
     -5  0.19172E+01  0.137E-03  0.313E-02  0.590E-06   399
     -4  0.19170E+01  0.136E-03  0.325E-02  0.583E-06   524
     -3  0.19172E+01  0.146E-03  0.317E-02  0.553E-06   687
     -2  0.19167E+01  0.871E-04  0.307E-02  0.537E-06   879
     -1  0.19168E+01  0.109E-03  0.318E-02  0.474E-06  1029
      0  0.19168E+01  0.879E-04  0.314E-02  0.442E-06  1117
      1  0.19169E+01  0.871E-04  0.324E-02  0.595E-06  1016
      2  0.19168E+01  0.101E-03  0.303E-02  0.439E-06   978
      3  0.19169E+01  0.793E-04  0.325E-02  0.519E-06   856
      4  0.19169E+01  0.117E-03  0.324E-02  0.631E-06   624
      5  0.19175E+01  0.114E-03  0.327E-02  0.470E-06   488
      6  0.19178E+01  0.154E-03  0.315E-02  0.704E-06   336
      7  0.19172E+01  0.205E-03  0.326E-02  0.107E-05   212
      8  0.19178E+01  0.346E-03  0.339E-02  0.139E-05   104
      9  0.19178E+01  0.353E-03  0.274E-02  0.135E-05    82
     10  0.19183E+01  0.590E-03  0.288E-02  0.299E-05    35
     11  0.19193E+01  0.499E-03  0.206E-02  0.114E-05    18
     12  0.19189E+01  0.115E-02  0.364E-02  0.699E-05    11
#    13  0.19180E+01  jk failed  0.945E-03  jk failed     3
#    14  0.19221E+01  jk failed  0.000E+00  jk failed     1
#    15  0.19222E+01  jk failed  0.000E+00  jk failed     1
&-----------------------------------------------------------
#beta =   2.00   kappa =   0.2231
#  Re(op_pbp_e)                                                    
#
#   -15  0.19146E+01  jk failed  0.000E+00  jk failed     1
#   -13  0.19125E+01  jk failed  0.219E-02  jk failed     2
#   -12  0.19159E+01  jk failed  0.216E-02  jk failed     4
    -11  0.19103E+01  0.109E-02  0.328E-02  0.591E-05    10
    -10  0.19121E+01  0.473E-03  0.222E-02  0.251E-05    23
     -9  0.19116E+01  0.688E-03  0.371E-02  0.357E-05    36
     -8  0.19120E+01  0.289E-03  0.304E-02  0.153E-05    90
     -7  0.19116E+01  0.295E-03  0.336E-02  0.127E-05   162
     -6  0.19113E+01  0.209E-03  0.337E-02  0.143E-05   233
     -5  0.19108E+01  0.187E-03  0.327E-02  0.782E-06   388
     -4  0.19107E+01  0.157E-03  0.341E-02  0.682E-06   540
     -3  0.19107E+01  0.103E-03  0.336E-02  0.587E-06   739
     -2  0.19105E+01  0.111E-03  0.332E-02  0.450E-06   966
     -1  0.19105E+01  0.114E-03  0.353E-02  0.408E-06   998
      0  0.19106E+01  0.885E-04  0.347E-02  0.586E-06  1104
      1  0.19106E+01  0.878E-04  0.349E-02  0.607E-06  1091
      2  0.19106E+01  0.127E-03  0.347E-02  0.598E-06   955
      3  0.19109E+01  0.133E-03  0.351E-02  0.611E-06   824
      4  0.19107E+01  0.118E-03  0.349E-02  0.592E-06   619
      5  0.19110E+01  0.172E-03  0.351E-02  0.757E-06   474
      6  0.19111E+01  0.198E-03  0.339E-02  0.967E-06   307
      7  0.19116E+01  0.252E-03  0.334E-02  0.128E-05   201
      8  0.19112E+01  0.280E-03  0.375E-02  0.280E-05   111
      9  0.19125E+01  0.455E-03  0.295E-02  0.157E-05    58
     10  0.19127E+01  0.965E-03  0.409E-02  0.464E-05    32
     11  0.19133E+01  0.652E-03  0.253E-02  0.258E-05    16
     12  0.19132E+01  0.110E-02  0.366E-02  0.544E-05    12
#    13  0.19152E+01  jk failed  0.187E-03  jk failed     2
#    14  0.19142E+01  jk failed  0.000E+00  jk failed     1
#    15  0.19090E+01  jk failed  0.000E+00  jk failed     1
&-----------------------------------------------------------
#beta =   2.00   kappa =   0.2250
#  Re(op_pbp_e)                                                    
#
#   -15  0.19091E+01  jk failed  0.000E+00  jk failed     1
#   -13  0.19152E+01  jk failed  0.000E+00  jk failed     1
#   -12  0.19107E+01  jk failed  0.285E-02  jk failed     5
#   -11  0.19091E+01  jk failed  0.275E-02  jk failed     8
    -10  0.19084E+01  0.901E-03  0.429E-02  0.386E-05    28
     -9  0.19085E+01  0.676E-03  0.370E-02  0.244E-05    36
     -8  0.19080E+01  0.365E-03  0.328E-02  0.156E-05    86
     -7  0.19075E+01  0.372E-03  0.414E-02  0.176E-05   161
     -6  0.19071E+01  0.279E-03  0.395E-02  0.139E-05   263
     -5  0.19068E+01  0.194E-03  0.370E-02  0.127E-05   434
     -4  0.19068E+01  0.140E-03  0.353E-02  0.644E-06   561
     -3  0.19067E+01  0.160E-03  0.364E-02  0.708E-06   744
     -2  0.19065E+01  0.101E-03  0.362E-02  0.576E-06   913
     -1  0.19063E+01  0.110E-03  0.362E-02  0.739E-06  1021
      0  0.19067E+01  0.120E-03  0.356E-02  0.516E-06  1044
      1  0.19066E+01  0.151E-03  0.364E-02  0.673E-06  1073
      2  0.19063E+01  0.107E-03  0.365E-02  0.550E-06  1000
      3  0.19066E+01  0.112E-03  0.363E-02  0.745E-06   773
      4  0.19068E+01  0.143E-03  0.364E-02  0.647E-06   650
      5  0.19069E+01  0.230E-03  0.354E-02  0.917E-06   482
      6  0.19071E+01  0.202E-03  0.340E-02  0.877E-06   317
      7  0.19078E+01  0.329E-03  0.339E-02  0.113E-05   188
      8  0.19083E+01  0.340E-03  0.344E-02  0.163E-05   101
      9  0.19080E+01  0.547E-03  0.373E-02  0.247E-05    64
     10  0.19079E+01  0.777E-03  0.325E-02  0.339E-05    28
#    11  0.19106E+01  jk failed  0.413E-02  jk failed     9
#    12  0.19122E+01  jk failed  0.389E-02  jk failed     4
#    13  0.19097E+01  jk failed  0.202E-02  jk failed     5
&-----------------------------------------------------------
#beta =   2.00   kappa =   0.2262
#  Re(op_pbp_e)                                                    
#
#   -13  0.19078E+01  jk failed  0.000E+00  jk failed     1
#   -12  0.19037E+01  jk failed  0.140E-02  jk failed     3
#   -11  0.19091E+01  jk failed  0.347E-02  jk failed     9
    -10  0.19068E+01  0.951E-03  0.403E-02  0.674E-05    19
     -9  0.19057E+01  0.526E-03  0.339E-02  0.331E-05    47
     -8  0.19049E+01  0.502E-03  0.372E-02  0.228E-05    87
     -7  0.19050E+01  0.345E-03  0.382E-02  0.183E-05   158
     -6  0.19045E+01  0.295E-03  0.371E-02  0.124E-05   224
     -5  0.19044E+01  0.187E-03  0.369E-02  0.976E-06   412
     -4  0.19043E+01  0.133E-03  0.359E-02  0.876E-06   561
     -3  0.19042E+01  0.151E-03  0.381E-02  0.693E-06   741
     -2  0.19041E+01  0.110E-03  0.361E-02  0.738E-06   869
     -1  0.19039E+01  0.119E-03  0.378E-02  0.617E-06  1018
      0  0.19039E+01  0.981E-04  0.377E-02  0.747E-06  1087
      1  0.19038E+01  0.111E-03  0.378E-02  0.698E-06  1077
      2  0.19038E+01  0.118E-03  0.385E-02  0.746E-06  1024
      3  0.19041E+01  0.111E-03  0.377E-02  0.811E-06   823
      4  0.19042E+01  0.141E-03  0.388E-02  0.782E-06   665
      5  0.19046E+01  0.178E-03  0.362E-02  0.891E-06   464
      6  0.19046E+01  0.233E-03  0.370E-02  0.115E-05   299
      7  0.19047E+01  0.216E-03  0.353E-02  0.968E-06   180
      8  0.19050E+01  0.271E-03  0.326E-02  0.112E-05   123
      9  0.19049E+01  0.494E-03  0.369E-02  0.269E-05    54
     10  0.19070E+01  0.674E-03  0.328E-02  0.299E-05    34
     11  0.19068E+01  0.513E-03  0.178E-02  0.782E-06    13
#    12  0.19054E+01  jk failed  0.264E-02  jk failed     5
#    13  0.19045E+01  jk failed  0.298E-02  jk failed     3
&-----------------------------------------------------------
#beta =   2.00   kappa =   0.2293
#  Re(op_pbp_e)                                                    
#
#   -14  0.18979E+01  jk failed  0.000E+00  jk failed     1
#   -13  0.19063E+01  jk failed  0.000E+00  jk failed     1
    -11  0.19011E+01  0.707E-03  0.212E-02  0.139E-05    10
    -10  0.19007E+01  0.933E-03  0.396E-02  0.417E-05    19
     -9  0.18995E+01  0.688E-03  0.369E-02  0.260E-05    38
     -8  0.18987E+01  0.507E-03  0.416E-02  0.326E-05    77
     -7  0.18975E+01  0.356E-03  0.412E-02  0.176E-05   147
     -6  0.18980E+01  0.287E-03  0.422E-02  0.185E-05   247
     -5  0.18973E+01  0.207E-03  0.428E-02  0.141E-05   393
     -4  0.18976E+01  0.172E-03  0.410E-02  0.134E-05   567
     -3  0.18968E+01  0.167E-03  0.439E-02  0.875E-06   698
     -2  0.18969E+01  0.115E-03  0.427E-02  0.719E-06   925
     -1  0.18968E+01  0.114E-03  0.424E-02  0.641E-06  1001
      0  0.18968E+01  0.103E-03  0.429E-02  0.822E-06  1095
      1  0.18966E+01  0.136E-03  0.420E-02  0.824E-06  1132
      2  0.18970E+01  0.143E-03  0.414E-02  0.962E-06   980
      3  0.18968E+01  0.156E-03  0.418E-02  0.102E-05   782
      4  0.18972E+01  0.145E-03  0.426E-02  0.835E-06   679
      5  0.18974E+01  0.199E-03  0.423E-02  0.889E-06   492
      6  0.18974E+01  0.214E-03  0.413E-02  0.152E-05   282
      7  0.18979E+01  0.308E-03  0.427E-02  0.200E-05   210
      8  0.18983E+01  0.369E-03  0.426E-02  0.208E-05   118
      9  0.18992E+01  0.562E-03  0.393E-02  0.272E-05    57
     10  0.19005E+01  0.771E-03  0.431E-02  0.351E-05    31
     11  0.19012E+01  0.125E-02  0.375E-02  0.553E-05    10
#    12  0.19048E+01  jk failed  0.503E-02  jk failed     4
#    13  0.19019E+01  jk failed  0.328E-02  jk failed     3
#    15  0.19050E+01  jk failed  0.000E+00  jk failed     1
&-----------------------------------------------------------
#beta =   2.00   kappa =   0.2300
#  Re(op_pbp_e)                                                    
#
#   -13  0.19012E+01  jk failed  0.194E-02  jk failed     2
#   -12  0.18966E+01  jk failed  0.578E-02  jk failed     6
    -11  0.18977E+01  0.200E-02  0.601E-02  0.142E-04    10
    -10  0.18983E+01  0.837E-03  0.345E-02  0.379E-05    18
     -9  0.18970E+01  0.445E-03  0.339E-02  0.236E-05    56
     -8  0.18967E+01  0.396E-03  0.432E-02  0.231E-05    94
     -7  0.18967E+01  0.444E-03  0.408E-02  0.223E-05   139
     -6  0.18968E+01  0.307E-03  0.392E-02  0.182E-05   205
     -5  0.18956E+01  0.285E-03  0.432E-02  0.147E-05   390
     -4  0.18957E+01  0.173E-03  0.426E-02  0.111E-05   564
     -3  0.18955E+01  0.144E-03  0.438E-02  0.107E-05   721
     -2  0.18954E+01  0.151E-03  0.409E-02  0.750E-06   946
     -1  0.18950E+01  0.138E-03  0.448E-02  0.902E-06  1049
      0  0.18950E+01  0.121E-03  0.428E-02  0.677E-06  1130
      1  0.18951E+01  0.167E-03  0.430E-02  0.770E-06  1053
      2  0.18952E+01  0.136E-03  0.441E-02  0.882E-06  1053
      3  0.18953E+01  0.199E-03  0.445E-02  0.106E-05   794
      4  0.18951E+01  0.156E-03  0.438E-02  0.109E-05   631
      5  0.18957E+01  0.209E-03  0.420E-02  0.113E-05   469
      6  0.18961E+01  0.334E-03  0.414E-02  0.133E-05   284
      7  0.18964E+01  0.302E-03  0.387E-02  0.152E-05   184
      8  0.18967E+01  0.632E-03  0.480E-02  0.267E-05    92
      9  0.18970E+01  0.580E-03  0.388E-02  0.299E-05    59
     10  0.18983E+01  0.105E-02  0.444E-02  0.483E-05    26
     11  0.19006E+01  0.114E-02  0.427E-02  0.597E-05    15
#    12  0.18992E+01  jk failed  0.269E-02  jk failed     7
#    13  0.19050E+01  jk failed  0.000E+00  jk failed     1
#    14  0.18980E+01  jk failed  0.110E-02  jk failed     2
&-----------------------------------------------------------
#beta =   2.00   kappa =   0.2324
#  Re(op_pbp_e)                                                    
#
#   -15  0.18964E+01  jk failed  0.000E+00  jk failed     1
#   -12  0.18959E+01  jk failed  0.429E-02  jk failed     5
    -11  0.18914E+01  0.741E-03  0.222E-02  0.278E-05    10
    -10  0.18922E+01  0.106E-02  0.384E-02  0.530E-05    14
     -9  0.18915E+01  0.600E-03  0.404E-02  0.351E-05    41
     -8  0.18907E+01  0.472E-03  0.468E-02  0.300E-05    92
     -7  0.18905E+01  0.301E-03  0.387E-02  0.134E-05   154
     -6  0.18902E+01  0.355E-03  0.470E-02  0.191E-05   241
     -5  0.18901E+01  0.232E-03  0.457E-02  0.186E-05   393
     -4  0.18894E+01  0.196E-03  0.495E-02  0.190E-05   555
     -3  0.18895E+01  0.139E-03  0.467E-02  0.116E-05   726
     -2  0.18891E+01  0.127E-03  0.469E-02  0.941E-06   906
     -1  0.18888E+01  0.136E-03  0.468E-02  0.111E-05  1052
      0  0.18893E+01  0.118E-03  0.470E-02  0.973E-06  1097
      1  0.18894E+01  0.160E-03  0.476E-02  0.102E-05  1073
      2  0.18892E+01  0.131E-03  0.471E-02  0.110E-05  1026
      3  0.18892E+01  0.140E-03  0.468E-02  0.103E-05   833
      4  0.18895E+01  0.200E-03  0.469E-02  0.108E-05   637
      5  0.18897E+01  0.243E-03  0.470E-02  0.158E-05   480
      6  0.18906E+01  0.284E-03  0.451E-02  0.186E-05   314
      7  0.18909E+01  0.494E-03  0.503E-02  0.350E-05   147
      8  0.18910E+01  0.619E-03  0.468E-02  0.317E-05    97
      9  0.18914E+01  0.626E-03  0.428E-02  0.391E-05    50
     10  0.18937E+01  0.949E-03  0.510E-02  0.643E-05    36
     11  0.18929E+01  0.126E-02  0.378E-02  0.679E-05    10
#    12  0.18952E+01  jk failed  0.432E-02  jk failed     7
#    13  0.18956E+01  jk failed  0.192E-02  jk failed     2
#     1 measurement(s) out of range.
&-----------------------------------------------------------
#beta =   2.00   kappa =   0.2350
#  Re(op_pbp_e)                                                    
#
#   -16  0.18861E+01  jk failed  0.000E+00  jk failed     1
#   -13  0.18850E+01  jk failed  0.201E-02  jk failed     3
#   -12  0.18910E+01  jk failed  0.489E-02  jk failed     7
#   -11  0.18862E+01  jk failed  0.348E-02  jk failed     7
    -10  0.18848E+01  0.800E-03  0.366E-02  0.384E-05    22
     -9  0.18850E+01  0.681E-03  0.445E-02  0.471E-05    37
     -8  0.18843E+01  0.553E-03  0.444E-02  0.363E-05    81
     -7  0.18836E+01  0.408E-03  0.458E-02  0.224E-05   160
     -6  0.18836E+01  0.277E-03  0.464E-02  0.234E-05   233
     -5  0.18830E+01  0.197E-03  0.473E-02  0.156E-05   405
     -4  0.18826E+01  0.269E-03  0.528E-02  0.203E-05   537
     -3  0.18823E+01  0.207E-03  0.509E-02  0.118E-05   756
     -2  0.18824E+01  0.129E-03  0.515E-02  0.126E-05   921
     -1  0.18820E+01  0.129E-03  0.514E-02  0.979E-06   987
      0  0.18821E+01  0.171E-03  0.509E-02  0.116E-05  1145
      1  0.18823E+01  0.140E-03  0.503E-02  0.111E-05  1057
      2  0.18824E+01  0.168E-03  0.514E-02  0.109E-05   996
      3  0.18826E+01  0.201E-03  0.537E-02  0.150E-05   816
      4  0.18827E+01  0.181E-03  0.506E-02  0.136E-05   658
      5  0.18835E+01  0.190E-03  0.503E-02  0.141E-05   454
      6  0.18831E+01  0.305E-03  0.521E-02  0.190E-05   288
      7  0.18849E+01  0.352E-03  0.475E-02  0.269E-05   203
      8  0.18842E+01  0.479E-03  0.509E-02  0.273E-05   114
      9  0.18844E+01  0.584E-03  0.506E-02  0.607E-05    58
     10  0.18847E+01  0.104E-02  0.525E-02  0.892E-05    36
     11  0.18874E+01  0.173E-02  0.518E-02  0.103E-04    10
#    12  0.18830E+01  jk failed  0.282E-02  jk failed     3
#    13  0.18898E+01  jk failed  0.434E-02  jk failed     4
#    14  0.18928E+01  jk failed  0.000E+00  jk failed     1
&-----------------------------------------------------------
#beta =   2.00   kappa =   0.2356
#  Re(op_pbp_e)                                                    
#
#   -12  0.18868E+01  jk failed  0.530E-02  jk failed     4
    -11  0.18865E+01  0.176E-02  0.527E-02  0.899E-05    10
    -10  0.18830E+01  0.123E-02  0.551E-02  0.881E-05    21
     -9  0.18820E+01  0.913E-03  0.411E-02  0.538E-05    35
     -8  0.18832E+01  0.631E-03  0.505E-02  0.426E-05    72
     -7  0.18817E+01  0.466E-03  0.475E-02  0.226E-05   130
     -6  0.18820E+01  0.354E-03  0.517E-02  0.230E-05   248
     -5  0.18819E+01  0.334E-03  0.516E-02  0.243E-05   381
     -4  0.18812E+01  0.258E-03  0.522E-02  0.187E-05   561
     -3  0.18813E+01  0.220E-03  0.508E-02  0.150E-05   714
     -2  0.18806E+01  0.169E-03  0.526E-02  0.122E-05   974
     -1  0.18804E+01  0.156E-03  0.539E-02  0.121E-05  1074
      0  0.18805E+01  0.151E-03  0.532E-02  0.123E-05  1132
      1  0.18805E+01  0.175E-03  0.517E-02  0.133E-05  1082
      2  0.18804E+01  0.127E-03  0.534E-02  0.104E-05   981
      3  0.18811E+01  0.161E-03  0.532E-02  0.164E-05   787
      4  0.18813E+01  0.205E-03  0.528E-02  0.161E-05   649
      5  0.18817E+01  0.190E-03  0.512E-02  0.168E-05   439
      6  0.18821E+01  0.273E-03  0.548E-02  0.271E-05   304
      7  0.18825E+01  0.395E-03  0.528E-02  0.277E-05   199
      8  0.18833E+01  0.516E-03  0.537E-02  0.439E-05   103
      9  0.18841E+01  0.838E-03  0.557E-02  0.540E-05    51
     10  0.18843E+01  0.847E-03  0.346E-02  0.339E-05    25
     11  0.18852E+01  0.104E-02  0.403E-02  0.535E-05    16
#    12  0.18872E+01  jk failed  0.376E-02  jk failed     6
#    13  0.18847E+01  jk failed  0.146E-02  jk failed     2
&-----------------------------------------------------------
#beta =   2.00   kappa =   0.2387
#  Re(op_pbp_e)                                                    
#
#   -12  0.18807E+01  jk failed  0.249E-02  jk failed     5
#   -11  0.18799E+01  jk failed  0.458E-02  jk failed     6
    -10  0.18789E+01  0.157E-02  0.566E-02  0.130E-04    14
     -9  0.18739E+01  0.100E-02  0.491E-02  0.504E-05    31
     -8  0.18742E+01  0.500E-03  0.490E-02  0.327E-05    85
     -7  0.18735E+01  0.455E-03  0.612E-02  0.337E-05   143
     -6  0.18731E+01  0.396E-03  0.581E-02  0.294E-05   250
     -5  0.18719E+01  0.263E-03  0.572E-02  0.222E-05   376
     -4  0.18723E+01  0.227E-03  0.564E-02  0.222E-05   535
     -3  0.18719E+01  0.245E-03  0.581E-02  0.188E-05   722
     -2  0.18716E+01  0.185E-03  0.602E-02  0.179E-05   924
     -1  0.18715E+01  0.145E-03  0.584E-02  0.160E-05   986
      0  0.18716E+01  0.185E-03  0.605E-02  0.167E-05  1145
      1  0.18715E+01  0.163E-03  0.588E-02  0.135E-05  1165
      2  0.18718E+01  0.217E-03  0.585E-02  0.128E-05  1061
      3  0.18719E+01  0.224E-03  0.576E-02  0.228E-05   795
      4  0.18725E+01  0.175E-03  0.547E-02  0.172E-05   652
      5  0.18728E+01  0.269E-03  0.555E-02  0.201E-05   460
      6  0.18737E+01  0.295E-03  0.551E-02  0.296E-05   294
      7  0.18741E+01  0.422E-03  0.559E-02  0.385E-05   169
      8  0.18742E+01  0.519E-03  0.490E-02  0.339E-05    94
      9  0.18747E+01  0.729E-03  0.401E-02  0.493E-05    50
     10  0.18754E+01  0.132E-02  0.585E-02  0.915E-05    25
#    11  0.18763E+01  jk failed  0.418E-02  jk failed     8
#    12  0.18768E+01  jk failed  0.314E-02  jk failed     5
&-----------------------------------------------------------
#beta =   2.00   kappa =   0.2400
#  Re(op_pbp_e)                                                    
#
#   -14  0.18681E+01  jk failed  0.000E+00  jk failed     1
#   -12  0.18717E+01  jk failed  0.223E-02  jk failed     4
#   -11  0.18741E+01  jk failed  0.122E-02  jk failed     4
    -10  0.18725E+01  0.134E-02  0.586E-02  0.130E-04    20
     -9  0.18715E+01  0.998E-03  0.494E-02  0.609E-05    39
     -8  0.18715E+01  0.716E-03  0.605E-02  0.560E-05    83
     -7  0.18706E+01  0.557E-03  0.595E-02  0.436E-05   153
     -6  0.18697E+01  0.464E-03  0.600E-02  0.350E-05   248
     -5  0.18693E+01  0.282E-03  0.556E-02  0.218E-05   393
     -4  0.18681E+01  0.192E-03  0.617E-02  0.206E-05   559
     -3  0.18684E+01  0.206E-03  0.626E-02  0.202E-05   766
     -2  0.18676E+01  0.232E-03  0.619E-02  0.195E-05   954
     -1  0.18676E+01  0.211E-03  0.586E-02  0.150E-05  1038
      0  0.18680E+01  0.178E-03  0.608E-02  0.129E-05  1136
      1  0.18679E+01  0.142E-03  0.621E-02  0.185E-05  1089
      2  0.18680E+01  0.210E-03  0.629E-02  0.146E-05  1008
      3  0.18679E+01  0.188E-03  0.625E-02  0.181E-05   821
      4  0.18684E+01  0.301E-03  0.596E-02  0.192E-05   620
      5  0.18685E+01  0.340E-03  0.625E-02  0.217E-05   408
      6  0.18698E+01  0.364E-03  0.636E-02  0.330E-05   298
      7  0.18703E+01  0.409E-03  0.588E-02  0.300E-05   166
      8  0.18702E+01  0.550E-03  0.559E-02  0.284E-05   106
      9  0.18716E+01  0.103E-02  0.597E-02  0.126E-04    43
     10  0.18714E+01  0.692E-03  0.294E-02  0.292E-05    19
     11  0.18769E+01  0.790E-03  0.274E-02  0.221E-05    13
#    12  0.18725E+01  jk failed  0.285E-02  jk failed     7
#    13  0.18771E+01  jk failed  0.561E-02  jk failed     2
#    14  0.18798E+01  jk failed  0.179E-03  jk failed     2
&-----------------------------------------------------------
#beta =   2.00   kappa =   0.2418
#  Re(op_pbp_e)                                                    
#
#   -12  0.18702E+01  jk failed  0.601E-02  jk failed     3
#   -11  0.18659E+01  jk failed  0.963E-02  jk failed     5
    -10  0.18695E+01  0.122E-02  0.424E-02  0.693E-05    13
     -9  0.18673E+01  0.115E-02  0.593E-02  0.105E-04    34
     -8  0.18663E+01  0.757E-03  0.572E-02  0.416E-05    79
     -7  0.18648E+01  0.479E-03  0.630E-02  0.470E-05   143
     -6  0.18627E+01  0.429E-03  0.650E-02  0.372E-05   242
     -5  0.18637E+01  0.320E-03  0.646E-02  0.363E-05   383
     -4  0.18628E+01  0.321E-03  0.664E-02  0.281E-05   524
     -3  0.18625E+01  0.193E-03  0.675E-02  0.243E-05   752
     -2  0.18625E+01  0.208E-03  0.660E-02  0.190E-05   934
     -1  0.18621E+01  0.207E-03  0.691E-02  0.214E-05  1083
      0  0.18615E+01  0.218E-03  0.675E-02  0.198E-05  1135
      1  0.18618E+01  0.148E-03  0.677E-02  0.200E-05  1110
      2  0.18622E+01  0.188E-03  0.667E-02  0.167E-05  1026
      3  0.18621E+01  0.181E-03  0.625E-02  0.190E-05   859
      4  0.18632E+01  0.251E-03  0.653E-02  0.244E-05   619
      5  0.18635E+01  0.265E-03  0.664E-02  0.281E-05   454
      6  0.18645E+01  0.322E-03  0.656E-02  0.357E-05   288
      7  0.18648E+01  0.446E-03  0.575E-02  0.353E-05   141
      8  0.18654E+01  0.816E-03  0.674E-02  0.786E-05    94
      9  0.18661E+01  0.890E-03  0.537E-02  0.818E-05    46
     10  0.18679E+01  0.177E-02  0.752E-02  0.159E-04    19
     11  0.18682E+01  0.124E-02  0.373E-02  0.675E-05    10
#    12  0.18737E+01  jk failed  0.541E-02  jk failed     2
#    13  0.18755E+01  jk failed  0.832E-02  jk failed     2
&-----------------------------------------------------------
#beta =   2.00   kappa =   0.2449
#  Re(op_pbp_e)                                                    
#
#   -13  0.18697E+01  jk failed  0.000E+00  jk failed     1
#   -12  0.18599E+01  jk failed  0.537E-03  jk failed     2
#   -11  0.18597E+01  jk failed  0.589E-02  jk failed     5
    -10  0.18611E+01  0.172E-02  0.570E-02  0.130E-04    12
     -9  0.18580E+01  0.152E-02  0.730E-02  0.133E-04    24
     -8  0.18560E+01  0.117E-02  0.734E-02  0.102E-04    56
     -7  0.18547E+01  0.603E-03  0.726E-02  0.593E-05   123
     -6  0.18535E+01  0.328E-03  0.691E-02  0.499E-05   243
     -5  0.18530E+01  0.408E-03  0.777E-02  0.378E-05   365
     -4  0.18525E+01  0.432E-03  0.732E-02  0.330E-05   539
     -3  0.18524E+01  0.271E-03  0.714E-02  0.217E-05   751
     -2  0.18523E+01  0.262E-03  0.745E-02  0.245E-05   946
     -1  0.18513E+01  0.228E-03  0.781E-02  0.277E-05  1126
      0  0.18517E+01  0.206E-03  0.786E-02  0.206E-05  1134
      1  0.18520E+01  0.215E-03  0.772E-02  0.312E-05  1113
      2  0.18518E+01  0.247E-03  0.767E-02  0.259E-05  1030
      3  0.18522E+01  0.279E-03  0.744E-02  0.255E-05   863
      4  0.18528E+01  0.278E-03  0.724E-02  0.338E-05   657
      5  0.18530E+01  0.410E-03  0.671E-02  0.238E-05   411
      6  0.18538E+01  0.569E-03  0.813E-02  0.713E-05   255
      7  0.18556E+01  0.592E-03  0.644E-02  0.474E-05   182
      8  0.18559E+01  0.874E-03  0.764E-02  0.107E-04    89
      9  0.18559E+01  0.119E-02  0.703E-02  0.125E-04    38
     10  0.18597E+01  0.122E-02  0.570E-02  0.728E-05    23
#    11  0.18606E+01  jk failed  0.407E-02  jk failed     6
#    12  0.18531E+01  jk failed  0.682E-02  jk failed     4
#    13  0.18747E+01  jk failed  0.000E+00  jk failed     1
#    15  0.18605E+01  jk failed  0.000E+00  jk failed     1
&-----------------------------------------------------------
#beta =   2.00   kappa =   0.2480
#  Re(op_pbp_e)                                                    
#
#   -12  0.18508E+01  jk failed  0.199E-02  jk failed     2
#   -11  0.18488E+01  jk failed  0.562E-02  jk failed     3
    -10  0.18502E+01  0.191E-02  0.689E-02  0.276E-04    14
     -9  0.18477E+01  0.136E-02  0.659E-02  0.973E-05    34
     -8  0.18477E+01  0.118E-02  0.744E-02  0.135E-04    44
     -7  0.18454E+01  0.881E-03  0.792E-02  0.131E-04   115
     -6  0.18430E+01  0.518E-03  0.768E-02  0.498E-05   204
     -5  0.18426E+01  0.466E-03  0.823E-02  0.464E-05   356
     -4  0.18409E+01  0.358E-03  0.861E-02  0.503E-05   541
     -3  0.18407E+01  0.303E-03  0.829E-02  0.490E-05   711
     -2  0.18410E+01  0.251E-03  0.864E-02  0.315E-05   966
     -1  0.18403E+01  0.276E-03  0.878E-02  0.300E-05  1112
      0  0.18398E+01  0.285E-03  0.874E-02  0.270E-05  1213
      1  0.18403E+01  0.236E-03  0.867E-02  0.324E-05  1172
      2  0.18408E+01  0.241E-03  0.821E-02  0.397E-05  1020
      3  0.18409E+01  0.293E-03  0.840E-02  0.354E-05   832
      4  0.18414E+01  0.473E-03  0.847E-02  0.417E-05   623
      5  0.18420E+01  0.348E-03  0.779E-02  0.445E-05   399
      6  0.18438E+01  0.487E-03  0.816E-02  0.776E-05   292
      7  0.18435E+01  0.725E-03  0.802E-02  0.908E-05   179
      8  0.18455E+01  0.821E-03  0.826E-02  0.989E-05   109
      9  0.18475E+01  0.155E-02  0.714E-02  0.273E-04    36
     10  0.18457E+01  0.185E-02  0.667E-02  0.147E-04    14
#    11  0.18466E+01  jk failed  0.711E-02  jk failed     7
#    12  0.18474E+01  jk failed  0.000E+00  jk failed     1
#    13  0.18547E+01  jk failed  0.000E+00  jk failed     1
&-----------------------------------------------------------
#beta =   2.00   kappa =   0.2500
#  Re(op_pbp_e)                                                    
#
#   -11  0.18423E+01  jk failed  0.611E-02  jk failed     5
    -10  0.18471E+01  0.283E-02  0.849E-02  0.206E-04    10
     -9  0.18415E+01  0.224E-02  0.100E-01  0.255E-04    21
     -8  0.18397E+01  0.146E-02  0.831E-02  0.177E-04    42
     -7  0.18364E+01  0.101E-02  0.928E-02  0.165E-04   124
     -6  0.18374E+01  0.650E-03  0.830E-02  0.797E-05   188
     -5  0.18349E+01  0.537E-03  0.892E-02  0.577E-05   346
     -4  0.18345E+01  0.475E-03  0.919E-02  0.403E-05   542
     -3  0.18327E+01  0.272E-03  0.930E-02  0.403E-05   798
     -2  0.18326E+01  0.334E-03  0.942E-02  0.428E-05   971
     -1  0.18316E+01  0.246E-03  0.955E-02  0.487E-05  1111
      0  0.18316E+01  0.297E-03  0.964E-02  0.415E-05  1180
      1  0.18323E+01  0.311E-03  0.961E-02  0.406E-05  1229
      2  0.18328E+01  0.237E-03  0.920E-02  0.479E-05  1005
      3  0.18324E+01  0.382E-03  0.974E-02  0.366E-05   822
      4  0.18337E+01  0.310E-03  0.914E-02  0.473E-05   663
      5  0.18351E+01  0.390E-03  0.872E-02  0.518E-05   410
      6  0.18358E+01  0.458E-03  0.864E-02  0.670E-05   240
      7  0.18375E+01  0.742E-03  0.927E-02  0.138E-04   160
      8  0.18397E+01  0.107E-02  0.723E-02  0.807E-05    68
      9  0.18412E+01  0.198E-02  0.915E-02  0.284E-04    34
     10  0.18429E+01  0.134E-02  0.691E-02  0.867E-05    26
#    11  0.18471E+01  jk failed  0.621E-02  jk failed     4
#    12  0.18304E+01  jk failed  0.000E+00  jk failed     1
&-----------------------------------------------------------
#beta =   2.00   kappa =   0.2515
#  Re(op_pbp_e)                                                    
#
#   -13  0.18430E+01  jk failed  0.000E+00  jk failed     1
#   -12  0.18436E+01  jk failed  0.593E-02  jk failed     2
#   -11  0.18433E+01  jk failed  0.000E+00  jk failed     1
#   -10  0.18436E+01  jk failed  0.652E-02  jk failed     9
     -9  0.18338E+01  0.147E-02  0.640E-02  0.137E-04    20
     -8  0.18318E+01  0.157E-02  0.103E-01  0.252E-04    53
     -7  0.18331E+01  0.103E-02  0.965E-02  0.122E-04   107
     -6  0.18302E+01  0.723E-03  0.997E-02  0.947E-05   176
     -5  0.18277E+01  0.465E-03  0.994E-02  0.853E-05   327
     -4  0.18279E+01  0.360E-03  0.100E-01  0.456E-05   543
     -3  0.18265E+01  0.322E-03  0.966E-02  0.315E-05   801
     -2  0.18261E+01  0.345E-03  0.105E-01  0.563E-05   948
     -1  0.18262E+01  0.316E-03  0.104E-01  0.395E-05  1196
      0  0.18255E+01  0.349E-03  0.102E-01  0.549E-05  1130
      1  0.18257E+01  0.293E-03  0.101E-01  0.426E-05  1188
      2  0.18264E+01  0.308E-03  0.981E-02  0.341E-05  1072
      3  0.18265E+01  0.314E-03  0.988E-02  0.558E-05   849
      4  0.18283E+01  0.404E-03  0.103E-01  0.553E-05   658
      5  0.18295E+01  0.551E-03  0.999E-02  0.696E-05   394
      6  0.18301E+01  0.417E-03  0.944E-02  0.968E-05   242
      7  0.18321E+01  0.970E-03  0.100E-01  0.106E-04   136
      8  0.18325E+01  0.122E-02  0.106E-01  0.172E-04    88
      9  0.18354E+01  0.182E-02  0.807E-02  0.191E-04    39
     10  0.18376E+01  0.186E-02  0.722E-02  0.144E-04    16
#    11  0.18331E+01  jk failed  0.987E-02  jk failed     4
&-----------------------------------------------------------
#beta =   2.00   kappa =   0.2530
#  Re(op_pbp_e)                                                    
#
#   -12  0.18382E+01  jk failed  0.846E-02  jk failed     2
#   -11  0.18252E+01  jk failed  0.458E-02  jk failed     2
#   -10  0.18350E+01  jk failed  0.794E-02  jk failed     6
     -9  0.18313E+01  0.230E-02  0.996E-02  0.287E-04    28
     -8  0.18251E+01  0.157E-02  0.988E-02  0.212E-04    47
     -7  0.18265E+01  0.116E-02  0.113E-01  0.205E-04    99
     -6  0.18226E+01  0.714E-03  0.985E-02  0.985E-05   193
     -5  0.18223E+01  0.686E-03  0.105E-01  0.775E-05   326
     -4  0.18212E+01  0.576E-03  0.104E-01  0.740E-05   489
     -3  0.18199E+01  0.388E-03  0.107E-01  0.579E-05   751
     -2  0.18195E+01  0.324E-03  0.105E-01  0.631E-05   960
     -1  0.18190E+01  0.249E-03  0.113E-01  0.533E-05  1139
      0  0.18191E+01  0.337E-03  0.112E-01  0.420E-05  1229
      1  0.18192E+01  0.306E-03  0.109E-01  0.448E-05  1245
      2  0.18190E+01  0.272E-03  0.109E-01  0.567E-05  1093
      3  0.18201E+01  0.365E-03  0.112E-01  0.592E-05   863
      4  0.18218E+01  0.353E-03  0.104E-01  0.701E-05   622
      5  0.18226E+01  0.505E-03  0.105E-01  0.801E-05   419
      6  0.18238E+01  0.724E-03  0.103E-01  0.126E-04   250
      7  0.18267E+01  0.108E-02  0.107E-01  0.145E-04   148
      8  0.18264E+01  0.131E-02  0.842E-02  0.162E-04    55
      9  0.18297E+01  0.168E-02  0.787E-02  0.217E-04    23
#    10  0.18322E+01  jk failed  0.789E-02  jk failed     6
#    11  0.18301E+01  jk failed  0.110E-01  jk failed     5
&-----------------------------------------------------------
#beta =   2.00   kappa =   0.2545
#  Re(op_pbp_e)                                                    
#
#   -13  0.18507E+01  jk failed  0.000E+00  jk failed     1
#   -12  0.18352E+01  jk failed  0.000E+00  jk failed     1
#   -11  0.18330E+01  jk failed  0.946E-02  jk failed     4
#   -10  0.18262E+01  jk failed  0.921E-02  jk failed     9
     -9  0.18195E+01  0.232E-02  0.869E-02  0.223E-04    15
     -8  0.18195E+01  0.209E-02  0.112E-01  0.384E-04    45
     -7  0.18208E+01  0.922E-03  0.103E-01  0.156E-04   100
     -6  0.18179E+01  0.684E-03  0.101E-01  0.885E-05   188
     -5  0.18159E+01  0.822E-03  0.116E-01  0.111E-04   353
     -4  0.18152E+01  0.697E-03  0.120E-01  0.852E-05   552
     -3  0.18136E+01  0.422E-03  0.116E-01  0.489E-05   795
     -2  0.18126E+01  0.307E-03  0.119E-01  0.843E-05   970
     -1  0.18116E+01  0.317E-03  0.121E-01  0.487E-05  1158
      0  0.18120E+01  0.384E-03  0.122E-01  0.568E-05  1211
      1  0.18128E+01  0.343E-03  0.116E-01  0.528E-05  1204
      2  0.18127E+01  0.350E-03  0.118E-01  0.664E-05  1091
      3  0.18138E+01  0.360E-03  0.115E-01  0.689E-05   885
      4  0.18137E+01  0.471E-03  0.119E-01  0.973E-05   575
      5  0.18162E+01  0.610E-03  0.117E-01  0.960E-05   396
      6  0.18174E+01  0.903E-03  0.114E-01  0.106E-04   224
      7  0.18208E+01  0.107E-02  0.108E-01  0.153E-04   124
      8  0.18210E+01  0.132E-02  0.104E-01  0.168E-04    51
      9  0.18279E+01  0.217E-02  0.927E-02  0.241E-04    27
     10  0.18300E+01  0.276E-02  0.827E-02  0.208E-04    10
#    11  0.18314E+01  jk failed  0.134E-01  jk failed     9
#    12  0.18272E+01  jk failed  0.124E-02  jk failed     2
&-----------------------------------------------------------
#beta =   2.00   kappa =   0.2560
#  Re(op_pbp_e)                                                    
#
#   -12  0.18276E+01  jk failed  0.290E-02  jk failed     2
#   -11  0.18195E+01  jk failed  0.112E-01  jk failed     6
#   -10  0.18108E+01  jk failed  0.266E-02  jk failed     2
     -9  0.18188E+01  0.272E-02  0.131E-01  0.523E-04    24
     -8  0.18170E+01  0.256E-02  0.118E-01  0.453E-04    35
     -7  0.18125E+01  0.107E-02  0.103E-01  0.117E-04   100
     -6  0.18103E+01  0.749E-03  0.119E-01  0.171E-04   172
     -5  0.18094E+01  0.816E-03  0.124E-01  0.134E-04   345
     -4  0.18082E+01  0.656E-03  0.129E-01  0.112E-04   496
     -3  0.18064E+01  0.532E-03  0.128E-01  0.977E-05   797
     -2  0.18054E+01  0.368E-03  0.135E-01  0.878E-05  1005
     -1  0.18041E+01  0.377E-03  0.132E-01  0.980E-05  1132
      0  0.18042E+01  0.352E-03  0.136E-01  0.788E-05  1264
      1  0.18055E+01  0.386E-03  0.128E-01  0.502E-05  1215
      2  0.18048E+01  0.506E-03  0.132E-01  0.717E-05  1092
      3  0.18059E+01  0.511E-03  0.126E-01  0.852E-05   846
      4  0.18075E+01  0.532E-03  0.127E-01  0.701E-05   604
      5  0.18090E+01  0.681E-03  0.123E-01  0.876E-05   391
      6  0.18112E+01  0.734E-03  0.116E-01  0.111E-04   243
      7  0.18125E+01  0.117E-02  0.118E-01  0.208E-04   118
      8  0.18174E+01  0.160E-02  0.102E-01  0.219E-04    67
      9  0.18175E+01  0.280E-02  0.111E-01  0.371E-04    26
     10  0.18222E+01  0.124E-02  0.431E-02  0.787E-05    13
#    11  0.18160E+01  jk failed  0.000E+00  jk failed     1
#    12  0.18211E+01  jk failed  0.819E-02  jk failed     3
#    13  0.18214E+01  jk failed  0.000E+00  jk failed     1
&-----------------------------------------------------------
#beta =   2.00   kappa =   0.2575
#  Re(op_pbp_e)                                                    
#
#   -12  0.18371E+01  jk failed  0.000E+00  jk failed     1
#   -11  0.18097E+01  jk failed  0.000E+00  jk failed     1
#   -10  0.18186E+01  jk failed  0.941E-02  jk failed     5
     -9  0.18137E+01  0.251E-02  0.123E-01  0.378E-04    25
     -8  0.18086E+01  0.210E-02  0.105E-01  0.339E-04    43
     -7  0.18063E+01  0.152E-02  0.131E-01  0.255E-04    91
     -6  0.18037E+01  0.107E-02  0.132E-01  0.153E-04   172
     -5  0.18015E+01  0.795E-03  0.140E-01  0.153E-04   322
     -4  0.17996E+01  0.506E-03  0.137E-01  0.117E-04   531
     -3  0.17988E+01  0.514E-03  0.143E-01  0.972E-05   747
     -2  0.17970E+01  0.339E-03  0.143E-01  0.109E-04  1033
     -1  0.17964E+01  0.432E-03  0.138E-01  0.727E-05  1180
      0  0.17959E+01  0.442E-03  0.147E-01  0.806E-05  1254
      1  0.17968E+01  0.420E-03  0.142E-01  0.762E-05  1257
      2  0.17964E+01  0.538E-03  0.139E-01  0.835E-05  1078
      3  0.17975E+01  0.474E-03  0.146E-01  0.835E-05   874
      4  0.18000E+01  0.572E-03  0.146E-01  0.127E-04   577
      5  0.18024E+01  0.697E-03  0.130E-01  0.108E-04   411
      6  0.18047E+01  0.738E-03  0.124E-01  0.138E-04   217
      7  0.18059E+01  0.121E-02  0.124E-01  0.183E-04   105
      8  0.18076E+01  0.211E-02  0.122E-01  0.339E-04    47
      9  0.18137E+01  0.237E-02  0.104E-01  0.298E-04    20
#    10  0.18133E+01  jk failed  0.783E-02  jk failed     8
#    11  0.18225E+01  jk failed  0.000E+00  jk failed     1
&-----------------------------------------------------------
#beta =   2.00   kappa =   0.2590
#  Re(op_pbp_e)                                                    
#
#   -11  0.18150E+01  jk failed  0.360E-02  jk failed     2
#   -10  0.18114E+01  jk failed  0.119E-01  jk failed     8
     -9  0.18061E+01  0.291E-02  0.117E-01  0.494E-04    17
     -8  0.18018E+01  0.245E-02  0.147E-01  0.448E-04    37
     -7  0.18007E+01  0.180E-02  0.158E-01  0.275E-04    76
     -6  0.17967E+01  0.903E-03  0.148E-01  0.247E-04   187
     -5  0.17947E+01  0.744E-03  0.141E-01  0.155E-04   314
     -4  0.17912E+01  0.579E-03  0.152E-01  0.192E-04   499
     -3  0.17904E+01  0.516E-03  0.157E-01  0.134E-04   763
     -2  0.17885E+01  0.412E-03  0.156E-01  0.129E-04  1023
     -1  0.17882E+01  0.420E-03  0.156E-01  0.107E-04  1208
      0  0.17881E+01  0.346E-03  0.164E-01  0.133E-04  1331
      1  0.17877E+01  0.430E-03  0.155E-01  0.859E-05  1234
      2  0.17884E+01  0.481E-03  0.162E-01  0.129E-04  1056
      3  0.17908E+01  0.525E-03  0.161E-01  0.111E-04   899
      4  0.17933E+01  0.606E-03  0.156E-01  0.129E-04   582
      5  0.17943E+01  0.572E-03  0.148E-01  0.141E-04   366
      6  0.17963E+01  0.979E-03  0.139E-01  0.189E-04   197
      7  0.17970E+01  0.144E-02  0.161E-01  0.321E-04   130
      8  0.18009E+01  0.259E-02  0.133E-01  0.335E-04    40
      9  0.18033E+01  0.425E-02  0.185E-01  0.913E-04    20
     10  0.18077E+01  0.395E-02  0.118E-01  0.839E-04    10
#    13  0.18349E+01  jk failed  0.000E+00  jk failed     1
&-----------------------------------------------------------
#beta =   2.00   kappa =   0.2605
#  Re(op_pbp_e)                                                    
#
#   -11  0.18454E+01  jk failed  0.000E+00  jk failed     1
#   -10  0.18079E+01  jk failed  0.103E-01  jk failed     5
     -9  0.18055E+01  0.576E-02  0.199E-01  0.232E-03    13
     -8  0.17903E+01  0.271E-02  0.150E-01  0.622E-04    37
     -7  0.17915E+01  0.134E-02  0.164E-01  0.510E-04    88
     -6  0.17896E+01  0.137E-02  0.156E-01  0.220E-04   185
     -5  0.17837E+01  0.912E-03  0.168E-01  0.323E-04   277
     -4  0.17840E+01  0.791E-03  0.173E-01  0.168E-04   520
     -3  0.17825E+01  0.535E-03  0.179E-01  0.171E-04   829
     -2  0.17788E+01  0.575E-03  0.179E-01  0.167E-04  1040
     -1  0.17788E+01  0.574E-03  0.178E-01  0.119E-04  1179
      0  0.17796E+01  0.582E-03  0.174E-01  0.111E-04  1377
      1  0.17789E+01  0.500E-03  0.177E-01  0.119E-04  1291
      2  0.17790E+01  0.576E-03  0.182E-01  0.137E-04  1038
      3  0.17812E+01  0.691E-03  0.164E-01  0.140E-04   796
      4  0.17826E+01  0.605E-03  0.166E-01  0.169E-04   598
      5  0.17864E+01  0.759E-03  0.160E-01  0.159E-04   335
      6  0.17875E+01  0.927E-03  0.161E-01  0.221E-04   221
      7  0.17899E+01  0.147E-02  0.153E-01  0.318E-04    98
      8  0.17965E+01  0.261E-02  0.151E-01  0.484E-04    41
      9  0.17977E+01  0.282E-02  0.112E-01  0.339E-04    25
#    10  0.18026E+01  jk failed  0.551E-02  jk failed     5
#    12  0.18228E+01  jk failed  0.000E+00  jk failed     1
&-----------------------------------------------------------
#beta =   2.00   kappa =   0.2620
#  Re(op_pbp_e)                                                    
#
#   -12  0.18088E+01  jk failed  0.000E+00  jk failed     1
#   -10  0.17964E+01  jk failed  0.210E-02  jk failed     3
     -9  0.17900E+01  0.554E-02  0.222E-01  0.140E-03    17
     -8  0.17885E+01  0.386E-02  0.179E-01  0.955E-04    26
     -7  0.17861E+01  0.234E-02  0.161E-01  0.431E-04    63
     -6  0.17800E+01  0.137E-02  0.167E-01  0.287E-04   147
     -5  0.17749E+01  0.136E-02  0.199E-01  0.325E-04   298
     -4  0.17744E+01  0.839E-03  0.188E-01  0.242E-04   527
     -3  0.17705E+01  0.744E-03  0.194E-01  0.212E-04   746
     -2  0.17689E+01  0.615E-03  0.201E-01  0.194E-04  1066
     -1  0.17686E+01  0.524E-03  0.201E-01  0.194E-04  1309
      0  0.17678E+01  0.614E-03  0.198E-01  0.155E-04  1375
      1  0.17679E+01  0.429E-03  0.196E-01  0.203E-04  1311
      2  0.17693E+01  0.603E-03  0.196E-01  0.146E-04  1098
      3  0.17711E+01  0.781E-03  0.197E-01  0.199E-04   832
      4  0.17740E+01  0.855E-03  0.193E-01  0.188E-04   560
      5  0.17786E+01  0.101E-02  0.186E-01  0.301E-04   319
      6  0.17812E+01  0.182E-02  0.199E-01  0.434E-04   180
      7  0.17839E+01  0.184E-02  0.164E-01  0.485E-04    68
      8  0.17905E+01  0.326E-02  0.149E-01  0.749E-04    35
      9  0.17867E+01  0.546E-02  0.181E-01  0.163E-03    12
#    10  0.18082E+01  jk failed  0.108E-01  jk failed     5
#    13  0.18301E+01  jk failed  0.000E+00  jk failed     1
#    15  0.18160E+01  jk failed  0.000E+00  jk failed     1
&-----------------------------------------------------------
#beta =   2.00   kappa =   0.2625
#  Re(op_pbp_e)                                                    
#
#   -12  0.18068E+01  jk failed  0.280E-01  jk failed     2
#   -11  0.18415E+01  jk failed  0.000E+00  jk failed     1
#   -10  0.18086E+01  jk failed  0.141E-01  jk failed     6
#    -9  0.17857E+01  jk failed  0.126E-01  jk failed     7
     -8  0.17845E+01  0.466E-02  0.224E-01  0.124E-03    26
     -7  0.17796E+01  0.214E-02  0.180E-01  0.423E-04    70
     -6  0.17765E+01  0.142E-02  0.186E-01  0.304E-04   163
     -5  0.17737E+01  0.969E-03  0.193E-01  0.300E-04   281
     -4  0.17695E+01  0.100E-02  0.220E-01  0.294E-04   486
     -3  0.17652E+01  0.820E-03  0.201E-01  0.160E-04   746
     -2  0.17665E+01  0.627E-03  0.205E-01  0.221E-04  1094
     -1  0.17649E+01  0.515E-03  0.202E-01  0.202E-04  1329
      0  0.17638E+01  0.537E-03  0.206E-01  0.170E-04  1346
      1  0.17649E+01  0.486E-03  0.211E-01  0.214E-04  1308
      2  0.17656E+01  0.595E-03  0.206E-01  0.226E-04  1081
      3  0.17686E+01  0.609E-03  0.203E-01  0.151E-04   824
      4  0.17699E+01  0.737E-03  0.197E-01  0.255E-04   593
      5  0.17743E+01  0.106E-02  0.186E-01  0.302E-04   333
      6  0.17802E+01  0.182E-02  0.185E-01  0.267E-04   171
      7  0.17841E+01  0.287E-02  0.198E-01  0.790E-04    69
      8  0.17876E+01  0.289E-02  0.157E-01  0.546E-04    38
      9  0.17927E+01  0.529E-02  0.205E-01  0.790E-04    16
#    10  0.17914E+01  jk failed  0.160E-01  jk failed     6
#    11  0.18091E+01  jk failed  0.153E-01  jk failed     4
&-----------------------------------------------------------
#beta =   2.00   kappa =   0.2639
#  Re(op_pbp_e)                                                    
#
#   -10  0.17878E+01  jk failed  0.176E-02  jk failed     2
#    -9  0.17788E+01  jk failed  0.184E-01  jk failed     7
     -8  0.17820E+01  0.436E-02  0.202E-01  0.112E-03    31
     -7  0.17773E+01  0.325E-02  0.192E-01  0.626E-04    46
     -6  0.17666E+01  0.175E-02  0.217E-01  0.545E-04   128
     -5  0.17649E+01  0.139E-02  0.223E-01  0.517E-04   247
     -4  0.17606E+01  0.977E-03  0.229E-01  0.401E-04   465
     -3  0.17568E+01  0.761E-03  0.220E-01  0.201E-04   754
     -2  0.17543E+01  0.437E-03  0.230E-01  0.239E-04  1066
     -1  0.17543E+01  0.616E-03  0.236E-01  0.213E-04  1333
      0  0.17524E+01  0.653E-03  0.241E-01  0.277E-04  1384
      1  0.17543E+01  0.725E-03  0.239E-01  0.269E-04  1420
      2  0.17559E+01  0.640E-03  0.233E-01  0.225E-04  1147
      3  0.17569E+01  0.892E-03  0.224E-01  0.252E-04   864
      4  0.17601E+01  0.811E-03  0.232E-01  0.316E-04   550
      5  0.17641E+01  0.143E-02  0.223E-01  0.381E-04   289
      6  0.17689E+01  0.185E-02  0.206E-01  0.443E-04   141
      7  0.17779E+01  0.257E-02  0.216E-01  0.822E-04    84
      8  0.17867E+01  0.371E-02  0.178E-01  0.958E-04    24
      9  0.17963E+01  0.621E-02  0.232E-01  0.195E-03    15
#    10  0.17862E+01  jk failed  0.000E+00  jk failed     1
#    11  0.18082E+01  jk failed  0.000E+00  jk failed     1
#    15  0.18424E+01  jk failed  0.000E+00  jk failed     1
&-----------------------------------------------------------
#beta =   2.00   kappa =   0.2653
#  Re(op_pbp_e)                                                    
#
#   -10  0.17859E+01  jk failed  0.252E-01  jk failed     4
#    -9  0.17950E+01  jk failed  0.104E-01  jk failed     4
     -8  0.17773E+01  0.542E-02  0.223E-01  0.188E-03    18
     -7  0.17658E+01  0.351E-02  0.221E-01  0.119E-03    51
     -6  0.17580E+01  0.228E-02  0.239E-01  0.729E-04   128
     -5  0.17570E+01  0.155E-02  0.242E-01  0.485E-04   247
     -4  0.17483E+01  0.115E-02  0.284E-01  0.546E-04   472
     -3  0.17459E+01  0.774E-03  0.267E-01  0.369E-04   787
     -2  0.17413E+01  0.629E-03  0.258E-01  0.308E-04  1063
     -1  0.17410E+01  0.665E-03  0.262E-01  0.219E-04  1385
      0  0.17403E+01  0.617E-03  0.265E-01  0.320E-04  1500
      1  0.17418E+01  0.739E-03  0.260E-01  0.213E-04  1346
      2  0.17428E+01  0.717E-03  0.260E-01  0.287E-04  1177
      3  0.17451E+01  0.778E-03  0.244E-01  0.339E-04   786
      4  0.17475E+01  0.122E-02  0.252E-01  0.404E-04   483
      5  0.17531E+01  0.135E-02  0.245E-01  0.422E-04   288
      6  0.17588E+01  0.169E-02  0.252E-01  0.780E-04   151
      7  0.17674E+01  0.235E-02  0.206E-01  0.861E-04    69
      8  0.17758E+01  0.519E-02  0.233E-01  0.139E-03    29
#     9  0.17818E+01  jk failed  0.185E-01  jk failed     9
#    10  0.17771E+01  jk failed  0.000E+00  jk failed     1
#    11  0.17717E+01  jk failed  0.000E+00  jk failed     1
#    13  0.18479E+01  jk failed  0.000E+00  jk failed     1
&-----------------------------------------------------------
#beta =   2.00   kappa =   0.2667
#  Re(op_pbp_e)                                                    
#
#    -9  0.17852E+01  jk failed  0.232E-01  jk failed     3
     -8  0.17556E+01  0.791E-02  0.262E-01  0.361E-03    12
     -7  0.17662E+01  0.607E-02  0.286E-01  0.289E-03    39
     -6  0.17502E+01  0.267E-02  0.308E-01  0.118E-03   108
     -5  0.17382E+01  0.191E-02  0.281E-01  0.558E-04   205
     -4  0.17356E+01  0.136E-02  0.287E-01  0.569E-04   411
     -3  0.17322E+01  0.872E-03  0.284E-01  0.375E-04   740
     -2  0.17274E+01  0.944E-03  0.292E-01  0.461E-04  1037
     -1  0.17243E+01  0.746E-03  0.309E-01  0.339E-04  1368
      0  0.17244E+01  0.787E-03  0.308E-01  0.339E-04  1575
      1  0.17263E+01  0.757E-03  0.302E-01  0.269E-04  1493
      2  0.17280E+01  0.943E-03  0.302E-01  0.379E-04  1213
      3  0.17314E+01  0.805E-03  0.292E-01  0.442E-04   802
      4  0.17376E+01  0.124E-02  0.277E-01  0.349E-04   528
      5  0.17432E+01  0.164E-02  0.279E-01  0.766E-04   274
      6  0.17507E+01  0.248E-02  0.292E-01  0.108E-03   123
      7  0.17552E+01  0.488E-02  0.276E-01  0.137E-03    47
      8  0.17719E+01  0.492E-02  0.170E-01  0.919E-04    13
#     9  0.17763E+01  jk failed  0.384E-01  jk failed     6
#    10  0.17484E+01  jk failed  0.000E+00  jk failed     1
#    12  0.17643E+01  jk failed  0.292E-01  jk failed     2
&-----------------------------------------------------------
#beta =   2.00   kappa =   0.2681
#  Re(op_pbp_e)                                                    
#
#   -11  0.17516E+01  jk failed  0.000E+00  jk failed     1
#    -9  0.17745E+01  jk failed  0.182E-01  jk failed     2
     -8  0.17410E+01  0.765E-02  0.254E-01  0.344E-03    12
     -7  0.17530E+01  0.710E-02  0.305E-01  0.299E-03    30
     -6  0.17425E+01  0.377E-02  0.358E-01  0.195E-03   104
     -5  0.17275E+01  0.296E-02  0.336E-01  0.125E-03   197
     -4  0.17222E+01  0.207E-02  0.317E-01  0.883E-04   396
     -3  0.17177E+01  0.129E-02  0.328E-01  0.689E-04   738
     -2  0.17100E+01  0.121E-02  0.357E-01  0.573E-04  1093
     -1  0.17065E+01  0.798E-03  0.360E-01  0.650E-04  1460
      0  0.17077E+01  0.126E-02  0.352E-01  0.592E-04  1641
      1  0.17076E+01  0.863E-03  0.349E-01  0.478E-04  1519
      2  0.17117E+01  0.836E-03  0.345E-01  0.459E-04  1211
      3  0.17177E+01  0.121E-02  0.332E-01  0.497E-04   806
      4  0.17185E+01  0.123E-02  0.344E-01  0.694E-04   441
      5  0.17284E+01  0.222E-02  0.319E-01  0.987E-04   198
      6  0.17446E+01  0.301E-02  0.292E-01  0.120E-03    97
      7  0.17419E+01  0.439E-02  0.271E-01  0.175E-03    40
      8  0.17646E+01  0.697E-02  0.231E-01  0.154E-03    12
#     9  0.17246E+01  jk failed  0.000E+00  jk failed     1
#    11  0.17597E+01  jk failed  0.000E+00  jk failed     1
&-----------------------------------------------------------
#beta =   2.00   kappa =   0.2694
#  Re(op_pbp_e)                                                    
#
#    -9  0.17655E+01  jk failed  0.219E-01  jk failed     2
     -8  0.17493E+01  0.792E-02  0.286E-01  0.218E-03    14
     -7  0.17242E+01  0.810E-02  0.371E-01  0.332E-03    22
     -6  0.17213E+01  0.466E-02  0.344E-01  0.256E-03    63
     -5  0.17107E+01  0.216E-02  0.360E-01  0.136E-03   188
     -4  0.17048E+01  0.247E-02  0.365E-01  0.938E-04   367
     -3  0.16986E+01  0.166E-02  0.369E-01  0.879E-04   707
     -2  0.16914E+01  0.949E-03  0.388E-01  0.568E-04  1123
     -1  0.16873E+01  0.908E-03  0.407E-01  0.606E-04  1540
      0  0.16882E+01  0.116E-02  0.400E-01  0.509E-04  1753
      1  0.16869E+01  0.934E-03  0.409E-01  0.616E-04  1579
      2  0.16940E+01  0.112E-02  0.390E-01  0.649E-04  1118
      3  0.16963E+01  0.142E-02  0.372E-01  0.779E-04   800
      4  0.17058E+01  0.194E-02  0.365E-01  0.853E-04   407
      5  0.17157E+01  0.364E-02  0.390E-01  0.228E-03   192
      6  0.17299E+01  0.450E-02  0.375E-01  0.288E-03    83
      7  0.17342E+01  0.720E-02  0.318E-01  0.399E-03    32
#     8  0.17192E+01  jk failed  0.281E-01  jk failed     6
#     9  0.17277E+01  jk failed  0.155E-02  jk failed     2
#    10  0.17041E+01  jk failed  0.000E+00  jk failed     1
#    11  0.17929E+01  jk failed  0.000E+00  jk failed     1
&-----------------------------------------------------------
#beta =   2.00   kappa =   0.2708
#  Re(op_pbp_e)                                                    
#
#   -10  0.17734E+01  jk failed  0.000E+00  jk failed     1
#    -8  0.17268E+01  jk failed  0.259E-01  jk failed     5
     -7  0.17107E+01  0.755E-02  0.302E-01  0.289E-03    17
     -6  0.17108E+01  0.513E-02  0.402E-01  0.234E-03    64
     -5  0.16965E+01  0.418E-02  0.390E-01  0.181E-03   135
     -4  0.16864E+01  0.229E-02  0.403E-01  0.126E-03   342
     -3  0.16747E+01  0.161E-02  0.435E-01  0.113E-03   672
     -2  0.16678E+01  0.128E-02  0.444E-01  0.791E-04  1117
     -1  0.16636E+01  0.138E-02  0.443E-01  0.663E-04  1618
      0  0.16613E+01  0.125E-02  0.452E-01  0.839E-04  1819
      1  0.16616E+01  0.138E-02  0.470E-01  0.880E-04  1668
      2  0.16693E+01  0.868E-03  0.432E-01  0.708E-04  1197
      3  0.16749E+01  0.160E-02  0.421E-01  0.845E-04   739
      4  0.16900E+01  0.182E-02  0.418E-01  0.110E-03   371
      5  0.16981E+01  0.298E-02  0.415E-01  0.172E-03   155
      6  0.17154E+01  0.582E-02  0.368E-01  0.290E-03    63
      7  0.17415E+01  0.991E-02  0.357E-01  0.597E-03    14
#     8  0.17711E+01  jk failed  0.747E-02  jk failed     3
&-----------------------------------------------------------
#beta =   2.00   kappa =   0.2722
#  Re(op_pbp_e)                                                    
#
#    -9  0.17105E+01  jk failed  0.000E+00  jk failed     1
#    -8  0.16980E+01  jk failed  0.162E-01  jk failed     2
     -7  0.16896E+01  0.117E-01  0.421E-01  0.561E-03    14
     -6  0.17017E+01  0.938E-02  0.451E-01  0.654E-03    41
     -5  0.16837E+01  0.447E-02  0.488E-01  0.330E-03   111
     -4  0.16595E+01  0.273E-02  0.417E-01  0.181E-03   250
     -3  0.16463E+01  0.192E-02  0.466E-01  0.125E-03   594
     -2  0.16354E+01  0.147E-02  0.494E-01  0.105E-03  1183
     -1  0.16316E+01  0.104E-02  0.495E-01  0.970E-04  1686
      0  0.16282E+01  0.142E-02  0.507E-01  0.999E-04  1982
      1  0.16306E+01  0.119E-02  0.504E-01  0.966E-04  1770
      2  0.16363E+01  0.160E-02  0.480E-01  0.101E-03  1235
      3  0.16498E+01  0.171E-02  0.472E-01  0.111E-03   699
      4  0.16619E+01  0.267E-02  0.456E-01  0.178E-03   266
      5  0.16694E+01  0.392E-02  0.423E-01  0.221E-03   116
      6  0.16889E+01  0.102E-01  0.477E-01  0.719E-03    35
      7  0.16854E+01  0.165E-01  0.494E-01  0.110E-02    10
#     8  0.17319E+01  jk failed  0.212E-01  jk failed     3
#     9  0.17057E+01  jk failed  0.000E+00  jk failed     1
#    11  0.17074E+01  jk failed  0.000E+00  jk failed     1
&-----------------------------------------------------------
#beta =   2.00   kappa =   0.2736
#  Re(op_pbp_e)                                                    
#
#    -8  0.16974E+01  jk failed  0.202E-01  jk failed     3
#    -7  0.16897E+01  jk failed  0.353E-01  jk failed     5
     -6  0.16539E+01  0.804E-02  0.402E-01  0.507E-03    35
     -5  0.16448E+01  0.576E-02  0.498E-01  0.309E-03    74
     -4  0.16222E+01  0.352E-02  0.496E-01  0.234E-03   229
     -3  0.16162E+01  0.247E-02  0.495E-01  0.136E-03   573
     -2  0.16035E+01  0.179E-02  0.507E-01  0.131E-03  1162
     -1  0.15914E+01  0.129E-02  0.534E-01  0.104E-03  1833
      0  0.15877E+01  0.135E-02  0.550E-01  0.105E-03  2084
      1  0.15933E+01  0.989E-03  0.539E-01  0.109E-03  1816
      2  0.16050E+01  0.161E-02  0.539E-01  0.113E-03  1173
      3  0.16147E+01  0.231E-02  0.498E-01  0.121E-03   648
      4  0.16254E+01  0.282E-02  0.461E-01  0.146E-03   232
      5  0.16427E+01  0.527E-02  0.445E-01  0.301E-03    95
      6  0.16727E+01  0.113E-01  0.469E-01  0.884E-03    31
#     7  0.16658E+01  jk failed  0.336E-01  jk failed     6
#     8  0.16706E+01  jk failed  0.000E+00  jk failed     1
&-----------------------------------------------------------
#beta =   2.00   kappa =   0.2750
#  Re(op_pbp_e)                                                    
#
#    -7  0.16487E+01  jk failed  0.591E-02  jk failed     2
     -6  0.16428E+01  0.197E-01  0.622E-01  0.233E-02    11
     -5  0.16184E+01  0.537E-02  0.447E-01  0.356E-03    63
     -4  0.15949E+01  0.453E-02  0.516E-01  0.306E-03   163
     -3  0.15773E+01  0.303E-02  0.529E-01  0.160E-03   497
     -2  0.15684E+01  0.206E-02  0.544E-01  0.104E-03  1076
     -1  0.15500E+01  0.180E-02  0.572E-01  0.135E-03  1911
      0  0.15428E+01  0.116E-02  0.594E-01  0.124E-03  2340
      1  0.15488E+01  0.147E-02  0.586E-01  0.133E-03  1986
      2  0.15667E+01  0.167E-02  0.558E-01  0.132E-03  1187
      3  0.15819E+01  0.359E-02  0.516E-01  0.220E-03   511
      4  0.15996E+01  0.370E-02  0.541E-01  0.386E-03   171
      5  0.16130E+01  0.963E-02  0.532E-01  0.596E-03    63
      6  0.16306E+01  0.129E-01  0.545E-01  0.702E-03    19
&-----------------------------------------------------------
#beta =   2.00   kappa =   0.2780
#  Re(op_pbp_e)                                                    
#
#    -6  0.15238E+01  jk failed  0.207E-01  jk failed     3
     -5  0.15351E+01  0.137E-01  0.511E-01  0.953E-03    15
     -4  0.15193E+01  0.785E-02  0.618E-01  0.621E-03    76
     -3  0.14847E+01  0.404E-02  0.529E-01  0.294E-03   276
     -2  0.14671E+01  0.215E-02  0.595E-01  0.199E-03   897
     -1  0.14446E+01  0.235E-02  0.601E-01  0.184E-03  2112
      0  0.14308E+01  0.274E-02  0.612E-01  0.228E-03  3123
      1  0.14446E+01  0.235E-02  0.587E-01  0.208E-03  2204
      2  0.14655E+01  0.163E-02  0.561E-01  0.210E-03   907
      3  0.14881E+01  0.250E-02  0.554E-01  0.303E-03   304
      4  0.15123E+01  0.562E-02  0.534E-01  0.539E-03    68
      5  0.15398E+01  0.127E-01  0.477E-01  0.755E-03    15
&-----------------------------------------------------------
