# pion mass (\sigma_1)
"*"
   12  64  4.00  0.2100  0.9658280927042823E+00  0.8547125218827371E-03  10000
   12  64  4.00  0.2150  0.8904172400014848E+00  0.5885879328402753E-03  10000
   12  64  4.00  0.2200  0.8147631466524002E+00  0.5944252938209018E-03  10000
   12  64  4.00  0.2231  0.7684752580621740E+00  0.6099544081918184E-03  10000
   12  64  4.00  0.2250  0.7408894907717389E+00  0.4634317042313157E-03  10000
   12  64  4.00  0.2262  0.7222195809605946E+00  0.7563340538993465E-03  10000
   12  64  4.00  0.2293  0.6765616527259330E+00  0.5628972252105123E-03  10000
   12  64  4.00  0.2300  0.6660315506125744E+00  0.5170134337685456E-03  10000
   12  64  4.00  0.2324  0.6306170292828048E+00  0.7070543195412994E-03  10000
   12  64  4.00  0.2350  0.5907139609867805E+00  0.7381803950281932E-03  10000
   12  64  4.00  0.2356  0.5821868356731041E+00  0.6372027607230563E-03  10000
   12  64  4.00  0.2387  0.5393894913747048E+00  0.7673094024190101E-03  10000
   12  64  4.00  0.2400  0.5195679932757725E+00  0.1444922596909444E-02  10000
   12  64  4.00  0.2418  0.4936590013905787E+00  0.1158378247329130E-02  10000
   12  64  4.00  0.2449  0.4491821193781058E+00  0.7558120236055962E-03  10000
   12  64  4.00  0.2480  0.4058045331684317E+00  0.1205878717730348E-02  10000
   12  64  4.00  0.2500  0.3797371501702871E+00  0.1097024354018075E-02  10000
   12  64  4.00  0.2515  0.3591013852093006E+00  0.1187814628276934E-02  10000
   12  64  4.00  0.2530  0.3401393652170492E+00  0.9292614974812073E-03  10000
   12  64  4.00  0.2545  0.3240307375336845E+00  0.3188655144536675E-02  10000
   12  64  4.00  0.2560  0.3072408102921756E+00  0.1838725612796982E-02  10000
   12  64  4.00  0.2575  0.2937787492601704E+00  0.7654582491174394E-02  10000
   12  64  4.00  0.2590  0.2729293109646377E+00  0.1767457794628402E-01  10000
   12  64  4.00  0.2605  0.2901352224192280E+00  0.1148916359858999E-01  10000
   12  64  4.00  0.2620  0.3139357405095387E+00  0.4857801277634494E-01  10000
   12  64  4.00  0.2625  0.2476124537905295E+00  0.1513734879820861E+00  10000
   12  64  4.00  0.2630  0.2735678605744705E+00  0.1033650002782770E+00  10000
   12  64  4.00  0.2635  0.2386991806257868E+00  0.6497839776182472E+02  10000


# pseudoscalar mass (\sigma_3)
"*"
   12  64  4.00  0.2100  0.9660768514543419E+00  0.1192607718960180E-02  10000
   12  64  4.00  0.2150  0.8905652084137932E+00  0.6837454853921931E-03  10000
   12  64  4.00  0.2200  0.8149055356852669E+00  0.6148805752270955E-03  10000
   12  64  4.00  0.2231  0.7685764411332960E+00  0.6069482184673859E-03  10000
   12  64  4.00  0.2250  0.7409508615439371E+00  0.4491323872969323E-03  10000
   12  64  4.00  0.2262  0.7223330694944425E+00  0.7219980052832537E-03  10000
   12  64  4.00  0.2293  0.6767764462696736E+00  0.5188101124351057E-03  10000
   12  64  4.00  0.2300  0.6661573127808603E+00  0.5256959089075954E-03  10000
   12  64  4.00  0.2324  0.6307349005866904E+00  0.6908956111016169E-03  10000
   12  64  4.00  0.2350  0.5907409509407748E+00  0.7641112985969227E-03  10000
   12  64  4.00  0.2356  0.5822784064985610E+00  0.6151230906084710E-03  10000
   12  64  4.00  0.2387  0.5393951682763781E+00  0.7429886247653884E-03  10000
   12  64  4.00  0.2400  0.5196678159144347E+00  0.1261786862835421E-02  10000
   12  64  4.00  0.2418  0.4937138074791246E+00  0.1142152455702337E-02  10000
   12  64  4.00  0.2449  0.4492067483829393E+00  0.7457957138735966E-03  10000
   12  64  4.00  0.2480  0.4059407319876651E+00  0.1114459243952866E-02  10000
   12  64  4.00  0.2500  0.3795072326037237E+00  0.8358133514870642E-03  10000
   12  64  4.00  0.2515  0.3590818107443889E+00  0.1304599946743088E-02  10000
   12  64  4.00  0.2530  0.3399127449669386E+00  0.1112627355130632E-02  10000
   12  64  4.00  0.2545  0.3238335516900477E+00  0.2900989603388059E-02  10000
   12  64  4.00  0.2560  0.3071610342524352E+00  0.1560757031246432E-02  10000
   12  64  4.00  0.2575  0.2907577773862808E+00  0.3942364777201421E-02  10000
   12  64  4.00  0.2590  0.2840448820887850E+00  0.2613359755280963E-02  10000
   12  64  4.00  0.2605  0.2917126372472943E+00  0.7375135129735814E-02  10000
   12  64  4.00  0.2620  0.2908651998898012E+00  0.3298225064262033E-02  10000
   12  64  4.00  0.2625  0.2908670279076302E+00  0.4636401702385833E-02  10000
   12  64  4.00  0.2630  0.2914949941892703E+00  0.1097847362254231E-01  10000
   12  64  4.00  0.2635  0.2934089422734153E+00  0.1318118409288648E-01  10000


# eta mass (\sigma_1)
"*"
   12  64  4.00  0.2100                     NaN                     NaN  10000
   12  64  4.00  0.2150                     NaN                     NaN  10000
   12  64  4.00  0.2200                     NaN                     NaN  10000
   12  64  4.00  0.2231  0.8275116509982012E+00  0.6751373987771257E+02  10000
   12  64  4.00  0.2250                     NaN                     NaN  10000
   12  64  4.00  0.2262                     NaN                     NaN  10000
   12  64  4.00  0.2293  0.7404474277882668E+00  0.8932385238794434E+02  10000
   12  64  4.00  0.2300  0.7150097481806413E+00  0.6243712293080970E+02  10000
   12  64  4.00  0.2324  0.7527144601661677E+00  0.3405623057374440E+00  10000
   12  64  4.00  0.2350  0.6375617291040820E+00  0.8751304501687243E+02  10000
   12  64  4.00  0.2356  0.6350098659287122E+00  0.4052225787237131E+02  10000
   12  64  4.00  0.2387  0.6029022229489708E+00  0.5556376319533220E+02  10000
   12  64  4.00  0.2400  0.5720740055582135E+00  0.6365650402010500E+02  10000
   12  64  4.00  0.2418  0.5543610961088119E+00  0.9031784871866846E+02  10000
   12  64  4.00  0.2449  0.8742162509575330E-01  0.1657691049367249E+03  10000
   12  64  4.00  0.2480  0.4800150416947659E+00  0.5553850721899386E+02  10000
   12  64  4.00  0.2500  0.4614389959627137E+00  0.4511924725050527E+02  10000
   12  64  4.00  0.2515  0.4267785177549343E+00  0.7139653311978999E+02  10000
   12  64  4.00  0.2530  0.4237326168074297E+00  0.3020633277717240E+00  10000
   12  64  4.00  0.2545  0.4178533245025641E+00  0.5613653413514407E+02  10000
   12  64  4.00  0.2560  0.4044708942225272E+00  0.5535256255842080E+02  10000
   12  64  4.00  0.2575  0.3929594853750319E+00  0.4479302175082235E+02  10000
   12  64  4.00  0.2590  0.3758244415373191E+00  0.7720124810843093E+02  10000
   12  64  4.00  0.2605 -0.1552093045404543E+02  0.1548968770287491E+03  10000
   12  64  4.00  0.2620                     NaN                     NaN  10000
   12  64  4.00  0.2625 -0.5989335060066445E-01  0.6096375791841351E+02  10000
   12  64  4.00  0.2630 -0.1150090034431190E+00  0.1461975663206900E+03  10000
   12  64  4.00  0.2635  0.1842816535292907E+00  0.1503294790357834E+03  10000

