# pion mass (\sigma_1)
"*"
   12  64  4.00  0.2100  0.9658280927042823E+00  0.8547125218827371E-03  10000
   12  64  4.00  0.2150  0.8904172400014848E+00  0.5885879328402753E-03  10000
   12  64  4.00  0.2200  0.8147631466524002E+00  0.5944252938209018E-03  10000
   12  64  4.00  0.2231  0.7685029136306771E+00  0.5964535749501295E-03  10000
   12  64  4.00  0.2250  0.7409508335636451E+00  0.4326972727770933E-03  10000
   12  64  4.00  0.2262  0.7223439596579482E+00  0.7191977950077105E-03  10000
   12  64  4.00  0.2293  0.6767585688093449E+00  0.5198976581395520E-03  10000
   12  64  4.00  0.2300  0.6660652668008823E+00  0.5139379289204805E-03  10000
   12  64  4.00  0.2324  0.6306376822411102E+00  0.6104238955474342E-03  10000
   12  64  4.00  0.2350  0.5908987820902537E+00  0.6734458273181357E-03  10000
   12  64  4.00  0.2356  0.5822496489434218E+00  0.6132538230440908E-03  10000
   12  64  4.00  0.2387  0.5394802665140065E+00  0.7406844403526208E-03  10000
   12  64  4.00  0.2400  0.5202557999798599E+00  0.8515814035569105E-03  10000
   12  64  4.00  0.2418  0.4934709121278964E+00  0.7017105808635457E-03  10000
   12  64  4.00  0.2449  0.4493138968814160E+00  0.7276581196002030E-03  10000
   12  64  4.00  0.2480  0.4059507853629944E+00  0.1015985639179630E-02  10000
   12  64  4.00  0.2500  0.3798686963001415E+00  0.9554882441898595E-03  10000
   12  64  4.00  0.2515  0.3592156119406826E+00  0.1113551866645349E-02  10000
   12  64  4.00  0.2530  0.3401393652170492E+00  0.9292614974812073E-03  10000
   12  64  4.00  0.2545  0.3235802356650303E+00  0.1574441536500638E-02  10000
   12  64  4.00  0.2560  0.3072262376522948E+00  0.1735234978900347E-02  10000
   12  64  4.00  0.2575  0.2909672295295105E+00  0.2562136839257035E-02  10000
   12  64  4.00  0.2590  0.2835630221458535E+00  0.4308145696847067E-02  10000
   12  64  4.00  0.2605  0.2874526112650764E+00  0.1127212803879863E-01  10000
   12  64  4.00  0.2620  0.3186999432043224E+00  0.3364638954689799E-01  10000
   12  64  4.00  0.2625  0.2711020945288753E+00  0.5520252454257671E-01  10000
   12  64  4.00  0.2630  0.2755393268780688E+00  0.7490125620174151E-01  10000
   12  64  4.00  0.2635  0.2455225925830564E+00  0.1843606294561876E+00  10000


# pseudoscalar mass (\sigma_3)
"*"
   12  64  4.00  0.2100  0.9664722455533202E+00  0.1134804428847874E-02  10000
   12  64  4.00  0.2150  0.8905652084137932E+00  0.6837454853921931E-03  10000
   12  64  4.00  0.2200  0.8149055356852669E+00  0.6148805752270955E-03  10000
   12  64  4.00  0.2231  0.7686384224292990E+00  0.6003570804690568E-03  10000
   12  64  4.00  0.2250  0.7409793044341781E+00  0.4170036596880662E-03  10000
   12  64  4.00  0.2262  0.7223864419575209E+00  0.6952929371760395E-03  10000
   12  64  4.00  0.2293  0.6768472771119796E+00  0.4889606232403953E-03  10000
   12  64  4.00  0.2300  0.6661759887179537E+00  0.5130430477884874E-03  10000
   12  64  4.00  0.2324  0.6307035336037670E+00  0.5990127296581761E-03  10000
   12  64  4.00  0.2350  0.5909354472797730E+00  0.6954277868697437E-03  10000
   12  64  4.00  0.2356  0.5823146662814308E+00  0.6122747339259589E-03  10000
   12  64  4.00  0.2387  0.5395057902493273E+00  0.7201803094592043E-03  10000
   12  64  4.00  0.2400  0.5201473300057315E+00  0.8174139878356567E-03  10000
   12  64  4.00  0.2418  0.4935590923342085E+00  0.6533403762589375E-03  10000
   12  64  4.00  0.2449  0.4493181361705682E+00  0.7228506756437116E-03  10000
   12  64  4.00  0.2480  0.4061207275920172E+00  0.9204652141561995E-03  10000
   12  64  4.00  0.2500  0.3796325240527319E+00  0.7895649658170143E-03  10000
   12  64  4.00  0.2515  0.3594408551967568E+00  0.1126851862546414E-02  10000
   12  64  4.00  0.2530  0.3401431171223189E+00  0.9660762018736263E-03  10000
   12  64  4.00  0.2545  0.3232688981454659E+00  0.1227358356269499E-02  10000
   12  64  4.00  0.2560  0.3072852126709814E+00  0.1390698602557177E-02  10000
   12  64  4.00  0.2575  0.2921828647805738E+00  0.1695825424464561E-02  10000
   12  64  4.00  0.2590  0.2843129484235172E+00  0.2382359924781571E-02  10000
   12  64  4.00  0.2605  0.2862924136377923E+00  0.3208622794057038E-02  10000
   12  64  4.00  0.2620  0.2908651998898012E+00  0.3298225064262033E-02  10000
   12  64  4.00  0.2625  0.2897773479627920E+00  0.2581128510289803E-02  10000
   12  64  4.00  0.2630  0.2960656598340848E+00  0.3718833616909620E-02  10000
   12  64  4.00  0.2635  0.2933241676675135E+00  0.3722966981172166E-02  10000


# eta mass (\sigma_1)
"*"
   12  64  4.00  0.2100                     NaN                     NaN  10000
   12  64  4.00  0.2150                     NaN                     NaN  10000
   12  64  4.00  0.2200                     NaN                     NaN  10000
   12  64  4.00  0.2231  0.8733523572689570E+00  0.5092765267284363E+02  10000
   12  64  4.00  0.2250                     NaN                     NaN  10000
   12  64  4.00  0.2262                     NaN                     NaN  10000
   12  64  4.00  0.2293  0.8021006756379391E+00  0.7410263953006546E+02  10000
   12  64  4.00  0.2300  0.7880167404693337E+00  0.4865834964476223E+00  10000
   12  64  4.00  0.2324  0.7527144601661677E+00  0.3405623057374440E+00  10000
   12  64  4.00  0.2350  0.7022121322564638E+00  0.3539244617513024E+02  10000
   12  64  4.00  0.2356  0.7044653426132316E+00  0.3075791672650675E+00  10000
   12  64  4.00  0.2387  0.6549978967185618E+00  0.2059198595509490E+00  10000
   12  64  4.00  0.2400  0.6434543484443167E+00  0.5142897691819207E+00  10000
   12  64  4.00  0.2418  0.6206416863338978E+00  0.1863530760080097E+00  10000
   12  64  4.00  0.2449  0.5694227581961989E+00  0.3657210552899001E+00  10000
   12  64  4.00  0.2480  0.4932967354686818E+00  0.1240509647520508E+00  10000
   12  64  4.00  0.2500  0.5093564236779387E+00  0.1230906577887319E+00  10000
   12  64  4.00  0.2515  0.4823036972792801E+00  0.1579251634490106E+00  10000
   12  64  4.00  0.2530  0.4808476398667315E+00  0.1439165595451974E+00  10000
   12  64  4.00  0.2545  0.4571021430430140E+00  0.1324449403063659E+00  10000
   12  64  4.00  0.2560  0.4431975669953780E+00  0.1986647708679736E+00  10000
   12  64  4.00  0.2575  0.4487270268725534E+00  0.1055016697173812E+00  10000
   12  64  4.00  0.2590  0.4567131892286613E+00  0.3438248057651474E+02  10000
   12  64  4.00  0.2605  0.4466415470652608E+00  0.5754196765708985E+00  10000
   12  64  4.00  0.2620                     NaN                     NaN  10000
   12  64  4.00  0.2625  0.4709503955856316E+00  0.1650749164134300E+00  10000
   12  64  4.00  0.2630  0.4792298770121058E+00  0.1765708400758946E+00  10000
   12  64  4.00  0.2635  0.4790621051884320E+00  0.1897348404770138E+00  10000

