# fermion mass from PCAC relation
"m"
   12  64  4.00  0.2100  0.4099800122852788E+00  0.2565794813664302E-01  10000
   12  64  4.00  0.2150  0.3679871786215622E+00  0.1685667753513838E-01  10000
   12  64  4.00  0.2200  0.3273048497486650E+00  0.6331592894984399E-02  10000
   12  64  4.00  0.2231  0.3024941457034401E+00  0.4702636306736665E-02  10000
   12  64  4.00  0.2250  0.2873824826584493E+00  0.3091571631875085E-02  10000
   12  64  4.00  0.2262  0.2779812521483849E+00  0.3235093326299103E-02  10000
   12  64  4.00  0.2293  0.2539271874301115E+00  0.2087845419185135E-02  10000
   12  64  4.00  0.2300  0.2484998218265649E+00  0.2542865001052160E-02  10000
   12  64  4.00  0.2324  0.2301335144781937E+00  0.2954898573476290E-02  10000
   12  64  4.00  0.2350  0.2101815796953460E+00  0.2515658004169175E-02  10000
   12  64  4.00  0.2356  0.2056517849450664E+00  0.2379897763176821E-02  10000
   12  64  4.00  0.2387  0.1825971300654012E+00  0.2509610581790004E-02  10000
   12  64  4.00  0.2400  0.1728834666887247E+00  0.2797454004878729E-02  10000
   12  64  4.00  0.2418  0.1592535805752292E+00  0.1987497464801621E-02  10000
   12  64  4.00  0.2449  0.1365637967652563E+00  0.1973576486522803E-02  10000
   12  64  4.00  0.2480  0.1137115371107068E+00  0.2020835130086935E-02  10000
   12  64  4.00  0.2500  0.9906061412783959E-01  0.1518433164845450E-02  10000
   12  64  4.00  0.2515  0.8827379064102216E-01  0.1793396983599456E-02  10000
   12  64  4.00  0.2530  0.7724586582715104E-01  0.1563954478194328E-02  10000
   12  64  4.00  0.2545  0.6624984341093312E-01  0.1887459901357728E-02  10000
   12  64  4.00  0.2560  0.5548888571766195E-01  0.1777319221046030E-02  10000
   12  64  4.00  0.2575  0.4490349358352843E-01  0.1628093882085122E-02  10000
   12  64  4.00  0.2590  0.3465772845763552E-01  0.1757689780168773E-02  10000
   12  64  4.00  0.2605  0.2477882625079057E-01  0.1441583339814659E-02  10000
   12  64  4.00  0.2620  0.1349132402740358E-01  0.1638504382882630E-02  10000
   12  64  4.00  0.2625  0.9854985630443772E-02  0.9567103410400884E-03  10000
   12  64  4.00  0.2630  0.5484311216300419E-02  0.2522122743214380E-02  10000
   12  64  4.00  0.2635  0.1444198278320676E-02  0.1460198037229321E-02  10000

