#  Re(op_pbp_e)                                                    
  12  64  4.00  0.2100    NaN  0.500  0.226
#  Re(op_pbp_e)                                                    
  12  64  4.00  0.2150  1.237  0.507  0.340
#  Re(op_pbp_e)                                                    
  12  64  4.00  0.2200    NaN  0.505  0.425
#  Re(op_pbp_e)                                                    
  12  64  4.00  0.2231    NaN  0.510  1.082
#  Re(op_pbp_e)                                                    
  12  64  4.00  0.2250  0.616  0.518  0.413
#  Re(op_pbp_e)                                                    
  12  64  4.00  0.2262    NaN  0.506  0.465
#  Re(op_pbp_e)                                                    
  12  64  4.00  0.2293    NaN  0.509  0.330
#  Re(op_pbp_e)                                                    
  12  64  4.00  0.2300    NaN  0.501  0.446
#  Re(op_pbp_e)                                                    
  12  64  4.00  0.2324  4.294  0.516  0.193
#  Re(op_pbp_e)                                                    
  12  64  4.00  0.2350    NaN  0.501  0.562
#  Re(op_pbp_e)                                                    
  12  64  4.00  0.2356    NaN  0.500  0.393
#  Re(op_pbp_e)                                                    
  12  64  4.00  0.2387    NaN  0.513  0.673
#  Re(op_pbp_e)                                                    
  12  64  4.00  0.2400    NaN  0.515  0.363
#  Re(op_pbp_e)                                                    
  12  64  4.00  0.2418    NaN  0.500  0.708
#  Re(op_pbp_e)                                                    
  12  64  4.00  0.2449  1.098  0.511  0.458
#  Re(op_pbp_e)                                                    
  12  64  4.00  0.2480    NaN  0.514  0.407
#  Re(op_pbp_e)                                                    
  12  64  4.00  0.2500    NaN  0.513  0.573
#  Re(op_pbp_e)                                                    
  12  64  4.00  0.2515    NaN  0.500  0.576
#  Re(op_pbp_e)                                                    
  12  64  4.00  0.2530  0.418  0.529  0.715
#  Re(op_pbp_e)                                                    
  12  64  4.00  0.2545    NaN  0.533  0.609
#  Re(op_pbp_e)                                                    
  12  64  4.00  0.2560    NaN  0.560  0.442
#  Re(op_pbp_e)                                                    
  12  64  4.00  0.2575  0.447  0.590  0.632
#  Re(op_pbp_e)                                                    
  12  64  4.00  0.2590  0.687  0.694  0.716
#  Re(op_pbp_e)                                                    
  12  64  4.00  0.2605  1.649  0.759  0.877
#  Re(op_pbp_e)                                                    
  12  64  4.00  0.2620  1.225  0.808  1.176
#  Re(op_pbp_e)                                                    
  12  64  4.00  0.2625  1.190  0.743  0.907
#  Re(op_pbp_e)                                                    
  12  64  4.00  0.2630  0.689  0.727  0.353
#  Re(op_pbp_e)                                                    
  12  64  4.00  0.2635  0.424  0.653  0.646
