#-----------------------------------------------------------
#beta =   4.00   kappa =   0.2100
#  Re(op_pbp_e)                                                    
#
#    -8  0.19099E+01  jk failed  0.146E-02  jk failed     5
     -7  0.19090E+01  0.564E-03  0.195E-02  0.124E-05    13
     -6  0.19088E+01  0.276E-03  0.167E-02  0.469E-06    46
     -5  0.19085E+01  0.120E-03  0.161E-02  0.340E-06   141
     -4  0.19084E+01  0.112E-03  0.177E-02  0.192E-06   302
     -3  0.19081E+01  0.703E-04  0.160E-02  0.161E-06   568
     -2  0.19079E+01  0.576E-04  0.164E-02  0.134E-06  1015
     -1  0.19078E+01  0.464E-04  0.167E-02  0.969E-07  1403
      0  0.19078E+01  0.388E-04  0.173E-02  0.121E-06  1698
      1  0.19078E+01  0.374E-04  0.168E-02  0.100E-06  1629
      2  0.19080E+01  0.491E-04  0.174E-02  0.109E-06  1366
      3  0.19081E+01  0.528E-04  0.172E-02  0.139E-06   879
      4  0.19082E+01  0.751E-04  0.165E-02  0.195E-06   547
      5  0.19085E+01  0.112E-03  0.164E-02  0.250E-06   234
      6  0.19088E+01  0.215E-03  0.170E-02  0.348E-06   103
      7  0.19091E+01  0.432E-03  0.203E-02  0.858E-06    34
      8  0.19096E+01  0.399E-03  0.149E-02  0.807E-06    15
#     9  0.19105E+01  jk failed  0.458E-03  jk failed     2
&-----------------------------------------------------------
#beta =   4.00   kappa =   0.2150
#  Re(op_pbp_e)                                                    
#
#    -9  0.19002E+01  jk failed  0.000E+00  jk failed     1
#    -8  0.18984E+01  jk failed  0.000E+00  jk failed     1
     -7  0.18973E+01  0.350E-03  0.126E-02  0.457E-06    14
     -6  0.18967E+01  0.372E-03  0.191E-02  0.879E-06    33
     -5  0.18965E+01  0.184E-03  0.208E-02  0.582E-06   119
     -4  0.18964E+01  0.101E-03  0.207E-02  0.332E-06   307
     -3  0.18959E+01  0.715E-04  0.202E-02  0.224E-06   617
     -2  0.18954E+01  0.460E-04  0.208E-02  0.188E-06  1037
     -1  0.18954E+01  0.626E-04  0.215E-02  0.138E-06  1439
      0  0.18954E+01  0.478E-04  0.203E-02  0.148E-06  1700
      1  0.18955E+01  0.510E-04  0.209E-02  0.195E-06  1617
      2  0.18955E+01  0.545E-04  0.206E-02  0.118E-06  1340
      3  0.18958E+01  0.580E-04  0.202E-02  0.203E-06   935
      4  0.18960E+01  0.928E-04  0.202E-02  0.234E-06   503
      5  0.18962E+01  0.137E-03  0.213E-02  0.467E-06   216
      6  0.18971E+01  0.193E-03  0.192E-02  0.569E-06    82
      7  0.18971E+01  0.347E-03  0.168E-02  0.786E-06    29
#     8  0.18997E+01  jk failed  0.137E-02  jk failed     9
#     9  0.18979E+01  jk failed  0.000E+00  jk failed     1
&-----------------------------------------------------------
#beta =   4.00   kappa =   0.2200
#  Re(op_pbp_e)                                                    
#
#    -9  0.18868E+01  jk failed  0.000E+00  jk failed     1
#    -8  0.18844E+01  jk failed  0.000E+00  jk failed     1
#    -7  0.18846E+01  jk failed  0.275E-02  jk failed     9
     -6  0.18830E+01  0.242E-03  0.243E-02  0.160E-05    52
     -5  0.18829E+01  0.248E-03  0.244E-02  0.904E-06   122
     -4  0.18822E+01  0.148E-03  0.234E-02  0.466E-06   294
     -3  0.18820E+01  0.104E-03  0.261E-02  0.362E-06   645
     -2  0.18815E+01  0.637E-04  0.257E-02  0.280E-06   947
     -1  0.18814E+01  0.798E-04  0.256E-02  0.146E-06  1424
      0  0.18814E+01  0.580E-04  0.262E-02  0.252E-06  1682
      1  0.18814E+01  0.638E-04  0.252E-02  0.225E-06  1656
      2  0.18815E+01  0.772E-04  0.262E-02  0.313E-06  1391
      3  0.18820E+01  0.801E-04  0.253E-02  0.218E-06   929
      4  0.18823E+01  0.120E-03  0.263E-02  0.414E-06   491
      5  0.18826E+01  0.149E-03  0.224E-02  0.581E-06   235
      6  0.18833E+01  0.253E-03  0.240E-02  0.872E-06    92
      7  0.18844E+01  0.410E-03  0.179E-02  0.921E-06    20
#     8  0.18834E+01  jk failed  0.134E-02  jk failed     6
#     9  0.18890E+01  jk failed  0.000E+00  jk failed     1
#    10  0.18880E+01  jk failed  0.343E-04  jk failed     2
&-----------------------------------------------------------
#beta =   4.00   kappa =   0.2231
#  Re(op_pbp_e)                                                    
#
#    -8  0.18798E+01  jk failed  0.000E+00  jk failed     1
#    -7  0.18756E+01  jk failed  0.335E-02  jk failed     6
     -6  0.18745E+01  0.496E-03  0.262E-02  0.158E-05    44
     -5  0.18733E+01  0.267E-03  0.296E-02  0.145E-05   116
     -4  0.18730E+01  0.170E-03  0.298E-02  0.575E-06   292
     -3  0.18723E+01  0.129E-03  0.289E-02  0.461E-06   594
     -2  0.18721E+01  0.963E-04  0.294E-02  0.331E-06  1008
     -1  0.18719E+01  0.866E-04  0.304E-02  0.328E-06  1463
      0  0.18716E+01  0.696E-04  0.299E-02  0.289E-06  1738
      1  0.18719E+01  0.632E-04  0.300E-02  0.268E-06  1702
      2  0.18721E+01  0.795E-04  0.295E-02  0.249E-06  1353
      3  0.18726E+01  0.126E-03  0.301E-02  0.375E-06   885
      4  0.18729E+01  0.181E-03  0.297E-02  0.617E-06   458
      5  0.18735E+01  0.185E-03  0.276E-02  0.579E-06   230
      6  0.18743E+01  0.377E-03  0.298E-02  0.143E-05    76
      7  0.18745E+01  0.585E-03  0.257E-02  0.183E-05    27
#     8  0.18739E+01  jk failed  0.296E-02  jk failed     5
#     9  0.18793E+01  jk failed  0.186E-02  jk failed     2
&-----------------------------------------------------------
#beta =   4.00   kappa =   0.2250
#  Re(op_pbp_e)                                                    
#
#    -8  0.18719E+01  jk failed  0.236E-02  jk failed     2
     -7  0.18678E+01  0.892E-03  0.282E-02  0.396E-05    11
     -6  0.18691E+01  0.595E-03  0.290E-02  0.241E-05    33
     -5  0.18674E+01  0.250E-03  0.301E-02  0.137E-05   109
     -4  0.18666E+01  0.243E-03  0.339E-02  0.824E-06   276
     -3  0.18664E+01  0.918E-04  0.315E-02  0.465E-06   615
     -2  0.18659E+01  0.134E-03  0.336E-02  0.383E-06   996
     -1  0.18654E+01  0.828E-04  0.319E-02  0.325E-06  1539
      0  0.18655E+01  0.960E-04  0.325E-02  0.385E-06  1701
      1  0.18655E+01  0.799E-04  0.330E-02  0.416E-06  1708
      2  0.18658E+01  0.658E-04  0.326E-02  0.456E-06  1305
      3  0.18663E+01  0.110E-03  0.323E-02  0.601E-06   861
      4  0.18669E+01  0.140E-03  0.320E-02  0.743E-06   488
      5  0.18678E+01  0.251E-03  0.305E-02  0.987E-06   227
      6  0.18685E+01  0.278E-03  0.270E-02  0.124E-05    91
      7  0.18691E+01  0.633E-03  0.264E-02  0.209E-05    31
#     8  0.18720E+01  jk failed  0.338E-02  jk failed     6
#     9  0.18704E+01  jk failed  0.000E+00  jk failed     1
&-----------------------------------------------------------
#beta =   4.00   kappa =   0.2262
#  Re(op_pbp_e)                                                    
#
#    -8  0.18672E+01  jk failed  0.235E-02  jk failed     4
     -7  0.18651E+01  0.761E-03  0.340E-02  0.357E-05    21
     -6  0.18643E+01  0.701E-03  0.348E-02  0.292E-05    37
     -5  0.18641E+01  0.273E-03  0.317E-02  0.214E-05   114
     -4  0.18627E+01  0.172E-03  0.314E-02  0.840E-06   288
     -3  0.18621E+01  0.151E-03  0.347E-02  0.622E-06   632
     -2  0.18618E+01  0.114E-03  0.351E-02  0.677E-06  1006
     -1  0.18614E+01  0.101E-03  0.351E-02  0.557E-06  1495
      0  0.18614E+01  0.805E-04  0.353E-02  0.529E-06  1698
      1  0.18615E+01  0.699E-04  0.344E-02  0.447E-06  1674
      2  0.18617E+01  0.816E-04  0.348E-02  0.485E-06  1306
      3  0.18621E+01  0.103E-03  0.343E-02  0.511E-06   882
      4  0.18626E+01  0.185E-03  0.325E-02  0.531E-06   485
      5  0.18637E+01  0.165E-03  0.333E-02  0.127E-05   239
      6  0.18646E+01  0.324E-03  0.269E-02  0.130E-05    81
      7  0.18653E+01  0.738E-03  0.320E-02  0.362E-05    26
      8  0.18696E+01  0.390E-03  0.123E-02  0.445E-06    11
#    10  0.18721E+01  jk failed  0.000E+00  jk failed     1
&-----------------------------------------------------------
#beta =   4.00   kappa =   0.2293
#  Re(op_pbp_e)                                                    
#
#    -8  0.18570E+01  jk failed  0.000E+00  jk failed     1
#    -7  0.18565E+01  jk failed  0.342E-02  jk failed     9
     -6  0.18547E+01  0.645E-03  0.327E-02  0.453E-05    30
     -5  0.18527E+01  0.327E-03  0.380E-02  0.180E-05   113
     -4  0.18518E+01  0.273E-03  0.378E-02  0.140E-05   274
     -3  0.18513E+01  0.136E-03  0.380E-02  0.845E-06   558
     -2  0.18506E+01  0.105E-03  0.403E-02  0.862E-06  1092
     -1  0.18501E+01  0.896E-04  0.403E-02  0.594E-06  1512
      0  0.18501E+01  0.986E-04  0.406E-02  0.554E-06  1809
      1  0.18504E+01  0.743E-04  0.413E-02  0.568E-06  1675
      2  0.18504E+01  0.132E-03  0.415E-02  0.817E-06  1327
      3  0.18512E+01  0.150E-03  0.416E-02  0.622E-06   866
      4  0.18520E+01  0.168E-03  0.377E-02  0.990E-06   439
      5  0.18529E+01  0.197E-03  0.374E-02  0.127E-05   207
      6  0.18549E+01  0.392E-03  0.360E-02  0.234E-05    66
      7  0.18564E+01  0.714E-03  0.294E-02  0.310E-05    18
#     8  0.18588E+01  jk failed  0.274E-02  jk failed     4
&-----------------------------------------------------------
#beta =   4.00   kappa =   0.2300
#  Re(op_pbp_e)                                                    
#
#    -8  0.18521E+01  jk failed  0.000E+00  jk failed     1
#    -7  0.18517E+01  jk failed  0.412E-02  jk failed     7
     -6  0.18523E+01  0.874E-03  0.400E-02  0.505E-05    37
     -5  0.18505E+01  0.360E-03  0.394E-02  0.166E-05   118
     -4  0.18499E+01  0.224E-03  0.361E-02  0.108E-05   244
     -3  0.18485E+01  0.152E-03  0.411E-02  0.104E-05   597
     -2  0.18479E+01  0.140E-03  0.428E-02  0.703E-06   988
     -1  0.18476E+01  0.850E-04  0.417E-02  0.586E-06  1546
      0  0.18474E+01  0.848E-04  0.415E-02  0.864E-06  1789
      1  0.18475E+01  0.111E-03  0.432E-02  0.801E-06  1692
      2  0.18478E+01  0.937E-04  0.421E-02  0.677E-06  1346
      3  0.18485E+01  0.152E-03  0.414E-02  0.724E-06   884
      4  0.18492E+01  0.145E-03  0.380E-02  0.876E-06   474
      5  0.18500E+01  0.293E-03  0.382E-02  0.128E-05   199
      6  0.18520E+01  0.448E-03  0.347E-02  0.161E-05    60
      7  0.18537E+01  0.105E-02  0.331E-02  0.419E-05    11
#     8  0.18526E+01  jk failed  0.381E-02  jk failed     6
#     9  0.18591E+01  jk failed  0.000E+00  jk failed     1
&-----------------------------------------------------------
#beta =   4.00   kappa =   0.2324
#  Re(op_pbp_e)                                                    
#
#    -9  0.18488E+01  jk failed  0.548E-03  jk failed     2
#    -7  0.18447E+01  jk failed  0.361E-02  jk failed     9
     -6  0.18434E+01  0.875E-03  0.439E-02  0.453E-05    33
     -5  0.18409E+01  0.473E-03  0.474E-02  0.224E-05   113
     -4  0.18400E+01  0.268E-03  0.425E-02  0.177E-05   245
     -3  0.18389E+01  0.149E-03  0.464E-02  0.145E-05   611
     -2  0.18386E+01  0.132E-03  0.461E-02  0.976E-06  1006
     -1  0.18378E+01  0.882E-04  0.477E-02  0.712E-06  1483
      0  0.18378E+01  0.973E-04  0.497E-02  0.829E-06  1918
      1  0.18380E+01  0.105E-03  0.480E-02  0.689E-06  1634
      2  0.18384E+01  0.126E-03  0.493E-02  0.753E-06  1355
      3  0.18391E+01  0.140E-03  0.470E-02  0.850E-06   856
      4  0.18401E+01  0.241E-03  0.469E-02  0.148E-05   464
      5  0.18419E+01  0.377E-03  0.424E-02  0.232E-05   177
      6  0.18428E+01  0.560E-03  0.342E-02  0.282E-05    65
      7  0.18455E+01  0.922E-03  0.412E-02  0.445E-05    21
#     8  0.18480E+01  jk failed  0.360E-02  jk failed     7
#     9  0.18533E+01  jk failed  0.000E+00  jk failed     1
&-----------------------------------------------------------
#beta =   4.00   kappa =   0.2350
#  Re(op_pbp_e)                                                    
#
#    -8  0.18348E+01  jk failed  0.000E+00  jk failed     1
#    -7  0.18363E+01  jk failed  0.431E-02  jk failed     5
     -6  0.18333E+01  0.129E-02  0.535E-02  0.787E-05    27
     -5  0.18315E+01  0.418E-03  0.456E-02  0.315E-05    93
     -4  0.18298E+01  0.308E-03  0.542E-02  0.227E-05   251
     -3  0.18284E+01  0.228E-03  0.545E-02  0.208E-05   556
     -2  0.18275E+01  0.163E-03  0.569E-02  0.139E-05  1046
     -1  0.18268E+01  0.169E-03  0.578E-02  0.126E-05  1517
      0  0.18264E+01  0.141E-03  0.584E-02  0.802E-06  1831
      1  0.18267E+01  0.127E-03  0.564E-02  0.805E-06  1793
      2  0.18272E+01  0.153E-03  0.552E-02  0.140E-05  1383
      3  0.18284E+01  0.164E-03  0.541E-02  0.140E-05   829
      4  0.18294E+01  0.245E-03  0.507E-02  0.221E-05   415
      5  0.18309E+01  0.316E-03  0.469E-02  0.243E-05   188
      6  0.18319E+01  0.100E-02  0.519E-02  0.582E-05    49
      7  0.18356E+01  0.149E-02  0.472E-02  0.102E-04    11
#     8  0.18367E+01  jk failed  0.188E-02  jk failed     5
&-----------------------------------------------------------
#beta =   4.00   kappa =   0.2356
#  Re(op_pbp_e)                                                    
#
#    -7  0.18316E+01  jk failed  0.621E-02  jk failed     4
     -6  0.18312E+01  0.791E-03  0.380E-02  0.314E-05    30
     -5  0.18289E+01  0.470E-03  0.414E-02  0.216E-05    88
     -4  0.18268E+01  0.352E-03  0.508E-02  0.236E-05   265
     -3  0.18259E+01  0.214E-03  0.570E-02  0.210E-05   551
     -2  0.18247E+01  0.207E-03  0.585E-02  0.152E-05  1012
     -1  0.18240E+01  0.145E-03  0.609E-02  0.141E-05  1549
      0  0.18235E+01  0.160E-03  0.597E-02  0.114E-05  1817
      1  0.18239E+01  0.154E-03  0.594E-02  0.138E-05  1712
      2  0.18245E+01  0.150E-03  0.586E-02  0.132E-05  1371
      3  0.18250E+01  0.216E-03  0.567E-02  0.135E-05   881
      4  0.18270E+01  0.248E-03  0.538E-02  0.165E-05   426
      5  0.18292E+01  0.399E-03  0.524E-02  0.314E-05   207
      6  0.18310E+01  0.799E-03  0.493E-02  0.449E-05    63
      7  0.18340E+01  0.967E-03  0.410E-02  0.397E-05    19
#     8  0.18354E+01  jk failed  0.483E-02  jk failed     4
#     9  0.18528E+01  jk failed  0.000E+00  jk failed     1
&-----------------------------------------------------------
#beta =   4.00   kappa =   0.2387
#  Re(op_pbp_e)                                                    
#
#    -7  0.18217E+01  jk failed  0.356E-02  jk failed     7
     -6  0.18183E+01  0.135E-02  0.593E-02  0.996E-05    28
     -5  0.18166E+01  0.765E-03  0.599E-02  0.508E-05    86
     -4  0.18131E+01  0.431E-03  0.675E-02  0.443E-05   244
     -3  0.18116E+01  0.258E-03  0.633E-02  0.240E-05   564
     -2  0.18101E+01  0.249E-03  0.726E-02  0.239E-05  1011
     -1  0.18091E+01  0.171E-03  0.738E-02  0.209E-05  1585
      0  0.18090E+01  0.132E-03  0.710E-02  0.152E-05  1833
      1  0.18091E+01  0.154E-03  0.723E-02  0.193E-05  1766
      2  0.18106E+01  0.215E-03  0.694E-02  0.217E-05  1333
      3  0.18114E+01  0.218E-03  0.688E-02  0.183E-05   900
      4  0.18133E+01  0.327E-03  0.621E-02  0.344E-05   382
      5  0.18168E+01  0.550E-03  0.591E-02  0.301E-05   178
      6  0.18179E+01  0.754E-03  0.527E-02  0.483E-05    65
      7  0.18191E+01  0.153E-02  0.594E-02  0.967E-05    16
#     8  0.18274E+01  jk failed  0.235E-02  jk failed     2
&-----------------------------------------------------------
#beta =   4.00   kappa =   0.2400
#  Re(op_pbp_e)                                                    
#
#    -8  0.18254E+01  jk failed  0.000E+00  jk failed     1
     -7  0.18208E+01  0.162E-02  0.537E-02  0.122E-04    12
     -6  0.18131E+01  0.963E-03  0.408E-02  0.516E-05    19
     -5  0.18111E+01  0.776E-03  0.574E-02  0.513E-05    70
     -4  0.18073E+01  0.470E-03  0.703E-02  0.517E-05   254
     -3  0.18046E+01  0.291E-03  0.701E-02  0.234E-05   537
     -2  0.18031E+01  0.284E-03  0.780E-02  0.336E-05  1026
     -1  0.18028E+01  0.206E-03  0.787E-02  0.235E-05  1613
      0  0.18021E+01  0.161E-03  0.805E-02  0.203E-05  1891
      1  0.18020E+01  0.224E-03  0.792E-02  0.201E-05  1730
      2  0.18032E+01  0.251E-03  0.786E-02  0.248E-05  1370
      3  0.18053E+01  0.254E-03  0.734E-02  0.272E-05   811
      4  0.18073E+01  0.369E-03  0.643E-02  0.265E-05   423
      5  0.18101E+01  0.464E-03  0.664E-02  0.351E-05   176
      6  0.18143E+01  0.795E-03  0.522E-02  0.481E-05    50
      7  0.18184E+01  0.996E-03  0.330E-02  0.397E-05    12
#     8  0.18177E+01  jk failed  0.380E-02  jk failed     4
#     9  0.18193E+01  jk failed  0.000E+00  jk failed     1
&-----------------------------------------------------------
#beta =   4.00   kappa =   0.2418
#  Re(op_pbp_e)                                                    
#
#    -8  0.18149E+01  jk failed  0.000E+00  jk failed     1
#    -7  0.18113E+01  jk failed  0.658E-02  jk failed     6
     -6  0.18040E+01  0.161E-02  0.682E-02  0.164E-04    19
     -5  0.18022E+01  0.940E-03  0.727E-02  0.827E-05    60
     -4  0.17989E+01  0.400E-03  0.737E-02  0.612E-05   238
     -3  0.17961E+01  0.464E-03  0.856E-02  0.500E-05   540
     -2  0.17932E+01  0.290E-03  0.897E-02  0.309E-05  1007
     -1  0.17925E+01  0.294E-03  0.913E-02  0.298E-05  1613
      0  0.17921E+01  0.151E-03  0.905E-02  0.227E-05  1910
      1  0.17925E+01  0.211E-03  0.904E-02  0.242E-05  1832
      2  0.17934E+01  0.181E-03  0.872E-02  0.283E-05  1382
      3  0.17958E+01  0.247E-03  0.812E-02  0.265E-05   785
      4  0.17985E+01  0.397E-03  0.763E-02  0.313E-05   405
      5  0.18016E+01  0.688E-03  0.796E-02  0.705E-05   148
      6  0.18049E+01  0.114E-02  0.599E-02  0.103E-04    42
#     7  0.18112E+01  jk failed  0.533E-02  jk failed     9
#     8  0.18105E+01  jk failed  0.414E-02  jk failed     3
&-----------------------------------------------------------
#beta =   4.00   kappa =   0.2449
#  Re(op_pbp_e)                                                    
#
#    -7  0.17962E+01  jk failed  0.265E-02  jk failed     2
     -6  0.17897E+01  0.219E-02  0.790E-02  0.223E-04    14
     -5  0.17871E+01  0.867E-03  0.773E-02  0.115E-04    75
     -4  0.17828E+01  0.806E-03  0.103E-01  0.131E-04   173
     -3  0.17794E+01  0.372E-03  0.102E-01  0.663E-05   545
     -2  0.17756E+01  0.340E-03  0.111E-01  0.537E-05  1015
     -1  0.17739E+01  0.326E-03  0.118E-01  0.547E-05  1621
      0  0.17728E+01  0.260E-03  0.119E-01  0.388E-05  1978
      1  0.17739E+01  0.264E-03  0.116E-01  0.549E-05  1884
      2  0.17756E+01  0.388E-03  0.110E-01  0.493E-05  1378
      3  0.17788E+01  0.361E-03  0.105E-01  0.570E-05   800
      4  0.17824E+01  0.446E-03  0.928E-02  0.742E-05   352
      5  0.17876E+01  0.830E-03  0.832E-02  0.862E-05   114
      6  0.17914E+01  0.139E-02  0.889E-02  0.181E-04    44
#     7  0.18041E+01  jk failed  0.553E-02  jk failed     5
&-----------------------------------------------------------
#beta =   4.00   kappa =   0.2480
#  Re(op_pbp_e)                                                    
#
#    -6  0.17818E+01  jk failed  0.124E-01  jk failed     9
     -5  0.17750E+01  0.195E-02  0.968E-02  0.328E-04    32
     -4  0.17652E+01  0.923E-03  0.110E-01  0.136E-04   161
     -3  0.17596E+01  0.699E-03  0.129E-01  0.953E-05   465
     -2  0.17546E+01  0.443E-03  0.140E-01  0.762E-05   982
     -1  0.17514E+01  0.418E-03  0.152E-01  0.939E-05  1664
      0  0.17506E+01  0.316E-03  0.155E-01  0.716E-05  2140
      1  0.17515E+01  0.308E-03  0.157E-01  0.728E-05  1972
      2  0.17546E+01  0.329E-03  0.141E-01  0.620E-05  1432
      3  0.17600E+01  0.531E-03  0.129E-01  0.101E-04   740
      4  0.17658E+01  0.584E-03  0.114E-01  0.100E-04   298
      5  0.17755E+01  0.129E-02  0.112E-01  0.223E-04    79
      6  0.17788E+01  0.211E-02  0.918E-02  0.201E-04    20
#     7  0.17877E+01  jk failed  0.902E-02  jk failed     3
#     8  0.17932E+01  jk failed  0.720E-02  jk failed     3
&-----------------------------------------------------------
#beta =   4.00   kappa =   0.2500
#  Re(op_pbp_e)                                                    
#
#    -7  0.17729E+01  jk failed  0.595E-02  jk failed     2
#    -6  0.17711E+01  jk failed  0.608E-02  jk failed     6
     -5  0.17633E+01  0.186E-02  0.114E-01  0.337E-04    38
     -4  0.17545E+01  0.113E-02  0.143E-01  0.269E-04   140
     -3  0.17461E+01  0.809E-03  0.153E-01  0.132E-04   451
     -2  0.17407E+01  0.445E-03  0.168E-01  0.997E-05   996
     -1  0.17355E+01  0.477E-03  0.185E-01  0.894E-05  1813
      0  0.17335E+01  0.423E-03  0.186E-01  0.978E-05  2133
      1  0.17354E+01  0.473E-03  0.183E-01  0.927E-05  2044
      2  0.17396E+01  0.469E-03  0.166E-01  0.884E-05  1380
      3  0.17467E+01  0.731E-03  0.155E-01  0.103E-04   672
      4  0.17544E+01  0.729E-03  0.130E-01  0.145E-04   254
      5  0.17608E+01  0.151E-02  0.101E-01  0.178E-04    57
      6  0.17691E+01  0.393E-02  0.130E-01  0.702E-04    12
#     7  0.17919E+01  jk failed  0.657E-02  jk failed     2
&-----------------------------------------------------------
#beta =   4.00   kappa =   0.2515
#  Re(op_pbp_e)                                                    
#
#    -6  0.17699E+01  jk failed  0.884E-02  jk failed     5
     -5  0.17561E+01  0.364E-02  0.159E-01  0.689E-04    26
     -4  0.17468E+01  0.120E-02  0.151E-01  0.327E-04   127
     -3  0.17366E+01  0.821E-03  0.163E-01  0.193E-04   415
     -2  0.17285E+01  0.672E-03  0.192E-01  0.148E-04   980
     -1  0.17208E+01  0.447E-03  0.211E-01  0.112E-04  1745
      0  0.17195E+01  0.423E-03  0.215E-01  0.159E-04  2330
      1  0.17225E+01  0.371E-03  0.209E-01  0.121E-04  2068
      2  0.17283E+01  0.435E-03  0.191E-01  0.147E-04  1362
      3  0.17357E+01  0.895E-03  0.164E-01  0.171E-04   645
      4  0.17457E+01  0.108E-02  0.153E-01  0.243E-04   225
      5  0.17534E+01  0.245E-02  0.139E-01  0.360E-04    51
      6  0.17657E+01  0.369E-02  0.147E-01  0.902E-04    17
#     7  0.17802E+01  jk failed  0.131E-01  jk failed     4
&-----------------------------------------------------------
#beta =   4.00   kappa =   0.2530
#  Re(op_pbp_e)                                                    
#
#    -6  0.17566E+01  jk failed  0.682E-02  jk failed     4
     -5  0.17480E+01  0.357E-02  0.147E-01  0.895E-04    18
     -4  0.17394E+01  0.128E-02  0.177E-01  0.674E-04   106
     -3  0.17252E+01  0.897E-03  0.186E-01  0.275E-04   365
     -2  0.17136E+01  0.691E-03  0.215E-01  0.242E-04   984
     -1  0.17058E+01  0.643E-03  0.246E-01  0.220E-04  1781
      0  0.17028E+01  0.586E-03  0.257E-01  0.156E-04  2453
      1  0.17058E+01  0.486E-03  0.238E-01  0.114E-04  2184
      2  0.17136E+01  0.618E-03  0.208E-01  0.153E-04  1309
      3  0.17258E+01  0.756E-03  0.185E-01  0.236E-04   566
      4  0.17378E+01  0.993E-03  0.165E-01  0.308E-04   180
      5  0.17460E+01  0.268E-02  0.136E-01  0.592E-04    44
#     6  0.17633E+01  jk failed  0.165E-01  jk failed     6
&-----------------------------------------------------------
#beta =   4.00   kappa =   0.2545
#  Re(op_pbp_e)                                                    
#
#    -6  0.17572E+01  jk failed  0.178E-01  jk failed     2
     -5  0.17462E+01  0.600E-02  0.216E-01  0.203E-03    14
     -4  0.17304E+01  0.162E-02  0.150E-01  0.424E-04    74
     -3  0.17155E+01  0.137E-02  0.210E-01  0.339E-04   287
     -2  0.17004E+01  0.958E-03  0.241E-01  0.296E-04   905
     -1  0.16888E+01  0.551E-03  0.268E-01  0.222E-04  1960
      0  0.16835E+01  0.429E-03  0.300E-01  0.219E-04  2670
      1  0.16888E+01  0.599E-03  0.272E-01  0.217E-04  2180
      2  0.17006E+01  0.634E-03  0.240E-01  0.185E-04  1235
      3  0.17147E+01  0.915E-03  0.214E-01  0.312E-04   491
      4  0.17288E+01  0.161E-02  0.193E-01  0.413E-04   154
      5  0.17462E+01  0.390E-02  0.183E-01  0.109E-03    23
#     6  0.17664E+01  jk failed  0.194E-01  jk failed     5
&-----------------------------------------------------------
#beta =   4.00   kappa =   0.2560
#  Re(op_pbp_e)                                                    
#
#    -6  0.17282E+01  jk failed  0.000E+00  jk failed     1
     -5  0.17448E+01  0.563E-02  0.169E-01  0.168E-03    10
     -4  0.17282E+01  0.300E-02  0.218E-01  0.114E-03    66
     -3  0.17026E+01  0.131E-02  0.230E-01  0.309E-04   291
     -2  0.16855E+01  0.107E-02  0.268E-01  0.418E-04   876
     -1  0.16698E+01  0.763E-03  0.312E-01  0.293E-04  2082
      0  0.16587E+01  0.658E-03  0.350E-01  0.329E-04  2738
      1  0.16693E+01  0.660E-03  0.309E-01  0.261E-04  2328
      2  0.16851E+01  0.782E-03  0.270E-01  0.301E-04  1114
      3  0.17039E+01  0.134E-02  0.250E-01  0.527E-04   380
      4  0.17205E+01  0.319E-02  0.243E-01  0.948E-04    98
      5  0.17447E+01  0.497E-02  0.179E-01  0.764E-04    14
#     6  0.17338E+01  jk failed  0.786E-03  jk failed     2
&-----------------------------------------------------------
#beta =   4.00   kappa =   0.2575
#  Re(op_pbp_e)                                                    
#
#    -6  0.18013E+01  jk failed  0.677E-02  jk failed     2
#    -5  0.17422E+01  jk failed  0.241E-01  jk failed     7
     -4  0.17128E+01  0.482E-02  0.228E-01  0.154E-03    30
     -3  0.16964E+01  0.199E-02  0.257E-01  0.755E-04   172
     -2  0.16699E+01  0.102E-02  0.309E-01  0.580E-04   759
     -1  0.16461E+01  0.745E-03  0.326E-01  0.348E-04  2075
      0  0.16327E+01  0.656E-03  0.399E-01  0.272E-04  3225
      1  0.16468E+01  0.617E-03  0.346E-01  0.429E-04  2417
      2  0.16702E+01  0.924E-03  0.295E-01  0.422E-04  1019
      3  0.16971E+01  0.161E-02  0.271E-01  0.594E-04   251
      4  0.17159E+01  0.506E-02  0.263E-01  0.174E-03    41
#     5  0.17277E+01  jk failed  0.413E-01  jk failed     2
&-----------------------------------------------------------
#beta =   4.00   kappa =   0.2590
#  Re(op_pbp_e)                                                    
#
#    -6  0.17725E+01  jk failed  0.323E-01  jk failed     2
#    -5  0.17283E+01  jk failed  0.220E-01  jk failed     3
#    -4  0.17374E+01  jk failed  0.333E-01  jk failed     9
     -3  0.16844E+01  0.352E-02  0.350E-01  0.205E-03   113
     -2  0.16541E+01  0.126E-02  0.329E-01  0.677E-04   573
     -1  0.16216E+01  0.764E-03  0.354E-01  0.479E-04  2024
      0  0.15984E+01  0.701E-03  0.430E-01  0.468E-04  3863
      1  0.16223E+01  0.700E-03  0.358E-01  0.582E-04  2425
      2  0.16519E+01  0.145E-02  0.333E-01  0.787E-04   785
      3  0.16888E+01  0.318E-02  0.370E-01  0.125E-03   182
      4  0.17185E+01  0.121E-01  0.526E-01  0.157E-02    20
#     5  0.17437E+01  jk failed  0.000E+00  jk failed     1
&-----------------------------------------------------------
#beta =   4.00   kappa =   0.2605
#  Re(op_pbp_e)                                                    
#
#    -4  0.16900E+01  jk failed  0.198E-01  jk failed     4
     -3  0.16770E+01  0.957E-02  0.554E-01  0.124E-02    53
     -2  0.16314E+01  0.221E-02  0.386E-01  0.147E-03   406
     -1  0.15935E+01  0.807E-03  0.365E-01  0.577E-04  1901
      0  0.15599E+01  0.564E-03  0.387E-01  0.422E-04  4855
      1  0.15936E+01  0.676E-03  0.346E-01  0.541E-04  2195
      2  0.16332E+01  0.254E-02  0.403E-01  0.181E-03   497
      3  0.16727E+01  0.600E-02  0.482E-01  0.385E-03    84
#     4  0.16962E+01  jk failed  0.290E-01  jk failed     5
&-----------------------------------------------------------
#beta =   4.00   kappa =   0.2620
#  Re(op_pbp_e)                                                    
#
#    -5  0.16903E+01  jk failed  0.000E+00  jk failed     1
#    -4  0.18129E+01  jk failed  0.000E+00  jk failed     1
     -3  0.16525E+01  0.979E-02  0.468E-01  0.535E-03    35
     -2  0.16077E+01  0.300E-02  0.408E-01  0.190E-03   247
     -1  0.15619E+01  0.104E-02  0.330E-01  0.689E-04  1613
      0  0.15213E+01  0.652E-03  0.317E-01  0.602E-04  5989
      1  0.15630E+01  0.760E-03  0.338E-01  0.579E-04  1836
      2  0.16033E+01  0.310E-02  0.380E-01  0.181E-03   252
      3  0.16474E+01  0.135E-01  0.591E-01  0.194E-02    26
&-----------------------------------------------------------
#beta =   4.00   kappa =   0.2625
#  Re(op_pbp_e)                                                    
#
     -3  0.16524E+01  0.161E-01  0.558E-01  0.119E-02    13
     -2  0.15945E+01  0.296E-02  0.376E-01  0.136E-03   208
     -1  0.15532E+01  0.111E-02  0.340E-01  0.123E-03  1446
      0  0.15094E+01  0.360E-03  0.297E-01  0.441E-04  6421
      1  0.15533E+01  0.914E-03  0.335E-01  0.622E-04  1674
      2  0.16003E+01  0.270E-02  0.437E-01  0.241E-03   216
      3  0.16192E+01  0.844E-02  0.378E-01  0.317E-03    21
#     4  0.16436E+01  jk failed  0.000E+00  jk failed     1
&-----------------------------------------------------------
#beta =   4.00   kappa =   0.2630
#  Re(op_pbp_e)                                                    
#
#    -4  0.16958E+01  jk failed  0.000E+00  jk failed     1
     -3  0.16446E+01  0.116E-01  0.400E-01  0.624E-03    13
     -2  0.15856E+01  0.440E-02  0.393E-01  0.186E-03   124
     -1  0.15413E+01  0.903E-03  0.333E-01  0.847E-04  1375
      0  0.14968E+01  0.327E-03  0.264E-01  0.298E-04  6776
      1  0.15399E+01  0.953E-03  0.323E-01  0.627E-04  1507
      2  0.15927E+01  0.435E-02  0.445E-01  0.325E-03   188
      3  0.16496E+01  0.106E-01  0.397E-01  0.335E-03    15
#     4  0.16554E+01  jk failed  0.000E+00  jk failed     1
&-----------------------------------------------------------
#beta =   4.00   kappa =   0.2635
#  Re(op_pbp_e)                                                    
#
#    -3  0.16289E+01  jk failed  0.474E-01  jk failed     9
     -2  0.15743E+01  0.470E-02  0.411E-01  0.380E-03   106
     -1  0.15305E+01  0.826E-03  0.313E-01  0.777E-04  1182
      0  0.14863E+01  0.344E-03  0.246E-01  0.305E-04  7262
      1  0.15313E+01  0.866E-03  0.315E-01  0.529E-04  1298
      2  0.15816E+01  0.541E-02  0.461E-01  0.343E-03   136
#     3  0.16197E+01  jk failed  0.432E-01  jk failed     7
&-----------------------------------------------------------
