 # triplet j1
 0.0010  -100.00000000000000        95.166231277392043        1.1311220622840779E-003   3.8274751538333078E-005  -1.5040758373726225E-005   1.4315984773653891E-005
 0.0020  -100.00000000000000        95.179843963487457        2.2750817145294599E-003   7.9503919824049448E-005  -3.0166748015186923E-005   2.8717501401802256E-005
 0.0030  -100.00000000000000        95.160357543555833        3.4317811869128217E-003   1.2373552108556972E-004  -4.5376962350378782E-005   4.3188627800539033E-005
 0.0040  -100.00000000000000        95.228542091150771        4.6010935664969844E-003   1.7099068350657237E-004  -6.0670213887850994E-005   5.7786357817553262E-005
 0.0050  -100.00000000000000        95.271982589548685        5.7828617438633358E-003   2.2126448798359585E-004  -7.6045129652485547E-005   7.2464307975158060E-005
 0.0060  -100.00000000000000        95.273883591947921        6.9768974713034252E-003   2.7452670167715950E-004  -9.1500147352690693E-005   8.7194328600737406E-005
 0.0070  -100.00000000000000        95.275273196485799        8.1829805489567076E-003   3.3072244127794608E-004  -1.0703351236196721E-004   1.0199940664736934E-004
 0.0080  -100.00000000000000        95.276438270278234        9.4008581550658627E-003   3.8977280551631672E-004  -1.2264327559269355E-004   1.1687780175306796E-004
 0.0090  -100.00000000000000        95.277700628891623        1.0630244336031968E-002   4.5157551591900561E-004  -1.3832729233545179E-004   1.3182780862708480E-004
 0.0100  -100.00000000000000        95.279241869366587        1.1870819671177408E-002   5.1600560237458439E-004  -1.5408322213127169E-004   1.4684751662859036E-004
 0.0300  0.36557423856784660       0.21386872001831397        3.8266574552468194E-002   2.0137252321288852E-003  0.13107197246430391        7.6757412809693337E-002
 0.0500  0.33005471409831821        8.7481636022188058E-003   6.4103672613037552E-002   2.6305603106367877E-003  0.24258029273373605        8.1310155850880320E-003
 0.0700  0.34697475997111821        5.3398718227408446E-003   8.5548646764857808E-002   2.1014156683813925E-003  0.31540800096929189        6.2103607342243912E-003
 0.0900  0.37258023133686419        3.9014832994139197E-003  0.10231651898063762        1.3784916163788587E-003  0.36424141344545680        4.5352375847826122E-003
 0.1100  0.40380622569125796        3.2064499624362020E-003  0.11562303191684016        8.7711957796939748E-004  0.39496672302778235        3.4756969144742571E-003
 0.1300  0.43862928359078257        2.9563190824328555E-003  0.12657131351150858        5.7908497276115440E-004  0.41357730131883419        2.9436519501289029E-003
 0.1500  0.47579631964130653        2.7142884112156410E-003  0.13589824519034890        4.0014832665663465E-004  0.42437175759129198        2.5002445979616741E-003
 0.1700  0.51462272142874754        2.4670004703553146E-003  0.14407105481643900        2.8669413310638040E-004  0.43006972314497294        2.1056088820046808E-003
 0.1900  0.55447431917378132        2.2668644642838795E-003  0.15138705103457739        2.1130238902824930E-004  0.43256833664471050        1.7940559502634321E-003
 0.2100  0.59495158229671463        2.0874898962860880E-003  0.15803907712527851        1.5961440612833138E-004  0.43303725765358514        1.5350414812621343E-003
 0.2300  0.63580569385410812        1.9222876760477958E-003  0.16415568580124382        1.2338566363631037E-004  0.43219771643006238        1.3167581697263819E-003
 0.2500  0.67688329102980704        1.7700692957000072E-003  0.16982543810451467        9.7504867542956222E-005  0.43049942961825244        1.1325315792187021E-003
 0.2700  0.71809136034523791        1.6307119319526643E-003  0.17511158092813434        7.8666085649407863E-005  0.42822755849128785        9.7720633966100028E-004
 0.2900  0.75937552326656654        1.5040029914095755E-003  0.18006097601172077        6.4688937328437999E-005  0.42556627325738638        8.4632701681843490E-004
 0.3100  0.80070652246738849        1.3894401917551203E-003  0.18470960432653338        5.4120266969478666E-005  0.42263671055135560        7.3599688097901613E-004
 0.3300  0.84207163591994849        1.2862889535720434E-003  0.18908601840334194        4.5982227042126095E-005  0.41951996840118622        6.4285594566029531E-004
 0.3500  0.88346909022304310        1.1936808039077114E-003  0.19321355058168244        3.9608713194112678E-005  0.41627128262124213        5.6405236237074192E-004
 0.3700  0.92490435020405404        1.1106982617258359E-003  0.19711175555339683        3.4538946884181781E-005  0.41292892040100782        4.9719565214111159E-004
 0.3900  0.96638761610972213        1.0364329551269507E-003  0.20079737364614847        3.0448648803088431E-005  0.40951985182441897        4.4029867254879947E-004
 0.4100   1.0079321232848542        9.7002134883747697E-004  0.20428498882230497        2.7105445425247016E-005  0.40606341916574351        3.9171781353330927E-004


 # triplet j3
 0.0010  0.31408948164366907        2.0934979248711981E-002   1.1311220622840779E-003   3.8274751538333078E-005   4.7886857894814177E-003   3.2930219388709237E-004
 0.0020  0.31382811293192364        2.0502422974431955E-002   2.2750817145294599E-003   7.9503919824049448E-005   9.6125065830959394E-003   6.5005848917730523E-004
 0.0030  0.31357892318275393        2.0081209382651368E-002   3.4317811869128217E-003   1.2373552108556972E-004   1.4470667189558868E-002   9.6270392720858647E-004
 0.0040  0.31334263923454025        1.9671046063157102E-002   4.6010935664969844E-003   1.7099068350657237E-004   1.9362259166534529E-002   1.2676527662073413E-003
 0.0050  0.31311996234530859        1.9271641383995525E-002   5.7828617438633358E-003   2.2126448798359585E-004   2.4286260474387450E-002   1.5652959230999953E-003
 0.0060  0.31291156918207369        1.8882703522088994E-002   6.9768974713034252E-003   2.7452670167715950E-004   2.9241535425444609E-002   1.8559982239688480E-003
 0.0070  0.31271811333313021        1.8503941731458029E-002   8.1829805489567076E-003   3.3072244127794608E-004   3.4226834902891377E-002   2.1400957586542868E-003
 0.0080  0.31254022292357281        1.8135067851271312E-002   9.4008581550658627E-003   3.8977280551631672E-004   3.9240797374961937E-002   2.4178934686175748E-003
 0.0090  0.31237850461171845        1.7775795575971275E-002   1.0630244336031968E-002   4.5157551591900561E-004   4.4281949715903289E-002   2.6896626182481881E-003
 0.0100  0.31223354020158389        1.7425841953546690E-002   1.1870819671177408E-002   5.1600560237458439E-004   4.9348709312840841E-002   2.9556388294449975E-003
 0.0300  0.31355641865528222        1.1994919252274687E-002   3.8266574552468194E-002   2.0137252321288852E-003  0.15281631527977796        7.0952069914549326E-003
 0.0500  0.32396801319010426        9.2602878993096275E-003   6.4103672613037552E-002   2.6305603106367877E-003  0.24713788369328185        8.6957127711766811E-003
 0.0700  0.34397499484275690        6.3645573093111156E-003   8.5548646764857808E-002   2.1014156683813925E-003  0.31815863673264544        7.0657514612939313E-003
 0.0900  0.37112009962683129        4.7714083224773057E-003  0.10231651898063762        1.3784916163788587E-003  0.36567448171207373        5.3076476860330138E-003
 0.1100  0.40323342755213715        3.7925741123778544E-003  0.11562303191684016        8.7711957796939748E-004  0.39552777820948776        4.0112175893800665E-003
 0.1300  0.43869695868801556        3.1387203411559327E-003  0.12657131351150858        5.7908497276115440E-004  0.41351350127753955        3.1060882479791081E-003
 0.1500  0.47632768484092142        2.6863679999217516E-003  0.13589824519034890        4.0014832665663465E-004  0.42389835159189321        2.4707940442824940E-003
 0.1700  0.51534665496899057        2.3596853479226584E-003  0.14407105481643900        2.8669413310638040E-004  0.42946558242876626        2.0123416361346124E-003
 0.1900  0.55524923965455097        2.1124651368783108E-003  0.15138705103457739        2.1130238902824930E-004  0.43196463286727355        1.6708453264592143E-003
 0.2100  0.59570993970299935        1.9167182766595162E-003  0.15803907712527851        1.5961440612833138E-004  0.43248598766520363        1.4085735863371748E-003
 0.2300  0.63651926349911592        1.7556552381834262E-003  0.16415568580124382        1.2338566363631037E-004  0.43171320136701341        1.2017591970169437E-003
 0.2500  0.67754332581468324        1.6192333451341325E-003  0.16982543810451467        9.7504867542956222E-005  0.43008005481579870        1.0352197319193255E-003
 0.2700  0.71869815282887717        1.5013652757396511E-003  0.17511158092813434        7.8666085649407863E-005  0.42786600856555490        8.9896694164509812E-004
 0.2900  0.75993317107029901        1.3982329063202061E-003  0.18006097601172077        6.4688937328437999E-005  0.42525398777405848        7.8616265219120293E-004
 0.3100  0.80122039692785607        1.3073098982535460E-003  0.18470960432653338        5.4120266969478666E-005  0.42236564629432832        6.9192448903890324E-004
 0.3300  0.84254721124036058        1.2268112482400726E-003  0.18908601840334194        4.5982227042126095E-005  0.41928317058056563        6.1263231025137396E-004
 0.3500  0.88391144403218791        1.1553901690413387E-003  0.19321355058168244        3.9608713194112678E-005  0.41606295950386613        5.4551930121747431E-004
 0.3700  0.92531798733159187        1.0919721574627528E-003  0.19711175555339683        3.4538946884181781E-005  0.41274433225417567        4.8842204843636253E-004
 0.3900  0.96677644285242192        1.0356636439160885E-003  0.20079737364614847        3.0448648803088431E-005  0.40935514749051322        4.3962052609478351E-004
 0.4100   1.0082994871992557        9.8570020832572922E-004  0.20428498882230497        2.7105445425247016E-005  0.40591547398769495        3.9773029171743509E-004


