 # triplet j1
 0.0010   3.2136580321564641E-002   2.0724509649686567E-002   2.0108532268250162E-003   1.3210504515534058E-004   6.2403007763134295E-002   4.0295150106878189E-002
 0.0020   6.3259086854705798E-002   3.8455338775512896E-002   4.0200887986938799E-003   2.6367110602268406E-004   6.3390605509078685E-002   3.8591321672522161E-002
 0.0030   9.2117746771149811E-002   5.1253713307384631E-002   6.0260972204927718E-003   3.9416439030836914E-004   6.5275526843986895E-002   3.6381565526347415E-002
 0.0040  0.11805447294321536        5.8758963432542798E-002   8.0272852216230119E-003   5.2306139873827180E-004   6.7880790945628502E-002   3.3858444746310223E-002
 0.0050  0.14072167233662761        6.1806042954418321E-002   1.0022083632284420E-002   6.4985384668521644E-004   7.1140681890355995E-002   3.1330548273081002E-002
 0.0060  0.16008871023344429        6.1662579856851023E-002   1.2008954981993721E-002   7.7405332293153679E-004   7.4986403716245917E-002   2.8984006910809535E-002
 0.0070  0.17637118168349603        5.9502546098694542E-002   1.3986400736573703E-002   8.9519560930867654E-004   7.9339484958182910E-002   2.6887007221493911E-002
 0.0080  0.18992894575840222        5.6215893091050732E-002   1.5952968097057499E-002   1.0128445940759019E-003   8.4118124691517554E-002   2.5040390752175862E-002
 0.0090  0.20117370753166047        5.2407325430331622E-002   1.7907256292534618E-002   1.1265957226853807E-003   8.9244108886101042E-002   2.3417666631148703E-002
 0.0100  0.21050638070830760        4.8458661329481116E-002   1.9847922308679242E-002   1.2360789414229312E-003   9.4647088546492383E-002   2.1986228161419964E-002
 0.0300  0.27004734116752160        1.1492007338658154E-002   5.4372675344676658E-002   2.2975298021434536E-003  0.21150764553058343        1.0049059868751927E-002
 0.0500  0.29747528498303821        5.5614081443824013E-003   7.9461689138909830E-002   1.8261038265578718E-003  0.29965947003887616        6.5757837798837626E-003
 0.0700  0.32846947071983945        2.9848419321114737E-003   9.7396308352200825E-002   1.1520614524429859E-003  0.35550053212789384        3.8544305922485426E-003
 0.0900  0.36343212969068589        3.0331454906117722E-003  0.11099691097725752        7.0249483939175837E-004  0.38892725624891583        3.4714221199108287E-003
 0.1100  0.40081661038978400        2.5936443625344638E-003  0.12199224494949509        4.4378967225187297E-004  0.40872550692525522        2.7473239139064868E-003
 0.1300  0.43976484155171408        2.3013345750845485E-003  0.13132936667114495        2.9511614048099988E-004  0.42019133625294719        2.2490161422780582E-003
 0.1500  0.47965712661069476        2.0802788635417677E-003  0.13953571523756658        2.0620139022572471E-004  0.42655242695404594        1.8766186132343466E-003
 0.1700  0.52010764576057333        1.8980764666468412E-003  0.14691849177391261        1.5062121416178578E-004  0.42971889579056494        1.5836070703791798E-003
 0.1900  0.56087872583776832        1.7404084580895306E-003  0.15366571856695382        1.1445882370009342E-004  0.43083534648571936        1.3464780671433381E-003
 0.2100  0.60182510673819856        1.6006411597487774E-003  0.15989836967018770        9.0048234151887403E-005  0.43060231615475208        1.1516498029187914E-003
 0.2300  0.64285967003930378        1.4754214815840961E-003  0.16569820723844236        7.2982321276332212E-005  0.42945893186705014        9.9017461276480778E-004
 0.2500  0.68393246769373106        1.3627995706950958E-003  0.17112318133126811        6.0647219607290486E-005  0.42768715190091838        8.5557005061705454E-004
 0.2700  0.72501768838525249        1.2614293770041927E-003  0.17621624265243721        5.1453553808548666E-005  0.42547225599281252        7.4286383570757114E-004
 0.2900  0.76610536395218065        1.1702329947029628E-003  0.18101054960936272        4.4410594679713814E-005  0.42293871086254664        6.4812280762116200E-004
 0.3100  0.80719596393675908        1.0882651822368024E-003  0.18553263918146398        3.8883664416229690E-005  0.42017191903849382        5.6818616867509541E-004
 0.3300  0.84829679842210981        1.0146616930763201E-003  0.18980441386445784        3.4454240571776569E-005  0.41723169642817837        5.0049237070430282E-004
 0.3500  0.88941959076698962        9.4862374699640809E-004  0.19384442132721000        3.0838396022613152E-005  0.41416079180507775        4.4295615556635075E-004
 0.3700  0.93057882659682012        8.8941412268158716E-004  0.19766870079081000        2.7838465037075868E-005  0.41099037093031832        3.9387464502178886E-004
 0.3900  0.97179063241331642        8.3635738578770964E-004  0.20129135770903434        2.5313646641161810E-005  0.40774360427966466        3.5185388262639071E-004
 0.4100   1.0130720196388625        7.8883953716001249E-004  0.20472496427443201        2.3161653377357329E-005  0.40443804983280601        3.1575000839491324E-004


 # triplet j3
 0.0010  0.25607163318223253        4.7009159150832487E-003   2.0108532268250162E-003   1.3210504515534058E-004   7.8314776469599716E-003   2.9469685207456455E-004
 0.0020  0.25612846450439203        4.6977801631859174E-003   4.0200887986938799E-003   2.6367110602268406E-004   1.5656330222533456E-002   5.8828428275551194E-004
 0.0030  0.25622313190789670        4.6925665436989734E-003   6.0260972204927718E-003   3.9416439030836914E-004   2.3467960942454069E-002   8.7966329244328317E-004
 0.0040  0.25635555802473070        4.6852945650780586E-003   8.0272852216230119E-003   5.2306139873827180E-004   3.1259829354983906E-002   1.1677555896638481E-003
 0.0050  0.25652563545904972        4.6759905351724078E-003   1.0022083632284420E-002   6.4985384668521644E-004   3.9025478716247203E-002   1.4515134441153640E-003
 0.0060  0.25673322655877612        4.6646885479908317E-003   1.2008954981993721E-002   7.7405332293153679E-004   4.6758562640624453E-002   1.7299291392850399E-003
 0.0070  0.25697816426671016        4.6514294842384604E-003   1.3986400736573703E-002   8.9519560930867654E-004   5.4452870562619257E-002   2.0020436638584133E-003
 0.0080  0.25726025223694088        4.6362611454348881E-003   1.5952968097057499E-002   1.0128445940759019E-003   6.2102352007021924E-002   2.2669546905891630E-003
 0.0090  0.25757926650251423        4.6192377514664264E-003   1.7907256292534618E-002   1.1265957226853807E-003   6.9701139007634014E-002   2.5238235959432432E-003
 0.0100  0.25793495519101456        4.6004195630788671E-003   1.9847922308679242E-002   1.2360789414229312E-003   7.7243567238671387E-002   2.7718815167907902E-003
 0.0300  0.27215536933364010        3.8335130375079592E-003   5.4372675344676658E-002   2.2975298021434536E-003  0.20986937517339901        5.3291305475008056E-003
 0.0500  0.29691845059647715        3.1839934772335638E-003   7.9461689138909830E-002   1.8261038265578718E-003  0.30022144487351882        4.7185743502430643E-003
 0.0700  0.32825089824037357        2.7487490019286365E-003   9.7396308352200825E-002   1.1520614524429859E-003  0.35573724932554712        3.6469846102015276E-003
 0.0900  0.36356847658477853        2.3663396434905901E-003  0.11099691097725752        7.0249483939175837E-004  0.38878139920455473        2.8136720429620932E-003
 0.1100  0.40125544550147219        2.0989292288048594E-003  0.12199224494949509        4.4378967225187297E-004  0.40827850214191280        2.2610985754038418E-003
 0.1300  0.44035424349990854        1.9029155685246337E-003  0.13132936667114495        2.9511614048099988E-004  0.41962892179718198        1.8736466458380951E-003
 0.1500  0.48029931863433806        1.7493232419835566E-003  0.13953571523756658        2.0620139022572471E-004  0.42598209808696685        1.5830965696764672E-003
 0.1700  0.52074882252000865        1.6214196218810083E-003  0.14691849177391261        1.5062121416178578E-004  0.42918980046253752        1.3543272644976462E-003
 0.1900  0.56149259165167975        1.5101980544128325E-003  0.15366571856695382        1.1445882370009342E-004  0.43036432497169669        1.1685578923256383E-003
 0.2100  0.60240084142607653        1.4109952293624977E-003  0.15989836967018770        9.0048234151887403E-005  0.43019077507937115        1.0148848757563734E-003
 0.2300  0.64339457786899168        1.3214092402109138E-003  0.16569820723844236        7.2982321276332212E-005  0.42910188666790350        8.8634513858780527E-004
 0.2500  0.68442783283697484        1.2401439929192557E-003  0.17112318133126811        6.0647219607290486E-005  0.42737760676394354        7.7807814431536128E-004
 0.2700  0.72547654779013082        1.1664091153132162E-003  0.17621624265243721        5.1453553808548666E-005  0.42520314743682708        6.8644725381147636E-004
 0.2900  0.76653135859440880        1.0996284386677129E-003  0.18101054960936272        4.4410594679713814E-005  0.42270366552122013        6.0860314072765283E-004
 0.3100  0.80759277211924441        1.0393074832065849E-003  0.18553263918146398        3.8883664416229690E-005  0.41996546888034358        5.4225080311795970E-004
 0.3300  0.84866787593180004        9.8498203641814684E-004  0.18980441386445784        3.4454240571776569E-005  0.41704926310736440        4.8551407412980048E-004
 0.3500  0.88976806865529290        9.3620148030993170E-004  0.19384442132721000        3.0838396022613152E-005  0.41399858562660208        4.3684651284037575E-004
 0.3700  0.93090748781917421        8.9252823998589516E-004  0.19766870079081000        2.7838465037075868E-005  0.41084526886652228        3.9496800114186789E-004
 0.3900  0.97210192467743783        8.5354180685410022E-004  0.20129135770903434        2.5313646641161810E-005  0.40761303419587502        3.5881600600786719E-004
 0.4100   1.0133680838678787        8.1884276779291179E-004  0.20472496427443201        2.3161653377357329E-005  0.40431988976706612        3.2750656298200897E-004


