 # triplet j1
 0.0010                       NaN                       NaN   1.0225231449387611E-003   9.3133997626730267E-005                       NaN                       NaN
 0.0020                       NaN                       NaN   2.0450185766252597E-003   1.8624198241389681E-004                       NaN                       NaN
 0.0030                       NaN                       NaN   3.0674590650515638E-003   2.7929853126210623E-004                       NaN                       NaN
 0.0040                       NaN                       NaN   4.0898183415428151E-003   3.7227938685055440E-004                       NaN                       NaN
 0.0050                       NaN                       NaN   5.1120715665654544E-003   4.6516200649344394E-004                       NaN                       NaN
 0.0060                       NaN                       NaN   6.1341957822002042E-003   5.5792607077029277E-004                       NaN                       NaN
 0.0070                       NaN                       NaN   7.1561703443224611E-003   6.5055393954579306E-004                       NaN                       NaN
 0.0080                       NaN                       NaN   8.1779773296652269E-003   7.4303104382158547E-004                       NaN                       NaN
 0.0090                       NaN                       NaN   9.1996019131006228E-003   8.3534620291739561E-004                       NaN                       NaN
 0.0100                       NaN                       NaN   1.0221032710668227E-002   9.2749185763765655E-004                       NaN                       NaN
 0.0300  0.43585270088976613        76.095549825546186        3.0628064209025176E-002   2.7474889458768644E-003   9.8354822299245817E-002   17.171775034442557     
 0.0500  0.39507091032851022        7.9844703269710715E-002   5.1167225917279999E-002   4.3838255737042916E-003  0.18105931911789333        3.7405477373461532E-002
 0.0700  0.37857093114830315        6.2796717743374253E-002   7.1390509414416686E-002   4.7039946182126464E-003  0.26408090218798447        4.4660937863545545E-002
 0.0900  0.38589585646753166        5.0122416692667496E-002   8.9505787744484866E-002   3.3694741048376432E-003  0.32892107179527352        4.3168469355217336E-002
 0.1100  0.40783068744761292        3.9119830691814531E-002  0.10455654669964994        1.9460718374670091E-003  0.37188362396588037        3.5839218763609099E-002
 0.1300  0.43657626341037697        2.9863700975648170E-002  0.11710513217177666        1.3582048718839964E-003  0.39968193456272610        2.7438040824558599E-002
 0.1500  0.46967314365046536        2.2542608184599657E-002  0.12791254194858731        1.2305309483588403E-003  0.41708201651843063        2.0118700394208575E-002
 0.1700  0.50471866287678013        1.7439564499403294E-002  0.13742879259774640        1.1139974830274273E-003  0.42828114999752920        1.4899872410138329E-002
 0.1900  0.54182501650576842        1.3326653962285879E-002  0.14590252652521307        9.4486764567995173E-004  0.43457441241172651        1.0780959935802666E-002
 0.2100  0.58029722230640224        1.0280316011708007E-002  0.15350684979504900        7.6182133557534267E-004  0.43756042263371542        7.8273181175525768E-003
 0.2300  0.61961436524988334        7.6358359835971374E-003  0.16038466304159774        5.9581936165780227E-004  0.43836801202075526        5.4632610772937075E-003
 0.2500  0.65991705579672333        6.4719920520297826E-003  0.16665596401462990        4.5904325666270863E-004  0.43742749659492752        4.3320671837492877E-003
 0.2700  0.70103992090121969        5.5160853497328403E-003  0.17241797251038532        3.5210377213630529E-004  0.43525663197398490        3.4535036329037638E-003
 0.2900  0.74261603644044283        4.7246538381272704E-003  0.17774704933316254        2.7077125380262914E-004  0.43236534137765242        2.7704273413029293E-003
 0.3100  0.78443879361762736        4.0688978642249227E-003  0.18270237387603866        2.0969873852358240E-004  0.42905095872495386        2.2390743210690856E-003
 0.3300  0.82639524676523823        3.5253248924891328E-003  0.18732990925926313        1.6400131627986982E-004  0.42548839420655921        1.8246244984870951E-003
 0.3500  0.86842670831945712        3.0740672189691928E-003  0.19166580766962477        1.2972865927563554E-004  0.42178212464055553        1.4998372696532172E-003
 0.3700  0.91050616044234467        2.6985068686271921E-003  0.19573903218408475        1.0386789579469756E-004  0.41799558017812838        1.2437860432141857E-003
 0.3900  0.95262529176225197        2.3849308261477209E-003  0.19957326881040324        8.4189451767700631E-005  0.41416784572619675        1.0405571813631143E-003
 0.4100  0.99478695126816707        2.1221210724873905E-003  0.20318828702421823        6.9068212897235577E-005  0.41032330179667836        8.7809255702306561E-004


 # triplet j3
 0.0010  0.33752597910283566        8.9800393289240055E-002   1.0225231449387611E-003   9.3133997626730267E-005   4.2368624577972091E-003   1.1436322461636644E-003
 0.0020  0.33751334917809250        8.9809080928226356E-002   2.0450185766252597E-003   1.8624198241389681E-004   8.4739845889940657E-003   2.2876245272324593E-003
 0.0030  0.33749236489457252        8.9823473316976821E-002   3.0674590650515638E-003   2.7929853126210623E-004   1.2711624661283885E-002   3.4323329579667087E-003
 0.0040  0.33746312408740903        8.9843440061039198E-002   4.0898183415428151E-003   3.7227938685055440E-004   1.6950038146264983E-002   4.5781058191343834E-003
 0.0050  0.33742576442495320        8.9868800091519929E-002   5.1120715665654544E-003   4.6516200649344394E-004   2.1189476246636280E-002   5.7252796732527944E-003
 0.0060  0.33738046236168223        8.9899320283793188E-002   6.1341957822002042E-003   5.5792607077029277E-004   2.5430184465444580E-002   6.8741753776062732E-003
 0.0070  0.33732743596874498        8.9934718443326317E-002   7.1561703443224611E-003   6.5055393954579306E-004   2.9672400864489894E-002   8.0250941783347410E-003
 0.0080  0.33726694177710237        8.9974662645736017E-002   8.1779773296652269E-003   7.4303104382158547E-004   3.3916354650546356E-002   9.1783138049611798E-003
 0.0090  0.33719927818493450        9.0018773030742016E-002   9.1996019131006228E-003   8.3534620291739561E-004   3.8162264185471237E-002   1.0334084442407640E-002
 0.0100  0.33712478317139533        9.0066623595111209E-002   1.0221032710668227E-002   9.2749185763765655E-004   4.2410335372111120E-002   1.1492624993105575E-002
 0.0300  0.33508165094987463        9.0830277703748005E-002   3.0628064209025176E-002   2.7474889458768644E-003  0.12793363892990969        3.5150380239036910E-002
 0.0500  0.33673233454216517        8.7259504659049969E-002   5.1167225917279999E-002   4.3838255737042916E-003  0.21242768421578268        5.5794782288225091E-002
 0.0700  0.34809777276767967        7.7000351413636425E-002   7.1390509414416686E-002   4.7039946182126464E-003  0.28719905974954751        6.4230113455906235E-002
 0.0900  0.36940537080531177        6.3167583358084284E-002   8.9505787744484866E-002   3.3694741048376432E-003  0.34360431315318168        5.9110540738488995E-002
 0.1100  0.39759584625256145        4.9338803140943494E-002  0.10455654669964994        1.9460718374670091E-003  0.38145658573146501        4.7468963575967471E-002
 0.1300  0.43002035093901431        3.7408390927140260E-002  0.11710513217177666        1.3582048718839964E-003  0.40577532008193784        3.5377609035094480E-002
 0.1500  0.46515822809877672        2.8001386168067154E-002  0.12791254194858731        1.2305309483588403E-003  0.42113029508034150        2.5431813089737597E-002
 0.1700  0.50220376505945474        2.0975271291594225E-002  0.13742879259774640        1.1139974830274273E-003  0.43042586376566055        1.8061807944947064E-002
 0.1900  0.54066775612886686        1.5862253586414913E-002  0.14590252652521307        9.4486764567995173E-004  0.43550458763042310        1.2854532018588905E-002
 0.2100  0.58019260222144897        1.2166577704174421E-002  0.15350684979504900        7.6182133557534267E-004  0.43763932334429473        9.2412782613433622E-003
 0.2300  0.62049519767146433        9.4841628702973108E-003  0.16038466304159774        5.9581936165780227E-004  0.43774572072983003        6.7400927845747208E-003
 0.2500  0.66135276462005776        7.5185761350245713E-003  0.16665596401462990        4.5904325666270863E-004  0.43647789972314122        4.9983691858819677E-003
 0.2700  0.70259610716372234        6.0612869382957422E-003  0.17241797251038532        3.5210377213630529E-004  0.43429257825317025        3.7727875873515108E-003
 0.2900  0.74410193429890281        4.9674199732901809E-003  0.17774704933316254        2.7077125380262914E-004  0.43150195061731167        2.8992774972178038E-003
 0.3100  0.78578429597474753        4.1361781707621136E-003  0.18270237387603866        2.0969873852358240E-004  0.42831629263497689        2.2679129140971131E-003
 0.3300  0.82758636928139906        3.4968845024007460E-003  0.18732990925926313        1.6400131627986982E-004  0.42487600035195205        1.8048793984321155E-003
 0.3500  0.86947333896380052        2.9994703642686645E-003  0.19166580766962477        1.2972865927563554E-004  0.42127440338321231        1.4602700059233779E-003
 0.3700  0.91142660024602029        2.6080802196601525E-003  0.19573903218408475        1.0386789579469756E-004  0.41757345099114546        1.2000268709107182E-003
 0.3900  0.95343922921150581        2.2967666346434771E-003  0.19957326881040324        8.4189451767700631E-005  0.41381427655305486        1.0006628011502341E-003
 0.4100  0.99551254873427775        2.0465663559469860E-003  0.20318828702421823        6.9068212897235577E-005  0.41002423017930056        8.4580018100009573E-004


