 # triplet j1
 0.0010                       NaN                       NaN   1.0438651728715144E-003   7.3200108995422121E-005                       NaN                       NaN
 0.0020                       NaN                       NaN   2.0876932317164414E-003   1.4637586667761793E-004                       NaN                       NaN
 0.0030                       NaN                       NaN   3.1314575609048567E-003   2.1951103196654576E-004                       NaN                       NaN
 0.0040                       NaN                       NaN   4.1751428566461609E-003   2.9259800740008801E-004                       NaN                       NaN
 0.0050                       NaN                       NaN   5.2187449062663614E-003   3.6563750772515140E-004                       NaN                       NaN
 0.0060                       NaN                       NaN   6.2622702963516259E-003   4.3863811569383687E-004                       NaN                       NaN
 0.0070                       NaN                       NaN   7.3057360508782480E-003   5.1161573083211530E-004                       NaN                       NaN
 0.0080                       NaN                       NaN   8.3491692007376297E-003   5.8459291779823822E-004                       NaN                       NaN
 0.0090                       NaN                       NaN   9.3926062863333749E-003   6.5759816167101622E-004                       NaN                       NaN
 0.0100                       NaN                       NaN   1.0436092795180374E-002   7.3066503809628115E-004                       NaN                       NaN
 0.0300  0.41263966113195677        34.085435408426164        3.1431860954085462E-002   2.2574283321947371E-003  0.10524214821009870        8.6933591748991397     
 0.0500  0.38559653804257110        5.3313928278723610E-002   5.2886942403890233E-002   3.6514535567836802E-003  0.18859974607878360        2.6876964338488088E-002
 0.0700  0.37829696425635290        3.6711909540179881E-002   7.3711130529416857E-002   3.7492936087801278E-003  0.26853302101585852        2.6939868533306339E-002
 0.0900  0.38873913639661484        2.7604126063387545E-002   9.1890275783371000E-002   2.6892639525453576E-003  0.33083600242887234        2.3986083848295741E-002
 0.1100  0.41221386144987548        2.0143818125361319E-002  0.10690894726352228        1.7201524021357663E-003  0.37204525954412448        1.8425608621452969E-002
 0.1300  0.44038382113638658        1.5184686445227991E-002  0.11942117197915229        1.2362763803697569E-003  0.40012527259425007        1.3951135892318745E-002
 0.1500  0.47314912373959372        1.1287184795552208E-002  0.13009802888382696        9.9196302890994215E-004  0.41753986411480420        1.0086993978266765E-002
 0.1700  0.50863138847745260        8.5501171256198855E-003  0.13938420452684402        8.0188856609136883E-004  0.42799932222553205        7.2992663351113315E-003
 0.1900  0.54604271401520754        6.2674288578719933E-003  0.14758365717173272        6.3194701480045990E-004  0.43369490065154409        5.0637700592820276E-003
 0.2100  0.58458884472183514        5.0258555073949386E-003  0.15492143284584861        4.8772832711256820E-004  0.43634486950870011        3.8137270059219186E-003
 0.2300  0.62446196776360696        4.3847173270073654E-003  0.16156726326137705        3.7267333187236137E-004  0.43656569574885107        3.1064609725356194E-003
 0.2500  0.66518942611698717        3.8418800673906037E-003  0.16764779323674306        2.8450448968311072E-004  0.43524980548743269        2.5408207454724876E-003
 0.2700  0.70640688903135196        3.3776221786406117E-003  0.17325674447570974        2.1839240531612686E-004  0.43299913505726750        2.0882557288025966E-003
 0.2900  0.74790459683305843        2.9810477066436751E-003  0.17846371875472131        1.6926916946447392E-004  0.43017261888304803        1.7267041712814150E-003
 0.3100  0.78956374232346405        2.6428267026279055E-003  0.18332114457112178        1.3279838974164328E-004  0.42698727061378922        1.4375545269802749E-003
 0.3300  0.83131887910685198        2.3544495415136293E-003  0.18786935885211511        1.0559466139477920E-004  0.42357693260931245        1.2055401039414288E-003
 0.3500  0.87313644811020941        2.1083474338199639E-003  0.19214016393602038        8.5136038528763235E-005  0.42002581262670341        1.0184890017301744E-003
 0.3700  0.91500237718104016        1.8979502925945920E-003  0.19615926637914641        6.9589522604692689E-005  0.41638785315265037        8.6684778529377371E-004
 0.3900  0.95691472903643782        1.7176414860400537E-003  0.19994794026537513        5.7638711898561205E-005  0.41269815686249584        7.4316877314033452E-004
 0.4100  0.99887921632800369        1.5626687198173029E-003  0.20352416677955409        4.8341890877542876E-005  0.40897987894594734        6.4165813997693155E-004


 # triplet j3
 0.0010  0.33315059091083654        7.2087996510682692E-002   1.0438651728715144E-003   7.3200108995422121E-005   4.3370718207707566E-003   9.5070735467087564E-004
 0.0020  0.33315032875699985        7.2089138775446621E-002   2.0876932317164414E-003   1.4637586667761793E-004   8.6740733657170426E-003   1.9014228939638824E-003
 0.0030  0.33315008652342748        7.2090055597687927E-002   3.1314575609048567E-003   2.1951103196654576E-004   1.3010948562910366E-002   2.8521206948930191E-003
 0.0040  0.33315004878905846        7.2089924793506510E-002   4.1751428566461609E-003   2.9259800740008801E-004   1.7347655226355591E-002   3.8027361738169401E-003
 0.0050  0.33315042330620814        7.2087913813186424E-002   5.2187449062663614E-003   3.6563750772515140E-004   2.1684163091219576E-002   4.7531645637596178E-003
 0.0060  0.33315144237589533        7.2083182306727278E-002   6.2622702963516259E-003   4.3863811569383687E-004   2.6020451595074455E-002   5.7032594779238520E-003
 0.0070  0.33315336436928117        7.2074886065004853E-002   7.3057360508782480E-003   5.1161573083211530E-004   3.0356507393509577E-002   6.6528316823553134E-003
 0.0080  0.33315647268760029        7.2062177934742150E-002   8.3491692007376297E-003   5.8459291779823822E-004   3.4692321881115686E-002   7.6016478709672979E-003
 0.0090  0.33316107862430899        7.2044213287152589E-002   9.3926062863333749E-003   6.5759816167101622E-004   3.9027888197035218E-002   8.5494298270287743E-003
 0.0100  0.33316752030889873        7.2020151679794323E-002   1.0436092795180374E-002   7.3066503809628115E-004   4.3363198381274455E-002   9.4958536000769658E-003
 0.0300  0.33442029851024974        6.9155999186194278E-002   3.1431860954085462E-002   2.2574283321947371E-003  0.12985780040168013        2.7255645486079234E-002
 0.0500  0.34094376517825398        6.0270551727888567E-002   5.2886942403890233E-002   3.6514535567836802E-003  0.21330030518571091        3.8418545536196495E-002
 0.0700  0.35551373445683815        4.7955644743353808E-002   7.3711130529416857E-002   3.7492936087801278E-003  0.28574205946808462        3.9223151218773726E-002
 0.0900  0.37746943751649936        3.6054532873360204E-002   9.1890275783371000E-002   2.6892639525453576E-003  0.34071341701005037        3.2923413517096670E-002
 0.1100  0.40495324503639163        2.6373212007989037E-002  0.10690894726352228        1.7201524021357663E-003  0.37871585164608967        2.4851927359963569E-002
 0.1300  0.43645578070008423        1.9191057687476303E-002  0.11942117197915229        1.2362763803697569E-003  0.40372634358434134        1.7874514378017736E-002
 0.1500  0.47094288344575214        1.4110507549372660E-002  0.13009802888382696        9.9196302890994215E-004  0.41949592567741900        1.2670377485400394E-002
 0.1700  0.50764846185847068        1.0574829624384224E-002  0.13938420452684402        8.0188856609136883E-004  0.42882802940841519        9.0176877438968833E-003
 0.1900  0.54596828365876959        8.1068832309770245E-003  0.14758365717173272        6.3194701480045990E-004  0.43375402508607075        6.5072605645700062E-003
 0.2100  0.58543162284244354        6.3623996367804135E-003  0.15492143284584861        4.8772832711256820E-004  0.43571671432419506        4.7847293602618851E-003
 0.2300  0.62568561914972265        5.1088400159959059E-003  0.16156726326137705        3.7267333187236137E-004  0.43571190559868012        3.5929828316113377E-003
 0.2500  0.66647529580086418        4.1919487884302439E-003  0.16764779323674306        2.8450448968311072E-004  0.43441005263640298        2.7570726644259675E-003
 0.2700  0.70762204270192619        3.5091378936071512E-003  0.17325674447570974        2.1839240531612686E-004  0.43225557358437833        2.1608225498357730E-003
 0.2900  0.74900440061626994        2.9914990774317345E-003  0.17846371875472131        1.6926916946447392E-004  0.42954097309659828        1.7276241554703012E-003
 0.3100  0.79054259328562726        2.5921967902253129E-003  0.18332114457112178        1.3279838974164328E-004  0.42645857436867657        1.4068670068906281E-003
 0.3300  0.83218674614556098        2.2790152560832459E-003  0.18786935885211511        1.0559466139477920E-004  0.42313519467023603        1.1648777589234999E-003
 0.3500  0.87390818228565548        2.0295253038475005E-003  0.19214016393602038        8.5136038528763235E-005  0.41965489462782879        9.7901242665005515E-004
 0.3700  0.91569310945186733        1.8279137177315168E-003  0.19615926637914641        6.9589522604692689E-005  0.41607376044584254        8.3384225873230316E-004
 0.3900  0.95753809552958336        1.6628849127600224E-003  0.19994794026537513        5.7638711898561205E-005  0.41242948640022176        7.1869814123346864E-004
 0.4100  0.99944684986710197        1.5262593572061927E-003  0.20352416677955409        4.8341890877542876E-005  0.40874759976458125        6.2608488809807832E-004


