 # triplet j1
 0.0010                       NaN                       NaN   1.0733034335143137E-003   5.3400662029192849E-005                       NaN                       NaN
 0.0020                       NaN                       NaN   2.1468796356142561E-003   1.0691411640062102E-004                       NaN                       NaN
 0.0030                       NaN                       NaN   3.2210000985957231E-003   1.6065231380085044E-004                       NaN                       NaN
 0.0040                       NaN                       NaN   4.2959337628367409E-003   2.1472551542204058E-004                       NaN                       NaN
 0.0050                       NaN                       NaN   5.3719457425764243E-003   2.6924143325064194E-004                       NaN                       NaN
 0.0060                       NaN                       NaN   6.4492960540186647E-003   3.2430435379433197E-004                       NaN                       NaN
 0.0070                       NaN                       NaN   7.5282383469294240E-003   3.8001424196556463E-004                       NaN                       NaN
 0.0080                       NaN                       NaN   8.6090186412273745E-003   4.3646582361625205E-004                       NaN                       NaN
 0.0090                       NaN                       NaN   9.6918740704693054E-003   4.9374764730415342E-004                       NaN                       NaN
 0.0100                       NaN                       NaN   1.0777031634603234E-002   5.5194112811845207E-004                       NaN                       NaN
 0.0300  0.38893685725596150        80.863435562030261        3.3174955763429104E-002   1.9320377351857657E-003  0.11471011120325257        23.849253686104998     
 0.0500  0.36334830007010255        2.6612751579365785E-002   5.6433778740859121E-002   3.0790187863443804E-003  0.20675043542589663        1.6159295029375065E-002
 0.0700  0.36742151729173900        1.5774411063403059E-002   7.8008463703568953E-002   2.9298860046705027E-003  0.28442665516385396        1.3328298910902786E-002
 0.0900  0.38385313270827609        1.1392985127953748E-002   9.6001862683491562E-002   2.0739870998221091E-003  0.34246089945855701        1.0816648453002261E-002
 0.1100  0.40940897081208344        8.0909081012570262E-003  0.11058462281506955        1.3620894603962432E-003  0.38097927970649487        7.8861885089297912E-003
 0.1300  0.44022603580576253        6.0505288153593828E-003  0.12260773544317935        9.3799716444995993E-004  0.40557379410111033        5.7861259023877423E-003
 0.1500  0.47458060850871064        4.7422416619815905E-003  0.13278133646395879        6.8151355610105596E-004  0.42055147090972050        4.3387327290702231E-003
 0.1700  0.51125111946669410        3.6259466908951424E-003  0.14159851100509310        5.0666271949728636E-004  0.42917511264193597        3.1391906297818361E-003
 0.1900  0.54964458121399884        3.2611713892821124E-003  0.14939782931731604        3.7952411154768781E-004  0.43349290253005957        2.6302930994138618E-003
 0.2100  0.58933968057912256        2.9609214290262087E-003  0.15641274401412938        2.8593902887822845E-004  0.43490562958264839        2.2208912101929811E-003
 0.2300  0.62982306867843274        2.6898395313956999E-003  0.16280487607649588        2.1729966310321376E-004  0.43450427752973619        1.8781939459102432E-003
 0.2500  0.67077704687692097        2.4422943601872696E-003  0.16868729909015201        1.6711646831305777E-004  0.43296022568602005        1.5909266973852274E-003
 0.2700  0.71201080715972498        2.2180217766847115E-003  0.17414064043013824        1.3037712791406315E-004  0.43068561156253776        1.3513034523460643E-003
 0.2900  0.75341121997904359        2.0167290556853275E-003  0.17922388527273822        1.0331848434258126E-004  0.42793701911406096        1.1521225604369306E-003
 0.3100  0.79491277695158424        1.8373725103693111E-003  0.18398147011798380        8.3196533670637203E-005  0.42487718352538795        9.8675436484809169E-004
 0.3300  0.83647975251313900        1.6783467466199953E-003  0.18844789995956007        6.8050768360662572E-005  0.42161124510101333        8.4935606618255185E-004
 0.3500  0.87809545516856535        1.5377623526293559E-003  0.19265075937818416        5.6496473081332479E-005  0.41820830525016495        7.3494888971389340E-004
 0.3700  0.91975555463600600        1.4136600937371029E-003  0.19661269437425755        4.7559447738831433E-005  0.41471449781890740        6.3938474662791379E-004
 0.3900  0.96146381102448519        1.3041474471465167E-003  0.20035273511577412        4.0552775287953676E-005  0.41116107877731700        5.5925671363493234E-004
 0.4100   1.0032292722480449        1.2074748239938879E-003  0.20388719403972583        3.4988665425077044E-005  0.40756952679769176        4.9179080384509626E-004


 # triplet j3
 0.0010  0.32983184723744391        4.8340541875349127E-002   1.0733034335143137E-003   5.3400662029192849E-005   4.4420523261128123E-003   6.6034407559230639E-004
 0.0020  0.32983643796128592        4.8304319784176902E-002   2.1468796356142561E-003   1.0691411640062102E-004   8.8845454258863130E-003   1.3198082881222563E-003
 0.0030  0.32984416223138258        4.8244068812297161E-002   3.2210000985957231E-003   1.6065231380085044E-004   1.3327914319783687E-002   1.9775160649197314E-003
 0.0040  0.32985512951866330        4.8159966007771053E-002   4.2959337628367409E-003   2.1472551542204058E-004   1.7772582531501172E-002   2.6325973326126323E-003
 0.0050  0.32986949117381531        4.8052258372382597E-002   5.3719457425764243E-003   2.6924143325064194E-004   2.2218956475673148E-002   3.2841917666623578E-003
 0.0060  0.32988744046480545        4.7921259232415227E-002   6.4492960540186647E-003   3.2430435379433197E-004   2.6667419852358185E-002   3.9314517738697173E-003
 0.0070  0.32990921022035474        4.7767347580336524E-002   7.5282383469294240E-003   3.8001424196556463E-004   3.1118328278533954E-002   4.5735455563860015E-003
 0.0080  0.32993507044359427        4.7590963557194679E-002   8.6090186412273745E-003   4.3646582361625205E-004   3.5572004133135743E-002   5.2096598045477853E-003
 0.0090  0.32996532769539699        4.7392605513179357E-002   9.6918740704693054E-003   4.9374764730415342E-004   4.0028731406911842E-002   5.8390022517855172E-003
 0.0100  0.33000032179587102        4.7172827482436737E-002   1.0777031634603234E-002   5.5194112811845207E-004   4.4488750998061655E-002   6.4608042125636729E-003
 0.0300  0.33239469196051713        3.9430512067926915E-002   3.3174955763429104E-002   1.9320377351857657E-003  0.13422293203218305        1.6394955589854546E-002
 0.0500  0.34043686263739598        2.9470695696357709E-002   5.6433778740859121E-002   3.0790187863443804E-003  0.22066476194373516        2.0028399410276395E-002
 0.0700  0.35586517152852043        2.0994299922397576E-002   7.8008463703568953E-002   2.9298860046705027E-003  0.29366311052482991        1.8181239809417403E-002
 0.0900  0.37825615451128486        1.4831508544990957E-002   9.6001862683491562E-002   2.0739870998221091E-003  0.34752822265933353        1.4134279539723881E-002
 0.1100  0.40631832775604837        1.0645052727410906E-002  0.11058462281506955        1.3620894603962432E-003  0.38387718237266522        1.0331256154177782E-002
 0.1300  0.43865185251881450        7.8623850428667617E-003  0.12260773544317935        9.3799716444995993E-004  0.40702927065873112        7.4598707368685136E-003
 0.1500  0.47404057748444950        6.0028623232163949E-003  0.13278133646395879        6.8151355610105596E-004  0.42103056669260708        5.4399705137208806E-003
 0.1700  0.51153957677361050        4.7372524007192347E-003  0.14159851100509310        5.0666271949728636E-004  0.42893310067881657        4.0456998562570590E-003
 0.1900  0.55046293904812149        3.8554639252227256E-003  0.14939782931731604        3.7952411154768781E-004  0.43284844077313278        3.0811366683442267E-003
 0.2100  0.59033239245567215        3.2249973842703333E-003  0.15641274401412938        2.8593902887822845E-004  0.43417428570048561        2.4048738849369450E-003
 0.2300  0.63082230934101380        2.7616014787577368E-003  0.16280487607649588        2.1729966310321376E-004  0.43381601027009109        1.9210915307856602E-003
 0.2500  0.67171463054259939        2.4111904069800015E-003  0.16868729909015201        1.6711646831305777E-004  0.43235589697702093        1.5666940742470096E-003
 0.2700  0.71286567030536407        2.1387982011989042E-003  0.17414064043013824        1.3037712791406315E-004  0.43016913661919515        1.3006359389467199E-003
 0.2900  0.75418282661401137        1.9216499057858394E-003  0.17922388527273822        1.0331848434258126E-004  0.42749919550996324        1.0962109612203154E-003
 0.3100  0.79560857433899446        1.7447384554240650E-003  0.18398147011798380        8.3196533670637203E-005  0.42450560830133660        9.3585904461701585E-004
 0.3300  0.83710952451759379        1.5980033545976227E-003  0.18844789995956007        6.8050768360662572E-005  0.42129405965376737        8.0782021543615221E-004
 0.3500  0.87866892163530230        1.4745472783784103E-003  0.19265075937818416        5.6496473081332479E-005  0.41793536007904686        7.0403466567912269E-004
 0.3700  0.92028145879536083        1.3695156099822355E-003  0.19661269437425755        4.7559447738831433E-005  0.41447750501929886        6.1883789957743946E-004
 0.3900  0.96194966893013722        1.2793961473465613E-003  0.20035273511577412        4.0552775287953676E-005  0.41095341109253830        5.4814941457944917E-004
 0.4100   1.0036814005591048        1.2015772153172370E-003  0.20388719403972583        3.4988665425077044E-005  0.40738592897303555        4.8896125433449031E-004


