 # triplet j1
 0.0010  0.13244769744455762        9.3841858744314610E-003   3.4659711795507384        2.8426404591390415E-002  0.62861256659022757        4.4613002180759191E-002
 0.0020  0.13694108292938911        7.9576050809904136E-003   1.7542762874019688        1.4214664916166632E-002  0.61170951266638574        3.5632544854549898E-002
 0.0030  0.14112164764114574        6.8933135876698207E-003   1.1848735715519869        9.5233482449989040E-003  0.59747259972074118        2.9283113262457479E-002
 0.0040  0.14544807767789650        6.0991731824663947E-003  0.90070463048480964        7.1769256017394359E-003  0.58361736502980410        2.4583431329913634E-002
 0.0050  0.14998506848276666        5.4659709908552586E-003  0.73057563106634305        5.7609173589156862E-003  0.56988150847223651        2.0889628247504743E-002
 0.0060  0.15458101192549237        4.9428256401805809E-003  0.61745007137350960        4.8085595521459015E-003  0.55684637863176345        1.7937053240567859E-002
 0.0070  0.15910684629849112        4.5051509199440917E-003  0.53688746245356556        4.1210514534884002E-003  0.54489996680252473        1.5570064526001530E-002
 0.0080  0.16349251934881331        4.1355908565368759E-003  0.47666834894368032        3.5994667741490495E-003  0.53415864665187107        1.3661385839056801E-002
 0.0090  0.16771145482846528        3.8202422995254927E-003  0.43000482788142125        3.1890596436567652E-003  0.52457814386297164        1.2106484858821440E-002
 0.0100  0.17176200609536918        3.5482970754993673E-003  0.39282490093700756        2.8570674810385038E-003  0.51604479130147596        1.0824482163692917E-002
 0.0300  0.23431656750060728        1.6303539720682475E-003  0.17904321619459548        8.0736928696360983E-004  0.44233526401773471        3.2352856996641362E-003
 0.0500  0.28443267753371626        1.3796358109396108E-003  0.14590100432758280        4.3172723854595872E-004  0.42466811175202612        2.1535391089926004E-003
 0.0700  0.33029569822933219        1.2748999723125264E-003  0.13783909421782797        2.8601035558576348E-004  0.42057873037742793        1.6809998202224942E-003
 0.0900  0.37410314439882136        1.1857866098862117E-003  0.13758117808561229        2.0879103123340662E-004  0.42065340238357490        1.3710091367356697E-003
 0.1100  0.41673292647460913        1.1061388552119440E-003  0.14045465381981767        1.6089839210685410E-004  0.42181458424956264        1.1453987429577031E-003
 0.1300  0.45860020208440344        1.0351534496061555E-003  0.14471105757695307        1.2851950750824496E-004  0.42296388933424667        9.7301441022846634E-004
 0.1500  0.49993640887754442        9.7128754952721511E-004  0.14957506837058196        1.0543791748486983E-004  0.42371658766120246        8.3664284417464486E-004
 0.1700  0.54088897483888820        9.1320924390256785E-004  0.15466656738847329        8.8363647728391452E-005  0.42396455835273289        7.2597322246076106E-004
 0.1900  0.58156119440391862        8.6005420719538353E-004  0.15978737042510247        7.5362143287078479E-005  0.42370891649698283        6.3452750541342982E-004
 0.2100  0.62203031014332710        8.1130325586735268E-004  0.16483051053455106        6.5216715343952063E-005  0.42299175260741456        5.5801084707395813E-004
 0.2300  0.66235674839039471        7.6662406673094427E-004  0.16973764118641962        5.7128153584760828E-005  0.42186746342683418        4.9341135518342328E-004
 0.2500  0.70258935887882557        7.2576532950501308E-004  0.17447753118991774        5.0555518083901388E-005  0.42039078533334157        4.3850818278334179E-004
 0.2700  0.74276865385610713        6.8850045739611836E-004  0.17903458881802495        4.5124201038359107E-005  0.41861210631164031        3.9159708031499102E-004
 0.2900  0.78292894892620213        6.5460303315923807E-004  0.18340246324634807        4.0569618716315883E-005  0.41657598267450385        3.5133138264809575E-004
 0.3100  0.82309984970060213        6.2384066681781360E-004  0.18758034770072107        3.6701357911925967E-005  0.41432104237041123        3.1662566822266943E-004
 0.3300  0.86330732224584472        5.9597724063697674E-004  0.19157078001051797        3.3379893155340635E-005  0.41188044861012529        2.8659366864153957E-004
 0.3500  0.90357448689645259        5.7077757681118320E-004  0.19537830191990518        3.0501086121450996E-005  0.40928254711348577        2.6050540775031015E-004
 0.3700  0.94392221897907902        5.4801370056157650E-004  0.19900862548815706        2.7985876104468893E-005  0.40655153098855651        2.3775668524571178E-004
 0.3900  0.98436961342534846        5.2746876501064935E-004  0.20246810661364079        2.5773155807520249E-005  0.40370805349605959        2.1784530318448260E-004
 0.4100   1.0249343497632288        5.0894103924537318E-004  0.20576340875678262        2.3814954575347809E-005  0.40076976583803914        2.0035297568309882E-004


 # triplet j3
 0.0010  0.23471597104093392        3.6535270133654020E-002   3.4659711795507384        2.8426404591390415E-002  0.35471930887510522        5.5233831496329988E-002
 0.0020  0.22762761814745791        3.7916559218014644E-002   1.7542762874019688        1.4214664916166632E-002  0.36800527011831419        6.1317780262785643E-002
 0.0030  0.22181454860189298        3.6552874617344397E-002   1.1848735715519869        9.5233482449989040E-003  0.38012077307137548        6.2658820619538022E-002
 0.0040  0.21770949293642314        3.4623029669293509E-002  0.90070463048480964        7.1769256017394359E-003  0.38990501837149177        6.2027283769733980E-002
 0.0050  0.21463684367450836        3.2458709243810960E-002  0.73057563106634305        5.7609173589156862E-003  0.39822481365263457        6.0242480027110093E-002
 0.0060  0.21226150081839254        3.0201389274961084E-002  0.61745007137350960        4.8085595521459015E-003  0.40552750434752965        5.7721628827853352E-002
 0.0070  0.21049225893754417        2.7985159452498215E-002  0.53688746245356556        4.1210514534884002E-003  0.41187887717916716        5.4782525872631355E-002
 0.0080  0.20928145455783878        2.5893751245789381E-002  0.47666834894368032        3.5994667741490495E-003  0.41728944907027798        5.1653975180777641E-002
 0.0090  0.20857062395202489        2.3961994013195414E-002  0.43000482788142125        3.1890596436567652E-003  0.42181282297315009        4.8485926235214513E-002
 0.0100  0.20829506401298564        2.2196509988756007E-002  0.39282490093700756        2.8570674810385038E-003  0.42553523295915346        4.5372632720777857E-002
 0.0300  0.24100648707255959        7.0856485405917779E-003  0.17904321619459548        8.0736928696360983E-004  0.43005680887712261        1.2680899218250269E-002
 0.0500  0.28698159182535993        3.5178852967735507E-003  0.14590100432758280        4.3172723854595872E-004  0.42089629275706852        5.1968863935199392E-003
 0.0700  0.33177213220357732        2.2033291301385640E-003  0.13783909421782797        2.8601035558576348E-004  0.41870709419674629        2.8143988697492193E-003
 0.0900  0.37517464184506588        1.6310192759559736E-003  0.13758117808561229        2.0879103123340662E-004  0.41945201775856017        1.8510767565444832E-003
 0.1100  0.41758609297976107        1.3430524745132108E-003  0.14045465381981767        1.6089839210685410E-004  0.42095277855077046        1.3751826991229713E-003
 0.1300  0.45930323838174203        1.1727016761517864E-003  0.14471105757695307        1.2851950750824496E-004  0.42231647616182239        1.0944526625646790E-003
 0.1500  0.50052400773974481        1.0561111523217396E-003  0.14957506837058196        1.0543791748486983E-004  0.42321915820536182        9.0536985857523049E-004
 0.1700  0.54138440269250721        9.6774687234493892E-004  0.15466656738847329        8.8363647728391452E-005  0.42357658291400474        7.6676768416445926E-004
 0.1900  0.58198237765428840        8.9659818786280547E-004  0.15978737042510247        7.5362143287078479E-005  0.42340227645853334        6.5988830941222779E-004
 0.2100  0.62239167574249643        8.3735510117232835E-004  0.16483051053455106        6.5216715343952063E-005  0.42274616020301375        5.7487130586279182E-004
 0.2300  0.66266997016435292        7.8708826893600576E-004  0.16973764118641962        5.7128153584760828E-005  0.42166806088677788        5.0583942349013045E-004
 0.2500  0.70286383715402900        7.4395926636922993E-004  0.17447753118991774        5.0555518083901388E-005  0.42022661678237877        4.4894384633238648E-004
 0.2700  0.74301192037008379        7.0669190265392238E-004  0.17903458881802495        4.5124201038359107E-005  0.41847505022274190        4.0149762949841797E-004
 0.2900  0.78314702352659094        6.7433782960334815E-004  0.18340246324634807        4.0569618716315883E-005  0.41645998320285388        3.6154388596881538E-004
 0.3100  0.82329754723143334        6.4616166776436748E-004  0.18758034770072107        3.6701357911925967E-005  0.41422155191605059        3.2761583742607858E-004
 0.3300  0.86348850645856401        6.2157901642255172E-004  0.19157078001051797        3.3379893155340635E-005  0.41179402448952873        2.9859152619762677E-004
 0.3500  0.90374227465623380        6.0011721126581197E-004  0.19537830191990518        3.0501086121450996E-005  0.40920656018267210        2.7359868226468469E-004
 0.3700  0.94407914165301554        5.8139043501928903E-004  0.19900862548815706        2.7985876104468893E-005  0.40648395492366857        2.5195059939755852E-004
 0.3900  0.98451774221098687        5.6508009766316079E-004  0.20246810661364079        2.5773155807520249E-005  0.40364731230151035        2.3310009089819942E-004
 0.4100   1.0250753923371376        5.5092186321749510E-004  0.20576340875678262        2.3814954575347809E-005  0.40071462296782573        2.1660701713639409E-004


