# triplet j1 / nf 2 / mode 2 / nplat  5 / jkb  20 / start     1 / nmeas 30000
 0.0010   6.8469437451917714E-003   2.2041049310491943E-004   3.1154697736879237E-003   1.1132580964018486E-004  0.36456922847964218        1.3422295505769172E-002
 0.0020   1.3670668172850320E-002   4.3538471368337588E-004   6.2205524020549430E-003   2.2129877017722902E-004  0.36488392450119284        1.3310531870987963E-002
 0.0030   2.0453884367204220E-002   6.4622580922963193E-004   9.3050495990509678E-003   3.2860562738106994E-004  0.36530799320195440        1.3221837445247577E-002
 0.0040   2.7176286435864078E-002   8.4963549619552646E-004   1.2359133312405351E-002   4.3201018865662405E-004  0.36588861028530484        1.3105183020178114E-002
 0.0050   3.3819440239770508E-002   1.0434120761702013E-003   1.5373512636826800E-002   5.3038671534736683E-004  0.36662336521561045        1.2959167920669389E-002
 0.0060   4.0366491370903437E-002   1.2256902332729118E-003   1.8339580253532408E-002   6.2274763530298404E-004  0.36750590053266485        1.2784960968188715E-002
 0.0070   4.6802409150761129E-002   1.3949560357244075E-003   2.1249533706856050E-002   7.0826442942679968E-004  0.36852801773048061        1.2584500569597262E-002
 0.0080   5.3114147575952182E-002   1.5500614981100399E-003   2.4096468382682930E-002   7.8628106993962159E-004  0.36968044099055059        1.2360104813157101E-002
 0.0090   5.9290755204623818E-002   1.6902129551944201E-003   2.6874440696238126E-002   8.5631991970900961E-004  0.37095308544521632        1.2114241490783795E-002
 0.0100   6.5323430548020006E-002   1.8149759077990399E-003   2.9578501590166742E-002   9.1808048977511840E-004  0.37233520224207450        1.1849548586184035E-002
 0.0200  0.11714688335693139        2.3014208586716440E-003   5.2123665196304007E-002   1.1142512052864496E-003  0.38977746797235602        8.7173832102946883E-003
 0.0400  0.18736038880255587        1.6002091103182400E-003   7.8216868049370572E-002   5.9309146846844103E-004  0.42219921893825696        3.9452379522959234E-003
 0.0600  0.24128338815964678        1.0266402664616111E-003   9.3560239471250570E-002   2.5634719196836924E-004  0.43914593062668922        1.9629914000777781E-003
 0.0800  0.29100842493864093        7.5055514982054873E-004  0.10532699831374495        1.2634933731354398E-004  0.44609184371279076        1.1812410207807848E-003
 0.1000  0.33876712644401658        6.1399381383828091E-004  0.11538581924043945        7.4726086030932624E-005  0.44842514422811852        8.2561119135824194E-004
 0.1200  0.38504365979401139        5.3497766407628318E-004  0.12436183253041339        5.1753052495908795E-005  0.44868257199435524        6.3034918510028785E-004
 0.1400  0.43009646755821895        4.8264652445428977E-004  0.13253759133123955        4.0024212584299619E-005  0.44790166500099160        5.0715663574806751E-004
 0.1600  0.47415480261328685        4.4643574418667535E-004  0.14007111693995375        3.3036331045630782E-005  0.44650788359912569        4.2368974534356599E-004
 0.1800  0.51742317905865376        4.2200295648935938E-004  0.14706392606343580        2.8215815607606064E-005  0.44469111100210928        3.6518393552402635E-004
 0.2000  0.56007461147364601        4.0680062308705902E-004  0.15358745664903237        2.4504016208128529E-005  0.44254963178153817        3.2337120086418800E-004
 0.2200  0.60225084874654156        3.9904318079967620E-004  0.15969524591183895        2.1449912362452831E-005  0.44014412698559191        2.9312771574118210E-004
 0.2400  0.64406640040208840        3.9740646449680527E-004  0.16542930225606456        1.8851043213569783E-005  0.43751827106272573        2.7110914215804191E-004
 0.2600  0.68561350249880060        4.0084404786063670E-004  0.17082375884154921        1.6607270091640377E-005  0.43470681299482883        2.5502833381068301E-004
 0.2800  0.72696682256116796        4.0848338850143936E-004  0.17590711339246906        1.4660452106355664E-005  0.43173884323739581        2.4326068812088276E-004
 0.3000  0.76818744271319117        4.1959167086337410E-004  0.18070367356911082        1.2970029520548996E-005  0.42863922627001894        2.3463183954957972E-004
 0.3200  0.80932601750943700        4.3356245053703945E-004  0.18523452931093537        1.1503229262906251E-005  0.42542935971427553        2.2828843446655035E-004
 0.3400  0.85042519072348055        4.4990122050267358E-004  0.18951823048001604        1.0231505905140120E-005  0.42212768558682201        2.2360911190941421E-004
 0.3600  0.89152141857321809        4.6820633773502846E-004  0.19357127393757384        9.1295240992069419E-006  0.41875009724158013        2.2013941546019788E-004
 0.3800  0.93264633995556401        4.8815161873765956E-004  0.19740846339085960        8.1744923665475304E-006  0.41531028837613831        2.1754542604515042E-004
 0.4000  0.97382781809736707        5.0947010040153088E-004  0.20104318186678147        7.3461765964998039E-006  0.41182005449470016        2.1558010756330136E-004


# triplet j3 / nf 2 / mode 2 / nplat  5 / jkb  20 / start     1 / nmeas 30000
 0.0010  0.13097571025444041        2.7320674925141587E-003   3.1154697736879237E-003   1.1132580964018486E-004   1.9058381082865315E-002   5.2343914295805945E-004
 0.0020  0.13115369698277385        2.7276311302136245E-003   6.2205524020549430E-003   2.2129877017722902E-004   3.8033293519117058E-002   1.0408390397712445E-003
 0.0030  0.13144950927781421        2.7202954670919755E-003   9.3050495990509678E-003   3.2860562738106994E-004   5.6842870638462745E-002   1.5463452291564087E-003
 0.0040  0.13186191431940714        2.7101429503123536E-003   1.2359133312405351E-002   4.3201018865662405E-004   7.5408382534533150E-002   2.0344609433379257E-003
 0.0050  0.13238921283418767        2.6972891462152980E-003   1.5373512636826800E-002   5.3038671534736683E-004   9.3655644028506735E-002   2.5002028028166100E-003
 0.0060  0.13302926974185014        2.6818731058079323E-003   1.8339580253532408E-002   6.2274763530298404E-004  0.11151623842930065        2.9392244928457818E-003
 0.0070  0.13377954153475963        2.6640620709333183E-003   2.1249533706856050E-002   7.0826442942679968E-004  0.12892852577805700        3.3479147645849605E-003
 0.0080  0.13463712162639774        2.6440395492098906E-003   2.4096468382682930E-002   7.8628106993962159E-004  0.14583839331622625        3.7234507093517858E-003
 0.0090  0.13559877875704668        2.6220062544668500E-003   2.6874440696238126E-002   8.5631991970900961E-004  0.16219975418022894        4.0638231130690310E-003
 0.0100  0.13666099825135730        2.5981769363283731E-003   2.9578501590166742E-002   9.1808048977511840E-004  0.17797479189715762        4.3678271588104877E-003
 0.0200  0.15193081590939109        2.3080706548158103E-003   5.2123665196304007E-002   1.1142512052864496E-003  0.30053952716840021        5.5825100141212213E-003
 0.0400  0.19640684404426384        1.8461660958625026E-003   7.8216868049370572E-002   5.9309146846844103E-004  0.40275281748623715        4.0821056866673019E-003
 0.0600  0.24550599488719338        1.6594384228931554E-003   9.3560239471250570E-002   2.5634719196836924E-004  0.43159279302656250        2.9765624527270649E-003
 0.0800  0.29411220558109147        1.5863402239929233E-003  0.10532699831374495        1.2634933731354398E-004  0.44138421443730635        2.3953497058453554E-003
 0.1000  0.34136320782099849        1.5388480794638617E-003  0.11538581924043945        7.4726086030932624E-005  0.44501485237700755        2.0112732069685669E-003
 0.1200  0.38725319585034967        1.4855872773701646E-003  0.12436183253041339        5.1753052495908795E-005  0.44612254064717627        1.7139384451518333E-003
 0.1400  0.43197507455190648        1.4245993371316537E-003  0.13253759133123955        4.0024212584299619E-005  0.44595379520496697        1.4722400521875400E-003
 0.1600  0.47576260421137434        1.3673624753677868E-003  0.14007111693995375        3.3036331045630782E-005  0.44499894598516732        1.2800225461582933E-003
 0.1800  0.51882574131274939        1.3223717326148084E-003  0.14706392606343580        2.8215815607606064E-005  0.44348895984159575        1.1311553373078900E-003
 0.2000  0.56133135801443279        1.2909869135030393E-003  0.15358745664903237        2.4504016208128529E-005  0.44155882178860417        1.0161368287436581E-003
 0.2200  0.60340841473745588        1.2711074217742141E-003  0.15969524591183895        2.1449912362452831E-005  0.43929976376483554        9.2587521528864297E-004
 0.2400  0.64515819132512287        1.2601407445909326E-003  0.16542930225606456        1.8851043213569783E-005  0.43677786586686690        8.5348944181784655E-004
 0.2600  0.68666225813809900        1.2559590317713085E-003  0.17082375884154921        1.6607270091640377E-005  0.43404287491440197        7.9417870803696715E-004
 0.2800  0.72798766036978646        1.2569692330165177E-003  0.17590711339246906        1.4660452106355664E-005  0.43113342729613924        7.4462698196943976E-004
 0.3000  0.76919036675805985        1.2620014409762056E-003  0.18070367356911082        1.2970029520548996E-005  0.42808033655275429        7.0251429000532716E-004
 0.3200  0.81031767766387197        1.2701873503676744E-003  0.18523452931093537        1.1503229262906251E-005  0.42490872273919222        6.6618263003407512E-004
 0.3400  0.85141004715654434        1.2808785445909971E-003  0.18951823048001604        1.0231505905140120E-005  0.42163939540500783        6.3442495844297339E-004
 0.3600  0.89250247224697088        1.2935801535267164E-003  0.19357127393757384        9.1295240992069419E-006  0.41828980011741762        6.0634341615831524E-004
 0.3800  0.93362561929958809        1.3079146947371648E-003  0.19740846339085960        8.1744923665475304E-006  0.41487466966735381        5.8126075956282540E-004
 0.4000  0.97480667505942564        1.3235862058741657E-003  0.20104318186678147        7.3461765964998039E-006  0.41140652334255362        5.5865568713373568E-004


