# triplet j1 / nf 1 / mode 2 / nplat  5 / jkb  20 / start     1 / nmeas 30000
 0.0010   3.4637770502612783E-002   8.3824061244821483E-004   7.3777674035583760E-002   1.9987708973962172E-003  0.35069336321413191        9.7259147240028147E-003
 0.0020   4.8842688138164017E-002   1.1075566179334295E-003   7.4308044335118062E-002   1.8736850387405209E-003  0.35297858141515759        9.1580847227686561E-003
 0.0030   5.9589519720352202E-002   1.2644475726087388E-003   7.4837832967804829E-002   1.7571414733299593E-003  0.35560375789105819        8.6235054073279006E-003
 0.0040   6.8512886719782423E-002   1.3604051562889742E-003   7.5366979967143810E-002   1.6485321464279809E-003  0.35839610695940732        8.1244519798683405E-003
 0.0050   7.6258526269244356E-002   1.4179200296197921E-003   7.5895428508728685E-002   1.5472933837181839E-003  0.36125960322191342        7.6603302871452580E-003
 0.0060   8.3164498190485381E-002   1.4494881381897121E-003   7.6423124814231816E-002   1.4529025905609171E-003  0.36413719907243758        7.2291394978686568E-003
 0.0070   8.9435803554142726E-002   1.4629093309591937E-003   7.6950018051356928E-002   1.3648752020533933E-003  0.36699231289179424        6.8284844144689489E-003
 0.0080   9.5208658266112217E-002   1.4634199542722349E-003   7.7476060231086927E-002   1.2827618639363212E-003  0.36980034373356691        6.4560592318375232E-003
 0.0090  0.10057932433612404        1.4546733546871207E-003   7.8001206103150242E-002   1.2061458269942294E-003  0.37254453570055268        6.1096646284179122E-003
 0.0100  0.10561888307399128        1.4392986203418012E-003   7.8525413050666501E-002   1.1346405377718641E-003  0.37521357464988292        5.7872818944820804E-003
 0.0200  0.14571550429976346        1.1772600236266849E-003   8.3708141090608562E-002   6.3322891419383825E-004  0.39710749208310209        3.5424840267249827E-003
 0.0400  0.20582909275953701        7.9495716856227134E-004   9.3684598510336364E-002   2.3522554312015276E-004  0.42060296867401459        1.7081245342683640E-003
 0.0600  0.25813179041104140        6.0602284227652327E-004  0.10309108801597168        1.1424496028094005E-004  0.43088332847884769        1.0393887780836147E-003
 0.0800  0.30697784673447709        4.9883606807857577E-004  0.11193478825898408        7.1764920121117833E-005  0.43594881039584943        7.2206552368572145E-004
 0.1000  0.35357049928309076        4.3066107181311111E-004  0.12024860584969614        5.3615592379298359E-005  0.43861047661032132        5.4311751209460985E-004
 0.1200  0.39854147239646631        3.8429863220164367E-004  0.12807023274844090        4.3531566285561622E-005  0.43990226620333067        4.3071935900421441E-004
 0.1400  0.44231727306681762        3.5205845531524588E-004  0.13543596124951551        3.6584417601651509E-005  0.44026292381568777        3.5543256215776276E-004
 0.1600  0.48520558822499665        3.3004898284570515E-004  0.14237907955408974        3.1213528446040867E-005  0.43991856048846972        3.0310399952058651E-004
 0.1800  0.52743316075699831        3.1604618257165604E-004  0.14892970407837744        2.6846796394777646E-005  0.43901007021846516        2.6602097789808055E-004
 0.2000  0.56916951876400823        3.0864275046744982E-004  0.15511503475422042        2.3220489277925878E-005  0.43763828657162163        2.3956754356246071E-004
 0.2200  0.61054334729419479        3.0685531387729891E-004  0.16095969696923237        2.0180306124522080E-005  0.43588147087611251        2.2076880815548360E-004
 0.2400  0.65165396280961685        3.0992357080827454E-004  0.16648606496096482        1.7618606180830378E-005  0.43380297127282563        2.0758761957278792E-004
 0.2600  0.69257937674517545        3.1720249763528806E-004  0.17171454123521457        1.5452635166799833E-005  0.43145514632866411        1.9855848654028201E-004
 0.2800  0.73338198644876007        3.2811741558330036E-004  0.17666379211621699        1.3615630268063386E-005  0.42888173312696642        1.9259347831261479E-004
 0.3000  0.77411261103090145        3.4214466557362189E-004  0.18135094604266577        1.2052776505522157E-005  0.42611948684270784        1.8886916429996571E-004
 0.3200  0.81481339156105625        3.5881053761252474E-004  0.18579176163352870        1.0718682749561622E-005  0.42319941163139679        1.8675914021700675E-004
 0.3400  0.85551989233279668        3.7769526823030759E-004  0.19000077139610749        9.5757541846611462E-006  0.42014773472892308        1.8578890544466775E-004
 0.3600  0.89626264212241591        3.9843176009834248E-004  0.19399140566752712        8.5928353064477002E-006  0.41698669561778706        1.8560050633410757E-004
 0.3800  0.93706828834705680        4.2070645352953968E-004  0.19777610032870929        7.7440976853447078E-006  0.41373518875590309        1.8592719912179458E-004
 0.4000  0.97796046119160196        4.4425388213293021E-004  0.20136639103573403        7.0081458755802747E-006  0.41040929681796606        1.8657160009286178E-004


# triplet j3 / nf 1 / mode 2 / nplat  5 / jkb  20 / start     1 / nmeas 30000
 0.0010  0.13915787590856540        1.2704907436440140E-003   7.3777674035583760E-002   1.9987708973962172E-003   8.7291043733535786E-002   1.4259353688149999E-003
 0.0020  0.13887446851497603        1.1587198311931077E-003   7.4308044335118062E-002   1.8736850387405209E-003  0.12414393340884609        1.8768610267610700E-003
 0.0030  0.13893681174458616        1.1228000433641076E-003   7.4837832967804829E-002   1.7571414733299593E-003  0.15251722619369998        2.1737220126299413E-003
 0.0040  0.13924174561880026        1.0110348390910333E-003   7.5366979967143810E-002   1.6485321464279809E-003  0.17634619393629281        2.3150003315045701E-003
 0.0050  0.13986728917601821        9.9809245672272920E-004   7.5895428508728685E-002   1.5472933837181839E-003  0.19696617489773069        2.4508771849926633E-003
 0.0060  0.14072012420613220        8.9326850339508052E-004   7.6423124814231816E-002   1.4529025905609171E-003  0.21520225059628312        2.4598321373341466E-003
 0.0070  0.14189911851798656        8.0381539797236517E-004   7.6950018051356928E-002   1.3648752020533933E-003  0.23130695063134288        2.4341201244975760E-003
 0.0080  0.14356968278632237        9.1225976508845646E-004   7.7476060231086927E-002   1.2827618639363212E-003  0.24523418781680434        2.5592332657873649E-003
 0.0090  0.14296114847275587        1.1739460572575029E-003   7.8001206103150242E-002   1.2061458269942294E-003  0.26210112387994244        2.9561532285373843E-003
 0.0100  0.14425564577825598        1.1748876324128639E-003   7.8525413050666501E-002   1.1346405377718641E-003  0.27471811210520924        2.9908775584236331E-003
 0.0200  0.16289311783997062        1.1534838678331231E-003   8.3708141090608562E-002   6.3322891419383825E-004  0.35523120459239399        2.8518251795644827E-003
 0.0400  0.21155168447515693        1.0267007645669527E-003   9.3684598510336364E-002   2.3522554312015276E-004  0.40922542247261945        2.0514207067095025E-003
 0.0600  0.26122133971930817        9.4229096298344302E-004  0.10309108801597168        1.1424496028094005E-004  0.42578713193198070        1.5539354473210539E-003
 0.0800  0.30907477373404002        8.9588786019788801E-004  0.11193478825898408        7.1764920121117833E-005  0.43299110271915292        1.2627251578878930E-003
 0.1000  0.35514977894964983        8.6866947426536383E-004  0.12024860584969614        5.3615592379298359E-005  0.43666006400046675        1.0724647045613120E-003
 0.1200  0.39980985811212727        8.5523470858954952E-004  0.12807023274844090        4.3531566285561622E-005  0.43850668843200241        9.4096709107277694E-004
 0.1400  0.44339193335011934        8.5376675453690881E-004  0.13543596124951551        3.6584417601651509E-005  0.43919584739221706        8.4776486338285478E-004
 0.1600  0.48616037242522708        8.6198212885017127E-004  0.14237907955408974        3.1213528446040867E-005  0.43905459189957141        7.7994790216416045E-004
 0.1800  0.52831573347567007        8.7734618126656218E-004  0.14892970407837744        2.6846796394777646E-005  0.43827668620839988        7.2889429854220496E-004
 0.2000  0.57001057108050912        8.9765169635101522E-004  0.15511503475422042        2.3220489277925878E-005  0.43699254996008335        6.8895200973655526E-004
 0.2200  0.61136249961603850        9.2120188464935634E-004  0.16095969696923237        2.0180306124522080E-005  0.43529744205664606        6.5647418464188738E-004
 0.2400  0.65246366166782666        9.4677680947153362E-004  0.16648606496096482        1.7618606180830378E-005  0.43326462746739475        6.2911937369928986E-004
 0.2600  0.69338745428682824        9.7354107504759051E-004  0.17171454123521457        1.5452635166799833E-005  0.43095232613510104        6.0538328716492121E-004
 0.2800  0.73419329543965250        1.0009394231974545E-003  0.17666379211621699        1.3615630268063386E-005  0.42840780397468908        5.8428962785520662E-004
 0.3000  0.77493008900246974        1.0286191616334156E-003  0.18135094604266577        1.2052776505522157E-005  0.42566997107516513        5.6519869884554940E-004
 0.3200  0.81563872910852520        1.0563607049671171E-003  0.18579176163352870        1.0718682749561622E-005  0.42277117992534730        5.4768073618006378E-004
 0.3400  0.85635397046926531        1.0840351709817191E-003  0.19000077139610749        9.5757541846611462E-006  0.41973851605100632        5.3144082384801573E-004
 0.3600  0.89710580691006825        1.1115693620864240E-003  0.19399140566752712        8.5928353064477002E-006  0.41659478142443745        5.1626905160731475E-004
 0.3800  0.93792053533896036        1.1389255963985716E-003  0.19777610032870929        7.7440976853447078E-006  0.41335924585159894        5.0201119625621865E-004
 0.4000  0.97882155251650971        1.1660874649027206E-003  0.20136639103573403        7.0081458755802747E-006  0.41004825053303001        4.8854985952360931E-004


