# triplet j1 / nf 6 / mode 2 / nplat  5 / jkb  20 / start     1 / nmeas 30000
 0.0010   3.5229900540772884E-003   3.2268465304649124E-004   1.3106403464197150E-003   7.6591827361329349E-005  0.45956330837680609        4.4183181467327103E-002
 0.0020   6.9883257044631971E-003   5.2754858793461286E-004   2.6211407911918209E-003   1.5310282076889478E-004  0.46334238766660407        3.7504100883027407E-002
 0.0030   1.0473609750326138E-002   7.7557885216048234E-004   3.9313799801872955E-003   2.2947089316081011E-004  0.46371564459893089        3.6909122363104840E-002
 0.0040   1.3963459241158625E-002   1.0290747611689966E-003   5.2412731579619069E-003   3.0567067353486402E-004  0.46373552731495027        3.6754233183064713E-002
 0.0050   1.7456504222834842E-002   1.2845563364170713E-003   6.5507892368147245E-003   3.8172995359074058E-004  0.46364922221812033        3.6695231751224591E-002
 0.0060   2.0953247333109850E-002   1.5414615351806798E-003   7.8599664184376208E-003   4.5774392955554445E-004  0.46349988298072020        3.6672067610801967E-002
 0.0070   2.4454846586214638E-002   1.7998534732904781E-003   9.1689259318055612E-003   5.3388664257109932E-004  0.46329574051695610        3.6669031443701317E-002
 0.0080   2.7962848838506540E-002   2.0600266782143306E-003   1.0477883486565689E-002   6.1041912104617564E-004  0.46303664077204426        3.6681687277346588E-002
 0.0090   3.1479204204326677E-002   2.3224009363214666E-003   1.1787158081413387E-002   6.8769383210569724E-004  0.46271871128274866        3.6709148081576069E-002
 0.0100   3.5006225289972687E-002   2.5875328821323559E-003   1.3097177849809225E-002   7.6615514631708532E-004  0.46233692144897481        3.6752513489047602E-002
 0.0200   7.1586132352141521E-002   5.5518102728850643E-003   2.6404900070530295E-002   1.7586785653162969E-003  0.45398694126520989        3.8317402586403815E-002
 0.0400  0.15553768430393086        1.0761209163520807E-002   5.5682508504792602E-002   4.4455859973110022E-003  0.42911012381668240        3.4276183637341938E-002
 0.0600  0.22128791535940256        5.6894194624841216E-003   7.9362997624897028E-002   2.5047925641599749E-003  0.44100341963370771        1.3303813540296238E-002
 0.0800  0.26653387429538439        3.2067587356318732E-003   9.4157134701087497E-002   9.1044372553824660E-004  0.46050483689448340        5.9710879802957412E-003
 0.1000  0.30908109328563910        2.9014741964388988E-003  0.10583044190675001        4.5850015726028290E-004  0.47070397174905770        4.5348142830615784E-003
 0.1200  0.35267126759486067        2.7200497915640504E-003  0.11617870943967971        3.5354297643630311E-004  0.47347692234362632        3.7221713579645055E-003
 0.1400  0.39729821328633608        2.5436652381834604E-003  0.12558559441303005        3.0365027530124727E-004  0.47198947732892649        3.0752697951908704E-003
 0.1600  0.44234407930084402        2.3250168012157795E-003  0.13419330032300264        2.5582082097357702E-004  0.46846827711936778        2.5024901468553838E-003
 0.1800  0.48732232685494359        2.0709219467507770E-003  0.14209838220009466        2.0850322447522611E-004  0.46411917108411105        2.0014948431679260E-003
 0.2000  0.53195862005992678        1.8108390432059974E-003  0.14938319853025420        1.6589129641565132E-004  0.45951852265062437        1.5849184516759630E-003
 0.2200  0.57614307138126608        1.5713647138957327E-003  0.15612055965087393        1.3035347249598815E-004  0.45491058733931117        1.2551677227518869E-003
 0.2400  0.61986642324092844        1.3674120328783558E-003  0.16237386178856242        1.0215788231712501E-004  0.45038152418905708        1.0035829887226940E-003
 0.2600  0.66317072425345602        1.2035497299241139E-003  0.16819723006575207        8.0424263495462551E-005  0.44594956592466256        8.1632008812542345E-004
 0.2800  0.70611871069447296        1.0779382655476989E-003  0.17363632836364482        6.3902084044707445E-005  0.44160765282489589        6.7902402760646266E-004
 0.3000  0.74877747162199881        9.8560306564037881E-004  0.17872955870859761        5.1383633262468328E-005  0.43734185971012113        5.7908820822042675E-004
 0.3200  0.79121092607679233        9.2052466297830923E-004  0.18350932111437956        4.1861301659589951E-005  0.43313848717470121        5.0634548054748934E-004
 0.3400  0.83347706104504515        8.7683933492125070E-004  0.18800314881514235        3.4553454583659316E-005  0.42898624408756841        4.5302309374632238E-004
 0.3600  0.87562746051081786        8.4946388382121940E-004  0.19223465461525741        2.8877251975791565E-005  0.42487650512449088        4.1341479848849746E-004
 0.3800  0.91770778963577826        8.3432367310292061E-004  0.19622428876158637        2.4407408082310519E-005  0.42080293462475560        3.8346234224256306E-004
 0.4000  0.95975854085990564        8.2831274725959241E-004  0.19998993433526460        2.0836902201840757E-005  0.41676100516932024        3.6033727191697853E-004


# triplet j3 / nf 6 / mode 2 / nplat  5 / jkb  20 / start     1 / nmeas 30000
 0.0010  0.19955834658044577        1.8055093366907318E-002   1.3106403464197150E-003   7.6591827361329349E-005   8.1131007165249139E-003   7.7136504203176900E-004
 0.0020  0.19959361889563876        1.8040844778286810E-002   2.6211407911918209E-003   1.5310282076889478E-004   1.6222900990591902E-002   1.5409982979497417E-003
 0.0030  0.19965142549201115        1.8017504629610250E-002   3.9313799801872955E-003   2.2947089316081011E-004   2.4326281090562368E-002   2.3072630312749019E-003
 0.0040  0.19973031154483009        1.7985674543196363E-002   5.2412731579619069E-003   3.0567067353486402E-004   3.2420477814585978E-002   3.0687091041701514E-003
 0.0050  0.19982828050352494        1.7946167273579897E-002   6.5507892368147245E-003   3.8172995359074058E-004   4.0503249015456232E-002   3.8241553981603052E-003
 0.0060  0.19994283117629905        1.7899982888282696E-002   7.8599664184376208E-003   4.5774392955554445E-004   4.8573022747682944E-002   4.5727610535145555E-003
 0.0070  0.20007101411347183        1.7848275318758936E-002   9.1689259318055612E-003   5.3388664257109932E-004   5.6629023992266402E-002   5.3140812244916805E-003
 0.0080  0.20020948538679537        1.7792313993050958E-002   1.0477883486565689E-002   6.1041912104617564E-004   6.4671379418332439E-002   6.0481062109505115E-003
 0.0090  0.20035458760708069        1.7733431748751756E-002   1.1787158081413387E-002   6.8769383210569724E-004   7.2701189304425734E-002   6.7752779156284261E-003
 0.0100  0.20050242795039319        1.7672982713771591E-002   1.3097177849809225E-002   7.6615514631708532E-004   8.0720570805853320E-002   7.4964903186223106E-003
 0.0200  0.20132104306796036        1.7178734422755176E-002   2.6404900070530295E-002   1.7586785653162969E-003  0.16142956925066398        1.4786674279544458E-002
 0.0400  0.20202463530983356        1.3860514769796398E-002   5.5682508504792602E-002   4.4455859973110022E-003  0.33036958521152754        2.6223509637378743E-002
 0.0600  0.22567790892695955        8.2357571975126189E-003   7.9362997624897028E-002   2.5047925641599749E-003  0.43242481225176321        1.7192879754280761E-002
 0.0800  0.26540159999517421        5.8165742625565708E-003   9.4157134701087497E-002   9.1044372553824660E-004  0.46246947385201337        1.0379229035372275E-002
 0.1000  0.30955144386136241        4.9189367472689859E-003  0.10583044190675001        4.5850015726028290E-004  0.46998875659339340        7.5374445651876518E-003
 0.1200  0.35485423592922616        4.5161690916261637E-003  0.11617870943967971        3.5354297643630311E-004  0.47056421897453055        6.0314380103575222E-003
 0.1400  0.40037101709859679        4.2400175539601421E-003  0.12558559441303005        3.0365027530124727E-004  0.46836700965932965        4.9923246110018769E-003
 0.1600  0.44569241049417857        3.9701544670265329E-003  0.13419330032300264        2.5582082097357702E-004  0.46494883880623328        4.1653312438406408E-003
 0.1800  0.49060962976756056        3.6881334336229458E-003  0.14209838220009466        2.0850322447522611E-004  0.46100936603680898        3.4820800900623463E-003
 0.2000  0.53503627806225651        3.4082453680949159E-003  0.14938319853025420        1.6589129641565132E-004  0.45687526103184894        2.9213855234977689E-003
 0.2200  0.57896625155318926        3.1472154321203500E-003  0.15612055965087393        1.3035347249598815E-004  0.45269233274031007        2.4680467094194093E-003
 0.2400  0.62243985846598082        2.9151229848766165E-003  0.16237386178856242        1.0215788231712501E-004  0.44851945243498059        2.1053206600099585E-003
 0.2600  0.66551897521374848        2.7153407799216838E-003  0.16819723006575207        8.0424263495462551E-005  0.44437605482216058        1.8161799061823447E-003
 0.2800  0.70827169906814735        2.5469107674883271E-003  0.17363632836364482        6.3902084044707445E-005  0.44026526381865921        1.5852440456554651E-003
 0.3000  0.75076433167531909        2.4067579563319856E-003  0.17872955870859761        5.1383633262468328E-005  0.43618445646912823        1.3997005772742766E-003
 0.3200  0.79305791978677809        2.2911280532419542E-003  0.18350932111437956        4.1861301659589951E-005  0.43212972849339393        1.2493864839545400E-003
 0.3400  0.83520724300219551        2.1963423765817571E-003  0.18800314881514235        3.4553454583659316E-005  0.42809757332279147        1.1264542815839439E-003
 0.3600  0.87726092255116217        2.1191090991085071E-003  0.19223465461525741        2.8877251975791565E-005  0.42408538400520435        1.0249145882400474E-003
 0.3800  0.91926193670958012        2.0565962005389227E-003  0.19622428876158637        2.4407408082310519E-005  0.42009150557131825        9.4020248427821660E-004
 0.4000  0.96124824976045886        2.0064001047677090E-003  0.19998993433526460        2.0836902201840757E-005  0.41611512354721175        8.6882178397193184E-004


