# triplet j1 / nf 3 / mode 2 / nplat  5 / jkb  20 / start     1 / nmeas 30000
 0.0010   4.2699740889108172E-003   2.0753808929337809E-004   1.5848128269749092E-003   3.8894018684542483E-005  0.41694497775803058        2.0901085478669808E-002
 0.0020   8.6322243226194893E-003   3.9866712559437996E-004   3.2160180968791425E-003   8.4134686824510491E-005  0.41549568693289901        1.9943903005856481E-002
 0.0030   1.3101062783002972E-002   6.0135698570358998E-004   4.8927482292128472E-003   1.3578398191547511E-004  0.41356667049906237        1.9831727852053942E-002
 0.0040   1.7667317924716139E-002   8.0864505659686270E-004   6.6137323099406970E-003   1.9373389051317996E-004  0.41171593450840888        1.9785809294940410E-002
 0.0050   2.2323535665327129E-002   1.0192165088654757E-003   8.3772741553518847E-003   2.5771841089912233E-004  0.41000427376477483        1.9753229858197736E-002
 0.0060   2.7061860383468219E-002   1.2320346531131631E-003   1.0181237939285399E-002   3.2732292705919542E-004  0.40844470234772734        1.9720188026924160E-002
 0.0070   3.1873676596506008E-002   1.4459138502039936E-003   1.2023042757446032E-002   4.0199328436899895E-004  0.40704183907100683        1.9678951083341941E-002
 0.0080   3.6749693495531664E-002   1.6595501508655304E-003   1.3899667290198231E-002   4.8104626679616714E-004  0.40579666404979564        1.9624370246673926E-002
 0.0090   4.1679940802299524E-002   1.8714944350900170E-003   1.5807665414856682E-002   5.6368260637967946E-004  0.40470915300360238        1.9552261113206605E-002
 0.0100   4.6653912079916454E-002   2.0802059281826140E-003   1.7743193217766774E-002   6.4900315202564109E-004  0.40377815772085363        1.9459309651009202E-002
 0.0200   9.6365496821281593E-002   3.6612813033658669E-003   3.7586823905212549E-002   1.4263436548940267E-003  0.40237060453068468        1.7087884041384779E-002
 0.0400  0.17516930533221015        3.2363194781995556E-003   6.8860966409498972E-002   1.2729682966700758E-003  0.42371471091594382        8.7533072035648977E-003
 0.0600  0.23065838724023080        1.8813465834806805E-003   8.7422257735312134E-002   5.6861911103709133E-004  0.44405051799895590        3.8991480210914089E-003
 0.0800  0.27977407716308200        1.1649619551404714E-003  0.10075721742517024        2.6232617927569179E-004  0.45382728403359313        1.9799041932687198E-003
 0.1000  0.32738205414131932        8.4827527560234412E-004  0.11182476828256077        1.4443585832977254E-004  0.45680319410212755        1.2198274790407291E-003
 0.1200  0.37406958956500708        7.1078639228566189E-004  0.12153110240849119        9.0950113904880267E-005  0.45655902954825289        8.8418928776923147E-004
 0.1400  0.41982006226165408        6.3914292472507450E-004  0.13025647151948178        6.3100698092043077E-005  0.45489952330331207        7.0125903133454095E-004
 0.1600  0.46466381823260783        5.9124196841147140E-004  0.13821120881548637        4.7333908794934959E-005  0.45259292954043961        5.8107441543210864E-004
 0.1800  0.50870371338662634        5.5562965948790068E-004  0.14553120078692441        3.7702364426624293E-005  0.44995014788879012        4.9490027881634463E-004
 0.2000  0.55207015653284497        5.2955047635361578E-004  0.15231200683748639        3.1304703839072932E-005  0.44709806973940519        4.3131454031745037E-004
 0.2200  0.59489185469677230        5.1178904649310994E-004  0.15862445854338561        2.6686404762356626E-005  0.44409245223906330        3.8387736005478560E-004
 0.2400  0.63728384638621693        5.0128867024623548E-004  0.16452310175742429        2.3111139043823238E-005  0.44096198687460098        3.4824153627536618E-004
 0.2600  0.67934456929099463        4.9709586549070116E-004  0.17005125177010003        2.0200326530291033E-005  0.43772513005007796        3.2134943446006657E-004
 0.2800  0.72115655664856504        4.9832986312169471E-004  0.17524420635166046        1.7753354405028742E-005  0.43439647412907084        3.0097977720019021E-004
 0.3000  0.76278846474780515        5.0413335927467677E-004  0.18013136905291241        1.5658015329112794E-005  0.43098899736033619        2.8545954305218049E-004
 0.3200  0.80429749381143167        5.1369315438232991E-004  0.18473769459462483        1.3846327243789691E-005  0.42751467923961461        2.7351706380896492E-004
 0.3400  0.84573171990358753        5.2629432276550504E-004  0.18908469820298709        1.2272647041369982E-005  0.42398454808151759        2.6420185097373824E-004
 0.3600  0.88713207762954926        5.4134837809401094E-004  0.19319117714008646        1.0903071620748846E-005  0.42040861739942170        2.5681714585657026E-004
 0.3800  0.92853393750908297        5.5839379070818872E-004  0.19707373798184638        9.7104152513836278E-006  0.41679585525721818        2.5085936893669655E-004
 0.4000  0.96996830984022819        5.7707180930392018E-004  0.20074719004205155        8.6715672476531331E-006  0.41315421278291453        2.4596340404615431E-004


# triplet j3 / nf 3 / mode 2 / nplat  5 / jkb  20 / start     1 / nmeas 30000
 0.0010  0.15854574270802591        7.2118167368669809E-003   1.5848128269749092E-003   3.8894018684542483E-005   1.1229215121890264E-002   5.2904594484532287E-004
 0.0020  0.15768640087933955        7.1077738653095544E-003   3.2160180968791425E-003   8.4134686824510491E-005   2.2745474274792680E-002   1.0675580082292713E-003
 0.0030  0.15692372822492545        7.0048003473339336E-003   4.8927482292128472E-003   1.3578398191547511E-004   3.4527365468908791E-002   1.6139901162683340E-003
 0.0040  0.15625924026135360        6.9022868661570910E-003   6.6137323099406970E-003   1.9373389051317996E-004   4.6550311504558552E-002   2.1663070783533248E-003
 0.0050  0.15569424466929990        6.7997236128765808E-003   8.3772741553518847E-003   2.5771841089912233E-004   5.8786662588365131E-002   2.7220107750808094E-003
 0.0060  0.15522981775131769        6.6966945082080282E-003   1.0181237939285399E-002   3.2732292705919542E-004   7.1205865402799551E-002   3.2781804471242737E-003
 0.0070  0.15486678656169797        6.5928752349654358E-003   1.2023042757446032E-002   4.0199328436899895E-004   8.3774708753497545E-002   3.8315290547851137E-003
 0.0080  0.15460571903753687        6.4880277783424265E-003   1.3899667290198231E-002   4.8104626679616714E-004   9.6457641529538146E-002   4.3784727400257017E-003
 0.0090  0.15444690167293587        6.3819957054619620E-003   1.5807665414856682E-002   5.6368260637967946E-004  0.10921717015120151        4.9152140990584023E-003
 0.0100  0.15439034304559585        6.2746948086388503E-003   1.7743193217766774E-002   6.4900315202564109E-004  0.12201430671435194        5.4378319348606357E-003
 0.0200  0.15924833871460076        5.1541302508533457E-003   3.7586823905212549E-002   1.4263436548940267E-003  0.24348538593780492        9.1348526419280929E-003
 0.0400  0.19117528167771028        3.3487953214331977E-003   6.8860966409498972E-002   1.2729682966700758E-003  0.38823958264285313        7.6894462651898744E-003
 0.0600  0.23593346607657456        2.6018963499693298E-003   8.7422257735312134E-002   5.6861911103709133E-004  0.43412228895745347        4.9913732555641153E-003
 0.0800  0.28336137717359505        2.3581967810657567E-003  0.10075721742517024        2.6232617927569179E-004  0.44808191874414000        3.7743826786447478E-003
 0.1000  0.33064165781670235        2.2475861595763207E-003  0.11182476828256077        1.4443585832977254E-004  0.45229983726483680        3.0884202722156026E-003
 0.1200  0.37706266177592812        2.1544875986015143E-003  0.12153110240849119        9.0950113904880267E-005  0.45293492596411700        2.5935554419919313E-003
 0.1400  0.42249324118475562        2.0507028708862027E-003  0.13025647151948178        6.3100698092043077E-005  0.45202130491001097        2.1967566922454552E-003
 0.1600  0.46700712374244191        1.9394277108331622E-003  0.13821120881548637        4.7333908794934959E-005  0.45032195025214727        1.8717251946798296E-003
 0.1800  0.51074663571373879        1.8325224833779955E-003  0.14553120078692441        3.7702364426624293E-005  0.44815040386908644        1.6089792172090424E-003
 0.2000  0.55386195713467512        1.7394122592630794E-003  0.15231200683748639        3.1304703839072932E-005  0.44565166133363454        1.4003252084285589E-003
 0.2200  0.59648659928070458        1.6639215328150751E-003  0.15862445854338561        2.6686404762356626E-005  0.44290514302905343        1.2360619572481212E-003
 0.2400  0.63873119467224293        1.6055574205718107E-003  0.16452310175742429        2.3111139043823238E-005  0.43996277847327486        1.1063514856379463E-003
 0.2600  0.68068525034737426        1.5618486387744969E-003  0.17005125177010003        2.0200326530291033E-005  0.43686298445567884        1.0027283735772558E-003
 0.2800  0.72242141240050228        1.5299862872444477E-003  0.17524420635166046        1.7753354405028742E-005  0.43363590852360562        9.1864210307454923E-004
 0.3000  0.76399962942694866        1.5075250683602832E-003  0.18013136905291241        1.5658015329112794E-005  0.43030575272173099        8.4928582237883145E-004
 0.3200  0.80547040371013989        1.4925316132287224E-003  0.18473769459462483        1.3846327243789691E-005  0.42689214091069094        7.9119022220106548E-004
 0.3400  0.84687703005470494        1.4835162095095183E-003  0.18908469820298709        1.2272647041369982E-005  0.42341115455494704        7.4183744629662581E-004
 0.3600  0.88825717344978361        1.4793328870883315E-003  0.19319117714008646        1.0903071620748846E-005  0.41987611398445956        6.9937594114657573E-004
 0.3800  0.92964398209418730        1.4790908704850607E-003  0.19707373798184638        9.7104152513836278E-006  0.41629817873681518        6.6242202660810512E-004
 0.4000  0.97106696723778008        1.4820919977623236E-003  0.20074719004205155        8.6715672476531331E-006  0.41268677341208015        6.2992669313113512E-004


