# triplet j1 / nf 5 / mode 2 / nplat  5 / jkb  20 / start     1 / nmeas 30000
 0.0010   3.7018633910890462E-003   3.2441914447195664E-004   1.3618211028616940E-003   6.6922334674213033E-005  0.44581496189820763        4.0576320207692550E-002
 0.0020   7.3702189960522845E-003   5.6160587734232050E-004   2.7235935566611632E-003   1.3382419916595532E-004  0.44783780466233741        3.5854741724083095E-002
 0.0030   1.1049167910997885E-002   8.2746335760793932E-004   4.0854466703291572E-003   2.0078562953596872E-004  0.44809059090658238        3.5317494140888236E-002
 0.0040   1.4732988063397569E-002   1.0972566614757251E-003   5.4476984731112047E-003   2.6799192925495199E-004  0.44808529045610190        3.5144583626208419E-002
 0.0050   1.8422648047730479E-002   1.3682533376094626E-003   6.8108464813809886E-003   3.3572627231398847E-004  0.44796954567781172        3.5054887471273367E-002
 0.0060   2.2120480435915312E-002   1.6398815469704762E-003   8.1755549804348061E-003   4.0435972819012633E-004  0.44776968709944787        3.4993209683734094E-002
 0.0070   2.5829512768066141E-002   1.9120318204470502E-003   9.5426389539539740E-003   4.7433893825025330E-004  0.44748867648225560        3.4942582785387942E-002
 0.0080   2.9553187004852328E-002   2.1847450969283365E-003   1.0913044810629397E-002   5.4617159709874775E-004  0.44712467622273822        3.4896426103449188E-002
 0.0090   3.3295309872518122E-002   2.4581631139065628E-003   1.2287828070803712E-002   6.2040980448977616E-004  0.44667408299953021        3.4852150504279769E-002
 0.0100   3.7059849357372658E-002   2.7324509414132650E-003   1.3668128190823772E-002   6.9763128213005954E-004  0.44613456256246603        3.4808545059713300E-002
 0.0200   7.6711632362440815E-002   5.5480934264476893E-003   2.8023422096866139E-002   1.7321804400161798E-003  0.43644483221683450        3.4326713861092879E-002
 0.0400  0.16130497345982728        8.0245415209819811E-003   5.8742402225221202E-002   3.3918608316521452E-003  0.42498449609389677        2.4444334898592223E-002
 0.0600  0.22236596821423887        4.3870965501616264E-003   8.0941730345514273E-002   1.7429717957521773E-003  0.44320897203860671        9.9615087866555055E-003
 0.0800  0.26855201254756617        2.5799656057036921E-003   9.5449314811687697E-002   6.9342062798855876E-004  0.46016966662622361        4.7262768201421284E-003
 0.1000  0.31297452416659710        2.0319003911534838E-003  0.10718037142502998        3.8081918691831439E-004  0.46780368537282613        3.1487404454546447E-003
 0.1200  0.35804879951913232        1.8024055128447577E-003  0.11751900352695352        2.7875037004536075E-004  0.46904817342422384        2.4258164410503259E-003
 0.1400  0.40351126470976656        1.6312249498729651E-003  0.12684094457710082        2.1719227302344047E-004  0.46703893373209798        1.9299182668569802E-003
 0.1600  0.44885612740596292        1.4589275804787101E-003  0.13532421204975745        1.6851940589506434E-004  0.46361297772114424        1.5342925360960946E-003
 0.1800  0.49377341047743262        1.2886274603841723E-003  0.14309357275669632        1.2975380970549596E-004  0.45965672072205960        1.2175594254883574E-003
 0.2000  0.53814573080502370        1.1347934793372726E-003  0.15024815748522480        9.9893818527149896E-005  0.45554855543754458        9.7248346925363801E-004
 0.2200  0.58197344328484091        1.0066933701847938E-003  0.15686863771646548        7.7481333005593260E-005  0.45143084873541905        7.8880006769491650E-004
 0.2400  0.62531330468018120        9.0678731312927949E-004  0.16302072903509901        6.0876075874574762E-005  0.44734683083852173        6.5406737097904039E-004
 0.2600  0.66824196109474254        8.3310111715932428E-004  0.16875801930041123        4.8595709644749137E-005  0.44330245724584139        5.5634117118385867E-004
 0.2800  0.71083782113546889        7.8159962865322259E-004  0.17412445569489346        3.9451477324375154E-005  0.43929207897601535        4.8557917898622426E-004
 0.3000  0.75317355210253634        7.4777934449938405E-004  0.17915642837498799        3.2552578048269721E-005  0.43530811353764720        4.3399607641070916E-004
 0.3200  0.79531386832321271        7.2756219164937417E-004  0.18388443028513018        2.7257626452003519E-005  0.43134414833380430        3.9589148098726162E-004
 0.3400  0.83731556516409844        7.1765007810926679E-004  0.18833433784040732        2.3115561084427371E-005  0.42739559972580660        3.6725188669896184E-004
 0.3600  0.87922827340452081        7.1552651137495732E-004  0.19252838351449048        1.9812998916500992E-005  0.42345960217103762        3.4530463960498448E-004
 0.3800  0.92109531603884665        7.1929503901176951E-004  0.19648589094148514        1.7132825142066786E-005  0.41953471941159209        3.2813018529826549E-004
 0.4000  0.96295452692029926        7.2751696698797243E-004  0.20022383190881182        1.4923879787600403E-005  0.41562063226174811        3.1438527046615943E-004


# triplet j3 / nf 5 / mode 2 / nplat  5 / jkb  20 / start     1 / nmeas 30000
 0.0010  0.19010942350445714        1.3779693681637135E-002   1.3618211028616940E-003   6.6922334674213033E-005   8.6810325139513155E-003   6.6439727958545088E-004
 0.0020  0.19014128491344234        1.3770289799836485E-002   2.7235935566611632E-003   1.3382419916595532E-004   1.7359000685070923E-002   1.3275288056432038E-003
 0.0030  0.19018710259844226        1.3755822536141356E-002   4.0854466703291572E-003   2.0078562953596872E-004   2.6032407616612182E-002   1.9885696909588534E-003
 0.0040  0.19024110043487397        1.3737234470952505E-002   5.4476984731112047E-003   2.6799192925495199E-004   3.4701414261077340E-002   2.6471583447294045E-003
 0.0050  0.19029778073802250        1.3715396758295353E-002   6.8108464813809886E-003   3.3572627231398847E-004   4.3367743145073356E-002   3.3033621727467325E-003
 0.0060  0.19035201176028557        1.3691080271572812E-002   8.1755549804348061E-003   4.0435972819012633E-004   5.2034546478829387E-002   3.9576292902396221E-003
 0.0070  0.19039913780079548        1.3664927908430113E-002   9.5426389539539740E-003   4.7433893825025330E-004   6.0706233317381911E-002   4.6107267029847727E-003
 0.0080  0.19043507546342281        1.3637433952044423E-002   1.0913044810629397E-002   5.4617159709874775E-004   6.9388263368702061E-002   5.2636689223056190E-003
 0.0090  0.19045640297863239        1.3608922205817201E-002   1.2287828070803712E-002   6.2040980448977616E-004   7.8086910037678120E-002   5.9176363191290387E-003
 0.0100  0.19046045280875329        1.3579528706826461E-002   1.3668128190823772E-002   6.9763128213005954E-004   8.6808990726722005E-002   6.5738846218883996E-003
 0.0200  0.18958605864481520        1.3130544999476792E-002   2.8023422096866139E-002   1.7321804400161798E-003  0.17659734979896211        1.3393473298530467E-002
 0.0400  0.19622219663738294        9.4783483544416802E-003   5.8742402225221202E-002   3.3918608316521452E-003  0.34935962413033139        1.9659994827949698E-002
 0.0600  0.22735169313809986        5.8770657904705734E-003   8.0941730345514273E-002   1.7429717957521773E-003  0.43348958975527602        1.2138890623305290E-002
 0.0800  0.26975462691241731        4.4593290770166350E-003   9.5449314811687697E-002   6.9342062798855876E-004  0.45811814796392042        7.7538467412294554E-003
 0.1000  0.31509488647255690        3.9319060344501500E-003  0.10718037142502998        3.8081918691831439E-004  0.46465570251547811        5.8566639508068462E-003
 0.1200  0.36102675906944570        3.6537103768348985E-003  0.11751900352695352        2.7875037004536075E-004  0.46517919016324338        4.7399831220360589E-003
 0.1400  0.40678869419227398        3.4231620792956412E-003  0.12684094457710082        2.1719227302344047E-004  0.46327607799705411        3.9186335677050006E-003
 0.1600  0.45207154252682941        3.1945418866337690E-003  0.13532421204975745        1.6851940589506434E-004  0.46031547270576045        3.2654001815672850E-003
 0.1800  0.49676563100510518        2.9702271237203363E-003  0.14309357275669632        1.2975380970549596E-004  0.45688802218580143        2.7396362246770258E-003
 0.2000  0.54086935307725381        2.7609641848877300E-003  0.15024815748522480        9.9893818527149896E-005  0.45325457781686262        2.3186199018621467E-003
 0.2200  0.58443667423574563        2.5741835533186802E-003  0.15686863771646548        7.7481333005593260E-005  0.44952819873445465        1.9830816312303087E-003
 0.2400  0.62754442675520361        2.4126724493815825E-003  0.16302072903509901        6.0876075874574762E-005  0.44575636911673439        1.7157854819213570E-003
 0.2600  0.67027404478466301        2.2760393365289463E-003  0.16875801930041123        4.8595709644749137E-005  0.44195848801403209        1.5021001413843338E-003
 0.2800  0.71270280548995490        2.1622739831674300E-003  0.17412445569489346        3.9451477324375154E-005  0.43814254953958126        1.3302100770156101E-003
 0.3000  0.75490046050188297        2.0687683888013721E-003  0.17915642837498799        3.2552578048269721E-005  0.43431230378933666        1.1908658187402431E-003
 0.3200  0.79692845110259458        1.9928288592991309E-003  0.18388443028513018        2.7257626452003519E-005  0.43047024198383860        1.0769225704619094E-003
 0.3400  0.83884019451369862        1.9318847641443442E-003  0.18833433784040732        2.3115561084427371E-005  0.42661878922066659        9.8287003214069684E-004
 0.3600  0.88068181750797103        1.8835780410703280E-003  0.19252838351449048        1.9812998916500992E-005  0.42276069230875979        9.0445056762330372E-004
 0.3800  0.92249309766298637        1.8458118982520723E-003  0.19648589094148514        1.7132825142066786E-005  0.41889903127152062        8.3837195730651767E-004
 0.4000  0.96430852974655246        1.8167830090581685E-003  0.20022383190881182        1.4923879787600403E-005  0.41503705191026097        7.8209385138191731E-004


