# triplet j1 / nf 4 / mode 2 / nplat  5 / jkb  20 / start     1 / nmeas 30000
 0.0010   3.9184721207581883E-003   2.8413020812244626E-004   1.4397428251023178E-003   5.2397228942797900E-005  0.43305264756890055        3.2374523495403484E-002
 0.0020   7.8216934257772704E-003   5.1868613611644112E-004   2.8818594220075635E-003   1.0545202051227920E-004  0.43407582770220332        2.9860682133703416E-002
 0.0030   1.1743568883407898E-002   7.6936380741992238E-004   4.3286911937609135E-003   1.5981434249375307E-004  0.43396412427305886        2.9537637040781880E-002
 0.0040   1.5686650314844123E-002   1.0221104107755502E-003   5.7825147027009858E-003   2.1611792072904142E-004  0.43358390347931541        2.9390379223959432E-002
 0.0050   1.9656152479442354E-002   1.2753209315656423E-003   7.2455090251203206E-003   2.7496969499651424E-004  0.43304790152018907        2.9273744617736960E-002
 0.0060   2.3657381212200835E-002   1.5285536869708413E-003   8.7197229271092479E-003   3.3693690246109286E-004  0.43238965770895238        2.9159879780621161E-002
 0.0070   2.7695153509834394E-002   1.7816182107774112E-003   1.0207041950204549E-002   4.0253176684542356E-004  0.43162857750275607        2.9041613340570198E-002
 0.0080   3.1773636625514086E-002   2.0343730033372583E-003   1.1709155614793796E-002   4.7219422225872661E-004  0.43078032119992576        2.8916982102108767E-002
 0.0090   3.5896180250897469E-002   2.2866732312062620E-003   1.3227525088167933E-002   5.4627347547198525E-004  0.42986027500088519        2.8785824611444754E-002
 0.0100   4.0065274264969412E-002   2.5383079583083073E-003   1.4763351815122883E-002   6.2500946570950464E-004  0.42888352373612110        2.8648123675258558E-002
 0.0200   8.4132369506888849E-002   4.8798283873282390E-003   3.1111359224060577E-002   1.6183874498714545E-003  0.41930145342191039        2.6653549035818350E-002
 0.0400  0.16723399415592824        5.4790526366609513E-003   6.2867121217892424E-002   2.2613617062631169E-003  0.42406479330580182        1.5849303295664634E-002
 0.0600  0.22490501484544365        3.0911950390420748E-003   8.3450367353497298E-002   1.0756204521711556E-003  0.44494426166367740        6.7544182574464954E-003
 0.0800  0.27256187737929877        1.8160952316153200E-003   9.7567287097006156E-002   4.6813598816867943E-004  0.45840251751477656        3.2463095773804010E-003
 0.1000  0.31889051828374443        1.2949146066062529E-003  0.10914558746481572        2.6319434265251412E-004  0.46331513011801112        1.9625593298352017E-003
 0.1200  0.36511985834441629        1.0749735885343585E-003  0.11928938465206994        1.7629240878669602E-004  0.46341604428928468        1.4066893930248462E-003
 0.1400  0.41100272126737442        9.5429800310923977E-004  0.12838904809450954        1.2557832171342919E-004  0.46131577702600435        1.0946207041637741E-003
 0.1600  0.45628343317874231        8.6343922793414934E-004  0.13665485343552225        9.2227118417090298E-005  0.45830312536952467        8.8094224833501933E-004
 0.1800  0.50087778937618532        7.8725250740692453E-004  0.14422882910537932        6.9611460570364868E-005  0.45493098285752170        7.2341483574691310E-004
 0.2000  0.54481758455280660        7.2503248736295535E-004  0.15121564486879210        5.4029605770869929E-005  0.45141630559941009        6.0612489993020185E-004
 0.2200  0.58818638670648671        6.7730674728199965E-004  0.15769528951697839        4.3088100366194737E-005  0.44783778168325317        5.1930965317822020E-004
 0.2400  0.63108152200293122        6.4320549595579953E-004  0.16373025078927839        3.5211638550095116E-005  0.44422154468026903        4.5526846417890982E-004
 0.2600  0.67359670288810025        6.2082830166517312E-004  0.16937028274353155        2.9371529496381694E-005  0.44057548234544619        4.0785455831175780E-004
 0.2800  0.71581589318756900        6.0804138266332998E-004  0.17465574284612262        2.4903087998236836E-005  0.43690207955389265        3.7242611630082918E-004
 0.3000  0.75781213199366870        6.0295475566030587E-004  0.17961996125143545        2.1380001853784614E-005  0.43320291534746075        3.4564166943002275E-004
 0.3200  0.79964811995714014        6.0402120932301947E-004  0.18429093310671202        1.8528919125957079E-005  0.42948010534402042        3.2512920695187687E-004
 0.3400  0.84137735580913275        6.0996973275112738E-004  0.18869253600066405        1.6172885219726457E-005  0.42573660978528194        3.0918323474555750E-004
 0.3600  0.88304547759941732        6.1975118056282206E-004  0.19284541466597824        1.4194927954157129E-005  0.42197608256426378        2.9656400963104003E-004
 0.3800  0.92469166848302775        6.3252250414330799E-004  0.19676763202971789        1.2515279781974189E-005  0.41820255433203518        2.8637465294087302E-004
 0.4000  0.96634996054068156        6.4763294419216205E-004  0.20047515521545473        1.1077338155593930E-005  0.41442012695952357        2.7797391896037990E-004


# triplet j3 / nf 4 / mode 2 / nplat  5 / jkb  20 / start     1 / nmeas 30000
 0.0010  0.17700100773335617        1.0237571965103021E-002   1.4397428251023178E-003   5.2397228942797900E-005   9.5869777695026821E-003   5.8129649408471631E-004
 0.0020  0.17694151417065768        1.0230489726606166E-002   2.8818594220075635E-003   1.0545202051227920E-004   1.9188306733673135E-002   1.1636587594691010E-003
 0.0030  0.17684415472716397        1.0218612569490724E-002   4.3286911937609135E-003   1.5981434249375307E-004   2.8817958920898629E-002   1.7481032301645662E-003
 0.0040  0.17671158160615796        1.0201828485101365E-002   5.7825147027009858E-003   2.1611792072904142E-004   3.8489152856906649E-002   2.3355463152033742E-003
 0.0050  0.17654741739543722        1.0179977901263319E-002   7.2455090251203206E-003   2.7496969499651424E-004   4.8213990942262079E-002   2.9267516396642369E-003
 0.0060  0.17635617428860664        1.0152853859945582E-002   8.7197229271092479E-003   3.3693690246109286E-004   5.8003112201184606E-002   3.5222751096837357E-003
 0.0070  0.17614314744036169        1.0120203802437484E-002   1.0207041950204549E-002   4.0253176684542356E-004   6.7865369086910723E-002   4.1224087015355806E-003
 0.0080  0.17591430725843696        1.0081733770258642E-002   1.1709155614793796E-002   4.7219422225872661E-004   7.7807528020562552E-002   4.7271237057229581E-003
 0.0090  0.17567615944186118        1.0037114182938881E-002   1.3227525088167933E-002   5.4627347547198525E-004   8.7834012100194481E-002   5.3360165010026411E-003
 0.0100  0.17543561627322971        9.9859927281461015E-003   1.4763351815122883E-002   6.2500946570950464E-004   9.7946679079419466E-002   5.9482606418220707E-003
 0.0200  0.17445257016897756        9.0571341514683670E-003   3.1111359224060577E-002   1.6183874498714545E-003  0.20221441724761069        1.1742236818536301E-002
 0.0400  0.19204231145720446        5.8678277382714717E-003   6.2867121217892424E-002   2.2613617062631169E-003  0.36928345960489578        1.3093008657661572E-002
 0.0600  0.23041210043517638        3.9385892760600612E-003   8.3450367353497298E-002   1.0756204521711556E-003  0.43430963732313987        7.9340594250983821E-003
 0.0800  0.27552680471743857        3.2706166580863888E-003   9.7567287097006156E-002   4.6813598816867943E-004  0.45346967565408902        5.4917046173531860E-003
 0.1000  0.32202481474679540        3.0132153859939777E-003  0.10914558746481572        2.6319434265251412E-004  0.45880564231736226        4.3285793473664940E-003
 0.1200  0.36838857186277008        2.8438983861301783E-003  0.11928938465206994        1.7629240878669602E-004  0.45930415156435317        3.5619574703119974E-003
 0.1400  0.41414094965693848        2.6813365222836524E-003  0.12838904809450954        1.2557832171342919E-004  0.45782007279966291        2.9725791643120678E-003
 0.1600  0.45915581375942632        2.5174735844330012E-003  0.13665485343552225        9.2227118417090298E-005  0.45543607902506095        2.5018037702313626E-003
 0.1800  0.50345330042729686        2.3602510474264415E-003  0.14422882910537932        6.9611460570364868E-005  0.45260369694471086        2.1246711526528256E-003
 0.2000  0.54711469018771675        2.2170176736900976E-003  0.15121564486879210        5.4029605770869929E-005  0.44952099743481494        1.8233180064649026E-003
 0.2200  0.59024113393424760        2.0917461876491230E-003  0.15769528951697839        4.3088100366194737E-005  0.44627876895524032        1.5827350166667884E-003
 0.2400  0.63293366722684685        1.9856864356853714E-003  0.16373025078927839        3.5211638550095116E-005  0.44292162518642247        1.3903825321909019E-003
 0.2600  0.67528450218318692        1.8983186874159848E-003  0.16937028274353155        2.9371529496381694E-005  0.43947431241465251        1.2360109747772535E-003
 0.2800  0.71737394931972975        1.8280306503855900E-003  0.17465574284612262        2.4903087998236836E-005  0.43595317701171332        1.1113417167800720E-003
 0.3000  0.75927016462102315        1.7726263332095793E-003  0.17961996125143545        2.1380001853784614E-005  0.43237103229150403        1.0097608215597336E-003
 0.3200  0.80103031875846797        1.7297539147549993E-003  0.18429093310671202        1.8528919125957079E-005  0.42873902617023740        9.2607473647002053E-004
 0.3400  0.84270244688727614        1.6972151146499310E-003  0.18869253600066405        1.6172885219726457E-005  0.42506716853072135        8.5628531088401756E-004
 0.3600  0.88432741989889296        1.6731242226564001E-003  0.19284541466597824        1.4194927954157129E-005  0.42136437588477621        7.9736113841562468E-004
 0.3800  0.92594063605737176        1.6559376414280800E-003  0.19676763202971789        1.2515279781974189E-005  0.41763845614957223        7.4701611680253225E-004
 0.4000  0.96757331115818368        1.6444175325073091E-003  0.20047515521545473        1.1077338155593930E-005  0.41389615517115919        7.0352087109337041E-004


