# triplet j1 / nf 3 / mode 2 / nplat  5 / jkb  20 / start     1 / nmeas100000
 0.0010   4.1478667929158051E-003   2.0706828092868743E-004   1.4282460700782075E-003   1.2958283669473076E-005  0.40746631900096536        2.0425196114811934E-002
 0.0020   8.1821289557640967E-003   3.8412775846853147E-004   2.8815741087839910E-003   2.6957258650269611E-005  0.41493356971506951        1.9576403676265688E-002
 0.0030   1.2376575190467080E-002   5.6099475929292030E-004   4.3596076348575525E-003   4.2017052753134524E-005  0.41323666012318300        1.8836392524006734E-002
 0.0040   1.6625750389230934E-002   7.4538720192617036E-004   5.8618541134839528E-003   5.8142556002581913E-005  0.41188999269959786        1.8579024652105633E-002
 0.0050   2.0927280714035448E-002   9.3299042879425929E-004   7.3877006480997497E-003   7.5323686026932307E-005  0.41071621098113942        1.8430075886357072E-002
 0.0060   2.5278729347273491E-002   1.1223938453677061E-003   8.9364106807334094E-003   9.3535703361963648E-005  0.40965375724203362        1.8314834134407442E-002
 0.0070   2.9677095992357797E-002   1.3126903023717375E-003   1.0507121844410437E-002   1.1273959256645060E-004  0.40868105012366601        1.8209439191586192E-002
 0.0080   3.4118989509294761E-002   1.5031397459552413E-003   1.2098845100028429E-002   1.3288252964871605E-004  0.40778926539746724        1.8104518253700654E-002
 0.0090   3.8600662073992653E-002   1.6930208560880331E-003   1.3710465273956217E-002   1.5389845732869658E-004  0.40697487214914535        1.7995422108845725E-002
 0.0100   4.3118115203100965E-002   1.8816314534540282E-003   1.5340743091419572E-002   1.7570878771484252E-004  0.40623601917409735        1.7879736083562900E-002
 0.0200   8.9240075618541623E-002   3.5406092849526016E-003   3.2320242976196005E-002   4.1339952227559588E-004  0.40290937665679555        1.6191817420053104E-002
 0.0400  0.17334481293485507        4.4085706245621577E-003   6.4304507319031770E-002   6.5910815078730337E-004  0.41376604718027837        1.0734580831771385E-002
 0.0600  0.23746436311789257        3.3195007755361166E-003   8.7208870193154445E-002   5.1494882399361172E-004  0.43079684094434789        6.1549312115807180E-003
 0.0800  0.29046447683999799        2.3704639649311330E-003  0.10292857905374199        3.2822903826137191E-004  0.44180940153959786        3.6737523361751283E-003
 0.1000  0.33949645448238014        1.8193122831049245E-003  0.11489004359223956        2.0722934518100259E-004  0.44649947424289521        2.4263735267030222E-003
 0.1200  0.38689557571607203        1.5095698955391124E-003  0.12484921234334863        1.3772845764804405E-004  0.44740904612131388        1.7630354486858008E-003
 0.1400  0.43324000017326159        1.3358294269989240E-003  0.13358086540152012        9.7512837669064685E-005  0.44639836440835956        1.3860114196586066E-003
 0.1600  0.47869230630268877        1.2408297746990006E-003  0.14144979990775464        7.2748746882638949E-005  0.44444672511345512        1.1577162852265503E-003
 0.1800  0.52335516613645916        1.1911923296823370E-003  0.14865040696410273        5.6299684421661921E-005  0.44201579235884514        1.0095344262796590E-003
 0.2000  0.56733565969692901        1.1679746102298844E-003  0.15530062062290265        4.4695118552052450E-005  0.43931548286957856        9.0662598767850939E-004
 0.2200  0.61074381652730614        1.1612379049315495E-003  0.16148019250305104        3.6175488822476337E-005  0.43644235329421172        8.3126853648705641E-004
 0.2400  0.65368357167358826        1.1658726851188764E-003  0.16724751171139454        2.9752661425330622E-005  0.43344388546270113        7.7402653453192808E-004
 0.2600  0.69624770629912169        1.1790106660227212E-003  0.17264774090861632        2.4812550797715958E-005  0.43034656852134939        7.2939532745138359E-004
 0.2800  0.73851670990673268        1.1988019569251895E-003  0.17771717121913094        2.0946948265084367E-005  0.42716767717881510        6.9385949158898644E-004
 0.3000  0.78055965110654790        1.2239210467978041E-003  0.18248577963268392        1.7874523608976176E-005  0.42392013127420908        6.6503282849137682E-004
 0.3200  0.82243573252615587        1.2533725409013359E-003  0.18697884998255532        1.5397397468672255E-005  0.42061451744051653        6.4124045264447491E-004
 0.3400  0.86419590481478481        1.2863933593107281E-003  0.19121806284254847        1.3374535911750956E-005  0.41725995749129691        6.2128106967230937E-004
 0.3600  0.90588433251294342        1.3223979030411454E-003  0.19522226171798324        1.1703881253499490E-005  0.41386449437852602        6.0428124604899685E-004
 0.3800  0.94753962218265286        1.3609312413641235E-003  0.19900801021874540        1.0310422165766229E-005  0.41043529025839137        5.8959545187667220E-004
 0.4000  0.98919585309336966        1.4016371076638020E-003  0.20259000808336894        9.1381557057796241E-006  0.40697873480341268        5.7673993410192498E-004


# triplet j3 / nf 3 / mode 2 / nplat  5 / jkb  20 / start     1 / nmeas100000
 0.0010  0.19651970208696026        8.3158142653375153E-003   1.4282460700782075E-003   1.2958283669473076E-005   8.6002370035542994E-003   3.6600796236217200E-004
 0.0020  0.19589953757507644        8.1978341848875404E-003   2.8815741087839910E-003   2.6957258650269611E-005   1.7330515515806753E-002   7.2974885618259477E-004
 0.0030  0.19533789283395514        8.0819119821619670E-003   4.3596076348575525E-003   4.2017052753134524E-005   2.6182603494241390E-002   1.0906022569609763E-003
 0.0040  0.19483614363346244        7.9680777199431733E-003   5.8618541134839528E-003   5.8142556002581913E-005   3.5147381172399413E-002   1.4479284118680631E-003
 0.0050  0.19439556968920310        7.8563590734781162E-003   7.3877006480997497E-003   7.5323686026932307E-005   4.4214862791107618E-002   1.8010725570754488E-003
 0.0060  0.19401736180086826        7.7467876731426447E-003   8.9364106807334094E-003   9.3535703361963648E-005   5.3374225684212469E-002   2.1493711290237749E-003
 0.0070  0.19370259919704083        7.6393918648400153E-003   1.0507121844410437E-002   1.1273959256645060E-004   6.2613856525694525E-002   2.4921563306029935E-003
 0.0080  0.19345226127569520        7.5342034426350551E-003   1.2098845100028429E-002   1.3288252964871605E-004   7.1921401054448345E-002   2.8287635217465910E-003
 0.0090  0.19326720233040251        7.4312524836918862E-003   1.3710465273956217E-002   1.5389845732869658E-004   8.1283835658670839E-002   3.1585367236186546E-003
 0.0100  0.19314817212653237        7.3305687763507883E-003   1.5340743091419572E-002   1.7570878771484252E-004   9.0687534246624679E-002   3.4808346896212585E-003
 0.0200  0.19565977734831569        6.4541464375223899E-003   3.2320242976196005E-002   4.1339952227559588E-004  0.18376624837031905        6.1746963537372144E-003
 0.0400  0.21896454614596914        5.4204830206867859E-003   6.4304507319031770E-002   6.5910815078730337E-004  0.32756078237180009        8.2807349949487793E-003
 0.0600  0.25759373140882819        5.0913944748014611E-003   8.7208870193154445E-002   5.1494882399361172E-004  0.39713271324017818        7.9364979438428986E-003
 0.0800  0.30211700676298142        5.0452451275004462E-003  0.10292857905374199        3.2822903826137191E-004  0.42476899283551434        7.1257481248936079E-003
 0.1000  0.34819303400884205        5.0533993676116972E-003  0.11489004359223956        2.0722934518100259E-004  0.43534756192124274        6.3304786561092482E-003
 0.1200  0.39427277020327206        5.0404435656765502E-003  0.12484921234334863        1.3772845764804405E-004  0.43903762461313334        5.6179460500235699E-003
 0.1400  0.43981549520586605        4.9843444353655985E-003  0.13358086540152012        9.7512837669064685E-005  0.43972445168876334        4.9858965561743089E-003
 0.1600  0.48466342867834022        4.8859033730339558E-003  0.14144979990775464        7.2748746882638949E-005  0.43897107824579912        4.4267172361765013E-003
 0.1800  0.52882829916152607        4.7597479184743009E-003  0.14865040696410273        5.6299684421661921E-005  0.43744112940189661        3.9380840668263419E-003
 0.2000  0.57239134582268436        4.6241180848945488E-003  0.15530062062290265        4.4695118552052450E-005  0.43543519850158030        3.5182627888323682E-003
 0.2200  0.61545138913382502        4.4931056877952520E-003  0.16148019250305104        3.6175488822476337E-005  0.43310401641989893        3.1622500039876524E-003
 0.2400  0.65810256654229782        4.3746633840509967E-003  0.16724751171139454        2.9752661425330622E-005  0.43053341769808390        2.8621790576216981E-003
 0.2600  0.70042782862967190        4.2720139516680411E-003  0.17264774090861632        2.4812550797715958E-005  0.42777827921669515        2.6092647012670575E-003
 0.2800  0.74249860494467645        4.1856152292014739E-003  0.17771717121913094        2.0946948265084367E-005  0.42487684882869980        2.3952478522296368E-003
 0.3000  0.78437620931216945        4.1145700089882161E-003  0.18248577963268392        1.7874523608976176E-005  0.42185745288552934        2.2130167282174052E-003
 0.3200  0.82611348292787445        4.0574357500008651E-003  0.18697884998255532        1.5397397468672255E-005  0.41874199599830131        2.0567131288303851E-003
 0.3400  0.86775626725906041        4.0126359353721769E-003  0.19121806284254847        1.3374535911750956E-005  0.41554795985070997        1.9216114310216829E-003
 0.3600  0.90934464510140933        3.9786487000551219E-003  0.19522226171798324        1.1703881253499490E-005  0.41228962336836311        1.8039299842622985E-003
 0.3800  0.95091397319635351        3.9540868646740831E-003  0.19900801021874540        1.0310422165766229E-005  0.40897884648242433        1.7006472830507870E-003
 0.4000  0.99249574477775038        3.9377247569958350E-003  0.20259000808336894        9.1381557057796241E-006  0.40562559475242105        1.6093446860406119E-003


