# triplet j1 / nf 6 / mode 2 / nplat  8 / jkb  20 / start  6001 / nmeas  2000
 0.0010   4.4853831444478737E-003   2.8690031520399828E-003   1.3102553395513443E-003   5.2768399480528674E-005  0.36090543329461022       0.23096171981776531     
 0.0020   8.8937859069961045E-003   2.8305417985019315E-003   2.6203171168010788E-003   1.0545505126600591E-004  0.36401581447863851       0.11608323289184305     
 0.0030   1.3281255576597114E-002   3.6326525779480263E-003   3.9299981831884094E-003   1.5798014319265321E-004  0.36562229123864848       0.10027365121355007     
 0.0040   1.7668375196289481E-002   4.5781375988569028E-003   5.2391240829805664E-003   2.1026768784391210E-004  0.36641877844528770        9.5228828225017437E-002
 0.0050   2.2056863212901671E-002   5.5714495043558765E-003   6.5475390656552371E-003   2.6224732328474794E-004  0.36685572362969809        9.2956638264804270E-002
 0.0060   2.6445858981804946E-002   6.5828000277929890E-003   7.8551117046491616E-003   3.1385599110893232E-004  0.36712091567052957        9.1676155088751057E-002
 0.0070   3.0834543994352818E-002   7.5998374103492588E-003   9.1617400029835559E-003   3.6503946859964026E-004  0.36729538301478715        9.0823096847196319E-002
 0.0080   3.5222431325313767E-002   8.6162195844452089E-003   1.0467355875782508E-002   4.1575374485720374E-004  0.36741692252443331        9.0174362060675278E-002
 0.0090   3.9609333861462745E-002   9.6280741728002640E-003   1.1771928910948382E-002   4.6596624460331113E-004  0.36750438833714533        8.9627072026907950E-002
 0.0100   4.3995344631351165E-002   1.0632703626261947E-002   1.3075469321898884E-002   5.1565691626433846E-004  0.36756734119932943        8.9128098770190831E-002
 0.0200   8.7956807869804005E-002   1.9898569985246310E-002   2.6086599689050114E-002   9.9022757040343368E-004  0.36725631563901934        8.3376696371089576E-002
 0.0400  0.17729433578328713        2.7919189749542082E-002   5.2762217722128552E-002   2.2053341607271991E-003  0.36644740738112164        5.8211778720243704E-002
 0.0600  0.24891511490340637        1.8179327447431570E-002   7.7975142531464273E-002   2.8541059979283207E-003  0.38861310548036726        2.9259603230502737E-002
 0.0800  0.29372113949117118        8.8801503052850575E-003   9.6196631582435257E-002   1.8622304538394032E-003  0.42238133594078908        1.3408457112283775E-002
 0.1000  0.33523439618918333        7.1517152616768194E-003  0.10914395940464643        1.0530015110264170E-003  0.44072357049757921        9.6395358833360704E-003
 0.1200  0.37868269348841255        7.5967828357589584E-003  0.11962129887416252        6.7239520527797387E-004  0.44743960223319096        9.0637815948928242E-003
 0.1400  0.42338408323408766        8.3187249687806126E-003  0.12877996058436531        4.7954247190117147E-004  0.44850638750781757        8.8518092576853735E-003
 0.1600  0.46860443376352051        9.1593391606478690E-003  0.13704912060880042        3.6406600133300740E-004  0.44689626226268309        8.7551763357299334E-003
 0.1800  0.51382586742885672        1.0103267288313058E-002  0.14462979578626006        2.9189476031825991E-004  0.44408302514794007        8.7434176755594589E-003
 0.2000  0.55872612383017550        1.1075997937030914E-002  0.15163980242047034        2.4906053513333191E-004  0.44079597768784906        8.7456853731792648E-003
 0.2200  0.60306917812647920        1.1929743086042615E-002  0.15815811551558537        2.2516643639420994E-004  0.43742635530651963        8.6586444450829653E-003
 0.2400  0.64669547585497555        1.2512285830666039E-002  0.16424206406246938        2.1134456377021603E-004  0.43417318063924071        8.4050406404610912E-003
 0.2600  0.68965641357939178        1.2816717863192386E-002  0.16993575977521463        2.0144995625859344E-004  0.43103375440032032        8.0144938738971119E-003
 0.2800  0.73223258513927525        1.3000761150158194E-002  0.17527481572067896        1.9220184396466112E-004  0.42786298976102960        7.6003121144551369E-003
 0.3000  0.77471782852758531        1.3217618528538491E-002  0.18028912060839816        1.8230183235113770E-004  0.42453825934141604        7.2463131811270950E-003
 0.3200  0.81726571200076614        1.3522628212344845E-002  0.18500449150164244        1.7151249757518572E-004  0.42103465570046184        6.9692497589954553E-003
 0.3400  0.85991092394903479        1.3907692988953483E-002  0.18944366905753848        1.6005638814125265E-004  0.41738903757342483        6.7529068412547702E-003
 0.3600  0.90263968216965096        1.4348079240656762E-002  0.19362693408878470        1.4829607707084392E-004  0.41365160181949151        6.5771848098118094E-003
 0.3800  0.94543265838964985        1.4822080970242364E-002  0.19757251123264802        1.3658556387895673E-004  0.40986369965418706        6.4272259830844549E-003
 0.4000  0.98827932957061715        1.5314761823087983E-002  0.20129685454831089        1.2521239900941905E-004  0.40605398396972048        6.2936380424230580E-003


# triplet j3 / nf 6 / mode 2 / nplat  8 / jkb  20 / start  6001 / nmeas  2000
 0.0010  0.28189818951218037        4.3087876486883683E-002   1.3102553395513443E-003   5.2768399480528674E-005   5.7424957217377063E-003   8.8531937017253919E-004
 0.0020  0.28194801919681584        4.3088999284815237E-002   2.6203171168010788E-003   1.0545505126600591E-004   1.1482537561201586E-002   1.7699770744921714E-003
 0.0030  0.28203062914371685        4.3090894216079666E-002   3.9299981831884094E-003   1.5798014319265321E-004   1.7217715356607734E-002   2.6533248891325392E-003
 0.0040  0.28214536592916606        4.3093597353332277E-002   5.2391240829805664E-003   2.1026768784391210E-004   2.2945705435271076E-002   3.5347412399716971E-003
 0.0050  0.28229132804780038        4.3097157639680937E-002   6.5475390656552371E-003   2.6224732328474794E-004   2.8664311337258455E-002   4.4136436084088069E-003
 0.0060  0.28246737298008678        4.3101638577370413E-002   7.8551117046491616E-003   3.1385599110893232E-004   3.4371502317821240E-002   5.2895004795940025E-003
 0.0070  0.28267213743570968        4.3107117109247389E-002   9.1617400029835559E-003   3.6503946859964026E-004   4.0065447373878307E-002   6.1618417636564258E-003
 0.0080  0.28290404977402128        4.3113683847679267E-002   1.0467355875782508E-002   4.1575374485720374E-004   4.5744546010254274E-002   7.0302683580668974E-003
 0.0090  0.28316135168241174        4.3121441768625840E-002   1.1771928910948382E-002   4.6596624460331113E-004   5.1407453477355369E-002   7.8944598575571342E-003
 0.0100  0.28344212267127039        4.3130508567930208E-002   1.3075469321898884E-002   5.1565691626433846E-004   5.7053100290421488E-002   8.7541812177392708E-003
 0.0200  0.28705293867065246        4.3329031553778749E-002   2.6086599689050114E-002   9.9022757040343368E-004  0.11253218079991689        1.7119853114259443E-002
 0.0400  0.29344006020456559        4.4635068499783215E-002   5.2762217722128552E-002   2.2053341607271991E-003  0.22140484038154767        3.3994194697837647E-002
 0.0600  0.30846716617927983        4.6740330856702234E-002   7.7975142531464273E-002   2.8541059979283207E-003  0.31358824020639897        4.7861633115894177E-002
 0.0800  0.34761079235288717        5.2154700304708305E-002   9.6196631582435257E-002   1.8622304538394032E-003  0.35690010213027645        5.3659761029864028E-002
 0.1000  0.39771779502606219        5.9481513298176331E-002  0.10914395940464643        1.0530015110264170E-003  0.37148375529039446        5.5586919565072571E-002
 0.1200  0.44614357906545188        6.3843008514123500E-002  0.11962129887416252        6.7239520527797387E-004  0.37978274640189585        5.4357274693038291E-002
 0.1400  0.49133077735352759        6.5050646337973014E-002  0.12877996058436531        4.7954247190117147E-004  0.38648192714985935        5.1174048419437103E-002
 0.1600  0.53522618541755085        6.5089668599898981E-002  0.13704912060880042        3.6406600133300740E-004  0.39126929069298716        4.7585690139060076E-002
 0.1800  0.57922715591537444        6.5302716008375672E-002  0.14462979578626006        2.9189476031825991E-004  0.39394103552770682        4.4415131052349899E-002
 0.2000  0.62441292195535469        6.6671577271036037E-002  0.15163980242047034        2.4906053513333191E-004  0.39442525827656344        4.2115931519924835E-002
 0.2200  0.67148439917006308        6.9898974426670757E-002  0.15815811551558537        2.2516643639420994E-004  0.39285849814472507        4.0896033021111583E-002
 0.2400  0.71972187833955614        7.4525144331439100E-002  0.16424206406246938        2.1134456377021603E-004  0.39011990618478104        4.0396581546134736E-002
 0.2600  0.76698001346809508        7.8664354630111483E-002  0.16993575977521463        2.0144995625859344E-004  0.38757879993146777        3.9752203122488547E-002
 0.2800  0.81176240303279645        8.0802433124202419E-002  0.17527481572067896        1.9220184396466112E-004  0.38594448561259659        3.8417308388379992E-002
 0.3000  0.85422585375076321        8.0941251425069013E-002  0.18028912060839816        1.8230183235113770E-004  0.38502388678559574        3.6483043342914280E-002
 0.3200  0.89526504671487206        7.9842409833419170E-002  0.18500449150164244        1.7151249757518572E-004  0.38435230877233717        3.4278149446684933E-002
 0.3400  0.93565415433749000        7.8193808992816097E-002  0.18944366905753848        1.6005638814125265E-004  0.38360049093150378        3.2058391001479281E-002
 0.3600  0.97585264677097738        7.6399692280362877E-002  0.19362693408878470        1.4829607707084392E-004  0.38261755156456617        2.9955560383321811E-002
 0.3800   1.0160922233734271        7.4653727951950591E-002  0.19757251123264802        1.3658556387895673E-004  0.38136157154611383        2.8019482321589885E-002
 0.4000   1.0564812345976358        7.3035442578000903E-002  0.20129685454831089        1.2521239900941905E-004  0.37984087734403332        2.6258987313516752E-002


