# triplet j1 / nf 2 / mode 2 / nplat  8 / jkb  20 / start  6001 / nmeas  2000
 0.0010   8.0989739575273289E-003   1.4505494025027329E-003   2.8903578953577138E-003   2.6667780028983141E-004  0.29686623625142938        5.4905027239921404E-002
 0.0020   1.5870566797878422E-002   1.6324518109077052E-003   5.7741631883952782E-003   5.3123553920661210E-004  0.30281827778947806        3.4120980124840224E-002
 0.0030   2.3607818183859638E-002   2.1297935878867836E-003   8.6449433181103683E-003   7.9159442739957966E-004  0.30507094578838995        3.0863470684733933E-002
 0.0040   3.1296583164609509E-002   2.6822246775446874E-003   1.1496383680464734E-002   1.0457567328582978E-003  0.30642817358389979        2.9730939643255527E-002
 0.0050   3.8906051455336849E-002   3.2326369727172571E-003   1.4322401389503770E-002   1.2918426783796904E-003  0.30760313939796485        2.9080380370680774E-002
 0.0060   4.6411802039463532E-002   3.7610221129154254E-003   1.7117213042036457E-002   1.5281232139910163E-003  0.30880101548050232        2.8569153976007094E-002
 0.0070   5.3793607697850583E-002   4.2573020068986545E-003   1.9875394908276757E-002   1.7530476559362957E-003  0.31009247662207057        2.8094201834567085E-002
 0.0080   6.1034316677846409E-002   4.7153626617145823E-003   2.2591934294967621E-002   1.9652654591582916E-003  0.31150327197631700        2.7617770146814363E-002
 0.0090   6.8119441283978011E-002   5.1313187997994517E-003   2.5262271190667852E-002   2.1636416908389221E-003  0.31304110782350064        2.7124980734743162E-002
 0.0100   7.5036972931441515E-002   5.5028663871918146E-003   2.7882329682959076E-002   2.3472660766769744E-003  0.31470541884887843        2.6610474046900333E-002
 0.0200  0.13390354647615207        6.9525147033750014E-003   5.0781178532347003E-002   3.3229734417051533E-003  0.33658077336150727        2.0656240049932797E-002
 0.0400  0.20823481301946103        5.1765490931724124E-003   7.9719592695718197E-002   2.4438957905694243E-003  0.38350779160043935        1.1200327062647005E-002
 0.0600  0.26092491467835832        4.2819317868404497E-003   9.6559678843088290E-002   1.3199595766972432E-003  0.41254656863540423        7.3338654593327760E-003
 0.0800  0.30926708526353519        4.1941846863458015E-003  0.10886813690345941        7.6569510311477783E-004  0.42675310082603030        5.9789017457686005E-003
 0.1000  0.35655661920793846        4.4809416101647690E-003  0.11909535928207186        5.2908029393245349E-004  0.43284650390672075        5.5240116345296048E-003
 0.1200  0.40317560412535330        4.9722479431584159E-003  0.12807710031305333        4.1671838508109619E-004  0.43485765417577066        5.4094318531833696E-003
 0.1400  0.44905868954312628        5.5502503033258684E-003  0.13617877058537298        3.4837135721328422E-004  0.43484112990191398        5.4032286876177600E-003
 0.1600  0.49417440365548287        6.1417948440277911E-003  0.14359720195068881        2.9773237121450449E-004  0.43377820880702989        5.4098897975190519E-003
 0.1800  0.53857660028914223        6.7161785713954437E-003  0.15045410071043305        2.5657914424754831E-004  0.43212140990681586        5.4012395326205245E-003
 0.2000  0.58236856152372407        7.2702492999995186E-003  0.15683208923384223        2.2200397254950430E-004  0.43008028770996609        5.3777149669562213E-003
 0.2200  0.62566411937111888        7.8112722826710959E-003  0.16279121011629538        1.9265667907225284E-004  0.42776038725811139        5.3464848612218606E-003
 0.2400  0.66856678982348527        8.3467777540074204E-003  0.16837741045099247        1.6768124509757384E-004  0.42522396419420411        5.3129646660357698E-003
 0.2600  0.71116410145003561        8.8815269280870350E-003  0.17362727297604622        1.4641266024603615E-004  0.42251372184618613        5.2796604258683886E-003
 0.2800  0.75352878288931746        9.4177745071155443E-003  0.17857082919933512        1.2828989044329152E-004  0.41966178663697717        5.2471945617060308E-003
 0.3000  0.79572159481998384        9.9562234707577385E-003  0.18323332658788799        1.1282997223508348E-004  0.41669348846327148        5.2153282513516062E-003
 0.3200  0.83779393474184949        1.0496782039502786E-002  0.18763639354434591        9.9618101199838908E-005  0.41362931766145528        5.1835552913722781E-003
 0.3400  0.87978986799944747        1.1039018883851904E-002  0.19179884018966098        8.8300875068109897E-005  0.41048613120746452        5.1513739980589366E-003
 0.3600  0.92174766684785348        1.1582405144488685E-002  0.19573722873098520        7.8579623745574079E-005  0.40727796950925282        5.1183859160800734E-003
 0.3800  0.96370098042136021        1.2126429351670869E-002  0.19946629201382746        7.0203512631013992E-005  0.40401664001671517        5.0843139448615302E-003
 0.4000   1.0056797499547683        1.2670653249937103E-002  0.20299924844072476        6.2962738934915560E-005  0.40071214283117568        5.0489922153226039E-003


# triplet j3 / nf 2 / mode 2 / nplat  8 / jkb  20 / start  6001 / nmeas  2000
 0.0010  0.16890912854749035        2.4054646827224607E-002   2.8903578953577138E-003   2.6667780028983141E-004   1.4234351553080730E-002   2.1308449052613492E-003
 0.0020  0.16905822989452685        2.4064966771570322E-002   5.7741631883952782E-003   5.3123553920661210E-004   2.8427469684704200E-002   4.2526228129101977E-003
 0.0030  0.16930632546638044        2.4082160853485923E-002   8.6449433181103683E-003   7.9159442739957966E-004   4.2538631687334925E-002   6.3564176181448925E-003
 0.0040  0.16965282084835964        2.4106216875017589E-002   1.1496383680464734E-002   1.0457567328582978E-003   5.6528118840534124E-002   8.4336077088929297E-003
 0.0050  0.17009688293613931        2.4137119081828990E-002   1.4322401389503770E-002   1.2918426783796904E-003   7.0357688880950647E-002   1.0476002404796516E-002
 0.0060  0.17063745835192276        2.4174841274698992E-002   1.7117213042036457E-002   1.5281232139910163E-003   8.3991004897107882E-002   1.2475959515144222E-002
 0.0070  0.17127328622879318        2.4219350449648749E-002   1.9875394908276757E-002   1.7530476559362957E-003   9.7394015171633250E-002   1.4426487745511571E-002
 0.0080  0.17200290142820834        2.4270601255234246E-002   2.2591934294967621E-002   1.9652654591582916E-003  0.11053528277790919        1.6321326752968268E-002
 0.0090  0.17282466023544041        2.4328535840188677E-002   2.5262271190667852E-002   2.1636416908389221E-003  0.12338624207219197        1.8155003802932394E-002
 0.0100  0.17373674562398278        2.4393080755512494E-002   2.7882329682959076E-002   2.3472660766769744E-003  0.13592140172033637        1.9922869525677917E-002
 0.0200  0.18734083330100315        2.5372903362954474E-002   5.0781178532347003E-002   3.3229734417051533E-003  0.24057413663991886        3.3519944657338464E-002
 0.0400  0.23163954300464465        2.8473264226642252E-002   7.9719592695718197E-002   2.4438957905694243E-003  0.34475837864100184        4.2706109665812418E-002
 0.0600  0.28704731586244259        3.2541876126043832E-002   9.6559678843088290E-002   1.3199595766972432E-003  0.37500325651408223        4.2590428754649065E-002
 0.0800  0.34578971721858665        3.8577180028448003E-002  0.10886813690345941        7.6569510311477783E-004  0.38167904089586330        4.2602233344072343E-002
 0.1000  0.40245580090388766        4.5156417976165118E-002  0.11909535928207186        5.2908029393245349E-004  0.38348133067614393        4.3035871768570606E-002
 0.1200  0.45511442923782180        5.0212309974202431E-002  0.12807710031305333        4.1671838508109619E-004  0.38523058415103351        4.2506716939037764E-002
 0.1400  0.50560154722535278        5.4553246681476875E-002  0.13617877058537298        3.4837135721328422E-004  0.38621161075318461        4.1674274533756869E-002
 0.1600  0.55607499039210295        5.9792351431286937E-002  0.14359720195068881        2.9773237121450449E-004  0.38549133005389297        4.1452150772427004E-002
 0.1800  0.60687339004300511        6.6196803228794537E-002  0.15045410071043305        2.5657914424754831E-004  0.38349099446141754        4.1831877856095136E-002
 0.2000  0.65664776218874166        7.2426117215319608E-002  0.15683208923384223        2.2200397254950430E-004  0.38143012573211293        4.2071371233312858E-002
 0.2200  0.70396877178361794        7.6913238947250578E-002  0.16279121011629538        1.9265667907225284E-004  0.38017925897138943        4.1537704812819709E-002
 0.2400  0.74848445427433496        7.9112027995167755E-002  0.16837741045099247        1.6768124509757384E-004  0.37982167708874998        4.0146186623967003E-002
 0.2600  0.79074208061689566        7.9417661017673113E-002  0.17362727297604622        1.4641266024603615E-004  0.37999317187297926        3.8164700699252915E-002
 0.2800  0.83153589569536424        7.8521597551110406E-002  0.17857082919933512        1.2828989044329152E-004  0.38029294579673645        3.5911168538263351E-002
 0.3000  0.87152331193189303        7.7007517897572833E-002  0.18323332658788799        1.1282997223508348E-004  0.38045110515300629        3.3616740649074814E-002
 0.3200  0.91114312504359063        7.5255894587940367E-002  0.18763639354434591        9.9618101199838908E-005  0.38033117305428615        3.1413627239762328E-002
 0.3400  0.95065920609904631        7.3481741723251531E-002  0.19179884018966098        8.8300875068109897E-005  0.37988538571307207        2.9363586239813617E-002
 0.3600  0.99022215729128193        7.1793744241823859E-002  0.19573722873098520        7.8579623745574079E-005  0.37911443951183554        2.7486912123247258E-002
 0.3800   1.0299160453459140        7.0239582272335635E-002  0.19946629201382746        7.0203512631013992E-005  0.37804171888581678        2.5782277046236996E-002
 0.4000   1.0697877884520433        6.8834283059153761E-002  0.20299924844072476        6.2962738934915560E-005  0.37669909112480149        2.4238346576777314E-002


