# triplet j1 / nf 0 / mode 2 / nplat  8 / jkb  20 / start     1 / nmeas  2000
 0.0010  0.16320625065130007        5.8859865002445527E-002   3.4536650841835534        7.0351400016745974E-002  0.50923508759040825       0.18372739251267473     
 0.0020  0.16034260845127615        3.9075252099787648E-002   1.7317218822900786        3.5373366027178187E-002  0.51906306115533818       0.12660592691711295     
 0.0030  0.16275192056348256        2.8985680692354611E-002   1.1592554639152632        2.3676750526319519E-002  0.51243534664645607        9.1413268037935549E-002
 0.0040  0.16753732685091946        2.3570974171287524E-002  0.87399700660700297        1.7790695476300866E-002  0.49910093601018812        7.0402448558116421E-002
 0.0050  0.17267703559390146        2.0169683620417052E-002  0.70357607838390446        1.4234712952433887E-002  0.48575910324961707        5.6951880720748173E-002
 0.0060  0.17743071061899179        1.7792188322671806E-002  0.59055113627226796        1.1848695990897865E-002  0.47445014733380031        4.7813843421403372E-002
 0.0070  0.18163780046642652        1.6019250267105781E-002  0.51030618921415949        1.0134368188037889E-002  0.46534301728547961        4.1299474180875546E-002
 0.0080  0.18534022266850750        1.4640826533337585E-002  0.45053349003771365        8.8418306355005222E-003  0.45809320580518642        3.6464885573750383E-002
 0.0090  0.18863304938013589        1.3537517086600346E-002  0.40439578318610042        7.8317816868651198E-003  0.45229498907040022        3.2753729143187235E-002
 0.0100  0.19161189134830120        1.2634497080769948E-002  0.36779125123303269        7.0203544230591688E-003  0.44760325624552966        2.9821602594128301E-002
 0.0200  0.21526925755247722        8.1529169789431137E-003  0.21044010730172144        3.3277242600933963E-003  0.42619881706846857        1.6489470639406843E-002
 0.0400  0.26134579331392577        4.8378239867256740E-003  0.14695061862570194        1.4797886123520357E-003  0.41487301630029771        7.9588127451372913E-003
 0.0600  0.30769712622696199        3.4339791272536280E-003  0.13519162795437970        8.7784396060729066E-004  0.41394446683829694        4.8112418538069591E-003
 0.0800  0.35282032932059409        2.8615618181259145E-003  0.13449751884243102        5.8740488703969314E-004  0.41577993468868435        3.4922875996626361E-003
 0.1000  0.39681878642480195        2.7196740485659222E-003  0.13746347134017797        4.2220505714755008E-004  0.41784617088772724        2.9347998150072233E-003
 0.1200  0.43994974608730381        2.8397732008014240E-003  0.14187221488884319        3.1871668429743981E-004  0.41942201651347283        2.7479574269036132E-003
 0.1400  0.48242406273668403        3.1346547615654038E-003  0.14687071338938332        2.4932571617035929E-004  0.42035639232821592        2.7545620733601265E-003
 0.1600  0.52440016290944758        3.5456427917883683E-003  0.15207575786760769        2.0036366758804304E-004  0.42067060486167640        2.8577612156607908E-003
 0.1800  0.56599921790988328        4.0315429492919583E-003  0.15729699224152779        1.6444109144312567E-004  0.42043186906130858        3.0027373855046739E-003
 0.2000  0.60731680220375284        4.5650849011878488E-003  0.16243382494993744        1.3727201052797028E-004  0.41971349629770116        3.1598873139971131E-003
 0.2200  0.64843001929498612        5.1290636664712572E-003  0.16743153460070714        1.1621925287768511E-004  0.41858325870774821        3.3141676832122678E-003
 0.2400  0.68940195168277008        5.7128158775964881E-003  0.17226053310697642        9.9578185740071978E-005  0.41710078153459518        3.4584598563357546E-003
 0.2600  0.73028472114195564        6.3096814328032604E-003  0.17690572935746687        8.6201702302903546E-005  0.41531766772201689        3.5897832284586093E-003
 0.2800  0.77112177760425660        6.9153890583227304E-003  0.18136070402642704        7.5292410754920810E-005  0.41327833732087932        3.7072561890092118E-003
 0.3000  0.81194969752407398        7.5270907925659315E-003  0.18562434832694566        6.6281363778012797E-005  0.41102096241421943        3.8110313999320826E-003
 0.3200  0.85279961736152765        8.1427989516413089E-003  0.18969884263593192        5.8753820705759169E-005  0.40857833169876845        3.9017474743970526E-003
 0.3400  0.89369838966105131        8.7610665227649664E-003  0.19358840081920778        5.2401936312149255E-005  0.40597860514336048        3.9802516951238332E-003
 0.3600  0.93466950561407236        9.3808027347841820E-003  0.19729847046377960        4.6993623797338174E-005  0.40324596810096025        4.0474597253203209E-003
 0.3800  0.97573383683031623        1.0001171191999185E-002  0.20083521391256373        4.2351429010714630E-005  0.40040119214948477        4.1042880583256848E-003
 0.4000   1.0169102234053333        1.0621528173164476E-002  0.20420516714489678        3.8337913048493470E-005  0.39746211900012096        4.1516207502579599E-003


# triplet j3 / nf 0 / mode 2 / nplat  8 / jkb  20 / start     1 / nmeas  2000
 0.0010  0.25031085112353924        1.4476969603200926E-002   3.4536650841835534        7.0351400016745974E-002  0.33202855158963268        1.9498682432895990E-002
 0.0020  0.25005256512485635        1.4221005733271905E-002   1.7317218822900786        3.5373366027178187E-002  0.33284171723970840        1.9232216285314824E-002
 0.0030  0.24965523866199749        1.3968959781471417E-002   1.1592554639152632        2.3676750526319519E-002  0.33406003125869832        1.9000423873657444E-002
 0.0040  0.24918634360901448        1.3704249927233389E-002  0.87399700660700297        1.7790695476300866E-002  0.33556428268452582        1.8768054244815899E-002
 0.0050  0.24867547757683683        1.3419705447084838E-002  0.70357607838390446        1.4234712952433887E-002  0.33730483913910791        1.8519618235549980E-002
 0.0060  0.24814611062043865        1.3118615485666259E-002  0.59055113627226796        1.1848695990897865E-002  0.33924378900898988        1.8254674564986043E-002
 0.0070  0.24762537444603847        1.2805297179111956E-002  0.51030618921415949        1.0134368188037889E-002  0.34133772563184522        1.7973850739309658E-002
 0.0080  0.24714081855003647        1.2482602036674575E-002  0.45053349003771365        8.8418306355005222E-003  0.34354137558087794        1.7676034007345093E-002
 0.0090  0.24671666496949310        1.2151983682397650E-002  0.40439578318610042        7.8317816868651198E-003  0.34581280927356289        1.7358987877625420E-002
 0.0100  0.24637217376452131        1.1814045138338555E-002  0.36779125123303269        7.0203544230591688E-003  0.34811604408230840        1.7020288996297799E-002
 0.0200  0.24883836328807424        8.1289856568265064E-003  0.21044010730172144        3.3277242600933963E-003  0.36870320841107362        1.2392459549876236E-002
 0.0400  0.28083475768553495        5.4959881453819845E-003  0.14695061862570194        1.4797886123520357E-003  0.38608225870300544        7.8017588309437580E-003
 0.0600  0.32861951742533690        1.4260872662658325E-002  0.13519162795437970        8.7784396060729066E-004  0.38758964732712375        1.6866964894762679E-002
 0.0800  0.37769736512917612        2.1460343675489695E-002  0.13449751884243102        5.8740488703969314E-004  0.38839459055157932        2.2084440199505010E-002
 0.1000  0.42553322825922546        2.6783015033427244E-002  0.13746347134017797        4.2220505714755008E-004  0.38965044192250720        2.4531855428257022E-002
 0.1200  0.47252657658605907        3.1357103484200601E-002  0.14187221488884319        3.1871668429743981E-004  0.39050630972270978        2.5917908976241279E-002
 0.1400  0.51899180654536603        3.5698185300031451E-002  0.14687071338938332        2.4932571617035929E-004  0.39073842019621008        2.6878486975392558E-002
 0.1600  0.56498013856635421        3.9915350434561334E-002  0.15207575786760769        2.0036366758804304E-004  0.39045573226778230        2.7586553633259740E-002
 0.1800  0.61038134719901471        4.3900161479918938E-002  0.15729699224152779        1.6444109144312567E-004  0.38986137136248855        2.8040550760810145E-002
 0.2000  0.65504462879665104        4.7468405050572947E-002  0.16243382494993744        1.3727201052797028E-004  0.38913235405278956        2.8199309488953463E-002
 0.2200  0.69887576088572390        5.0471458783148689E-002  0.16743153460070714        1.1621925287768511E-004  0.38836938653650727        2.8047611515964275E-002
 0.2400  0.74187742848570226        5.2850524520455820E-002  0.17226053310697642        9.9578185740071978E-005  0.38759784540863734        2.7612267536107828E-002
 0.2600  0.78413656808758792        5.4633520389921572E-002  0.17690572935746687        8.6201702302903546E-005  0.38679505522540802        2.6949520780135860E-002
 0.2800  0.82578771907549842        5.5902651426878704E-002  0.18136070402642704        7.5292410754920810E-005  0.38591991471729753        2.6125416246189938E-002
 0.3000  0.86697800473688758        5.6760121949557672E-002  0.18562434832694566        6.6281363778012797E-005  0.38493288674556381        2.5201237766810443E-002
 0.3200  0.90784492610897927        5.7305126729696114E-002  0.18969884263593192        5.8753820705759169E-005  0.38380502541145917        2.4226672615795624E-002
 0.3400  0.94850633805415907        5.7622654787852362E-002  0.19358840081920778        5.2401936312149255E-005  0.38251976934364368        2.3238494498140742E-002
 0.3600  0.98905841485830936        5.7780365747812777E-002  0.19729847046377960        4.6993623797338174E-005  0.38107123298656403        2.2262063230162055E-002
 0.3800   1.0295776751755672        5.7829712324784267E-002  0.20083521391256373        4.2351429010714630E-005  0.37946140529982691        2.1313770781381434E-002
 0.4000   1.0701244658804616        5.7808704333888718E-002  0.20420516714489678        3.8337913048493470E-005  0.37769745960814205        2.0403452524698305E-002


