# triplet j1 / nf 5 / mode 2 / nplat  8 / jkb  20 / start  6001 / nmeas  2000
 0.0010   4.7090455209039582E-003   2.5298908537989143E-003   1.3332746879746022E-003   5.1536716174261296E-005  0.34677032562342097       0.18641964200172884     
 0.0020   9.3506565887305250E-003   2.7529169846948164E-003   2.6664003099281177E-003   1.0301728062785767E-004  0.34926137850564903       0.10304678760617848     
 0.0030   1.3943771506605081E-002   3.5481584399501206E-003   3.9993084973145186E-003   1.5440611665779161E-004  0.35130782283395834        8.9651320735180992E-002
 0.0040   1.8537523143165469E-002   4.4773540473716381E-003   5.3320172586216429E-003   2.0568983985561829E-004  0.35232143039715480        8.5366844393528235E-002
 0.0050   2.3135277493195126E-002   5.4504276354597099E-003   6.6646280629136852E-003   2.5687678713995555E-004  0.35286878800058458        8.3409846224418521E-002
 0.0060   2.7736627780763405E-002   6.4388418127155067E-003   7.9973217586905010E-003   3.0799642723948478E-004  0.35319069174959977        8.2272057694778800E-002
 0.0070   3.2341400608401280E-002   7.4306106015614845E-003   9.3303533741480194E-003   3.5909873391017474E-004  0.35338998705800223        8.1477544559148712E-002
 0.0080   3.6949974653303512E-002   8.4194359634455745E-003   1.0664045853817816E-002   4.1025357387763532E-004  0.35351418790577205        8.0838392084759708E-002
 0.0090   4.1563170820476829E-002   9.4013140259998282E-003   1.1998782793960891E-002   4.6155012378297966E-004  0.35358690793458625        8.0267624223103920E-002
 0.0100   4.6182122699349355E-002   1.0373284544032356E-002   1.3335000245432237E-002   5.1309628698385052E-004  0.35362065238947754        7.9719988293752514E-002
 0.0200   9.2970618451358275E-002   1.9017428716744049E-002   2.6891895895606806E-002   1.0769414599312364E-003  0.35277271409147587        7.2505662443931251E-002
 0.0400  0.18561241566677172        2.2806950177563054E-002   5.5497226473913738E-002   2.6087489587150953E-003  0.35898277487169006        4.4909367872163576E-002
 0.0600  0.25085269730956705        1.2993405762542666E-002   8.0530605377254760E-002   2.6683612837523889E-003  0.39187930556618072        2.1311182023523993E-002
 0.0800  0.29485694772638660        7.3006452471966049E-003   9.7669878164535581E-002   1.5975333816175409E-003  0.42396396857852348        1.1055130941665943E-002
 0.1000  0.33753498165410312        6.7276490404463820E-003  0.11016545181931051        9.1219779463766546E-004  0.43976323489478475        8.9523273828958968E-003
 0.1200  0.38160697220880291        7.2318446283179075E-003  0.12050581011255654        5.9116497631346316E-004  0.44564938674893334        8.5159615655885611E-003
 0.1400  0.42663850124157793        7.9305850931324588E-003  0.12961577638917382        4.3190054887057191E-004  0.44652718412807096        8.3335598147719937E-003
 0.1600  0.47200343476733159        8.7401175339873877E-003  0.13785740217027329        3.4431272003096182E-004  0.44498449146807811        8.2585230264228104E-003
 0.1800  0.51723251178357577        9.6095372569877328E-003  0.14541282526522445        2.9335918926248723E-004  0.44235077354019436        8.2304317759601935E-003
 0.2000  0.56200994952631023        1.0428077732340814E-002  0.15239408518790018        2.6210410494460328E-004  0.43930894587860675        8.1601140967357075E-003
 0.2200  0.60615201344246816        1.1072969623125884E-002  0.15887869590024503        2.4073551102138854E-004  0.43619192290927905        7.9750487091011530E-003
 0.2400  0.64967016057043836        1.1517940447016629E-002  0.16492436180811368        2.2364245242526736E-004  0.43308197113664909        7.6836818339492208E-003
 0.2600  0.69275748514095903        1.1853367853233661E-002  0.17057640712024830        2.0802335914330854E-004  0.42991235489631274        7.3606482548974426E-003
 0.2800  0.73563080425087690        1.2181492927491749E-002  0.17587193521049646        1.9277188870508506E-004  0.42661132265189605        7.0682306110933782E-003
 0.3000  0.77842099282537069        1.2549780533514066E-002  0.18084226708222376        1.7765730143588456E-004  0.42316628318401406        6.8254944975467066E-003
 0.3200  0.82118022298076643        1.2963481071420702E-002  0.18551441737788876        1.6281989013165927E-004  0.41960469502515851        6.6266072134304466E-003
 0.3400  0.86392422345924080        1.3412578110459603E-002  0.18991202589637013        1.4850300139767047E-004  0.41596332241655581        6.4599524949647269E-003
 0.3600  0.90665978420861493        1.3885540606598277E-002  0.19405598069148133        1.3493032493936915E-004  0.41227349180895684        6.3156160692588734E-003
 0.3800  0.94939535413425014        1.4373360959035629E-002  0.19796486401051913        1.2226179052801436E-004  0.40855803110546779        6.1866465149240943E-003
 0.4000  0.99214325239425449        1.4869866925051661E-002  0.20165529232672699        1.1058764406302859E-004  0.40483254859326517        6.0684920953568439E-003


# triplet j3 / nf 5 / mode 2 / nplat  8 / jkb  20 / start  6001 / nmeas  2000
 0.0010  0.27999290943807664        4.3999664985407007E-002   1.3332746879746022E-003   5.1536716174261296E-005   5.8321378635501596E-003   9.2340056139997653E-004
 0.0020  0.28003442439309306        4.4000801006680891E-002   2.6664003099281177E-003   1.0301728062785767E-004   1.1662220518748134E-002   1.8462395690186145E-003
 0.0030  0.28009713243006773        4.4002159615935031E-002   3.9993084973145186E-003   1.5440611665779161E-004   1.7488776009881659E-002   2.7680829244210474E-003
 0.0040  0.28017580509795653        4.4003312060344697E-002   5.3320172586216429E-003   2.0568983985561829E-004   2.3310958872901102E-002   3.6886338270239452E-003
 0.0050  0.28026532416486383        4.4003840250615968E-002   6.6646280629136852E-003   2.5687678713995555E-004   2.9128531520648360E-002   4.6077289550430943E-003
 0.0060  0.28036072285255104        4.4003338706191560E-002   7.9973217586905010E-003   3.0799642723948478E-004   3.4941837262422566E-002   5.5253325649753876E-003
 0.0070  0.28045723071610573        4.4001420284323030E-002   9.3303533741480194E-003   3.5909873391017474E-004   4.0751764942048456E-002   6.4415290636406540E-003
 0.0080  0.28055031285662835        4.3997718211901592E-002   1.0664045853817816E-002   4.1025357387763532E-004   4.6559706705359458E-002   7.3565138422315929E-003
 0.0090  0.28063571240436680        4.3991891463482272E-002   1.1998782793960891E-002   4.6155012378297966E-004   5.2367508498682235E-002   8.2705830139652922E-003
 0.0100  0.28070949289474134        4.3983630768915837E-002   1.3335000245432237E-002   5.1309628698385052E-004   5.8177413913816214E-002   9.1841221525393139E-003
 0.0200  0.28024848515469925        4.3731304692341551E-002   2.6891895895606806E-002   1.0769414599312364E-003  0.11703006131770610        1.8411661440215995E-002
 0.0400  0.27802528265163884        4.2997931283266684E-002   5.5497226473913738E-002   2.6087489587150953E-003  0.23966043444395543        3.7490202951996433E-002
 0.0600  0.29898973832301351        4.4362303793172200E-002   8.0530605377254760E-002   2.6683612837523889E-003  0.32878713956020050        4.9086633957975148E-002
 0.0800  0.34373400535462151        4.9669761106707434E-002   9.7669878164535581E-002   1.5975333816175409E-003  0.36367865783910686        5.2635873579971723E-002
 0.1000  0.39661414631527575        5.7135525184998967E-002  0.11016545181931051        9.1219779463766546E-004  0.37425663406460086        5.3937002633815546E-002
 0.1200  0.44767085086471758        6.2672298710927887E-002  0.12050581011255654        5.9116497631346316E-004  0.37988382047988617        5.3190522113543422E-002
 0.1400  0.49528597622798404        6.5393464426431624E-002  0.12961577638917382        4.3190054887057191E-004  0.38463776029130092        5.0788432157303443E-002
 0.1600  0.54110471042948727        6.6752723986013104E-002  0.13785740217027329        3.4431272003096182E-004  0.38815815930417280        4.7887112254310062E-002
 0.1800  0.58720857018680528        6.8578923794987048E-002  0.14541282526522445        2.9335918926248723E-004  0.38963702729136968        4.5506632611164007E-002
 0.2000  0.63528995319366388        7.2439262945082170E-002  0.15239408518790018        2.6210410494460328E-004  0.38863513779577707        4.4315581281442688E-002
 0.2200  0.68493581537617065        7.8164044761228887E-002  0.15887869590024503        2.4073551102138854E-004  0.38601954574910369        4.4053053257142136E-002
 0.2400  0.73335355689578763        8.3249722334294868E-002  0.16492436180811368        2.2364245242526736E-004  0.38366273822885566        4.3553870867998848E-002
 0.2600  0.77856038335790245        8.5665899462954373E-002  0.17057640712024830        2.0802335914330854E-004  0.38253295206787780        4.2091189471051657E-002
 0.2800  0.82084246008877249        8.5520235964808664E-002  0.17587193521049646        1.9277188870508506E-004  0.38232480121825657        3.9833416478239819E-002
 0.3000  0.86138996366925380        8.3870259075836520E-002  0.18084226708222376        1.7765730143588456E-004  0.38240696105068833        3.7233982715504127E-002
 0.3200  0.90117860494609492        8.1608902496353636E-002  0.18551441737788876        1.6281989013165927E-004  0.38235603368007953        3.4625791679511124E-002
 0.3400  0.94076715424144841        7.9238875651570242E-002  0.18991202589637013        1.4850300139767047E-004  0.38198696530387011        3.2174320293249063E-002
 0.3600  0.98042692751012983        7.6989526370732420E-002  0.19405598069148133        1.3493032493936915E-004  0.38125410943956239        2.9938856383424025E-002
 0.3800   1.0202769114850594        7.4946058550306255E-002  0.19796486401051913        1.2226179052801436E-004  0.38017433528039574        2.7926555456294962E-002
 0.4000   1.0603642141013618        7.3126901555150225E-002  0.20165529232672699        1.1058764406302859E-004  0.37878671884147785        2.6122833714296093E-002


