# triplet j1 / nf 5 / mode 2 / nplat  8 / jkb  20 / start     1 / nmeas  2000
 0.0010   3.5100968790978634E-003   2.0828505982441177E-003   1.2213698693001411E-003   1.6288189235174878E-004  0.44526596043750738       0.26587857610748888     
 0.0020   7.0736358340316588E-003   1.6438262051560410E-003   2.4426291175189338E-003   3.2565457695299838E-004  0.44189192242488351       0.10683161398589416     
 0.0030   1.0563940884429218E-002   1.9339202201848569E-003   3.6636757906076127E-003   4.8823342780441399E-004  0.44382133998122714        8.6463973951312029E-002
 0.0040   1.4037188451371568E-002   2.3416194069606024E-003   4.8844173189098667E-003   6.5055999741428614E-004  0.44531901964408366        7.9986953766344765E-002
 0.0050   1.7509087922955038E-002   2.7926651082776110E-003   6.1047703712158131E-003   8.1260090653315629E-004  0.44624271867795029        7.7122743509597982E-002
 0.0060   2.0980844774983170E-002   3.2633129458985517E-003   7.3246606345317537E-003   9.7434630434082496E-004  0.44684963367221753        7.5589930288112353E-002
 0.0070   2.4451769216659643E-002   3.7437700682596865E-003   8.5440225205816716E-003   1.1358079240540973E-003  0.44728560543482893        7.4658064548430783E-002
 0.0080   2.7921064501790781E-002   4.2292575592349970E-003   9.7627988005113513E-003   1.2970167644390078E-003  0.44762588119235586        7.4036053471583110E-002
 0.0090   3.1388077022171945E-002   4.7171186979156187E-003   1.0980940169703766E-002   1.4580204326678568E-003  0.44791056412263591        7.3589226080925982E-002
 0.0100   3.4852337552599907E-002   5.2057638302545322E-003   1.2198404745039566E-002   1.6188801882733217E-003  0.44816156269329616        7.3248621395832977E-002
 0.0200   6.9307012188817338E-002   1.0001984837387122E-002   2.4330610635153120E-002   3.2359197991779737E-003  0.45012104983929879        7.1523502380336904E-002
 0.0400  0.13730997141434395        1.8113896381087041E-002   4.8287784440442114E-002   6.3442826569713798E-003  0.45264899082480187        6.6707489876858733E-002
 0.0600  0.20287287906602983        2.1394272683115379E-002   7.1002427985738470E-002   7.3559450682041489E-003  0.45499144460147872        5.3457895137633188E-002
 0.0800  0.26295241331338531        1.9670298910168506E-002   9.0472338866830287E-002   5.7290372779290142E-003  0.45755229620027094        3.7167050482289236E-002
 0.1000  0.31745624672773098        1.6421828611966595E-002  0.10581092832219337        3.6718145898432843E-003  0.45824357330038767        2.5002571051899652E-002
 0.1200  0.36849687230820283        1.3688127074837225E-002  0.11791720365438776        2.2610971359702148E-003  0.45652062229377821        1.7513601113869317E-002
 0.1400  0.41773063376143865        1.1984490262601784E-002  0.12797227712019471        1.4435571128170570E-003  0.45314859697602894        1.3249458387295384E-002
 0.1600  0.46594505314952861        1.1372573670674147E-002  0.13673299608092918        9.8049256554441633E-004  0.44892826401478103        1.1074828450512315E-002
 0.1800  0.51336696434073514        1.1679365333038214E-002  0.14460111183559585        7.0896198845347579E-004  0.44443591642286084        1.0169677722697449E-002
 0.2000  0.55974577209335163        1.2367615097575002E-002  0.15178992800035571        5.4013991241907142E-004  0.44021075745265625        9.7579667777548430E-003
 0.2200  0.60466385855912497        1.2747474421622126E-002  0.15842269318533486        4.2808916934337682E-004  0.43663749134874158        9.2240408440998102E-003
 0.2400  0.64838247918245984        1.2749063854396859E-002  0.16457900462375194        3.4905292807790135E-004  0.43348748500326900        8.5359971372415116E-003
 0.2600  0.69156311195638809        1.2716163709545356E-002  0.17031581029129403        2.9040292269276604E-004  0.43032575009953383        7.9211444177673535E-003
 0.2800  0.73455839565241454        1.2799237294779012E-002  0.17567715300303902        2.4511766718396665E-004  0.42699749672663895        7.4461350545379969E-003
 0.3000  0.77746667365537991        1.2992368867662293E-002  0.18069893798109515        2.0908378599775133E-004  0.42351777593645679        7.0817127963268261E-003
 0.3200  0.82030888699250548        1.3259766796161034E-002  0.18541143283929698        1.7976336460553263E-004  0.41993379373686179        6.7910121761557436E-003
 0.3400  0.86309456592517642        1.3572927579830966E-002  0.18984069125163999        1.5551207420013303E-004  0.41628496656864772        6.5486703715025340E-003
 0.3600  0.90583645103589716        1.3913715957796462E-002  0.19400944111092597        1.3521392266013996E-004  0.41259873081236093        6.3391782543561316E-003
 0.3800  0.94855156872868873        1.4271369988802220E-002  0.19793769031585409        1.1807722074118145E-004  0.40889339817203402        6.1531874025109769E-003
 0.4000  0.99125983676003016        1.4639718987597415E-002  0.20164317219544894        1.0351689866644931E-004  0.40518116045455882        5.9849435387542014E-003


# triplet j3 / nf 5 / mode 2 / nplat  8 / jkb  20 / start     1 / nmeas  2000
 0.0010  0.30491072634377964        9.1896815510711743E-002   1.2213698693001411E-003   1.6288189235174878E-004   5.1258500376206656E-003   1.5822337822399264E-003
 0.0020  0.30493288035065896        9.1874331471238677E-002   2.4426291175189338E-003   3.2565457695299838E-004   1.0250723154680093E-002   3.1631660563780388E-003
 0.0030  0.30496790461340689        9.1836676074987189E-002   3.6636757906076127E-003   4.8823342780441399E-004   1.5373756804845524E-002   4.7415614845246609E-003
 0.0040  0.30501427437847822        9.1783708682391080E-002   4.8844173189098667E-003   6.5055999741428614E-004   2.0494211336376432E-002   6.3162567354407935E-003
 0.0050  0.30507050033489141        9.1715288245776280E-002   6.1047703712158131E-003   8.1260090653315629E-004   2.5611466817452563E-002   7.8861586836421107E-003
 0.0060  0.30513514173608997        9.1631273236900110E-002   7.3246606345317537E-003   9.7434630434082496E-004   3.0725018260740120E-002   9.4502413289545752E-003
 0.0070  0.30520681750695328        9.1531519530653443E-002   8.5440225205816716E-003   1.1358079240540973E-003   3.5834469515993540E-002   1.1007541397173233E-002
 0.0080  0.30528421948476936        9.1415878415548268E-002   9.7627988005113513E-003   1.2970167644390078E-003   4.0939525542905572E-002   1.2557152537462438E-002
 0.0090  0.30536612168812927        9.1284194828188767E-002   1.0980940169703766E-002   1.4580204326678568E-003   4.6039983767696101E-002   1.4098218609555313E-002
 0.0100  0.30545139363253510        9.1136310216508254E-002   1.2198404745039566E-002   1.6188801882733217E-003   5.1135723675492559E-002   1.5629926341658738E-002
 0.0200  0.30632688357795518        8.8730093486966491E-002   2.4330610635153120E-002   3.2359197991779737E-003  0.10184070272668878        3.0266395817740401E-002
 0.0400  0.30920363678398610        7.8815585414478903E-002   4.8287784440442114E-002   6.3442826569713798E-003  0.20101063699424168        5.2911562552116570E-002
 0.0600  0.32138434841900504        6.5824572362121248E-002   7.1002427985738470E-002   7.3559450682041489E-003  0.28721194660161464        6.0677760092345823E-002
 0.0800  0.34849723068539695        5.7395387713478130E-002   9.0472338866830287E-002   5.7290372779290142E-003  0.34523798156535446        5.7899785546817073E-002
 0.1000  0.38754228446484185        5.5204626540135998E-002  0.10581092832219337        3.6718145898432843E-003  0.37537138706793766        5.3866103124390975E-002
 0.1200  0.43230338347874375        5.6055645626092380E-002  0.11791720365438776        2.2610971359702148E-003  0.38913972892308701        5.0596473009540621E-002
 0.1400  0.47800732191459816        5.7107324125980387E-002  0.12797227712019471        1.4435571128170570E-003  0.39600659221015655        4.7363425668191211E-002
 0.1600  0.52258268483031289        5.7187416526577564E-002  0.13673299608092918        9.8049256554441633E-004  0.40027331541727984        4.3826327199255159E-002
 0.1800  0.56665875224229678        5.6870418242794776E-002  0.14460111183559585        7.0896198845347579E-004  0.40263865396089160        4.0421256270760951E-002
 0.2000  0.61391091287331212        5.8832685336626458E-002  0.15178992800035571        5.4013991241907142E-004  0.40137111940374498        3.8471070869399437E-002
 0.2200  0.67116127913612322        6.9205612113929643E-002  0.15842269318533486        4.2808916934337682E-004  0.39337625473617194        4.0565780947662965E-002
 0.2400  0.73424172505068686        8.6739606865813335E-002  0.16457900462375194        3.4905292807790135E-004  0.38279721872464567        4.5223550836396460E-002
 0.2600  0.78636063014230440        9.5380342982786817E-002  0.17031581029129403        2.9040292269276604E-004  0.37844902642181572        4.5904497499315265E-002
 0.2800  0.82860811755323227        9.4877172335795290E-002  0.17567715300303902        2.4511766718396665E-004  0.37853188919907838        4.3343410621889553E-002
 0.3000  0.86720669649892146        9.1028795432709461E-002  0.18069893798109515        2.0908378599775133E-004  0.37969143667890376        3.9855987304198578E-002
 0.3200  0.90507091451986021        8.6631211723483412E-002  0.18541143283929698        1.7976336460553263E-004  0.38060600271700207        3.6431158643925904E-002
 0.3400  0.94312114221179433        8.2542027613190280E-002  0.18984069125163999        1.5551207420013303E-004  0.38096197449156322        3.3342183479439139E-002
 0.3600  0.98158553563335926        7.8944221323570304E-002  0.19400944111092597        1.3521392266013996E-004  0.38075843261059017        3.0622863765258017E-002
 0.3800   1.0204870837943576        7.5824501154927282E-002  0.19793769031585409        1.1807722074118145E-004  0.38006994937825761        2.8240285416686134E-002
 0.4000   1.0597971069945782        7.3123112823378689E-002  0.20164317219544894        1.0351689866644931E-004  0.37897802166059347        2.6148631862950779E-002


