# triplet j1 / nf 6 / mode 2 / nplat  8 / jkb  20 / start  2001 / nmeas  2000
 0.0010   4.6072385287750034E-003   1.7746969263122852E-003   1.3783170545205003E-003   1.5956766233092711E-004  0.36037019551735061       0.14037231436599812     
 0.0020   7.8813372491155949E-003   2.4194758835293755E-003   2.7564511724331633E-003   3.1910403361473725E-004  0.42131336471619435       0.13161716414772973     
 0.0030   1.1586232543103252E-002   3.4509132773032280E-003   4.1342238439302948E-003   4.7858331344669051E-004  0.42986330960204588       0.13042822499938916     
 0.0040   1.5350957742903765E-002   4.5374174718195437E-003   5.5114652987567373E-003   6.3799039465420684E-004  0.43255671260474837       0.13028270485682111     
 0.0050   1.9134561374634228E-002   5.6346415206217221E-003   6.8880185933022139E-003   7.9732550074632883E-004  0.43373917005960971       0.13016879980499899     
 0.0060   2.2927521207843915E-002   6.7311572623981594E-003   8.2637433651888328E-003   9.5660800256241422E-004  0.43433210215857238       0.12996747761243363     
 0.0070   2.6726323308270322E-002   7.8223736715278512E-003   9.6385191555123928E-003   1.1158791892773323E-003  0.43464026567003011       0.12967651350712153     
 0.0080   3.0529456791709837E-002   8.9056844733376786E-003   1.1012248207924402E-002   1.2752038077817559E-003  0.43478936243096866       0.12930568879913654     
 0.0090   3.4336252373133556E-002   9.9792072682163089E-003   1.2384857664562366E-002   1.4346702295420215E-003  0.43483938219044749       0.12886339880577488     
 0.0100   3.8146493939879039E-002   1.1041372830954388E-002   1.3756301091181743E-002   1.5943891536071536E-003  0.43482169668472770       0.12835541519026092     
 0.0200   7.6492457826019780E-002   2.0728807745328644E-002   2.7414551311231473E-002   3.2360713853338201E-003  0.43291431936461067       0.12006634246351360     
 0.0400  0.15442622935611638        2.9486231452996680E-002   5.4540988046758263E-002   6.1996922439818379E-003  0.42774547774920568        8.5215375714481262E-002
 0.0600  0.22452211876302641        2.1450852253326238E-002   7.8733757955968930E-002   5.2829568915421883E-003  0.43292431804698833        4.3837661699158093E-002
 0.0800  0.28078982388100093        1.2688612525428312E-002   9.6453895759165784E-002   2.8308023766528316E-003  0.44242383257452744        2.1020410424801142E-002
 0.1000  0.32836851746551105        8.9296748669604742E-003  0.10948813193293393        1.5797958743585616E-003  0.45064754410017416        1.2678867855705265E-002
 0.1200  0.37361996073776160        8.3673524835998405E-003  0.12009901151152735        1.1212230433651626E-003  0.45440726567473538        1.0395318999689358E-002
 0.1400  0.41984926138915091        9.0307552495521911E-003  0.12932857205817955        8.7735456595523212E-004  0.45324483464581283        9.8695533257497133E-003
 0.1600  0.46630137623948742        9.7815990243397422E-003  0.13762530725431438        6.8429938344167867E-004  0.45004655612086847        9.5066916284083387E-003
 0.1800  0.51246563552236823        1.0529395025059389E-002  0.14521104345252689        5.2660509745824208E-004  0.44615557619732477        9.2025803246902332E-003
 0.2000  0.55816853012494638        1.1297319670653418E-002  0.15221262313827263        4.0481276601117636E-004  0.44206892125048303        8.9667558144769215E-003
 0.2200  0.60336481482477666        1.2071500132883739E-002  0.15871235473464901        3.1469516744170436E-004  0.43797742414548141        8.7733516047948830E-003
 0.2400  0.64805767070315468        1.2814319359441103E-002  0.16476956646142624        2.4916371250858344E-004  0.43395576545365200        8.5870624309784243E-003
 0.2600  0.69228338048334459        1.3495368282405152E-002  0.17043046057889993        2.0126498159946785E-004  0.43002269331751042        8.3867044657140039E-003
 0.2800  0.73610615962014458        1.4107034407023175E-002  0.17573288464886366        1.6554094094660922E-004  0.42616725839702763        8.1697069202504476E-003
 0.3000  0.77960447712285352        1.4660561214085904E-002  0.18070882032693253        1.3819529947954294E-004  0.42236796975000690        7.9443250708593083E-003
 0.3200  0.82285531299039749        1.5174090533666192E-002  0.18538581297463655        1.1674342170559417E-004  0.41860533334418548        7.7205323618899802E-003
 0.3400  0.86592501808931599        1.5663707241826336E-002  0.18978788289006385        9.9580469900975897E-005  0.41486654026329667        7.5053050693954524E-003
 0.3600  0.90886745819105486        1.6140145246639283E-002  0.19393616171771849        8.5645329110036245E-005  0.41114507502596487        7.3018943682991635E-003
 0.3800  0.95172594976052338        1.6609022746366931E-002  0.19784936809624093        7.4205104677103789E-005  0.40743864509392180        7.1108163233845507E-003
 0.4000  0.99453606841187492        1.7072273042371834E-002  0.20154417955942783        6.4729872782376424E-005  0.40374725779304016        6.9310558383318503E-003


# triplet j3 / nf 6 / mode 2 / nplat  8 / jkb  20 / start  2001 / nmeas  2000
 0.0010  0.19862509981568174        6.3209634839185069E-002   1.3783170545205003E-003   1.5956766233092711E-004   8.3590213470021608E-003   2.7037880753147977E-003
 0.0020  0.19868995420117552        6.3201629397635781E-002   2.7564511724331633E-003   3.1910403361473725E-004   1.6712031205794706E-002   5.4032557974354033E-003
 0.0030  0.19879775056649623        6.3188291968456864E-002   4.1342238439302948E-003   4.7858331344669051E-004   2.5053081599790823E-002   8.0941291948545824E-003
 0.0040  0.19894805189768797        6.3169630616156519E-002   5.5114652987567373E-003   6.3799039465420684E-004   3.3376350023370235E-002   1.0772225914667677E-002
 0.0050  0.19914025637687693        6.3145655364774678E-002   6.8880185933022139E-003   7.9732550074632883E-004   4.1676198078110925E-002   1.3433497535625578E-002
 0.0060  0.19937359936643695        6.3116380697993094E-002   8.2637433651888328E-003   9.5660800256241422E-004   4.9947227291541191E-002   1.6074069993758815E-002
 0.0070  0.19964718152954383        6.3081820004986744E-002   9.6385191555123928E-003   1.1158791892773323E-003   5.8184323836150638E-002   1.8690274377830617E-002
 0.0080  0.19995997007618627        6.3041988566379090E-002   1.1012248207924402E-002   1.2752038077817559E-003   6.6382701741622960E-002   2.1278677218726356E-002
 0.0090  0.20031082140077208        6.2996901135880759E-002   1.2384857664562366E-002   1.4346702295420215E-003   7.4537933918187874E-002   2.3836100739360586E-002
 0.0100  0.20069850795569710        6.2946568085417265E-002   1.3756301091181743E-002   1.5943891536071536E-003   8.2645971743712923E-002   2.6359633681427713E-002
 0.0200  0.20632627567502984        6.2147652576491498E-002   2.7414551311231473E-002   3.2360713853338201E-003  0.16049667066367335        4.9262618342315947E-002
 0.0400  0.22605469157394223        5.8499157650629900E-002   5.4540988046758263E-002   6.1996922439818379E-003  0.29220858365301328        7.7420929452568024E-002
 0.0600  0.26104562889311567        5.3296730169000085E-002   7.8733757955968930E-002   5.2829568915421883E-003  0.37235285480204999        7.7041472883366061E-002
 0.0800  0.31338693118351307        5.0005226156563047E-002   9.6453895759165784E-002   2.8308023766528316E-003  0.39640488376528227        6.3518809019144237E-002
 0.1000  0.37418720226298863        5.2352580826243070E-002  0.10948813193293393        1.5797958743585616E-003  0.39546640040255715        5.5403266832127956E-002
 0.1200  0.43020956654805287        5.6564061446109169E-002  0.12009901151152735        1.1212230433651626E-003  0.39463470355298319        5.1919359424996689E-002
 0.1400  0.47924081240116018        5.8033843243708430E-002  0.12932857205817955        8.7735456595523212E-004  0.39707492377590270        4.8102794142507323E-002
 0.1600  0.52588244864685274        5.8530894823668057E-002  0.13762530725431438        6.8429938344167867E-004  0.39905748714562772        4.4426312355158523E-002
 0.1800  0.57349468449625129        6.0275419168694964E-002  0.14521104345252689        5.2660509745824208E-004  0.39867745434928253        4.1908019815476878E-002
 0.2000  0.62375931688536101        6.4757917274229679E-002  0.15221262313827263        4.0481276601117636E-004  0.39558360622235339        4.1072367190819983E-002
 0.2200  0.67639629905857634        7.2170935254814772E-002  0.15871235473464901        3.1469516744170436E-004  0.39068836979855498        4.1687930863926401E-002
 0.2400  0.72886037278527405        8.0411170628632442E-002  0.16476956646142624        2.4916371250858344E-004  0.38584669032480046        4.2569350511560008E-002
 0.2600  0.77825843348268664        8.6495353969447644E-002  0.17043046057889993        2.0126498159946785E-004  0.38251762012036239        4.2513466558365146E-002
 0.2800  0.82364673971002744        8.9155012580658805E-002  0.17573288464886366        1.6554094094660922E-004  0.38087244058651210        4.1227636869180517E-002
 0.3000  0.86585392947735551        8.8977972701337185E-002  0.18070882032693253        1.3819529947954294E-004  0.38029504631243571        3.9080629351804036E-002
 0.3200  0.90614984379783725        8.7103417187443952E-002  0.18538581297463655        1.1674342170559417E-004  0.38012655958171399        3.6539762334951202E-002
 0.3400  0.94552081135385257        8.4442857748979361E-002  0.18978788289006385        9.9580469900975897E-005  0.37994226257988051        3.3932144562538673E-002
 0.3600  0.98457094184507943        8.1548527478959826E-002  0.19393616171771849        8.5645329110036245E-005  0.37953220372962881        3.1435421270906427E-002
 0.3800   1.0236295053880922        7.8708282984041561E-002  0.19784936809624093        7.4205104677103789E-005  0.37881863450598463        2.9127973356541954E-002
 0.4000   1.0628630401653829        7.6053411810802857E-002  0.20154417955942783        6.4729872782376424E-005  0.37779205337226285        2.7033066239908688E-002


