# triplet j1 / nf 5 / mode 2 / nplat  8 / jkb  20 / start  4001 / nmeas  2000
 0.0010   2.7281524818704248E-003   95.002576073660052        1.1233520746520285E-003   1.9439518919336696E-004  0.54941979616149383        19132.470171015655     
 0.0020   5.8215050230787588E-003   95.005497246254350        2.2466171501929833E-003   3.8866985173188751E-004  0.51494311292247774        8403.7420398115919     
 0.0030   8.6495873260148837E-003   95.008169051902541        3.3697125164695273E-003   5.8272198681799550E-004  0.51984834186909157        5710.0804102680149     
 0.0040   1.1458707679515800E-002   95.010822114802536        4.4925601819534866E-003   7.7646946097270511E-004  0.52318622983025498        4338.0418811867967     
 0.0050   1.4274653333895925E-002   95.013481491594519        5.6150868980225270E-003   9.6984936528275029E-004  0.52494363091079854        3494.0758838210709     
 0.0060   1.7097547500666461E-002   95.016147365074715        6.7372241616846275E-003   1.1628170910000493E-003  0.52589289429454622        2922.5429405365444     
 0.0070   1.9926322308276952E-002   95.018818719558638        7.8589081965253545E-003   1.3553451369397232E-003  0.52640253845095597        2510.1544885675398     
 0.0080   2.2760282227072159E-002   95.021494892212274        8.9800799117083132E-003   1.5474216654004047E-003  0.52665043715521453        2198.7034842326620     
 0.0090   2.5599103479275947E-002   95.024175565209532        1.0100684838905805E-002   1.7390488262664682E-003  0.52672860827660417        1955.2228382558133     
 0.0100   2.8442711666914536E-002   95.026860658563194        1.1220673047085150E-002   1.9302408715875918E-003  0.52668803576373591        1759.6603020048244     
 0.0200   6.6028446532958335E-002   75.146242252020087        2.2378613687838257E-002   3.8254984246989055E-003  0.45312237258356364        515.69354519047272     
 0.0400  0.12100881360655737       0.21780384675323589        4.4413135532723941E-002   7.4034602739560173E-003  0.49258786419632583       0.88755931303398516     
 0.0600  0.18814997458251348       0.12602801634764482        6.5830300495565153E-002   9.1105067419929991E-003  0.47238856673430257       0.31810276235923823     
 0.0800  0.25729942530500005        7.9308372916452069E-002   8.5564110715303329E-002   7.7497317846668074E-003  0.45474401890296545       0.14167220679557402     
 0.1000  0.31982594186162361        5.1442051258106379E-002  0.10227313234421770        5.1642189488165591E-003  0.44717970900813625        7.2806817425650594E-002
 0.1200  0.37453957364982488        3.5295269803203064E-002  0.11578468916432294        3.0774337941372877E-003  0.44507528244333827        4.2357310788879630E-002
 0.1400  0.42460261249427778        2.6139983379555445E-002  0.12685829143648969        1.7986609108511600E-003  0.44386998922247595        2.7506729463593425E-002
 0.1600  0.47235836956757404        2.0992875259368979E-002  0.13627265346323877        1.0912272475719022E-003  0.44208698601858626        1.9727104091077571E-002
 0.1800  0.51878631999516045        1.8120793250951266E-002  0.14453634185906136        7.1030727506756733E-004  0.43969473388580071        1.5396142594547781E-002
 0.2000  0.56421298075374626        1.6495536150612999E-002  0.15195007014029097        5.0173650486708197E-004  0.43695566521541374        1.2795347905901000E-002
 0.2200  0.60875875227967302        1.5494698056392734E-002  0.15869761546476141        3.8140193868696276E-004  0.43407654593894118        1.1060829029620998E-002
 0.2400  0.65254324884125525        1.4788236022919654E-002  0.16489957558121318        3.0636498001069911E-004  0.43114274926873353        9.7789608470167308E-003
 0.2600  0.69574868838584214        1.4259532778033664E-002  0.17064045994921806        2.5544083254859973E-004  0.42814441390836749        8.7807698279824473E-003
 0.2800  0.73857688375295605        1.3894687118574896E-002  0.17598251101006829        2.1820807538387406E-004  0.42504318550744036        8.0005863381838686E-003
 0.3000  0.78118765990099248        1.3692640702115620E-002  0.18097331745722386        1.8939645559659372E-004  0.42182034707801885        7.3969520794788905E-003
 0.3200  0.82368201315338574        1.3636076375110771E-002  0.18565037425203007        1.6619699479478506E-004  0.41848348063671292        6.9305363378949145E-003
 0.3400  0.86611754102200134        1.3697219687055406E-002  0.19004399341458295        1.4700493719662402E-004  0.41505408825183399        6.5658373973409880E-003
 0.3600  0.90852811967859293        1.3847892822198095E-002  0.19417924034419298        1.3083098264769834E-004  0.41155631830916717        6.2745219666257221E-003
 0.3800  0.95093712371803951        1.4064525019064109E-002  0.19807725678923310        1.1701979473567283E-004  0.40801140254380514        6.0357628357924830E-003
 0.4000  0.99336433446520112        1.4329203318612701E-002  0.20175618295012923        1.0511034954596356E-004  0.40443604689823742        5.8349096913281034E-003


# triplet j3 / nf 5 / mode 2 / nplat  8 / jkb  20 / start  4001 / nmeas  2000
 0.0010  0.28267945830921709        6.4199481992854579E-002   1.1233520746520285E-003   1.9439518919336696E-004   5.3024757775186693E-003   1.2886838136883726E-003
 0.0020  0.28270193755812978        6.4191652914810202E-002   2.2466171501929833E-003   3.8866985173188751E-004   1.0603902981250753E-002   2.5765708038717324E-003
 0.0030  0.28273685657748393        6.4178147946787015E-002   3.3697125164695273E-003   5.8272198681799550E-004   1.5903386929140912E-002   3.8629234312922995E-003
 0.0040  0.28278227906936004        6.4158629766475100E-002   4.4925601819534866E-003   7.7646946097270511E-004   2.1200190087238155E-002   5.1470664609199841E-003
 0.0050  0.28283645940139174        6.4132807597103145E-002   5.6150868980225270E-003   9.6984936528275029E-004   2.6493714307369069E-002   6.4283826304083113E-003
 0.0060  0.28289789688919531        6.4100445813211282E-002   6.7372241616846275E-003   1.1628170910000493E-003   3.1783476792638474E-002   7.7063060679665868E-003
 0.0070  0.28296539154175393        6.4061375707955157E-002   7.8589081965253545E-003   1.3553451369397232E-003   3.7069079677615344E-002   8.9803138404917788E-003
 0.0080  0.28303808779017686        6.4015503897410578E-002   8.9800799117083132E-003   1.5474216654004047E-003   4.2350175123955967E-002   1.0249916023188302E-002
 0.0090  0.28311551013983594        6.3962813996929102E-002   1.0100684838905805E-002   1.7390488262664682E-003   4.7626426902955300E-002   1.1514643850946776E-002
 0.0100  0.28319758163074543        6.3903372005210818E-002   1.1220673047085150E-002   1.9302408715875918E-003   5.2897471275634489E-002   1.2774038289932396E-002
 0.0200  0.28444588191553621        6.2990616959826620E-002   2.2378613687838257E-002   3.8254984246989055E-003  0.10518333452233013        2.4967634104608196E-002
 0.0400  0.28470903073455650        6.1039518038835526E-002   4.4413135532723941E-002   7.4034602739560173E-003  0.20936277605805689        4.8158458168739329E-002
 0.0600  0.29533939626210165        6.0271482798788460E-002   6.5830300495565153E-002   9.1105067419929991E-003  0.30094155384963178        6.4849204040500943E-002
 0.0800  0.32388638378203838        5.6670470946775693E-002   8.5564110715303329E-002   7.7497317846668074E-003  0.36125437987957743        6.5291578830204602E-002
 0.1000  0.36566547903969904        5.2187289860138396E-002  0.10227313234421770        5.1642189488165591E-003  0.39112161200047763        5.6687055015348181E-002
 0.1200  0.41540779380466736        4.9865603604053316E-002  0.11578468916432294        3.0774337941372877E-003  0.40128834608911557        4.8465003590817603E-002
 0.1400  0.46876274345974350        5.1115727548537056E-002  0.12685829143648969        1.7986609108511600E-003  0.40205489805069272        4.3934196827986369E-002
 0.1600  0.52271929895074920        5.5254724944143983E-002  0.13627265346323877        1.0912272475719022E-003  0.39949450563993377        4.2259369013309081E-002
 0.1800  0.57624491557807167        6.1076623418841833E-002  0.14453634185906136        7.1030727506756733E-004  0.39585184484454006        4.1967902261215113E-002
 0.2000  0.62994416593631009        6.8501828141955365E-002  0.15195007014029097        5.0173650486708197E-004  0.39136176134275114        4.2562638495259826E-002
 0.2200  0.68406938577701470        7.7508358677057160E-002  0.15869761546476141        3.8140193868696276E-004  0.38628814853263527        4.3770770588530551E-002
 0.2400  0.73580633398343442        8.5264387010009712E-002  0.16489957558121318        3.0636498001069911E-004  0.38235508085270714        4.4308288224856475E-002
 0.2600  0.78218140694968374        8.8506172805937519E-002  0.17064045994921806        2.5544083254859973E-004  0.38083354036518785        4.3093400362726707E-002
 0.2800  0.82397273941455018        8.7663733037408778E-002  0.17598251101006829        2.1820807538387406E-004  0.38099206004748004        4.0535022223151529E-002
 0.3000  0.86344290111451827        8.4807945141412280E-002  0.18097331745722386        1.8939645559659372E-004  0.38163594767779291        3.7485072583525993E-002
 0.3200  0.90213218277095997        8.1377941166309156E-002  0.18565037425203007        1.6619699479478506E-004  0.38209180692736461        3.4467484888115817E-002
 0.3400  0.94075935123490462        7.8024976988462197E-002  0.19004399341458295        1.4700493719662402E-004  0.38212283070683478        3.1692960815187118E-002
 0.3600  0.97960523659987464        7.4977853858909288E-002  0.19417924034419298        1.3083098264769834E-004  0.38169506863099589        2.9214782869117686E-002
 0.3800   1.0187634156839840        7.2287512579938401E-002  0.19807725678923310        1.1701979473567283E-004  0.38084719534090833        2.7023678468586283E-002
 0.4000   1.0582554537875670        6.9939305363662566E-002  0.20175618295012923        1.0511034954596356E-004  0.37963645084266373        2.5090081801870390E-002


