# triplet j1 / nf 3 / mode 2 / nplat  8 / jkb  20 / start  8001 / nmeas  2000
 0.0010   4.3807327690281207E-003   1.7482280912845935E-003   1.5102636737304323E-003   3.8367492251045163E-005  0.39672961851150312       0.15840388955728393     
 0.0020   8.7009518643187712E-003   2.0241772628694535E-003   3.0497592556565519E-003   8.5530611669121795E-005  0.40141722897092269        9.3554631604394659E-002
 0.0030   1.3095711127581410E-002   2.7070829092420640E-003   4.6179198142653104E-003   1.4205794006255152E-004  0.40194787070934723        8.3318437553090874E-002
 0.0040   1.7551708074174947E-002   3.5094337878241568E-003   6.2140159159777778E-003   2.0819910711624022E-004  0.40170920837731489        8.0602485381264549E-002
 0.0050   2.2065681598607965E-002   4.3648883381585584E-003   7.8371505600056887E-003   2.8396824767073652E-004  0.40120076080404193        7.9695049551319341E-002
 0.0060   2.6633879724815610E-002   5.2513940974747049E-003   9.4862559062583365E-003   3.6919423524314798E-004  0.40059323135941022        7.9368590063361125E-002
 0.0070   3.1252296233328196E-002   6.1579827352339486E-003   1.1160092020180222E-002   4.6355117168874550E-004  0.39995946003844812        7.9244943652233099E-002
 0.0080   3.5916769727503753E-002   7.0770993378481148E-003   1.2857247828998041E-002   5.6657789579658607E-004  0.39933440482576166        7.9175918974143056E-002
 0.0090   4.0622987316410730E-002   8.0023845703276544E-003   1.4576144444756866E-002   6.7769181920432429E-004  0.39873625632391480        7.9092700115913087E-002
 0.0100   4.5366412622349354E-002   8.9279124793368338E-003   1.6315040961244091E-002   7.9620023508717428E-004  0.39817560036659089        7.8959261187921501E-002
 0.0200   9.3726430762967383E-002   1.6991785556451488E-002   3.4328886380848293E-002   2.1804032934583124E-003  0.39536459406769947        7.2767575275347551E-002
 0.0400  0.18082797333327483        1.9240543937999417E-002   6.6883062333154344E-002   3.4145459309378717E-003  0.40451762937104641        4.4262945892561287E-002
 0.0600  0.24566526952770060        1.3039282702680786E-002   8.8980979553409986E-002   2.3851505117850882E-003  0.42062535778654186        2.3026476515211475E-002
 0.0800  0.29897170252631750        8.7585880944658218E-003  0.10408950990147642        1.4107032232917930E-003  0.43165163334004125        1.2979428786435376E-002
 0.1000  0.34835818326265144        6.8836559311513702E-003  0.11574108034587412        8.7040426541848826E-004  0.43674983216610724        8.7851592241492155E-003
 0.1200  0.39604637731019754        6.3892346523555391E-003  0.12550509798192297        5.7376391971671243E-004  0.43821804730266700        7.1401827426372218E-003
 0.1400  0.44254702945725916        6.5229190022722278E-003  0.13407922005542652        3.9988004227192785E-004  0.43782476497650563        6.4862577667355540E-003
 0.1600  0.48803824249600780        6.8894377692848389E-003  0.14181530923867483        2.9231314393609334E-004  0.43649843688845197        6.1782709458509067E-003
 0.1800  0.53268050027074643        7.3272377161809222E-003  0.14890902586341270        2.2255910777205216E-004  0.43465528311177665        5.9876776229896220E-003
 0.2000  0.57663998805512839        7.7831963482430681E-003  0.15547793117412653        1.7520597714727512E-004  0.43247361476602547        5.8423949880196989E-003
 0.2200  0.62006589173123572        8.2430275528683292E-003  0.16159839472054055        1.4161615281081067E-004  0.43003818163650315        5.7199431002643132E-003
 0.2400  0.66308006307933598        8.7034031033905185E-003  0.16732415482790333        1.1681550419448518E-004  0.42739945947062152        5.6119090213130624E-003
 0.2600  0.70577918153953190        9.1636355148546015E-003  0.17269586185673141        9.7864801333826399E-005  0.42459394213069485        5.5141191658064368E-003
 0.2800  0.74824077857548488        9.6239241848808388E-003  0.17774606647987426        8.2977420541236290E-005  0.42165051931411562        5.4241908510594050E-003
 0.3000  0.79052857977926694        1.0085057572303425E-002  0.18250190295559843        7.1029817295979511E-005  0.41859279452856085        5.3407601589642341E-003
 0.3200  0.83269614568838224        1.0548193620803040E-002  0.18698660469098227        6.1286683626659319E-005  0.41544035474177865        5.2630386473202177E-003
 0.3400  0.87478918231599945        1.1014584112039049E-002  0.19122042078470144        5.3245734397354991E-005  0.41220968098903782        5.1905028702554307E-003
 0.3600  0.91684705623908391        1.1485325073090644E-002  0.19522121551173910        4.6549334552371067E-005  0.40891482837645210        5.1227000116872458E-003
 0.3800  0.95890389938074760        1.1961191975057354E-002  0.19900489072519306        4.0933306551964629E-005  0.40556791147299748        5.0591519454915206E-003
 0.4000   1.0009895049933999        1.2442564715726611E-002  0.20258570184062788        3.6196553864126475E-005  0.40217943955065005        4.9993260838349721E-003


# triplet j3 / nf 3 / mode 2 / nplat  8 / jkb  20 / start  8001 / nmeas  2000
 0.0010  0.26616538776269894        8.4349160212154523E-002   1.5102636737304323E-003   3.8367492251045163E-005   6.5296485574858430E-003   2.0709402837204853E-003
 0.0020  0.26347019850861514        8.2252380100126976E-002   3.0497592556565519E-003   8.5530611669121795E-005   1.3256573254033578E-002   4.1427231283488533E-003
 0.0030  0.26021813143301320        7.9660576142971673E-002   4.6179198142653104E-003   1.4205794006255152E-004   2.0228387523069612E-002   6.2003276555821852E-003
 0.0040  0.25657210586017798        7.6726044907742624E-002   6.2140159159777778E-003   2.0819910711624022E-004   2.7480316819743833E-002   8.2306759150102844E-003
 0.0050  0.25270722418531055        7.3610348142395837E-002   7.8371505600056887E-003   2.8396824767073652E-004   3.5031718121874972E-002   1.0224004299954634E-002
 0.0060  0.24878831205759988        7.0461509097433109E-002   9.4862559062583365E-003   3.6919423524314798E-004   4.2885261989846123E-002   1.2174544808497034E-002
 0.0070  0.24495449835116831        6.7398999299134454E-002   1.1160092020180222E-002   4.6355117168874550E-004   5.1028462880171287E-002   1.4080372442139574E-002
 0.0080  0.24131208211022656        6.4507663550466846E-002   1.2857247828998041E-002   5.6657789579658607E-004   5.9436733283189429E-002   1.5942535629066997E-002
 0.0090  0.23793425374675559        6.1838891254990265E-002   1.4576144444756866E-002   6.7769181920432429E-004   6.8077032323725931E-002   1.7763792235217075E-002
 0.0100  0.23486519062882608        5.9416178907050005E-002   1.6315040961244091E-002   7.9620023508717428E-004   7.6911348735921994E-002   1.9547324999047738E-002
 0.0200  0.22087161718613643        4.5926879298632241E-002   3.4328886380848293E-002   2.1804032934583124E-003  0.16777217790181898        3.5290187917299730E-002
 0.0400  0.24364170357245485        3.9925326054838055E-002   6.6883062333154344E-002   3.4145459309378717E-003  0.30022817122108220        4.9791412545844946E-002
 0.0600  0.29188551528308093        4.1293009206011033E-002   8.8980979553409986E-002   2.3851505117850882E-003  0.35401908104484137        5.0307290602121468E-002
 0.0800  0.34523397456007221        4.4673398090951340E-002  0.10408950990147642        1.4107032232917930E-003  0.37380916487836091        4.8437318094904674E-002
 0.1000  0.39654688854863146        4.7295290813192857E-002  0.11574108034587412        8.7040426541848826E-004  0.38367563198013682        4.5782899630826511E-002
 0.1200  0.44627138238440855        4.9558337507444331E-002  0.12550509798192297        5.7376391971671243E-004  0.38889939385957262        4.3196338998870737E-002
 0.1400  0.49583491356323667        5.2538534436978986E-002  0.13407922005542652        3.9988004227192785E-004  0.39077129073216049        4.1410121361145108E-002
 0.1600  0.54562280060563928        5.6596840089087448E-002  0.14181530923867483        2.9231314393609334E-004  0.39043076967244494        4.0500943995643836E-002
 0.1800  0.59533714549043770        6.1478507116451468E-002  0.14890902586341270        2.2255910777205216E-004  0.38890970504212052        4.0162476495249129E-002
 0.2000  0.64428307455397871        6.6456609526209479E-002  0.15547793117412653        1.7520597714727512E-004  0.38706833983723665        3.9925980218308711E-002
 0.2200  0.69169097083798514        7.0637429404668689E-002  0.16159839472054055        1.4161615281081067E-004  0.38550743007656718        3.9369466543753139E-002
 0.2400  0.73711198633816977        7.3405371917785012E-002  0.16732415482790333        1.1681550419448518E-004  0.38447354784410803        3.8288072470277101E-002
 0.2600  0.78060000805979046        7.4659310402266976E-002  0.17269586185673141        9.7864801333826399E-005  0.38389644103192455        3.6717357199363733E-002
 0.2800  0.82256712451143243        7.4691122416900860E-002  0.17774606647987426        8.2977420541236290E-005  0.38355059843382600        3.4827454803501065E-002
 0.3000  0.86352179677058982        7.3920936989158276E-002  0.18250190295559843        7.1029817295979511E-005  0.38320928157463735        3.2804339689118923E-002
 0.3200  0.90389634829969934        7.2714526287415870E-002  0.18698660469098227        6.1286683626659319E-005  0.38271598597297746        3.0787898877871783E-002
 0.3400  0.94399556277095353        7.1324129358164373E-002  0.19122042078470144        5.3245734397354991E-005  0.38198968723609644        2.8861500197837158E-002
 0.3600  0.98401219364007220        6.9899410271354517E-002  0.19522121551173910        4.6549334552371067E-005  0.38100377116525264        2.7064681308907743E-002
 0.3800   1.0240602876492808        6.8518151860953808E-002  0.19900489072519306        4.0933306551964629E-005  0.37976343430705661        2.5409362823895432E-002
 0.4000   1.0642049052279474        6.7214259977006752E-002  0.20258570184062788        3.6196553864126475E-005  0.37828936526852230        2.3892452528891727E-002


