# triplet j1 / nf 1 / mode 2 / nplat  8 / jkb  20 / start  4001 / nmeas  2000
 0.0010   3.7935955684097383E-002   3.3827993464350266E-003   7.7809915793161544E-002   1.0122880785503829E-002  0.32883757827984150        3.6295788003725175E-002
 0.0020   5.3438207629824333E-002   4.4879061099958456E-003   7.8265161009774112E-002   9.6768377600965488E-003  0.33110241934738099        3.4528407482069388E-002
 0.0030   6.5202850332022055E-002   5.1909144379829195E-003   7.8733441127733311E-002   9.2544900087491982E-003  0.33334094363925715        3.2985711824085245E-002
 0.0040   7.4998229516181125E-002   5.6669336915068794E-003   7.9213539953545534E-002   8.8543216538166328E-003  0.33565544235361749        3.1546296401465182E-002
 0.0050   8.3516885334178323E-002   5.9921052300379611E-003   7.9704326166586584E-002   8.4749350125321397E-003  0.33803888288023404        3.0186257077618343E-002
 0.0060   9.1119878811224339E-002   6.2095841124649494E-003   8.0204747324035791E-002   8.1150395623630668E-003  0.34046896228015944        2.8896509095994706E-002
 0.0070   9.8025970089473446E-002   6.3472462604281122E-003   8.0713824368050482E-002   7.7734421053321815E-003  0.34292317155916907        2.7671772133365240E-002
 0.0080  0.10438065801934687        6.4244881318532027E-003   8.1230646582133303E-002   7.4490379833004267E-003  0.34538217180371228        2.6508085561131815E-002
 0.0090  0.11028699141531746        6.4554458607934554E-003   8.1754366950237661E-002   7.1408032165158897E-003  0.34783032540160558        2.5402095890803531E-002
 0.0100  0.11582129533569040        6.4507476099980388E-003   8.2284197877875526E-002   6.8477874550458111E-003  0.35025536804864793        2.4350813734743369E-002
 0.0200  0.15930440613014213        5.6189110654964345E-003   8.7780688734495751E-002   4.5872495836691268E-003  0.37196467696487751        1.6327545182873281E-002
 0.0400  0.22226276091791350        4.1115992268307543E-003   9.8734950490036125E-002   2.2539444205364081E-003  0.39986532489482346        8.6917924887451713E-003
 0.0600  0.27592861427864923        3.5603927440155656E-003  0.10874883104675845        1.2502003887512479E-003  0.41400556778292330        5.8481301659553146E-003
 0.0800  0.32589091874414494        3.4472317970229232E-003  0.11776033015563488        7.8587632705222061E-004  0.42119891134624804        4.6718025720921194E-003
 0.1000  0.37358658556135727        3.5454604104787619E-003  0.12596380590213821        5.5049070825934922E-004  0.42486074988275857        4.1375659415351278E-003
 0.1200  0.41965363166076725        3.7715788295438709E-003  0.13353317773094708        4.1630777461827792E-004  0.42658858209626666        3.8911467988109027E-003
 0.1400  0.46449311632333962        4.0858637627086639E-003  0.14058692732305833        3.3056009237236939E-004  0.42714192736795226        3.7907169347514134E-003
 0.1600  0.50839572409676614        4.4627396064160930E-003  0.14720229586585762        2.7078492456177023E-004  0.42690416480934990        3.7679150649827862E-003
 0.1800  0.55158192986683652        4.8838280607328890E-003  0.15343133554017691        2.2661758525470351E-004  0.42608696965395448        3.7857677746086240E-003
 0.2000  0.59422156605201082        5.3359191162827705E-003  0.15931142744846144        1.9271075028248099E-004  0.42482009387338526        3.8233915363559811E-003
 0.2200  0.63644666235578096        5.8096341530283081E-003  0.16487131001534092        1.6598329084346303E-004  0.42319143489686711        3.8688595692940582E-003
 0.2400  0.67836091875321824        6.2983296691153717E-003  0.17013440471183872        1.4449452678205182E-004  0.42126547900324202        3.9153825855475465E-003
 0.2600  0.72004685914909938        6.7972900499490545E-003  0.17512065468500299        1.2694151092985646E-004  0.41909221891310089        3.9591731659383957E-003
 0.2800  0.76157118317713290        7.3031691503690167E-003  0.17984756667941840        1.1241025772027545E-004  0.41671179570874550        3.9982242397373297E-003
 0.3000  0.80298871735426547        7.8136109955649468E-003  0.18433082549868399        1.0023974921166057E-004  0.41415715253633012        4.0315958643521435E-003
 0.3200  0.84434531486499276        8.3269871547374859E-003  0.18858467520139272        8.9941060994985414E-005  0.41145570480215177        4.0589883650679883E-003
 0.3400  0.88567998210787757        8.8422121809368821E-003  0.19262216950847025        8.1146091567360599E-005  0.40863048430905130        4.0804823579360452E-003
 0.3600  0.92702644576149618        9.3586073539391190E-003  0.19645534628486577        7.3573542163357227E-005  0.40570097422645879        4.0963763436613239E-003
 0.3800  0.96841431980582093        9.8758009265750828E-003  0.20009535610122056        6.7005561174990686E-005  0.40268374431494769        4.1070855588323883E-003
 0.4000   1.0098699777198330        1.0393649889436047E-002  0.20355256172411323        6.1271363124559437E-005  0.39959295090860408        4.1130772962213640E-003


# triplet j3 / nf 1 / mode 2 / nplat  8 / jkb  20 / start  4001 / nmeas  2000
 0.0010  0.15380342186353563        9.7308170622401359E-003   7.7809915793161544E-002   1.0122880785503829E-002   8.1108519210699975E-002   7.3599755592695824E-003
 0.0020  0.15571435609293116        8.3618781602343133E-003   7.8265161009774112E-002   9.6768377600965488E-003  0.11362805765489550        9.3046876595318500E-003
 0.0030  0.15759677688796261        7.1890908657955754E-003   7.8733441127733311E-002   9.2544900087491982E-003  0.13791385894330180        1.0260404850604369E-002
 0.0040  0.15942481130266442        6.2341011583462533E-003   7.9213539953545534E-002   8.8543216538166328E-003  0.15790242245418415        1.0770604683338802E-002
 0.0050  0.16120721183145170        5.5048553089381436E-003   7.9704326166586584E-002   8.4749350125321397E-003  0.17512835994905629        1.1065791683802458E-002
 0.0060  0.16296465884036790        5.0071281453160218E-003   8.0204747324035791E-002   8.1150395623630668E-003  0.19036943839670484        1.1267780366251839E-002
 0.0070  0.16471866644234812        4.7419720095782667E-003   8.0713824368050482E-002   7.7734421053321815E-003  0.20407751765044754        1.1449471498101261E-002
 0.0080  0.16648735348030261        4.6963939200201999E-003   8.1230646582133303E-002   7.4490379833004267E-003  0.21654028133306760        1.1657149777203973E-002
 0.0090  0.16828448774444726        4.8391046959072783E-003   8.1754366950237661E-002   7.1408032165158897E-003  0.22795422576208141        1.1919519169114358E-002
 0.0100  0.17011981336367613        5.1272954275695904E-003   8.2284197877875526E-002   6.8477874550458111E-003  0.23846152675321025        1.2251956202948295E-002
 0.0200  0.19110416316835985        1.0114298917107476E-002   8.7780688734495751E-002   4.5872495836691268E-003  0.31006970744575918        1.8301583587710675E-002
 0.0400  0.24217673229420383        1.7578219676672283E-002   9.8734950490036125E-002   2.2539444205364081E-003  0.36698476465729840        2.6964659322196823E-002
 0.0600  0.29658326297142618        2.2351198775902709E-002  0.10874883104675845        1.2502003887512479E-003  0.38517339608942563        2.9111868033833949E-002
 0.0800  0.35133131554652414        2.6847338673123954E-002  0.11776033015563488        7.8587632705222061E-004  0.39069930324638391        2.9884132679392175E-002
 0.1000  0.40581140442827301        3.2320967223604731E-002  0.12596380590213821        5.5049070825934922E-004  0.39112325369799134        3.1162846882158968E-002
 0.1200  0.45991663754552731        3.9165538749142637E-002  0.13353317773094708        4.1630777461827792E-004  0.38924325211869393        3.3152693995814712E-002
 0.1400  0.51349618074634074        4.7150255801807657E-002  0.14058692732305833        3.3056009237236939E-004  0.38637967018007191        3.5481069059217878E-002
 0.1600  0.56579579624147214        5.5264894142291972E-002  0.14720229586585762        2.7078492456177023E-004  0.38359467042690293        3.7469805987973642E-002
 0.1800  0.61567924052312750        6.2042149944021019E-002  0.15343133554017691        2.2661758525470351E-004  0.38172778541817992        3.8467836684544690E-002
 0.2000  0.66249115313138007        6.6506571694001329E-002  0.15931142744846144        1.9271075028248099E-004  0.38104246415762150        3.8253020848043773E-002
 0.2200  0.70645432182153722        6.8643246038183392E-002  0.16487131001534092        1.6598329084346303E-004  0.38125434010113474        3.7045405262796170E-002
 0.2400  0.74831669921350763        6.9045902910575149E-002  0.17013440471183872        1.4449452678205182E-004  0.38188381694007700        3.5236140291281200E-002
 0.2600  0.78886608549405879        6.8399715120956536E-002  0.17512065468500299        1.2694151092985646E-004  0.38253138456727048        3.3168197748448133E-002
 0.2800  0.82870044297084422        6.7226677648733815E-002  0.17984756667941840        1.1241025772027545E-004  0.38295586540786047        3.1066764560136777E-002
 0.3000  0.86820802865108704        6.5853897158399344E-002  0.18433082549868399        1.0023974921166057E-004  0.38304589421378438        2.9054358131512834E-002
 0.3200  0.90762197994188698        6.4463372485487877E-002  0.18858467520139272        8.9941060994985414E-005  0.38277025490988470        2.7186208728213264E-002
 0.3400  0.94707736862546088        6.3146785312519965E-002  0.19262216950847025        8.1146091567360599E-005  0.38213967730729309        2.5479452233506675E-002
 0.3600  0.98665186426181395        6.1944665143579346E-002  0.19645534628486577        7.3573542163357227E-005  0.38118362291902713        2.3931842383158309E-002
 0.3800   1.0263907564476147        6.0870210283277541E-002  0.20009535610122056        6.7005561174990686E-005  0.37993785690092036        2.2532343816384404E-002
 0.4000   1.0663214885680430        5.9922814891730646E-002  0.20355256172411323        6.1271363124559437E-005  0.37843833098869811        2.1266730182992199E-002


