# triplet j1 / nf 5 / mode 2 / nplat  5 / jkb  20 / start     1 / nmeas100000
 0.0010   3.6778643647166717E-003   3.7885164095756766E-004   1.2683127474098347E-003   1.7321366203574283E-005  0.43304444069201070        4.4705204285884141E-002
 0.0020   7.2900557848485526E-003   7.6629160720960963E-004   2.5364710894081465E-003   3.4634975935082877E-005  0.43693225114572931        4.6024754655636900E-002
 0.0030   1.0636065084589861E-002   1.1369910957660606E-003   3.8043524698481270E-003   5.1935960863888811E-005  0.44919510246034677        4.8116568119055354E-002
 0.0040   1.4206507507003993E-002   1.4816399559414303E-003   5.0718685737092635E-003   6.9222529836173778E-005  0.44837528316462416        4.6862422472487245E-002
 0.0050   1.7774640080074518E-002   1.8345462024481644E-003   6.3389644202017171E-003   8.6495850592092208E-005  0.44792813467579090        4.6332203171278535E-002
 0.0060   2.1340744016656997E-002   2.1897105510817862E-003   7.6056170798384079E-003   1.0375989507217869E-004  0.44766000442717746        4.6034456806443289E-002
 0.0070   2.4905560997146962E-002   2.5451404719608346E-003   8.8718340302155110E-003   1.2102125325848826E-004  0.44748078730646873        4.5830539648445232E-002
 0.0080   2.8469812738092518E-002   2.8999172141451002E-003   1.0137651168498804E-002   1.3828891970255291E-004  0.44734650886221949        4.5668473178485949E-002
 0.0090   3.2034121151585777E-002   3.2535294864671515E-003   1.1403130501529978E-002   1.5557405648090964E-004  0.44723469374968639        4.5525506802114646E-002
 0.0100   3.5599101728037541E-002   3.6056313120648533E-003   1.2668357537028781E-002   1.7288973508975653E-004  0.44713237268531281        4.5390166597939499E-002
 0.0200   7.1418231894689224E-002   6.9916655340484342E-003   2.5335965883115097E-002   3.5135354344133815E-004  0.44574823715590628        4.3746952550820499E-002
 0.0400  0.14458765178159905        1.1909664646868075E-002   5.0944226012567664E-002   7.4941805416250170E-004  0.44153107353202620        3.6513562622353994E-002
 0.0600  0.21346108854360563        1.1719150765677453E-002   7.4937849918247659E-002   9.4118533838341415E-004  0.44424496821648507        2.4548367641954404E-002
 0.0800  0.27062284550642823        8.5763799843114122E-003   9.3942166961106854E-002   7.6700463503613799E-004  0.45302881057699718        1.4475681736947485E-002
 0.1000  0.32026549848914704        6.1198757660571746E-003  0.10820569109931941        5.1152684340405959E-004  0.45933537565770982        8.8442231247405755E-003
 0.1200  0.36750828829131582        4.6655006482345740E-003  0.11954006855261938        3.2228180343559578E-004  0.46088782216313584        5.8838422032861269E-003
 0.1400  0.41410431290232796        3.6991505228443885E-003  0.12916805063930625        2.0919882982669890E-004  0.45924751463706448        4.1192322448825626E-003
 0.1600  0.46026163237411938        3.0016460669912873E-003  0.13769614739821320        1.4644974286356251E-004  0.45606958502419193        2.9841790579254223E-003
 0.1800  0.50587455883481602        2.5130001813565284E-003  0.14542113166679613        1.0955969809460174E-004  0.45229540091744069        2.2532891688108988E-003
 0.2000  0.55087785676571555        2.1922322195102617E-003  0.15250461921774192        8.5212595142543913E-005  0.44834897278232261        1.7886073534990937E-003
 0.2200  0.59528546798722182        1.9922786391874609E-003  0.15904819016860083        6.7791598241542176E-005  0.44439117235488590        1.4902837304049061E-003
 0.2400  0.63916096017272384        1.8707965939170851E-003  0.16512377600945768        5.4850603976600102E-005  0.44046883317196622        1.2913072722130735E-003
 0.2600  0.68258810536757131        1.7982596380098049E-003  0.17078638793134693        4.5052036724335787E-005  0.43658577620802064        1.1516138271447729E-003
 0.2800  0.72565206553025807        1.7569957091585942E-003  0.17608005094727999        3.7516331873674692E-005  0.43273363747046156        1.0487763431814327E-003
 0.3000  0.76842980844812114        1.7367153070671124E-003  0.18104099853278571        3.1626501697408001E-005  0.42890379598337114        9.7008192285931720E-004
 0.3200  0.81098735200973626        1.7310507159374157E-003  0.18569963403455292        2.6946299810931888E-005  0.42509052979589734        9.0787881758809530E-004
 0.3400  0.85338077009685942        1.7358146127284650E-003  0.19008185142254927        2.3167916712061438E-005  0.42129075679709382        8.5730874812688562E-004
 0.3600  0.89565824020668983        1.7481926016350755E-003  0.19420997679434823        2.0073648219501539E-005  0.41750308658863988        8.1518996104950313E-004
 0.3800  0.93786182851326438        1.7662930036985718E-003  0.19810346363055661        1.7507948908561085E-005  0.41372710124044249        7.7939456210490081E-004
 0.4000  0.98002877390853604        1.7888426506422676E-003  0.20177941868701205        1.5358114349011147E-005  0.40996294086421564        7.4846636523334263E-004


# triplet j3 / nf 5 / mode 2 / nplat  5 / jkb  20 / start     1 / nmeas100000
 0.0010  0.21979923278848598        1.1679090563941247E-002   1.2683127474098347E-003   1.7321366203574283E-005   7.2460613103797859E-003   3.8818773846266614E-004
 0.0020  0.21983659551327170        1.1676908579743073E-002   2.5364710894081465E-003   3.4634975935082877E-005   1.4489218583534370E-002   7.7594542533538833E-004
 0.0030  0.21989769998413269        1.1673066683476879E-002   3.8043524698481270E-003   5.1935960863888811E-005   2.1726777250476042E-002   1.1628417445490801E-003
 0.0040  0.21998160675780945        1.1667399595475914E-002   5.0718685737092635E-003   6.9222529836173778E-005   2.8956270117829482E-002   1.5484447582564344E-003
 0.0050  0.22008740431065840        1.1659750880675227E-002   6.3389644202017171E-003   8.6495850592092208E-005   3.6175452205175360E-002   1.9323234356411604E-003
 0.0060  0.22021421172145525        1.1649968919556216E-002   7.6056170798384079E-003   1.0375989507217869E-004   4.3382293478224025E-002   2.3140482124817956E-003
 0.0070  0.22036119089224548        1.1637914648703715E-002   8.8718340302155110E-003   1.2102125325848826E-004   5.0574967389617552E-002   2.6931930379419933E-003
 0.0080  0.22052755499174984        1.1623455631466807E-002   1.0137651168498804E-002   1.3828891970255291E-004   5.7751836666503173E-002   3.0693351041240482E-003
 0.0090  0.22071257451222634        1.1606470995479092E-002   1.1403130501529978E-002   1.5557405648090964E-004   6.4911436942058726E-002   3.4420563938055665E-003
 0.0100  0.22091558713378864        1.1586852433663343E-002   1.2668357537028781E-002   1.7288973508975653E-004   7.2052456902841552E-002   3.8109445521016388E-003
 0.0200  0.22384810417458414        1.1232068495173518E-002   2.5335965883115097E-002   3.5135354344133815E-004  0.14221496798123859        7.2037588608911849E-003
 0.0400  0.23549622418169402        9.8332494879994712E-003   5.0944226012567664E-002   7.4941805416250170E-004  0.27108689887677068        1.1493628235583270E-002
 0.0600  0.25898657505765282        8.4564790773806221E-003   7.4937849918247659E-002   9.4118533838341415E-004  0.36615417024762986        1.2174838768219934E-002
 0.0800  0.29382622799032920        7.7126880445171579E-003   9.3942166961106854E-002   7.6700463503613799E-004  0.41725324064254338        1.1084205842492282E-002
 0.1000  0.33518116969551598        7.4508343821637710E-003  0.10820569109931941        5.1152684340405959E-004  0.43889480185403168        9.8113128111822351E-003
 0.1200  0.37945200081943392        7.3894663561207370E-003  0.11954006855261938        3.2228180343559578E-004  0.44638081826346110        8.7136423556231045E-003
 0.1400  0.42469534814408855        7.3519569284867916E-003  0.12916805063930625        2.0919882982669890E-004  0.44779481887887618        7.7603117495787114E-003
 0.1600  0.46995296042672557        7.2631875458162420E-003  0.13769614739821320        1.4644974286356251E-004  0.44666455870140409        6.9073473973159816E-003
 0.1800  0.51479765916794973        7.1015263936165477E-003  0.14542113166679613        1.0955969809460174E-004  0.44445566588615809        6.1334588006434244E-003
 0.2000  0.55908130756389196        6.8693097928161848E-003  0.15250461921774192        8.5212595142543913E-005  0.44177030758841895        5.4293381718060717E-003
 0.2200  0.60280302532941954        6.5841948280137763E-003  0.15904819016860083        6.7791598241542176E-005  0.43884916944486618        4.7942997370151981E-003
 0.2400  0.64603642225748248        6.2748869015865974E-003  0.16512377600945768        5.4850603976600102E-005  0.43578113034646715        4.2333171500619424E-003
 0.2600  0.68888265068041066        5.9719122843759067E-003  0.17078638793134693        4.5052036724335787E-005  0.43259654967057165        3.7506063535906265E-003
 0.2800  0.73143894584020885        5.6972296547352337E-003  0.17608005094727999        3.7516331873674692E-005  0.42931000549082360        3.3442387294784501E-003
 0.3000  0.77378413202179808        5.4605061244003264E-003  0.18104099853278571        3.1626501697408001E-005  0.42593592728377289        3.0060113617631670E-003
 0.3200  0.81597811866607750        5.2621607154108262E-003  0.18569963403455292        2.6946299810931888E-005  0.42249054875044972        2.7247714290439830E-003
 0.3400  0.85806721418990539        5.0981108599383040E-003  0.19008185142254927        2.3167916712061438E-005  0.41898982332009277        2.4895123568088049E-003
 0.3600  0.90008934184022260        4.9630693797321299E-003  0.19420997679434823        2.0073648219501539E-005  0.41544773661059703        2.2908687025529509E-003
 0.3800  0.94207740233481496        4.8520900120406600E-003  0.19810346363055661        1.7507948908561085E-005  0.41187577020019811        2.1214094071251737E-003
 0.4000  0.98406100710065647        4.7610226969762182E-003  0.20177941868701205        1.5358114349011147E-005  0.40828309971029930        1.9753909828094493E-003


