# triplet j1 / nf 6 / mode 2 / nplat  8 / jkb  20 / start  8001 / nmeas  2000
 0.0010   3.4875965200150956E-003   2.7150235807528161E-003   1.3937805202011060E-003   6.4764367441949826E-006  0.47872483418965833       0.37267929201151040     
 0.0020   6.8729460962414770E-003   1.7966754684024982E-003   2.7871643263335526E-003   1.2961426164877738E-005  0.48581211985942968       0.12700248676255424     
 0.0030   1.0397914259784088E-002   2.1916209923328006E-003   4.1797593203573239E-003   1.9466066639512545E-005  0.48162057367858147       0.10151979979789329     
 0.0040   1.3910034682936742E-002   2.7139985651693441E-003   5.5711825300036504E-003   2.6006606517309546E-005  0.47994389800616155        9.3648957588125650E-002
 0.0050   1.7411943666737768E-002   3.2798587682364017E-003   6.9610644087577502E-003   3.2607182740159547E-005  0.47917105133800653        9.0267627929291522E-002
 0.0060   2.0907682253494732E-002   3.8640860418231310E-003   8.3490528281396498E-003   3.9302796690927894E-005  0.47874399141279927        8.8486995683671105E-002
 0.0070   2.4399105502960823E-002   4.4570039555215223E-003   9.7348166723763164E-003   4.6142652484895960E-005  0.47846921640810253        8.7409707018416202E-002
 0.0080   2.7887084062613313E-002   5.0541502463463586E-003   1.1118048955817127E-002   5.3193978564540824E-005  0.47826783756268659        8.6687015019150090E-002
 0.0090   3.1372045493883019E-002   5.6531822516401120E-003   1.2498469395563339E-002   6.0546397905635117E-005  0.47810339979737154        8.6161095583525707E-002
 0.0100   3.4854221378432367E-002   6.2527625632224654E-003   1.3875826385353552E-002   6.8316782708426285E-005  0.47795723622716191        8.5752438305497114E-002
 0.0200   6.9567713115532573E-002   1.2201910652786297E-002   2.7446754811850622E-002   2.2059429852720446E-004  0.47628594941890806        8.3560656202941480E-002
 0.0400  0.13950383714164352        2.3447473211590991E-002   5.3343268233125678E-002   1.7405224135484244E-003  0.46827249621368189        7.9076023459149422E-002
 0.0600  0.20929835725550283        2.7978805948357964E-002   7.6234071854172233E-002   3.4565238274494141E-003  0.45698228189976448        6.1961201020215767E-002
 0.0800  0.27231459588139317        2.3491966601400821E-002   9.4117948850072311E-002   3.0804438656269204E-003  0.45063539309032663        3.9568587192471943E-002
 0.1000  0.32744539419064828        1.7520974486986460E-002  0.10791899485323032        2.1017272707783757E-003  0.44866796056178831        2.4401655885236750E-002
 0.1200  0.37809821373389307        1.3518350254871693E-002  0.11924827316123471        1.4385839492879453E-003  0.44743200342093847        1.6223340211302093E-002
 0.1400  0.42654623673126746        1.1458899498618540E-002  0.12899187540507329        1.0464125108801765E-003  0.44554757010029161        1.2105019262798470E-002
 0.1600  0.47358476570745439        1.0614102757404350E-002  0.13759028113690375        7.8464925170492437E-004  0.44306877517421167        1.0010213771197752E-002
 0.1800  0.51943794472805915        1.0363154033774477E-002  0.14531068772930400        5.9545456091362049E-004  0.44031791729080266        8.8308575837031649E-003
 0.2000  0.56427630567067744        1.0372517461638869E-002  0.15233996534352495        4.5658238831052591E-004  0.43746680824692424        8.0681854534254190E-003
 0.2200  0.60832384830609953        1.0523814825422305E-002  0.15881170118476648        3.5475702283365638E-004  0.43454298629966620        7.5331108163123918E-003
 0.2400  0.65179663014285671        1.0780761305284112E-002  0.16481988927853014        2.8022272023163795E-004  0.43153230885700500        7.1469949916167256E-003
 0.2600  0.69485859143041995        1.1117800793795535E-002  0.17043038415771633        2.2564374371520694E-004  0.42842889293146680        6.8607658635985950E-003
 0.2800  0.73762311932826796        1.1506120742991824E-002  0.17569023754272570        1.8549433816917582E-004  0.42523921539019433        6.6370680454661104E-003
 0.3000  0.78016993438663229        1.1918512897629253E-002  0.18063442511597921        1.5562565892695028E-004  0.42197495548227137        6.4489962994925100E-003
 0.3200  0.82255996327290504        1.2334653938280682E-002  0.18529026525020773        1.3297392697980397E-004  0.41864771135898404        6.2796064360205522E-003
 0.3400  0.86484469995070434        1.2743011942922603E-002  0.18968015703803157        1.1534074840046054E-004  0.41526686415301456        6.1200318077803198E-003
 0.3600  0.90707083547892098        1.3139941846548008E-002  0.19382322018258386        1.0120063719114985E-004  0.41183945167313746        5.9669266670084684E-003
 0.3800  0.94928172903292041        1.3527308137909132E-002  0.19773626218201262        8.9526927529829793E-005  0.40837094427540199        5.8200389390232104E-003
 0.4000  0.99151727616580621        1.3909872681707137E-002  0.20143435022143194        7.9643738054880161E-005  0.40486615548822297        5.6803809094754997E-003


# triplet j3 / nf 6 / mode 2 / nplat  8 / jkb  20 / start  8001 / nmeas  2000
 0.0010  0.27963760479714472       0.12566155553206229        1.3937805202011060E-003   6.4764367441949826E-006   5.9705813421475264E-003   2.6830531859414739E-003
 0.0020  0.27973905380158326       0.12565855288626906        2.7871643263335526E-003   1.2961426164877738E-005   1.1935982721464993E-002   5.3617054514541098E-003
 0.0030  0.27990908203030218       0.12565451628663718        4.1797593203573239E-003   1.9466066639512545E-005   1.7890985867746081E-002   8.0315844117063318E-003
 0.0040  0.28014910415242128       0.12565089563539067        5.5711825300036504E-003   2.6006606517309546E-005   2.3830296681931623E-002   1.0688374942240021E-002
 0.0050  0.28046106591732672       0.12564968760980039        6.9610644087577502E-003   3.2607182740159547E-005   2.9748511884670252E-002   1.3327847452316157E-002
 0.0060  0.28084743038409771       0.12565343013021918        8.3490528281396498E-003   3.9302796690927894E-005   3.5640088426443291E-002   1.5945886794400531E-002
 0.0070  0.28131113507849237       0.12566516206658573        9.7348166723763164E-003   4.6142652484895960E-005   4.1499320273272890E-002   1.8538520345611119E-002
 0.0080  0.28185555165150328       0.12568839230053772        1.1118048955817127E-002   5.3193978564540824E-005   4.7320321747807571E-002   2.1101946406133585E-002
 0.0090  0.28248443455714717       0.12572705600834691        1.2498469395563339E-002   6.0546397905635117E-005   5.3097019780001142E-002   2.3632561721772111E-002
 0.0100  0.28320185619260008       0.12578546496657700        1.3875826385353552E-002   6.8316782708426285E-005   5.8823157252033860E-002   2.6126989177055412E-002
 0.0200  0.29618239768270388       0.12851787986718596        2.7446754811850622E-002   2.2059429852720446E-004  0.11187067344099828        4.8544405227495487E-002
 0.0400  0.33478038245003028       0.13262395148236059        5.3343268233125678E-002   1.7405224135484244E-003  0.19513034058814654        7.7366816415026268E-002
 0.0600  0.32233200404889273        8.1004486990969599E-002   7.6234071854172233E-002   3.4565238274494141E-003  0.29673020269493272        7.4873366515794015E-002
 0.0800  0.35895115050098575        7.0682339207231742E-002   9.4117948850072311E-002   3.0804438656269204E-003  0.34186990287668140        6.7550885763169213E-002
 0.1000  0.41086193116516057        7.3136111947990440E-002  0.10791899485323032        2.1017272707783757E-003  0.35757573545506122        6.3745984863247021E-002
 0.1200  0.45601577248049419        7.1326007489640381E-002  0.11924827316123471        1.4385839492879453E-003  0.37098111835171282        5.8068760888875963E-002
 0.1400  0.49662004731041443        6.6640246812343470E-002  0.12899187540507329        1.0464125108801765E-003  0.38268016029616808        5.1374382006921814E-002
 0.1600  0.53946608273743246        6.4507983274536676E-002  0.13759028113690375        7.8464925170492437E-004  0.38895980451341189        4.6524046449992536E-002
 0.1800  0.58544755898511958        6.5596707639473895E-002  0.14531068772930400        5.9545456091362049E-004  0.39067176978405921        4.3780293881983866E-002
 0.2000  0.63340012554585523        6.9064561754924175E-002  0.15233996534352495        4.5658238831052591E-004  0.38972545860862179        4.2498823139445606E-002
 0.2200  0.68151048845717965        7.3387875054989324E-002  0.15881170118476648        3.5475702283365638E-004  0.38787790673429479        4.1770547871175928E-002
 0.2400  0.72819229632874249        7.6993477936914953E-002  0.16481988927853014        2.8022272023163795E-004  0.38625965439187004        4.0841458383406332E-002
 0.2600  0.77274149228188893        7.9016662862663234E-002  0.17043038415771633        2.2564374371520694E-004  0.38524849518738663        3.9394401181960588E-002
 0.2800  0.81527767150004593        7.9400484581228628E-002  0.17569023754272570        1.8549433816917582E-004  0.38473551709039128        3.7470221900769173E-002
 0.3000  0.85631244457023059        7.8523154014375554E-002  0.18063442511597921        1.5562565892695028E-004  0.38445333291475403        3.5254446629703041E-002
 0.3200  0.89640690265395395        7.6853348970976454E-002  0.18529026525020773        1.3297392697980397E-004  0.38415907447855563        3.2936125216847766E-002
 0.3400  0.93602248362275398        7.4786660832101823E-002  0.18968015703803157        1.1534074840046054E-004  0.38368880321963383        3.0656327867661568E-002
 0.3600  0.97549158062696895        7.2605456201743176E-002  0.19382322018258386        1.0120063719114985E-004  0.38295313145832977        2.8503226887237859E-002
 0.3800   1.0150347986680717        7.0490132730155461E-002  0.19773626218201262        8.9526927529829793E-005  0.38191703040846098        2.6522760832419889E-002
 0.4000   1.0547886530375612        6.8543765947737464E-002  0.20143435022143194        7.9643738054880161E-005  0.38058030539612708        2.4731521348265711E-002


