# triplet j1 / nf 4 / mode 2 / nplat  8 / jkb  20 / start  8001 / nmeas  2000
 0.0010   3.8897725084088546E-003   1.8794219232811527E-003   1.4280851162317080E-003   2.2306858681671326E-005  0.43447805110816362       0.20995424350937605     
 0.0020   7.6488857564373227E-003   1.8812765910412406E-003   2.8569339713186942E-003   4.5111262778752130E-005  0.44195893961288585       0.10875770404136018     
 0.0030   1.1464268427338315E-002   2.3969031783877474E-003   4.2873004859263226E-003   6.8922499965856640E-005  0.44240623659541639        9.2564849816075476E-002
 0.0040   1.5291544501941140E-002   3.0222534980532145E-003   5.7199190010599485E-003   9.4270104295782938E-005  0.44237296719173935        8.7507499960145119E-002
 0.0050   1.9127161002160994E-002   3.6890804417978049E-003   7.1554946317015505E-003   1.2170666668900733E-004  0.44225150201632968        8.5380502992824653E-002
 0.0060   2.2972341424756900E-002   4.3773577021516919E-003   8.5946937971830440E-003   1.5180384570079352E-004  0.44207969205405795        8.4328285084284679E-002
 0.0070   2.6828683992651994E-002   5.0797064131797957E-003   1.0038134994534664E-002   1.8514199917879926E-004  0.44186658832470632        8.3761593224252820E-002
 0.0080   3.0697721613591581E-002   5.7928874927602068E-003   1.1486379886735317E-002   2.2229511262755608E-004  0.44161664675038209        8.3445823041985431E-002
 0.0090   3.4580833524919322E-002   6.5152320448766017E-003   1.2939924784175454E-002   2.6381334813418386E-004  0.44133327334988154        8.3271396713147025E-002
 0.0100   3.8479251471267614E-002   7.2456660376005637E-003   1.4399192604264673E-002   3.1020549509985361E-004  0.44101915527072977        8.3179934061109712E-002
 0.0200   7.8436685559564692E-002   1.4733756716874874E-002   2.9334587079034691E-002   1.1005838205517410E-003  0.43671765731420159        8.2442272282792300E-002
 0.0400  0.16034265057627026        2.3789249766588794E-002   5.9165061526573366E-002   3.3131159662718565E-003  0.42907043956642021        6.4782725228894084E-002
 0.0600  0.23142295547032712        1.9840331133945652E-002   8.2903397607985152E-002   3.2433066662736335E-003  0.43099313454235710        3.7899427364933264E-002
 0.0800  0.28904092695208145        1.3640871700039869E-002   9.9699643727091600E-002   2.1192221827657106E-003  0.43696580583547728        2.1138433179475009E-002
 0.1000  0.34021469163346352        9.9403044093290920E-003  0.11244209895705320        1.3299113404027600E-003  0.44078459286019012        1.3139883328784675E-002
 0.1200  0.38880130728657858        8.3404614547349532E-003  0.12292710055067041        8.8078307369658920E-004  0.44177559799827681        9.6081004470634241E-003
 0.1400  0.43594131852167850        7.8990326223433022E-003  0.13199167804204567        6.1257449086550542E-004  0.44098544684635421        8.0556890592372882E-003
 0.1600  0.48193266247007849        7.9743415180656228E-003  0.14006882437521126        4.4303672484337559E-004  0.43929814539852857        7.3020116975853911E-003
 0.1800  0.52694943608380307        8.2466521770370015E-003  0.14740930153521642        3.3170412689690086E-004  0.43716436181704504        6.8591917641316561E-003
 0.2000  0.57118580684777653        8.5954784359213027E-003  0.15416695516458426        2.5617422085294082E-004  0.43475865437218386        6.5524208624184663E-003
 0.2200  0.61482982964584720        8.9839443299933076E-003  0.16044013665591000        2.0331699430319698E-004  0.43214343517871090        6.3204495615754837E-003
 0.2400  0.65803325182713368        9.3983113463143343E-003  0.16629498551348482        1.6517706483043355E-004  0.42935087815837053        6.1358784373493434E-003
 0.2600  0.70090896585617390        9.8291719062980794E-003  0.17177885390870851        1.3680173632806504E-004  0.42640757071600111        5.9821214779133313E-003
 0.2800  0.74354119714008626        1.0269065642586461E-002  0.17692791120329113        1.1505415707159995E-004  0.42333790116557052        5.8483501274455901E-003
 0.3000  0.78599576103556890        1.0713149515420585E-002  0.18177137156711876        9.7927567351288480E-005  0.42016334648406245        5.7279592749528508E-003
 0.3200  0.82832679838658940        1.1159266019084178E-002  0.18633383363221026        8.4124449472227202E-005  0.41690214972443240        5.6173180027984772E-003
 0.3400  0.87058048114884512        1.1607300507281182E-002  0.19063659758486076        7.2791306925949122E-005  0.41356965886081226        5.5146187323942648E-003
 0.3600  0.91279691798507323        1.2058323364740961E-002  0.19469843937562628        6.3352276300886805E-005  0.41017890217366532        5.4189982740787557E-003
 0.3800  0.95501119218402841        1.2513851195008136E-002  0.19853609799431518        5.5406208482018098E-005  0.40674111597799406        5.3299756388119450E-003
 0.4000  0.99725406800670024        1.2975341689919692E-002  0.20216460853952914        4.8663708928511406E-005  0.40326612446186394        5.2471479328571420E-003


# triplet j3 / nf 4 / mode 2 / nplat  8 / jkb  20 / start  8001 / nmeas  2000
 0.0010  0.27906306630517075       0.10340292225548393        1.4280851162317080E-003   2.2306858681671326E-005   6.0560532107801820E-003   2.2444843611122887E-003
 0.0020  0.27926993320607718       0.10350713870755678        2.8569339713186942E-003   4.5111262778752130E-005   1.2104752557235126E-002   4.4874595481725543E-003
 0.0030  0.27961055449426425       0.10367773780241762        4.2873004859263226E-003   6.8922499965856640E-005   1.8139028619402267E-002   6.7274115603990188E-003
 0.0040  0.28007851988590221       0.10390988022735385        5.7199190010599485E-003   9.4270104295782938E-005   2.4152390968875320E-002   8.9628117479696144E-003
 0.0050  0.28066450621075989       0.10419639553055871        7.1554946317015505E-003   1.2170666668900733E-004   3.0139242744722846E-002   1.1192096811253988E-002
 0.0060  0.28135596973894816       0.10452742703825343        8.5946937971830440E-003   1.5180384570079352E-004   3.6095219988543099E-002   1.3413635048619062E-002
 0.0070  0.28213677599209142       0.10489000083947124        1.0038134994534664E-002   1.8514199917879926E-004   4.2017560537400828E-002   1.5625675324681822E-002
 0.0080  0.28298682498680083       0.10526757396234315        1.1486379886735317E-002   2.2229511262755608E-004   4.7905498365527641E-002   1.7826276863841674E-002
 0.0090  0.28388174144458178       0.10563963964120003        1.2939924784175454E-002   2.6381334813418386E-004   5.3760669414870725E-002   2.0013221577986632E-002
 0.0100  0.28479267374707323       0.10598142812279049        1.4399192604264673E-002   3.1020549509985361E-004   5.9587512403425469E-002   2.2183908647733917E-002
 0.0200  0.28665103440775663       0.10047956210340915        2.9334587079034691E-002   1.1005838205517410E-003  0.11949960562966958        4.1948044512655838E-002
 0.0400  0.26670379240271747        5.9593040713918424E-002   5.9165061526573366E-002   3.3131159662718565E-003  0.25795768010722975        5.8089539266159548E-002
 0.0600  0.29987615587902627        5.2348335625505484E-002   8.2903397607985152E-002   3.2433066662736335E-003  0.33260965577886636        5.8425886470845914E-002
 0.0800  0.35059655099272458        5.4345458698160785E-002   9.9699643727091600E-002   2.1192221827657106E-003  0.36024598989187012        5.5972306259427083E-002
 0.1000  0.40108880016735815        5.6456641696791009E-002  0.11244209895705320        1.3299113404027600E-003  0.37388576862315409        5.2674011856282330E-002
 0.1200  0.44840880656943893        5.6877098445897167E-002  0.12292710055067041        8.8078307369658920E-004  0.38304985877310477        4.8606210350554881E-002
 0.1400  0.49554522544779889        5.7871626319059753E-002  0.13199167804204567        6.1257449086550542E-004  0.38794396005601778        4.5314490682838049E-002
 0.1600  0.54367851692814084        6.0428557896150974E-002  0.14006882437521126        4.4303672484337559E-004  0.38940682450776876        4.3286011942274001E-002
 0.1800  0.59251720328813406        6.4373510414524979E-002  0.14740930153521642        3.3170412689690086E-004  0.38878789114820772        4.2241783423887694E-002
 0.2000  0.64112286944961394        6.8862097290456392E-002  0.15416695516458426        2.5617422085294082E-004  0.38733288830394097        4.1604120308720918E-002
 0.2200  0.68845515695276061        7.2806030690309081E-002  0.16044013665591000        2.0331699430319698E-004  0.38592880298771454        4.0813767353210462E-002
 0.2400  0.73387463611850579        7.5420913065053774E-002  0.16629498551348482        1.6517706483043355E-004  0.38498013233389045        3.9565193691305935E-002
 0.2600  0.77733995860662530        7.6508314543206821E-002  0.17177885390870851        1.3680173632806504E-004  0.38448157220622314        3.7842230381530770E-002
 0.2800  0.81923631132896146        7.6327252090098704E-002  0.17692791120329113        1.1505415707159995E-004  0.38422267845623526        3.5797778266954079E-002
 0.3000  0.86008542159631385        7.5307188184462692E-002  0.18177137156711876        9.7927567351288480E-005  0.38396954649697024        3.3619688240942525E-002
 0.3200  0.90035047922414801        7.3842918309315025E-002  0.18633383363221026        8.4124449472227202E-005  0.38355199546215069        3.1457423080660088E-002
 0.3400  0.94036842200854343        7.2218110646545292E-002  0.19063659758486076        7.2791306925949122E-005  0.38287724701621106        2.9404174132949316E-002
 0.3600  0.98035625215927480        7.0606490923744061E-002  0.19469843937562628        6.3352276300886805E-005  0.38191222517525553        2.7505869220773891E-002
 0.3800   1.0204416677950832        6.9099658961144381E-002  0.19853609799431518        5.5406208482018098E-005  0.38066097292923379        2.5776680906530073E-002
 0.4000   1.0606936257396824        6.7735915873075578E-002  0.20216460853952914        4.8663708928511406E-005  0.37914697830718247        2.4212376519327127E-002


