# triplet j1 / nf 6 / mode 2 / nplat  5 / jkb  20 / start     1 / nmeas100000
 0.0010   3.5565431097549531E-003   5.0201125848249259E-004   1.2393934543493096E-003   1.9446707559139612E-005  0.44268164963312578        6.2581601396794306E-002
 0.0020   6.9697229236872008E-003   1.0055522487233694E-003   2.4786209387407843E-003   3.8891598107350496E-005  0.45177223794010135        6.5275442878145989E-002
 0.0030   1.0430271363313580E-002   1.5283923526113151E-003   3.7175183678122355E-003   5.8333104109142414E-005  0.45280016779845372        6.6445785147011979E-002
 0.0040   1.3528727817321343E-002   1.9840807372631364E-003   4.9559253936155064E-003   7.7770151226295967E-005  0.46542575732135316        6.8355496654374612E-002
 0.0050   1.6934167756839487E-002   2.4562521352339663E-003   6.1936871954077766E-003   9.7202390711372986E-005  0.46474077328048302        6.7507878321613812E-002
 0.0060   2.0337067616905197E-002   2.9324430328643110E-003   7.4306561762153677E-003   1.1663041511344183E-004  0.46431837807596821        6.7050099441479258E-002
 0.0070   2.3737917097236851E-002   3.4097001343705476E-003   8.6666935375052379E-003   1.3605595243350568E-004  0.46403221165352598        6.6752754149500451E-002
 0.0080   2.7137187746409986E-002   3.8867348403303658E-003   9.9016707052981615E-003   1.5548203436460071E-004  0.46381991460800287        6.6530534559384860E-002
 0.0090   3.0535248815830477E-002   4.3628392850383986E-003   1.1135470583462268E-002   1.7491313471620148E-004  0.46364873248903538        6.6345575306799395E-002
 0.0100   3.3932375260066171E-002   4.8375619140640161E-003   1.2367988612694567E-002   1.9435527491939387E-004  0.46350057254268173        6.6179140975127046E-002
 0.0200   6.7909263174024070E-002   9.4514048082985792E-003   2.4609608772993039E-002   3.9183835457679765E-004  0.46201208123988002        6.4406547368055136E-002
 0.0400  0.13675072305202385        1.7017581893568251E-002   4.8670443409602124E-002   8.4327261663378857E-004  0.45629742048183597        5.6920151486011379E-002
 0.0600  0.20469995694158877        1.8749539768006036E-002   7.1589863537353984E-002   1.1973008640678798E-003  0.45279188942142051        4.1646056924272847E-002
 0.0800  0.26355555206083742        1.4554164057413018E-002   9.0971233390379311E-002   1.0910232866416826E-003  0.45776213213745726        2.5427313456980970E-002
 0.1000  0.31344885055454286        1.0314527023514184E-002  0.10592679164566403        7.6628203147266385E-004  0.46435617530440570        1.5372401595039831E-002
 0.1200  0.36010042896353811        7.8263729948594134E-003  0.11770938111594390        4.8321977621679061E-004  0.46675343235077710        1.0189494760559770E-002
 0.1400  0.40630307315863723        6.2001745347163408E-003  0.12760098553128013        3.0160126472624188E-004  0.46521737109237288        7.1204631327558311E-003
 0.1600  0.45246214107594424        4.9254986323001475E-003  0.13631425267423897        2.0426144190965656E-004  0.46159742381689783        5.0368325092781047E-003
 0.1800  0.49834391930751237        3.9253422318066807E-003  0.14419316577129093        1.5217814637824079E-004  0.45718758166274565        3.6092351460202056E-003
 0.2000  0.54373602652344788        3.1968761550025628E-003  0.15141314514936779        1.1878807973446813E-004  0.45260951203881394        2.6670171867153813E-003
 0.2200  0.58855955401006910        2.7063999297836741E-003  0.15807863936083993        9.4100812955898180E-005  0.44809749787360970        2.0648188099806225E-003
 0.2400  0.63283271833481158        2.3952259363989501E-003  0.16426233046208086        7.5171619566195876E-005  0.44371149920652919        1.6824819569084414E-003
 0.2600  0.67662240914169602        2.2043152581103058E-003  0.17002012541349221        6.0712463019440779E-005  0.43944594440239160        1.4337850040482423E-003
 0.2800  0.72001221442869123        2.0891574904658679E-003  0.17539728159088044        4.9712933391725118E-005  0.43527685862027699        1.2644867188363659E-003
 0.3000  0.76308481140537876        2.0214175797173633E-003  0.18043139190049301        4.1300784427860932E-005  0.43118025551316502        1.1432653928705873E-003
 0.3200  0.80591341969314467        1.9841594974339106E-003  0.18515417507835005        3.4780773118291733E-005  0.42713814203920558        1.0523794232645638E-003
 0.3400  0.84855949032175770        1.9670693766970864E-003  0.18959271523487276        2.9637832156164724E-005  0.42313893098761196        9.8144755430749344E-004
 0.3600  0.89107420473176824        1.9636158249765399E-003  0.19377038095300098        2.5506266269478870E-005  0.41917567570703695        9.2412844421993208E-004
 0.3800  0.93350112540133656        1.9695943908616688E-003  0.19770752608523609        2.2130738017105609E-005  0.41524417715920864        8.7643204383817291E-004
 0.4000  0.97587836622506041        1.9823046839765263E-003  0.20142203126090383        1.9332603166714004E-005  0.41134174748032692        8.3579289348878591E-004


# triplet j3 / nf 6 / mode 2 / nplat  5 / jkb  20 / start     1 / nmeas100000
 0.0010  0.22295739901416897        1.3880096896995479E-002   1.2393934543493096E-003   1.9446707559139612E-005   7.0615120995271181E-003   4.4308769949929399E-004
 0.0020  0.22299366580896346        1.3876670371837069E-002   2.4786209387407843E-003   3.8891598107350496E-005   1.4120254544602525E-002   8.8564478078849060E-004
 0.0030  0.22305403684257705        1.3870949572661016E-002   3.7175183678122355E-003   5.8333104109142414E-005   2.1173472985942802E-002   1.3271420220299769E-003
 0.0040  0.22313839986725145        1.3862913704311280E-002   4.9559253936155064E-003   7.7770151226295967E-005   2.8218443771745250E-002   1.7670522634772731E-003
 0.0050  0.22324660510880917        1.3852539275268385E-002   6.1936871954077766E-003   9.7202390711372986E-005   3.5252487778433234E-002   2.2048521348534437E-003
 0.0060  0.22337845871623924        1.3839792409123291E-002   7.4306561762153677E-003   1.1663041511344183E-004   4.2272985071931814E-002   2.6400224414503595E-003
 0.0070  0.22353372796326076        1.3824636916738586E-002   8.6666935375052379E-003   1.3605595243350568E-004   4.9277387672294705E-002   3.0720503302326613E-003
 0.0080  0.22371215314127804        1.3807032605522093E-002   9.9016707052981615E-003   1.5548203436460071E-004   5.6263229004337827E-002   3.5004301151858211E-003
 0.0090  0.22391343746317705        1.3786930363906134E-002   1.1135470583462268E-002   1.7491313471620148E-004   6.3228136596426315E-002   3.9246632882312836E-003
 0.0100  0.22413726013875676        1.3764282246141688E-002   1.2367988612694567E-002   1.9435527491939387E-004   7.0169838566944476E-002   4.3442615240008439E-003
 0.0200  0.22753581686541888        1.3387447212874109E-002   2.4609608772993039E-002   3.9183835457679765E-004  0.13788993946854083        8.1869140070400803E-003
 0.0400  0.24001219972995660        1.1870799390168359E-002   4.8670443409602124E-002   8.4327261663378857E-004  0.25998262691592766        1.3054277848562340E-002
 0.0600  0.26130478872270690        1.0187405654916024E-002   7.1589863537353984E-002   1.1973008640678798E-003  0.35470639754108385        1.4143349241023293E-002
 0.0800  0.29250259179766636        9.0909527509930796E-003   9.0971233390379311E-002   1.0910232866416826E-003  0.41246045276579352        1.3055652692014863E-002
 0.1000  0.33106475369001720        8.6262850042310192E-003  0.10592679164566403        7.6628203147266385E-004  0.43964785672519235        1.1565394687554638E-002
 0.1200  0.37386140074124463        8.5325753559705817E-003  0.11770938111594390        4.8321977621679061E-004  0.44957332015681423        1.0301948277976437E-002
 0.1400  0.41855874707425311        8.5115181380614122E-003  0.12760098553128013        3.0160126472624188E-004  0.45159550214364746        9.1988258359181566E-003
 0.1600  0.46378170640434468        8.4241991638234152E-003  0.13631425267423897        2.0426144190965656E-004  0.45033117048658367        8.1868372189546137E-003
 0.1800  0.50884504856317025        8.2465340901102697E-003  0.14419316577129093        1.5217814637824079E-004  0.44775251709313113        7.2602911494733255E-003
 0.2000  0.55345369558858148        7.9907765416165604E-003  0.15141314514936779        1.1878807973446813E-004  0.44466248866760427        6.4224157544101332E-003
 0.2200  0.59752316195046162        7.6755697046993346E-003  0.15807863936083993        9.4100812955898180E-005  0.44137546507926773        5.6712737633360308E-003
 0.2400  0.64107598516656217        7.3210638299571118E-003  0.16426233046208086        7.5171619566195876E-005  0.43800604093183626        5.0030165977397031E-003
 0.2600  0.68418591592579692        6.9503067968271466E-003  0.17002012541349221        6.0712463019440779E-005  0.43458797772350194        4.4154464555181943E-003
 0.2800  0.72694712434970121        6.5881400713618705E-003  0.17539728159088044        4.9712933391725118E-005  0.43112441657308936        3.9076504785575152E-003
 0.3000  0.76945343259130983        6.2557005185413612E-003  0.18043139190049301        4.1300784427860932E-005  0.42761145772254572        3.4768501238646200E-003
 0.3200  0.81178483247320288        5.9652612552954431E-003  0.18515417507835005        3.4780773118291733E-005  0.42404877125313328        3.1163040058280154E-003
 0.3400  0.85400303198326366        5.7197296918967593E-003  0.18959271523487276        2.9637832156164724E-005  0.42044178084508027        2.8161224285232771E-003
 0.3600  0.89615408241201866        5.5158209852999469E-003  0.19377038095300098        2.5506266269478870E-005  0.41679956516877237        2.5655445472183456E-003
 0.3800  0.93827346223524632        5.3476700150116010E-003  0.19770752608523609        2.2130738017105609E-005  0.41313212223973722        2.3547514349832330E-003
 0.4000  0.98039042833832879        5.2091586607505057E-003  0.20142203126090383        1.9332603166714004E-005  0.40944862463787185        2.1756330776210140E-003


