# triplet j1 / nf 1 / mode 2 / nplat  8 / jkb  20 / start  6001 / nmeas  2000
 0.0010   4.0876942107132289E-002   2.8992542097424426E-003   8.5588234395458665E-002   7.7827172998870282E-003  0.32006901370657898        2.6965154563552300E-002
 0.0020   5.7392785886320109E-002   3.7888590517263674E-003   8.5905246345650096E-002   7.4009043788699257E-003  0.32298513374916465        2.5459938423233540E-002
 0.0030   6.9789394370940339E-002   4.3212567269345853E-003   8.6230911018401704E-002   7.0409777266639490E-003  0.32592500647889711        2.4172763726087489E-002
 0.0040   7.9998217740738092E-002   4.6525201186435917E-003   8.6564722809548952E-002   6.7015357639088110E-003  0.32895398606400628        2.2981284500182587E-002
 0.0050   8.8785023620259446E-002   4.8533626552785883E-003   8.6906202134429317E-002   6.3812785307196061E-003  0.33203638057570889        2.1864194552053202E-002
 0.0060   9.6553128713238123E-002   4.9647652631080539E-003   8.7254893951059689E-002   6.0789992911008135E-003  0.33513452411351707        2.0814734501019561E-002
 0.0070  0.10354844495506842        5.0132141695725819E-003   8.7610366384738514E-002   5.7935769261790648E-003  0.33821914308909656        1.9828965539949412E-002
 0.0080  0.10993507968835531        5.0168463274241470E-003   8.7972209445548108E-002   5.5239690320998914E-003  0.34126869013032418        1.8903434386583755E-002
 0.0090  0.11582944708170909        4.9885456905135635E-003   8.8340033831035031E-002   5.2692056486541242E-003  0.34426751915180592        1.8034794608952041E-002
 0.0100  0.12131785301228577        4.9376990525478136E-003   8.8713469807116349E-002   5.0283835532072500E-003  0.34720427583421209        1.7219794593011199E-002
 0.0200  0.16358073512599336        4.1254450779426898E-003   9.2687202977412397E-002   3.2267653101184608E-003  0.37222687686855072        1.1406336163434191E-002
 0.0400  0.22411108307274974        3.3077790663195231E-003  0.10126933110480853        1.5289569807867445E-003  0.40162489939362500        6.6581512281231750E-003
 0.0600  0.27622782628897935        3.0872097131156256E-003  0.10990594950117677        8.8306828827869528E-004  0.41575147478566443        4.9376402135094567E-003
 0.0800  0.32527784684692373        3.0969499581498098E-003  0.11821320576779536        6.0125055348023799E-004  0.42280343038309448        4.1666089819554280E-003
 0.1000  0.37251929515531113        3.3197414066080144E-003  0.12608300418061960        4.5275402472863904E-004  0.42627955072279522        3.8751652430521455E-003
 0.1200  0.41842716233592669        3.7058942792352815E-003  0.13350561051202611        3.5968007930211194E-004  0.42779480887213134        3.8324338018890904E-003
 0.1400  0.46327746960612237        4.1881906061502468E-003  0.14050262960966278        2.9426364594259565E-004  0.42813433874921364        3.8963641155469152E-003
 0.1600  0.50728106477654888        4.7192873195135250E-003  0.14710309162130131        2.4515575277981634E-004  0.42769801784096223        3.9948472563824085E-003
 0.1800  0.55061288450598056        5.2740791256183786E-003  0.15333566767796689        2.0686012981122802E-004  0.42670376503613938        4.0973300529632689E-003
 0.2000  0.59341845546011918        5.8408632119324811E-003  0.15922657414851199        1.7628323859495942E-004  0.42528172650694118        4.1925520351935941E-003
 0.2200  0.63581735629791758        6.4143211250768072E-003  0.16479932471770281        1.5147704655248961E-004  0.42351780508555181        4.2770091265564858E-003
 0.2400  0.67790706632759457        6.9918086027918316E-003  0.17007499574025564        1.3111548087375751E-004  0.42147390610164243        4.3500390733125366E-003
 0.2600  0.71976700774598723        7.5717206016952896E-003  0.17507257544338142        1.1424675257720966E-004  0.41919760841272963        4.4119465360899753E-003
 0.2800  0.76146225090081399        8.1528574523325268E-003  0.17980927732016694        1.0016258483189655E-004  0.41672704166223828        4.4633408141613691E-003
 0.3000  0.80304663546048627        8.7342145084518662E-003  0.18430079650986389        8.8322547985774568E-005  0.41409354857048369        4.5049183090618596E-003
 0.3200  0.84456527309972396        9.3149286235819986E-003  0.18856151513956368        7.8306892755607266E-005  0.41132328583761663        4.5373947016669365E-003
 0.3400  0.88605650438908656        9.8942733443818515E-003  0.19260466744379073        6.9785301968993278E-005  0.40843828315633685        4.5614831435790201E-003
 0.3600  0.92755341509674527        1.0471666932435694E-002  0.19644247426190853        6.2495235772519757E-005  0.40545720031796595        4.5778864174052360E-003
 0.3800  0.96908499408084325        1.1046671534981031E-002  0.20008625425893575        5.6226302215266023E-005  0.40239590682365994        4.5872891440796809E-003
 0.4000   1.0106770336381203        1.1618992138284713E-002  0.20354651725169226        5.0808769980562476E-005  0.39926793571259894        4.5903530331604884E-003


# triplet j3 / nf 1 / mode 2 / nplat  8 / jkb  20 / start  6001 / nmeas  2000
 0.0010  0.14924961643771248        7.1670972384562234E-003   8.5588234395458665E-002   7.7827172998870282E-003   8.7661481857348539E-002   5.7970464822429853E-003
 0.0020  0.15064872229580289        6.3010436068702113E-003   8.5905246345650096E-002   7.4009043788699257E-003  0.12304795117566500        7.3879607675789776E-003
 0.0030  0.15210868909596384        5.5831336822082540E-003   8.6230911018401704E-002   7.0409777266639490E-003  0.14953852372073725        8.2097003965418188E-003
 0.0040  0.15362748054603470        5.0328594721632926E-003   8.6564722809548952E-002   6.7015357639088110E-003  0.17129573765252598        8.6864931250132341E-003
 0.0050  0.15520665130551303        4.6658892263611662E-003   8.6906202134429317E-002   6.3812785307196061E-003  0.18993939785589994        9.0128955047764966E-003
 0.0060  0.15684905199308183        4.4892399747165496E-003   8.7254893951059689E-002   6.0789992911008135E-003  0.20630208746438233        9.3010955154971802E-003
 0.0070  0.15855754727256349        4.4946405722918635E-003   8.7610366384738514E-002   5.7935769261790648E-003  0.22087921340450678        9.6198252463790320E-003
 0.0080  0.16033432121344279        4.6574949961382447E-003   8.7972209445548108E-002   5.5239690320998914E-003  0.23399482007768826        1.0008686661021853E-002
 0.0090  0.16218059555058692        4.9437576140230685E-003   8.8340033831035031E-002   5.2692056486541242E-003  0.24587600172615759        1.0485545542839978E-002
 0.0100  0.16409657975987993        5.3191545427043862E-003   8.8713469807116349E-002   5.0283835532072500E-003  0.25669076931724399        1.1052339129987728E-002
 0.0200  0.18666710750570151        1.0282316732147660E-002   9.2687202977412397E-002   3.2267653101184608E-003  0.32619108403954006        1.8843598696755216E-002
 0.0400  0.24227705829377669        1.8733724545476411E-002  0.10126933110480853        1.5289569807867445E-003  0.37151099582424424        2.8863128277653190E-002
 0.0600  0.30133267809337622        2.6187674592827368E-002  0.10990594950117677        8.8306828827869528E-004  0.38111407924000368        3.3156541575906570E-002
 0.0800  0.35774683919610806        3.2610981159674542E-002  0.11821320576779536        6.0125055348023799E-004  0.38442992196254289        3.5056954261989341E-002
 0.1000  0.41032688743943813        3.7413560680699037E-002  0.12608300418061960        4.5275402472863904E-004  0.38700207721049218        3.5293647629311760E-002
 0.1200  0.46079254844264134        4.1636043774242605E-002  0.13350561051202611        3.5968007930211194E-004  0.38846324347774858        3.5104451938588944E-002
 0.1400  0.51059086336076354        4.6283384067830106E-002  0.14050262960966278        2.9426364594259565E-004  0.38846169671289887        3.5215126013411688E-002
 0.1600  0.56017716705083642        5.1645315557493771E-002  0.14710309162130131        2.4515575277981634E-004  0.38731158400373211        3.5709498979222251E-002
 0.1800  0.60923610780109705        5.7325166928626756E-002  0.15333566767796689        2.0686012981122802E-004  0.38564456027418637        3.6287584661243162E-002
 0.2000  0.65708775308698708        6.2527523058451176E-002  0.15922657414851199        1.7628323859495942E-004  0.38407354891874301        3.6548503470208986E-002
 0.2200  0.70317915341774517        6.6543870562761703E-002  0.16479932471770281        1.5147704655248961E-004  0.38294646515867098        3.6239755390210529E-002
 0.2400  0.74738140424531263        6.9092988076263587E-002  0.17007499574025564        1.3111548087375751E-004  0.38229495354852938        3.5342236405225769E-002
 0.2600  0.78994890923265615        7.0307518652933332E-002  0.17507257544338142        1.1424675257720966E-004  0.38195458558781353        3.3995185374070591E-002
 0.2800  0.83130650945065776        7.0522040515588413E-002  0.17980927732016694        1.0016258483189655E-004  0.38171469553998472        3.2382092533171640E-002
 0.3000  0.87187156432457891        7.0085977847501299E-002  0.18430079650986389        8.8322547985774568E-005  0.38140529471566098        3.0659655489336770E-002
 0.3200  0.91197533624701710        6.9276830049888730E-002  0.18856151513956368        7.8306892755607266E-005  0.38091969094834033        2.8936097534117498E-002
 0.3400  0.95185351854535238        6.8285803252857352E-002  0.19260466744379073        6.9785301968993278E-005  0.38020492689384383        2.7275921251429334E-002
 0.3600  0.99166457436173072        6.7233481054665367E-002  0.19644247426190853        6.2495235772519757E-005  0.37924437410961714        2.5712312689325570E-002
 0.3800   1.0315125513574432        6.6191076582921560E-002  0.20008625425893575        5.6226302215266023E-005  0.37804274360907236        2.4258663790540643E-002
 0.4000   1.0714656690851161        6.5197968997801808E-002  0.20354651725169226        5.0808769980562476E-005  0.37661583057288711        2.2916869485850786E-002


