# triplet j1 / nf 3 / mode 2 / nplat  8 / jkb  20 / start  4001 / nmeas  2000
 0.0010   4.0473567280817089E-003   4.7374042954586521E-003   1.2734686403668538E-003   1.5180028796181488E-004  0.39430986363828102       0.46213504056953691     
 0.0020   7.5826580485578313E-003   6.2700457858734619E-003   2.5571190610550435E-003   3.1139389554911244E-004  0.42177807383814186       0.34970950212490431     
 0.0030   1.1373785064322423E-002   9.1040883049465018E-003   3.8508069206186577E-003   4.7857991126995465E-004  0.42261653026674606       0.33929908396751912     
 0.0040   1.5192407477710281E-002   1.2052114364776356E-002   5.1543624499731560E-003   6.5309871378384059E-004  0.42267432772501529       0.33637448808958181     
 0.0050   1.9041692341217456E-002   1.5031697203068890E-002   6.4675895716578263E-003   8.3463120475005584E-004  0.42234337112829184       0.33451383635084070     
 0.0060   2.2921587413458559E-002   1.8011996083755366E-002   7.7902651043007132E-003   1.0227985948931338E-003  0.42181503019906869       0.33262077385222444     
 0.0070   2.6831239022958385E-002   2.0972801618053746E-002   9.1221380650149224E-003   1.2171628019854305E-003  0.42118375312783579       0.33041781357763816     
 0.0080   3.0769675750400793E-002   2.3897053038561739E-002   1.0462929082614869E-002   1.4172275112549725E-003  0.42049778501649338       0.32781602961383577     
 0.0090   3.4735968847681271E-002   2.6768955005046464E-002   1.1812329934519705E-002   1.6224399384363473E-003  0.41978278102123384       0.32478374349838096     
 0.0100   3.8729161494899127E-002   2.9573473209263759E-002   1.3170003219993473E-002   1.8321933233639465E-003  0.41905385865627226       0.32131320327224938     
 0.0200   7.9882958828306844E-002   5.1279469867867612E-002   2.7106785785700312E-002   4.0159974074056954E-003  0.41220652768169280       0.26636479183888961     
 0.0400  0.16290775129357277        5.4292274085202825E-002   5.5070460393429083E-002   6.5666052223402136E-003  0.40743900088533097       0.13794290885896465     
 0.0600  0.23462011630275897        3.7173514934679831E-002   7.9141958811853874E-002   5.4910965238671372E-003  0.41536392514999121        6.7369851393519226E-002
 0.0800  0.29356830718647242        2.4053839630760160E-002   9.7582171767878007E-002   3.4542809371401108E-003  0.42563375500136291        3.5679153771693797E-002
 0.1000  0.34564829454962875        1.6691835533901227E-002  0.11163553096234897        2.0007814737958217E-003  0.43229658085734912        2.1232591241901116E-002
 0.1200  0.39458080492784603        1.2923562116525351E-002  0.12289702110925690        1.1807451278609191E-003  0.43525156818819594        1.4408153339156869E-002
 0.1400  0.44175043523420315        1.1109491995943429E-002  0.13239971310596763        7.4764183014758496E-004  0.43585853183567130        1.1030181258652965E-002
 0.1600  0.48760811532893844        1.0252954676045398E-002  0.14072221843755719        5.1773599310368139E-004  0.43519650668955007        9.1858464019488918E-003
 0.1800  0.53238153538088540        9.8137957199486217E-003  0.14819126495486273        3.8868100689973278E-004  0.43384996681136484        8.0177009071281842E-003
 0.2000  0.57631602464326892        9.5815504815907910E-003  0.15500204458732061        3.0929956850159803E-004  0.43205398350764512        7.1960428958951017E-003
 0.2200  0.61966675446470065        9.5088081996268711E-003  0.16127897188955218        2.5548227879624224E-004  0.42988967533682310        6.6054538801478945E-003
 0.2400  0.66262881237543625        9.5784137182183936E-003  0.16710630858908784        2.1601004109512000E-004  0.42741201414584545        6.1844871000247279E-003
 0.2600  0.70532260491317855        9.7634672602689345E-003  0.17254428562750629        1.8544891517893988E-004  0.42468229869481294        5.8831166117559418E-003
 0.2800  0.74781910068939395        1.0033350918681079E-002  0.17763803038248524        1.6094771834285134E-004  0.42176004452974247        5.6619014919735908E-003
 0.3000  0.79016538884316290        1.0362137313210344E-002  0.18242274336792011        1.4085685408415317E-004  0.41869436297157619        5.4930882602519443E-003
 0.3200  0.83239897956899889        1.0730847916235978E-002  0.18692682467967903        1.2412831808902855E-004  0.41552222919407422        5.3584694211969717E-003
 0.3400  0.87455367174039067        1.1126516760537272E-002  0.19117383312825051        1.1004360442781120E-004  0.41227045530669193        5.2464564351050675E-003
 0.3600  0.91666134746192141        1.1540567878422822E-002  0.19518375714621619        9.8081792763491123E-005  0.40895843107664781        5.1497233149736324E-003
 0.3800  0.95875228709788485        1.1967416025072342E-002  0.19897386697931044        8.7850182295415953E-005  0.40560042683804842        5.0636104657253867E-003
 0.4000   1.0008551233622158        1.2403459112523094E-002  0.20255930447044776        7.9044614249320676E-005  0.40220723209143949        4.9851163308711815E-003


# triplet j3 / nf 3 / mode 2 / nplat  8 / jkb  20 / start  4001 / nmeas  2000
 0.0010  0.24152856100280512        5.6436964849211436E-002   1.2734686403668538E-003   1.5180028796181488E-004   6.6075526344349924E-003   1.5933931878808429E-003
 0.0020  0.24062063502699207        5.6425105343945091E-002   2.5571190610550435E-003   3.1139389554911244E-004   1.3291457342946676E-002   3.2201750489821704E-003
 0.0030  0.23978895195783467        5.6397541454939165E-002   3.8508069206186577E-003   4.7857991126995465E-004   2.0045750818114914E-002   4.8764698239809881E-003
 0.0040  0.23903086999502932        5.6354853921025766E-002   5.1543624499731560E-003   6.5309871378384059E-004   2.6864482471654072E-002   6.5583652218394834E-003
 0.0050  0.23834390031842526        5.6297695724594012E-002   6.4675895716578263E-003   8.3463120475005584E-004   3.3741717428611942E-002   8.2619350128346723E-003
 0.0060  0.23772571398328274        5.6226765841882659E-002   7.7902651043007132E-003   1.0227985948931338E-003   4.0671536642008073E-002   9.9832560765722878E-003
 0.0070  0.23717416233535257        5.6142779943250315E-002   9.1221380650149224E-003   1.2171628019854305E-003   4.7648031478153878E-002   1.1718417838377604E-002
 0.0080  0.23668727027533462        5.6046458199069969E-002   1.0462929082614869E-002   1.4172275112549725E-003   5.4665299420910946E-002   1.3463530971249969E-002
 0.0090  0.23626324043311667        5.5938508106047696E-002   1.1812329934519705E-002   1.6224399384363473E-003   6.1717436777789632E-002   1.5214731271533293E-002
 0.0100  0.23590045558502262        5.5819613704803345E-002   1.3170003219993473E-002   1.8321933233639465E-003   6.8798529984652662E-002   1.6968181680109707E-002
 0.0200  0.23539100965929619        5.4158366709870238E-002   2.7106785785700312E-002   4.0159974074056954E-003  0.13988757313720784        3.3812155727389007E-002
 0.0400  0.24965625620315168        4.9638433191403007E-002   5.5070460393429083E-002   6.5666052223402136E-003  0.26586544408291640        5.5186628454552460E-002
 0.0600  0.28096587081987368        4.5541974498273373E-002   7.9141958811853874E-002   5.4910965238671372E-003  0.34684900391029361        5.7494251756160429E-002
 0.0800  0.32385867143999830        4.2493030413367640E-002   9.7582171767878007E-002   3.4542809371401108E-003  0.38582441032560699        5.1081976675851577E-002
 0.1000  0.37331584411333979        4.0706560941844688E-002  0.11163553096234897        2.0007814737958217E-003  0.40025779315065257        4.3791463575318226E-002
 0.1200  0.42582158184420654        4.0970715776770542E-002  0.12289702110925690        1.1807451278609191E-003  0.40331895198454282        3.8853945940708803E-002
 0.1400  0.47940371490153744        4.3763073856041022E-002  0.13239971310596763        7.4764183014758496E-004  0.40162537367590834        3.6680495580476771E-002
 0.1600  0.53360809264357489        4.9181681376025140E-002  0.14072221843755719        5.1773599310368139E-004  0.39768015393719386        3.6660751820922433E-002
 0.1800  0.58936666643478863        5.7888640248660854E-002  0.14819126495486273        3.8868100689973278E-004  0.39190155231070745        3.8496697036565032E-002
 0.2000  0.64607055648385725        6.9294214151897987E-002  0.15500204458732061        3.0929956850159803E-004  0.38540625587638283        4.1338486720749260E-002
 0.2200  0.69894973012660455        7.8468060042435409E-002  0.16127897188955218        2.5548227879624224E-004  0.38112660812616761        4.2788499037256830E-002
 0.2400  0.74539300943061371        8.2145274403574622E-002  0.16710630858908784        2.1601004109512000E-004  0.37995461688699722        4.1873230148661712E-002
 0.2600  0.78720577953558890        8.1691207435235738E-002  0.17254428562750629        1.8544891517893988E-004  0.38050790906623438        3.9487219390962010E-002
 0.2800  0.82681796996121526        7.9350640612097914E-002  0.17763803038248524        1.6094771834285134E-004  0.38146270239112690        3.6609807883400652E-002
 0.3000  0.86566561522202179        7.6464127043138860E-002  0.18242274336792011        1.4085685408415317E-004  0.38217735382619322        3.3757996571188248E-002
 0.3200  0.90440511246260646        7.3620468497630279E-002  0.18692682467967903        1.2412831808902855E-004  0.38243954484908310        3.1131638113539379E-002
 0.3400  0.94330369576231532        7.1032659478321158E-002  0.19117383312825051        1.1004360442781120E-004  0.38222328827745705        2.8782390138256592E-002
 0.3600  0.98245991182416914        6.8754100913982361E-002  0.19518375714621619        9.8081792763491123E-005  0.38156914289824473        2.6702985154602801E-002
 0.3800   1.0219037597226897        6.6776472857188102E-002  0.19897386697931044        8.7850182295415953E-005  0.38053518560728616        2.4866277533095456E-002
 0.4000   1.0616392888741055        6.5070711598474329E-002  0.20255930447044776        7.9044614249320676E-005  0.37917885397682338        2.3241003912339419E-002


