# triplet j1 / nf 0 / mode 2 / nplat  8 / jkb  20 / start  2001 / nmeas  2000
 0.0010  0.30875680303849606       0.10735417852905700        3.3613957695602248        7.1866656238599780E-002  0.26555732601871479        9.2377428347890422E-002
 0.0020  0.20979867320905660        1.1971119424400685E-002   1.6855105284984424        3.6050874858106395E-002  0.39137492118193107        2.2720709982836918E-002
 0.0030  0.19498094978090674        1.9316859306565771E-002   1.1283557547751253        2.4041274627227372E-002  0.42199418618262452        4.2048188629537110E-002
 0.0040  0.19385238309614489        1.9059071010991888E-002  0.85083419446890174        1.8000837496612996E-002  0.42559480387558019        4.2084895213296003E-002
 0.0050  0.19526787671085274        1.6964381732440151E-002  0.68512959632386949        1.4355968524739670E-002  0.42389233196189258        3.7093512361236050E-002
 0.0060  0.19694069237719139        1.4883103802675709E-002  0.57529653819087279        1.1911926833900690E-002  0.42189175973348964        3.2180783665903274E-002
 0.0070  0.19847290193666428        1.3204342963460482E-002  0.49735886868767448        1.0155739502649959E-002  0.42043390486711790        2.8298789202727128E-002
 0.0080  0.19988332481807608        1.1922022814591893E-002  0.43933107638319996        8.8306632722101371E-003  0.41944921771973659        2.5370680613060741E-002
 0.0090  0.20125187564836056        1.0946240845521643E-002  0.39455713054699137        7.7939557458837523E-003  0.41874657139334209        2.3148414531901099E-002
 0.0100  0.20264075211732965        1.0188954405394170E-002  0.35904552711220505        6.9598952452370874E-003  0.41817972194964076        2.1413519452733041E-002
 0.0200  0.22008145256376896        6.5973330281647981E-003  0.20648894891011108        3.1403093752602682E-003  0.41294761167875910        1.2770894923317885E-002
 0.0400  0.26374199841535245        3.7384548428527169E-003  0.14499463573117694        1.2418370770954988E-003  0.40835856455150144        6.0467374224089888E-003
 0.0600  0.30888603101489120        2.6022556127016550E-003  0.13381144724739527        6.7509012442477099E-004  0.41024093057273497        3.6077392814766857E-003
 0.0800  0.35320332321680131        2.1770115077441600E-003  0.13345159955570782        4.3293730063382626E-004  0.41371103209649190        2.6367825736783377E-003
 0.1000  0.39661770124821094        2.1240473293852244E-003  0.13665758426023505        3.1042256337016885E-004  0.41683077361558069        2.2819458363389647E-003
 0.1200  0.43930235348390045        2.3182095376591272E-003  0.14124548929095246        2.4032466759007086E-004  0.41911131377869393        2.2402172866406115E-003
 0.1400  0.48142127772122062        2.6734239550242202E-003  0.14637836564584791        1.9562972762769129E-004  0.42052535043567624        2.3521038687888541E-003
 0.1600  0.52310669914950758        3.1223323908253450E-003  0.15168453304712887        1.6442903944773775E-004  0.42116799065652233        2.5242213534322688E-003
 0.1800  0.56446328581295557        3.6219677917332660E-003  0.15698238482456081        1.4111696172157642E-004  0.42115407975511326        2.7090233067990663E-003
 0.2000  0.60557459640800859        4.1481416562920053E-003  0.16217784098120491        1.2285612842533538E-004  0.42058918832268166        2.8854062519426587E-003
 0.2200  0.64650846162847009        4.6878385007240687E-003  0.16722092916343018        1.0808543543174115E-004  0.41956325012260759        3.0452770660659104E-003
 0.2400  0.68732085967530465        5.2341332298004584E-003  0.17208548836396323        9.5869489759437798E-005  0.41815107574164057        3.1864624574733523E-003
 0.2600  0.72805858737436979        5.7833279861107751E-003  0.17675889471644785        8.5603061711934635E-005  0.41641463235326737        3.3093230672067457E-003
 0.2800  0.76876116915696557        6.3334181841268539E-003  0.18123651116273168        7.6869283965318015E-005  0.41440541491677380        3.4151987659076120E-003
 0.3000  0.80946232583972821        6.8832861590232422E-003  0.18551852575240121        6.9366995099700164E-005  0.41216643975768963        3.5057161284532410E-003
 0.3200  0.85019115231921072        7.4322874832123591E-003  0.18960807177879627        6.2870757002661469E-005  0.40973382381790308        3.5824969086310182E-003
 0.3400  0.89097308274094911        7.9800440237343395E-003  0.19351007135054957        5.7207269366630187E-005  0.40713801898389929        3.6470481598344460E-003
 0.3600  0.93183067559268606        8.5263451694796051E-003  0.19723050497981939        5.2240567189977238E-005  0.40440478755638176        3.7007323784831346E-003
 0.3800  0.97278423853203078        9.0710988698054010E-003  0.20077594114391789        4.7862220303445981E-005  0.40155598750992622        3.7447683460601635E-003
 0.4000   1.0138523230813812        9.6143056623428976E-003  0.20415322927099586        4.3984600363604301E-005  0.39861021121206847        3.7802425359539241E-003


# triplet j3 / nf 0 / mode 2 / nplat  8 / jkb  20 / start  2001 / nmeas  2000
 0.0010  0.24669089951170842        1.3230675660258906E-002   3.3613957695602248        7.1866656238599780E-002  0.33236990568879288        1.8176509145122144E-002
 0.0020  0.24642503878305519        1.3062915876671161E-002   1.6855105284984424        3.6050874858106395E-002  0.33320452985118626        1.8018931850024171E-002
 0.0030  0.24607297155859356        1.2831140882762040E-002   1.1283557547751253        2.4041274627227372E-002  0.33437572075776173        1.7795734595036795E-002
 0.0040  0.24562746041190217        1.2551764542339684E-002  0.85083419446890174        1.8000837496612996E-002  0.33588494880118813        1.7527901647419401E-002
 0.0050  0.24512709066161023        1.2244100441473081E-002  0.68512959632386949        1.4355968524739670E-002  0.33767200268564135        1.7233739395598219E-002
 0.0060  0.24461078821328083        1.1920138008921784E-002  0.57529653819087279        1.1911926833900690E-002  0.33967289781879695        1.6922038406280496E-002
 0.0070  0.24411158760464052        1.1586954064700384E-002  0.49735886868767448        1.0155739502649959E-002  0.34183029978358165        1.6596346533978221E-002
 0.0080  0.24365627101375695        1.1249032075027917E-002  0.43933107638319996        8.8306632722101371E-003  0.34409499858687537        1.6258096732126363E-002
 0.0090  0.24326592639988118        1.0909370340956544E-002  0.39455713054699137        7.7939557458837523E-003  0.34642555232211664        1.5907937231532370E-002
 0.0100  0.24295671637254365        1.0570002666542552E-002  0.35904552711220505        6.9598952452370874E-003  0.34878744922676863        1.5546240565495565E-002
 0.0200  0.24570059026136515        7.3824293348436765E-003  0.20648894891011108        3.1403093752602682E-003  0.36988966983890531        1.1464256535505963E-002
 0.0400  0.27735751296762767        6.2131219515669522E-003  0.14499463573117694        1.2418370770954988E-003  0.38831219220446450        8.8561508891967823E-003
 0.0600  0.32445066289097430        1.3116956462453276E-002  0.13381144724739527        6.7509012442477099E-004  0.39056074558568188        1.5820374555595939E-002
 0.0800  0.37487892295245667        2.0705534455619071E-002  0.13345159955570782        4.3293730063382626E-004  0.38979014940902829        2.1538402408734614E-002
 0.1000  0.42457200863064692        2.7255533819593048E-002  0.13665758426023505        3.1042256337016885E-004  0.38938615801388360        2.5000678997859550E-002
 0.1200  0.47292744135228904        3.2841292063535699E-002  0.14124548929095246        2.4032466759007086E-004  0.38931254652562902        2.7036888422372396E-002
 0.1400  0.52030581271956378        3.7919607166927445E-002  0.14637836564584791        1.9562972762769129E-004  0.38909780858055570        2.8358430535257766E-002
 0.1600  0.56698185160908710        4.2739952477617048E-002  0.15168453304712887        1.6442903944773775E-004  0.38857645399850221        2.9292240006294049E-002
 0.1800  0.61293904736672999        4.7242776004989148E-002  0.15698238482456081        1.4111696172157642E-004  0.38784609450712310        2.9894061720236641E-002
 0.2000  0.65799357294112659        5.1189954710899446E-002  0.16217784098120491        1.2285612842533538E-004  0.38708300270110502        3.0114270164882006E-002
 0.2200  0.70198297319941139        5.4353691880788181E-002  0.16722092916343018        1.0808543543174115E-004  0.38640708072495383        2.9919293141405144E-002
 0.2400  0.74487931012571884        5.6638188177739079E-002  0.17208548836396323        9.5869489759437798E-005  0.38583962924730786        2.9338181192449766E-002
 0.2600  0.78679472258511751        5.8093422759297818E-002  0.17675889471644785        8.5603061711934635E-005  0.38532826961144140        2.8451078539720162E-002
 0.2800  0.82792500290869597        5.8861880397646116E-002  0.18123651116273168        7.6869283965318015E-005  0.38479184727741517        2.7357154784459464E-002
 0.3000  0.86848739963339394        5.9115841806964504E-002  0.18551852575240121        6.9366995099700164E-005  0.38415434132973375        2.6148557756121203E-002
 0.3200  0.90868021305361002        5.9015310977956197E-002  0.18960807177879627        6.2870757002661469E-005  0.38336046808509910        2.4897880058373800E-002
 0.3400  0.94866601440177001        5.8689698171370222E-002  0.19351007135054957        5.7207269366630187E-005  0.38237800276199185        2.3656074198046009E-002
 0.3600  0.98856996224661642        5.8235029025699124E-002  0.19723050497981939        5.2240567189977238E-005  0.38119384645795179        2.2455558695343884E-002
 0.3800   1.0284850874640405        5.7718450221055491E-002  0.20077594114391789        4.7862220303445981E-005  0.37980845838124899        2.1314849685521317E-002
 0.4000   1.0684794351478077        5.7184793501424531E-002  0.20415322927099586        4.3984600363604301E-005  0.37823085344212559        2.0242876326747129E-002


