# triplet j1 / nf 0 / mode 2 / nplat  8 / jkb  20 / start  6001 / nmeas  2000
 0.0010  0.16466656023315199        2.4633278361564887E-002   3.3755210436601608        6.7372786006017038E-002  0.49897638722854976        7.4810237174071537E-002
 0.0020  0.16256767284026730        2.2357409566765352E-002   1.6926098467535207        3.3700816472209266E-002  0.50614416946165652        6.9790517117751250E-002
 0.0030  0.16842820226078539        2.0179255169126664E-002   1.1331828821317780        2.2513754366781203E-002  0.48956551074852944        5.8855743832078110E-002
 0.0040  0.17380608342178130        1.8045595716760295E-002  0.85456599371445929        1.6928660362142776E-002  0.47572154823411439        4.9616526537743427E-002
 0.0050  0.17838882371500753        1.6193060685941053E-002  0.68820941527673274        1.3576050832822024E-002  0.46504251977211597        4.2462221216789713E-002
 0.0060  0.18235436493141807        1.4683743323483213E-002  0.57793716579171117        1.1336049214148672E-002  0.45668292254356591        3.7045282998208862E-002
 0.0070  0.18586674183828214        1.3474868889065222E-002  0.49968066466314409        9.7304290675635126E-003  0.44999594896731820        3.2916475405068181E-002
 0.0080  0.18904561125541672        1.2496922838394060E-002  0.44141022538276581        8.5209215668588575E-003  0.44454382963208700        2.9698304890655478E-002
 0.0090  0.19197604416673891        1.1689147653517128E-002  0.39644569677541613        7.5755340759498758E-003  0.44002876566398114        2.7120566857153954E-002
 0.0100  0.19471951607503932        1.1006679978111323E-002  0.36078099421033588        6.8152235508353995E-003  0.43624186542747356        2.5000800190062546E-002
 0.0200  0.21809009964291851        7.1271469587449073E-003  0.20756088734233241        3.3097399293515258E-003  0.41779843041192177        1.4054051710757021E-002
 0.0400  0.26312678761834113        3.8531365512388962E-003  0.14578054858181388        1.4522095860442657E-003  0.41042113768889626        6.3482070563598272E-003
 0.0600  0.30881315483785277        2.5536981651882984E-003  0.13445351917578746        8.3757600552086114E-004  0.41132103298811867        3.6346566772004056E-003
 0.0800  0.35356191987931679        2.1246743652386904E-003  0.13396181282716360        5.5556752501001016E-004  0.41408072572917515        2.6323297955755894E-003
 0.1000  0.39725819584865119        2.1107313884029667E-003  0.13705451718521480        4.0191610259583552E-004  0.41676266736041090        2.2971350032884143E-003
 0.1200  0.44012610517935102        2.3292663896521014E-003  0.14155206900370254        3.0767839591053209E-004  0.41878064654205771        2.2625500734453140E-003
 0.1400  0.48237122796307563        2.6981022989470177E-003  0.14661532055582352        2.4488800108363456E-004  0.42003675752873354        2.3754830685218946E-003
 0.1600  0.52414962278085775        3.1638761451047701E-003  0.15186836015065167        2.0050782398757161E-004  0.42058459680520754        2.5538729198293069E-003
 0.1800  0.56557974793735066        3.6895156534437713E-003  0.15712556272005626        1.6773636811512349E-004  0.42051435267337806        2.7523602922383357E-003
 0.2000  0.60675358369276444        4.2508592885005247E-003  0.16228966315283869        1.4270267845858253E-004  0.41991663057422890        2.9476840811660516E-003
 0.2200  0.64774403447836204        4.8327796378176665E-003  0.16730832820767544        1.2305436151514463E-004  0.41887235271994483        3.1289756268377011E-003
 0.2400  0.68860986039747418        5.4258825896894534E-003  0.17215368588679056        1.0728818844640786E-004  0.41745103704508013        3.2918651515494442E-003
 0.2600  0.72939914225299818        6.0242881979130185E-003  0.17681187389958367        9.4404153527146182E-005  0.41571159407907327        3.4352581457286436E-003
 0.2800  0.77015182761526635        6.6242773892320915E-003  0.18127735034178338        8.3714231731892591E-005  0.41370372896040847        3.5596559720431132E-003
 0.3000  0.81090165383428436        7.2234985627284472E-003  0.18554963259360188        7.4731050817347820E-005  0.41146934798220697        3.6662986393615096E-003
 0.3200  0.85167759970463053        7.8204933532282014E-003  0.18963134888542674        6.7100398445171244E-005  0.40904381409548962        3.7567245586998823E-003
 0.3400  0.89250499132461891        8.4144107909017891E-003  0.19352703505333368        6.0558898472957219E-005  0.40645701583061100        3.8325469018595879E-003
 0.3600  0.93340632581296834        9.0048164885273840E-003  0.19724237204088188        5.4906713189801059E-005  0.40373427162330572        3.8953361265008438E-003
 0.3800  0.97440191202240389        9.5915739374883499E-003  0.20078369319929010        4.9989441553125123E-005  0.40089707522087337        3.9465659571567002E-003
 0.4000   1.0155103453836674        1.0174753683433872E-002  0.20415766156299817        4.5685870095168997E-005  0.39796372083297998        3.9875864654016656E-003


# triplet j3 / nf 0 / mode 2 / nplat  8 / jkb  20 / start  6001 / nmeas  2000
 0.0010  0.25021760747278349        1.1734164976404180E-002   3.3755210436601608        6.7372786006017038E-002  0.32837307554956030        1.5744153560856365E-002
 0.0020  0.24984577869038552        1.1593087264334041E-002   1.6926098467535207        3.3700816472209266E-002  0.32933388021343329        1.5629167061977822E-002
 0.0030  0.24926495261243831        1.1382407121306552E-002   1.1331828821317780        2.2513754366781203E-002  0.33079916771317269        1.5458880003259200E-002
 0.0040  0.24856299608078133        1.1129667999080875E-002  0.85456599371445929        1.6928660362142776E-002  0.33264524648329358        1.5254604277711106E-002
 0.0050  0.24782664034245133        1.0855551051434605E-002  0.68820941527673274        1.3576050832822024E-002  0.33474362548343267        1.5029906865144152E-002
 0.0060  0.24710967477032061        1.0570952517102392E-002  0.57793716579171117        1.1336049214148672E-002  0.33700875691273485        1.4790707285229377E-002
 0.0070  0.24644599282028573        1.0281347205802191E-002  0.49968066466314409        9.7304290675635126E-003  0.33938178469784686        1.4538983282340080E-002
 0.0080  0.24585775993282621        9.9896306511465353E-003  0.44141022538276581        8.5209215668588575E-003  0.34181983934769050        1.4275219672766161E-002
 0.0090  0.24536003334371098        9.6975535934132606E-003  0.39644569677541613        7.5755340759498758E-003  0.34428990166221501        1.3999579936478414E-002
 0.0100  0.24496325919619735        9.4063555590964913E-003  0.36078099421033588        6.8152235508353995E-003  0.34676549130853784        1.3712357359174055E-002
 0.0200  0.24719111278457656        6.7389636988708481E-003  0.20756088734233241        3.3097399293515258E-003  0.36861236754332150        1.0470103905387896E-002
 0.0400  0.27681839529323710        6.2408242212109990E-003  0.14578054858181388        1.4522095860442657E-003  0.39012145640229601        9.0073112870751003E-003
 0.0600  0.32070705515832637        1.1090151284472284E-002  0.13445351917578746        8.3757600552086114E-004  0.39606657791022920        1.3751554019262041E-002
 0.0800  0.36828059291384074        1.6176160656922994E-002  0.13396181282716360        5.5556752501001016E-004  0.39753160821069655        1.7480413781608903E-002
 0.1000  0.41646326679725909        2.1000842900546303E-002  0.13705451718521480        4.0191610259583552E-004  0.39754378965016079        2.0055270059037920E-002
 0.1200  0.46446494330744759        2.5767708955991595E-002  0.14155206900370254        3.0767839591053209E-004  0.39683575163828916        2.2019982716502982E-002
 0.1400  0.51207294371863288        3.0599153246773626E-002  0.14661532055582352        2.4488800108363456E-004  0.39567340747862934        2.3645954658075393E-002
 0.1600  0.55917788154440451        3.5462695016969553E-002  0.15186836015065167        2.0050782398757161E-004  0.39423815755019759        2.5003680198326456E-002
 0.1800  0.60564350463795169        4.0193048853126113E-002  0.15712556272005626        1.6773636811512349E-004  0.39269702352578295        2.6061868146077669E-002
 0.2000  0.65130622965929097        4.4553401577843904E-002  0.16228966315283869        1.4270267845858253E-004  0.39119220552578893        2.6760535374133254E-002
 0.2200  0.69603210691027995        4.8321448657110050E-002  0.16730832820767544        1.2305436151514463E-004  0.38981257471968112        2.7062792640753067E-002
 0.2400  0.73977298411669756        5.1361916774649539E-002  0.17215368588679056        1.0728818844640786E-004  0.38857988398376975        2.6979099127399195E-002
 0.2600  0.78258321738305248        5.3651980164430624E-002  0.17681187389958367        9.4404153527146182E-005  0.38745998305440932        2.6563504645320580E-002
 0.2800  0.82459578871572514        5.5260168324492209E-002  0.18127735034178338        8.3714231731892591E-005  0.38638892813937231        2.5893952213013910E-002
 0.3000  0.86598137473369619        5.6304556537706420E-002  0.18554963259360188        7.4731050817347820E-005  0.38529832686470045        2.5051526645354021E-002
 0.3200  0.90691295179094855        5.6915069522650415E-002  0.18963134888542674        6.7100398445171244E-005  0.38413108234358623        2.4106981926714052E-002
 0.3400  0.94754473934908845        5.7210104383600732E-002  0.19352703505333368        6.0558898472957219E-005  0.38284726865449087        2.3115326205637065E-002
 0.3600  0.98800434423212957        5.7286822478188351E-002  0.19724237204088188        5.4906713189801059E-005  0.38142354867231748        2.2115900809917769E-002
 0.3800   1.0283927940529649        5.7219846572366277E-002  0.20078369319929010        4.9989441553125123E-005  0.37984987728267744        2.1134926482893779E-002
 0.4000   1.0687882158895625        5.7063992683770853E-002  0.20415766156299817        4.5685870095168997E-005  0.37812568438257194        2.0188666329613032E-002


