# triplet j1 / nf 1 / mode 2 / nplat  8 / jkb  20 / start  8001 / nmeas  2000
 0.0010   4.0283923677539114E-002   4.6360759424226815E-003   8.0142513148793670E-002   8.0460471220653342E-003  0.31427852913493320        3.9459714988407862E-002
 0.0020   5.6677990566475815E-002   6.1362756044700244E-003   8.0820526943233842E-002   7.6495079630553315E-003  0.31723156221909138        3.7483028203961002E-002
 0.0030   6.9062494007722769E-002   7.0539737635343406E-003   8.1487336606918453E-002   7.2738331126663723E-003  0.32016837305344809        3.5687445398431578E-002
 0.0040   7.9318636845538831E-002   7.6448024912284460E-003   8.2143474139139014E-002   6.9179803682276305E-003  0.32318878730870526        3.3992422686665441E-002
 0.0050   8.8184936944095516E-002   8.0199673768059036E-003   8.2789444812300661E-002   6.5809495321636925E-003  0.32628197045730106        3.2383615984404431E-002
 0.0060   9.6047540553109531E-002   8.2428196963459533E-003   8.3425728270367330E-002   6.2617819324233721E-003  0.32942334878790897        3.0856154491798054E-002
 0.0070  0.10314147599027212        8.3545355583651247E-003   8.4052779614064946E-002   5.9595597789529964E-003  0.33258810746511314        2.9407096843175967E-002
 0.0080  0.10962413444684589        8.3838897808017499E-003   8.4671030468361427E-002   5.6734053826712474E-003  0.33575403191597825        2.8033728843169972E-002
 0.0090  0.11560800429292478        8.3518509771099963E-003   8.5280890028526082E-002   5.4024802602680409E-003  0.33890206141350071        2.6733144251306205E-002
 0.0100  0.12117728579034642        8.2740919954633965E-003   8.5882746081698866E-002   5.1459841462624433E-003  0.34201624803485547        2.5502218839172735E-002
 0.0200  0.16378255808706285        6.6348855602155095E-003   9.1533020677614860E-002   3.2236331582080825E-003  0.36944623328844139        1.6319190079286134E-002
 0.0400  0.22413536331815664        4.0903273868202489E-003  0.10149935855474931        1.4362464384245000E-003  0.40203721777147805        7.8690193864131199E-003
 0.0600  0.27631348934104888        3.0990034097112410E-003  0.11044544306114666        7.6242226568028096E-004  0.41664141417783207        4.8891339553323050E-003
 0.0800  0.32556350959872571        2.9590424507045629E-003  0.11873769010939854        4.6458643259965701E-004  0.42336852517350443        3.9361209806496791E-003
 0.1000  0.37291122808865934        3.2340950550153059E-003  0.12651454791778652        3.1262571189029533E-004  0.42655965055215239        3.7367170868064540E-003
 0.1200  0.41877568813341692        3.6550478644703874E-003  0.13384174948386632        2.2634388345134655E-004  0.42797653898529242        3.7528409988435139E-003
 0.1400  0.46346753076776182        4.1100064591965873E-003  0.14075987725172084        1.7306642961335012E-004  0.42835036499390000        3.8077058243691404E-003
 0.1600  0.50725020664942444        4.5695714698189100E-003  0.14729948510211138        1.3775523427119783E-004  0.42800946281845370        3.8609207505049792E-003
 0.1800  0.55033967536942296        5.0313202707035496E-003  0.15348624546552112        1.1292020988790663E-004  0.42712516382722410        3.9080271460645508E-003
 0.2000  0.59290667808686037        5.4982024964243129E-003  0.15934287308789608        9.4601491061160333E-005  0.42580423395568373        3.9506336968316760E-003
 0.2200  0.63508434824261273        5.9728288611130666E-003  0.16488993875408076        8.0583641222941604E-005  0.42412317801522709        3.9901314975710053E-003
 0.2400  0.67697656863744637        6.4566592582600375E-003  0.17014627370737162        6.9553547672264056E-005  0.42214164928659753        4.0270974467513498E-003
 0.2600  0.71866501326918486        6.9502280947664197E-003  0.17512921145215649        6.0687659613861507E-005  0.41990830599103740        4.0615958729283827E-003
 0.2800  0.76021456152270184        7.4534157701712919E-003  0.17985475845960408        5.3442036354041584E-005  0.41746377475844704        4.0934342299391796E-003
 0.3000  0.80167742273745457        7.9656427503093669E-003  0.18433772928832276        4.7441044454479250E-005  0.41484235304730888        4.1223102788499541E-003
 0.3200  0.84309623711119019        8.4859918901132418E-003  0.18859186058658597        4.2415510949127415E-005  0.41207314150752500        4.1478865861610493E-003
 0.3400  0.88450642628092413        9.0133028084636718E-003  0.19262991033116103        3.8166763765894503E-005  0.40918087340179032        4.1698344854681291E-003
 0.3600  0.92593794330058554        9.5462429112009844E-003  0.19646374547525738        3.4544614828527588E-005  0.40618658577472899        4.1878581845249561E-003
 0.3800  0.96741661461486350        1.0083381074309040E-002  0.20010441989633984        3.1433390497446020E-005  0.40310816513348857        4.2017147362965260E-003
 0.4000   1.0089651584141006        1.0623257412424697E-002  0.20356224398352221        2.8742632708912844E-005  0.39996080969484821        4.2112278276136440E-003


# triplet j3 / nf 1 / mode 2 / nplat  8 / jkb  20 / start  8001 / nmeas  2000
 0.0010  0.15543427945782110        8.8059479626167048E-003   8.0142513148793670E-002   8.0460471220653342E-003   8.1451609807838068E-002   6.1653721837709487E-003
 0.0020  0.15671643714278383        7.5939612067541509E-003   8.0820526943233842E-002   7.6495079630553315E-003  0.11472981276661162        7.7708735464908580E-003
 0.0030  0.15807956409527263        6.4905456837164675E-003   8.1487336606918453E-002   7.2738331126663723E-003  0.13987656451367553        8.4828023933467885E-003
 0.0040  0.15949956392059797        5.5225095470825547E-003   8.2143474139139014E-002   6.9179803682276305E-003  0.16072077830790082        8.7618605023163428E-003
 0.0050  0.16096480930277715        4.7157047567907943E-003   8.2789444812300661E-002   6.5809495321636925E-003  0.17875431975103084        8.8261157832851857E-003
 0.0060  0.16247259187409352        4.1000844151075407E-003   8.3425728270367330E-002   6.2617819324233721E-003  0.19474239985269123        8.8071476914411591E-003
 0.0070  0.16402526159109820        3.7079115234072840E-003   8.4052779614064946E-002   5.9595597789529964E-003  0.20913625113599393        8.7932120955318688E-003
 0.0080  0.16562720723084945        3.5589661220336759E-003   8.4671030468361427E-002   5.6734053826712474E-003  0.22222644305368824        8.8449268450786090E-003
 0.0090  0.16728295808770016        3.6405163340514617E-003   8.5280890028526082E-002   5.4024802602680409E-003  0.23421268620938995        9.0008811944052303E-003
 0.0100  0.16899620610332125        3.9064751137243567E-003   8.5882746081698866E-002   5.1459841462624433E-003  0.24523982868422031        9.2799911786691312E-003
 0.0200  0.18935095992244141        9.0257815520396519E-003   9.1533020677614860E-002   3.2236331582080825E-003  0.31955924167691196        1.6238574705521730E-002
 0.0400  0.24071695793559109        1.7012511258380904E-002  0.10149935855474931        1.4362464384245000E-003  0.37434320641731494        2.6588698509788733E-002
 0.0600  0.29544079407495899        2.2429090454254189E-002  0.11044544306114666        7.6242226568028096E-004  0.38966738942035489        2.9613085164736781E-002
 0.0800  0.34953466641226683        2.6927362667230153E-002  0.11873769010939854        4.6458643259965701E-004  0.39433382766833147        3.0388382964853904E-002
 0.1000  0.40264311091675242        3.1472563233301533E-002  0.12651454791778652        3.1262571189029533E-004  0.39506172793643163        3.0883822588539819E-002
 0.1200  0.45487003426462730        3.6538056633430689E-002  0.13384174948386632        2.2634388345134655E-004  0.39401621588081248        3.1651644085169829E-002
 0.1400  0.50622751717582792        4.2151617130191117E-002  0.14075987725172084        1.7306642961335012E-004  0.39216849979776619        3.2655251682895327E-002
 0.1600  0.55664729016592385        4.8072241797127192E-002  0.14729948510211138        1.3775523427119783E-004  0.39002774700987924        3.3683417371009459E-002
 0.1800  0.60589799914684861        5.3845664056641325E-002  0.15348624546552112        1.1292020988790663E-004  0.38795956470193721        3.4477947400983575E-002
 0.2000  0.65354306708706900        5.8821401311828232E-002  0.15934287308789608        9.4601491061160333E-005  0.38629768500986977        3.4768473399326386E-002
 0.2200  0.69922020605467772        6.2439668850292583E-002  0.16488993875408076        8.0583641222941604E-005  0.38522054962370911        3.4399940671274054E-002
 0.2400  0.74295791457159754        6.4559794638262516E-002  0.17014627370737162        6.9553547672264056E-005  0.38465167354436064        3.3424641236223025E-002
 0.2600  0.78513060305295468        6.5426257377515090E-002  0.17512921145215649        6.0687659613861507E-005  0.38436077656819617        3.2029501020398303E-002
 0.2800  0.82621223155790835        6.5417918226158486E-002  0.17985475845960408        5.3442036354041584E-005  0.38411685080138053        3.0413697609175463E-002
 0.3000  0.86660913133826911        6.4870042187952989E-002  0.18433772928832276        4.7441044454479250E-005  0.38375980174560814        2.8726389340262028E-002
 0.3200  0.90661590688857785        6.4021648301004000E-002  0.18859186058658597        4.2415510949127415E-005  0.38320231575451341        2.7060274155988908E-002
 0.3400  0.94643109602818576        6.3026010686991388E-002  0.19262991033116103        3.8166763765894503E-005  0.38240830584918389        2.5465875690384058E-002
 0.3600  0.98618550711407871        6.1975977069214129E-002  0.19646374547525738        3.4544614828527588E-005  0.38137203306622208        2.3967019728231818E-002
 0.3800   1.0259656767609646        6.0925557366162036E-002  0.20010441989633984        3.1433390497446020E-005  0.38010388190394317        2.2571964776498608E-002
 0.4000   1.0658302408759297        5.9905010280161070E-002  0.20356224398352221        2.8742632708912844E-005  0.37862176004834358        2.1280460481685626E-002


