# triplet j1 / nf 1 / mode 2 / nplat  8 / jkb  20 / start     1 / nmeas  2000
 0.0010   3.5784628080656890E-002   3.8879192881801352E-003   7.0116106743750517E-002   6.4892121708826373E-003  0.33092333067369506        3.9079350887427887E-002
 0.0020   5.0531068893672225E-002   5.1734023294806508E-003   7.1223875973091322E-002   6.2458060606419702E-003  0.33402910712823047        3.7202340245557033E-002
 0.0030   6.1763874458844174E-002   5.9819821238159196E-003   7.2304196002315718E-002   6.0118801637824258E-003  0.33722739232148130        3.5543116724823229E-002
 0.0040   7.1146926016613002E-002   6.5204947503964012E-003   7.3357966194719793E-002   5.7872118411789021E-003  0.34049637603094363        3.3973485137079935E-002
 0.0050   7.9330356719949258E-002   6.8803668091227876E-003   7.4386078244930695E-002   5.5715627759563048E-003  0.34380043681561900        3.2479074272880125E-002
 0.0060   8.6653188205478168E-002   7.1148343193269941E-003   7.5389413586268397E-002   5.3646819057325840E-003  0.34710531148883916        3.1060561575042028E-002
 0.0070   9.3322365099233487E-002   7.2590934076423438E-003   7.6368841107658680E-002   5.1663081282926461E-003  0.35037763852377357        2.9719458926068816E-002
 0.0080   9.9476876054335153E-002   7.3377601817361630E-003   7.7325215161949151E-002   4.9761727819280866E-003  0.35358873597355828        2.8455445131287973E-002
 0.0090  0.10521584955920935        7.3684563659942963E-003   7.8259373846980798E-002   4.7940019044540143E-003  0.35671655957884330        2.7266275585019772E-002
 0.0100  0.11061282655709570        7.3639197694604112E-003   7.9172137540603621E-002   4.6195182767715106E-003  0.35974576729197644        2.6148323316470077E-002
 0.0200  0.15387511722581096        6.5924650420480088E-003   8.7288992104091773E-002   3.2372772162969051E-003  0.38400894277346931        1.7927001346849873E-002
 0.0400  0.21818097587992541        4.9250502438034681E-003   9.9816304799504429E-002   1.7516285354385716E-003  0.40957067859359525        9.9192111885017462E-003
 0.0600  0.27293589025777942        4.1200956047956856E-003  0.10978178272625456        1.0579776081152572E-003  0.42052819067993941        6.6636354570217566E-003
 0.0800  0.32362967352125871        3.9165922574433236E-003  0.11849528502894671        6.9089106324865860E-004  0.42546338515370213        5.2962780885404690E-003
 0.1000  0.37185752721333920        4.0354512995959988E-003  0.12645808240410589        4.7965175727658621E-004  0.42767288549299076        4.7115050328447950E-003
 0.1200  0.41836917002806084        4.3324512490988103E-003  0.13387292197268263        3.5051344575534425E-004  0.42844227689598324        4.4720764218451267E-003
 0.1400  0.46360970225533948        4.7344962128192964E-003  0.14083404087191018        2.6722994293539281E-004  0.42833180145072275        4.3930656760598104E-003
 0.1600  0.50787781782425578        5.1988307462941955E-003  0.14739449668424021        2.1075138102990732E-004  0.42761839435257604        4.3879274845687937E-003
 0.1800  0.55139238698125526        5.6991505215749092E-003  0.15359026200714715        1.7066153873583655E-004  0.42645413074777921        4.4141610624612877E-003
 0.2000  0.59432256819783236        6.2197899734972350E-003  0.15944921635843901        1.4106474505339589E-004  0.42493154096171104        4.4510254074083405E-003
 0.2200  0.63680292870786470        6.7520975703824863E-003  0.16499473945553275        1.1849598482275747E-004  0.42311296683584954        4.4888893878367014E-003
 0.2400  0.67894220849197884        7.2917839519705862E-003  0.17024729052174076        1.0083279224394536E-004  0.42104441830260797        4.5237014068648315E-003
 0.2600  0.72082908603554940        7.8370272852909262E-003  0.17522519003780662        8.6718516642158612E-005  0.41876236049983501        4.5540642072793977E-003
 0.2800  0.76253634284777239        8.3872244896648768E-003  0.17994506041450384        7.5249849664273954E-005  0.41629714366715603        4.5797271899980412E-003
 0.3000  0.80412408210698616        8.9422519510762334E-003  0.18442210662910552        6.5802710599833199E-005  0.41367478115922812        4.6008572505007528E-003
 0.3200  0.84564229487187603        9.5020754141786727E-003  0.18867031362725703        5.7931872768902794E-005  0.41091791568854008        4.6177177856571629E-003
 0.3400  0.88713294354890360        1.0066581241138479E-002  0.19270259571096149        5.1310940826016277E-005  0.40804638218738742        4.6305514846460231E-003
 0.3600  0.92863164279920662        1.0635525080935940E-002  0.19653091549492491        4.5695105073632956E-005  0.40507758190411464        4.6395519246975585E-003
 0.3800  0.97016901686439072        1.1208543571870407E-002  0.20016638199703116        4.0897164221314043E-005  0.40202676276988081        4.6448717375961734E-003
 0.4000   1.0117717783299234        1.1785185677974919E-002  0.20361933350866560        3.6771622530445749E-005  0.39890725773444241        4.6466381573737952E-003


# triplet j3 / nf 1 / mode 2 / nplat  8 / jkb  20 / start     1 / nmeas  2000
 0.0010  0.15585981214166333        9.4012093331453609E-003   7.0116106743750517E-002   6.4892121708826373E-003   7.5978330453825196E-002   5.7761817510317177E-003
 0.0020  0.15725267404277193        7.9910966834961482E-003   7.1223875973091322E-002   6.2458060606419702E-003  0.10733583977209489        7.2041917168077316E-003
 0.0030  0.15869888938131452        6.6988837260348036E-003   7.2304196002315718E-002   6.0118801637824258E-003  0.13124521793836663        7.7758224377915469E-003
 0.0040  0.15988604053949193        5.4857794550493243E-003   7.3357966194719793E-002   5.7872118411789021E-003  0.15151585712334115        7.9211404895803538E-003
 0.0050  0.16164675958792810        4.5254953500134133E-003   7.4386078244930695E-002   5.5715627759563048E-003  0.16872476356831503        7.8892364335266391E-003
 0.0060  0.16314602246846610        3.6814766931765716E-003   7.5389413586268397E-002   5.3646819057325840E-003  0.18436111054670135        7.7675473973047981E-003
 0.0070  0.16467386894342670        3.0549522671493600E-003   7.6368841107658680E-002   5.1663081282926461E-003  0.19856258989188016        7.6601690582195885E-003
 0.0080  0.16624008733061454        2.7146967553911276E-003   7.7325215161949151E-002   4.9761727819280866E-003  0.21158496381620415        7.6347337317648929E-003
 0.0090  0.16785249168738228        2.7036178000426213E-003   7.8259373846980798E-002   4.7940019044540143E-003  0.22360249461073484        7.7379718394536209E-003
 0.0100  0.16951650073214533        2.9779157888394107E-003   7.9172137540603621E-002   4.6195182767715106E-003  0.23474113723591550        7.9940276705573934E-003
 0.0200  0.18909563067464619        8.7180125409918666E-003   8.7288992104091773E-002   3.2372772162969051E-003  0.31248432803132975        1.5528341418849781E-002
 0.0400  0.23796803781096521        1.6767501716007716E-002   9.9816304799504429E-002   1.7516285354385716E-003  0.37551484295693216        2.6663567200509015E-002
 0.0600  0.29127462544839616        2.1585930759015499E-002  0.10978178272625456        1.0579776081152572E-003  0.39405161340446754        2.9264244631317313E-002
 0.0800  0.34543610512281070        2.5489659355093477E-002  0.11849528502894671        6.9089106324865860E-004  0.39860505138450775        2.9435930845793618E-002
 0.1000  0.39882231032991838        2.9574989206684270E-002  0.12645808240410589        4.7965175727658621E-004  0.39875748556809598        2.9579850630245898E-002
 0.1200  0.45121036814997634        3.4228840337731346E-002  0.13387292197268263        3.5051344575534425E-004  0.39725824680146932        3.0140516859128278E-002
 0.1400  0.50320619973580116        3.9899498964764545E-002  0.14083404087191018        2.6722994293539281E-004  0.39462705157711248        3.1292437851249813E-002
 0.1600  0.55485550211003365        4.6552255082906904E-002  0.14739449668424021        2.1075138102990732E-004  0.39141343315404259        3.2840693517487238E-002
 0.1800  0.60531992895332476        5.3233306267028650E-002  0.15359026200714715        1.7066153873583655E-004  0.38846162143980201        3.4162941165895536E-002
 0.2000  0.65373941055629892        5.8821244298128919E-002  0.15944921635843901        1.4106474505339589E-004  0.38631050943941470        3.4759323195923224E-002
 0.2200  0.69987340075342164        6.2795581223981253E-002  0.16499473945553275        1.1849598482275747E-004  0.38498330721711649        3.4542596020817599E-002
 0.2400  0.74401640912893885        6.5239088683655022E-002  0.17024729052174076        1.0083279224394536E-004  0.38421844428172081        3.3690391507318729E-002
 0.2600  0.78666127633974647        6.6501279131005078E-002  0.17522519003780662        8.6718516642158612E-005  0.38371799739487683        3.2438163335710618E-002
 0.2800  0.82827600096924825        6.6951646568613729E-002  0.17994506041450384        7.5249849664273954E-005  0.38325594499714671        3.0979652181678405E-002
 0.3000  0.86922720661112540        6.6884773668292943E-002  0.18442210662910552        6.5802710599833199E-005  0.38269148866999475        2.9447194249287722E-002
 0.3200  0.90977908051405487        6.6508809265705682E-002  0.18867031362725703        5.7931872768902794E-005  0.38194939482504059        2.7922224211079868E-002
 0.3400  0.95011543021731182        6.5961944196717914E-002  0.19270259571096149        5.1310940826016277E-005  0.38099727319614490        2.6450856689990549E-002
 0.3600  0.99036324130132858        6.5332843536086219E-002  0.19653091549492491        4.5695105073632956E-005  0.37982817279291070        2.5056759057403684E-002
 0.3800   1.0306107016422126        6.4676792698847449E-002  0.20016638199703116        4.0897164221314043E-005  0.37844931026636408        2.3749918353524774E-002
 0.4000   1.0709202257692474        6.4027451942708660E-002  0.20361933350866560        3.6771622530445749E-005  0.37687504244938480        2.2532375061961457E-002


