# triplet j1 / nf 1 / mode 2 / nplat  5 / jkb  20 / start     1 / nmeas100000
 0.0010   3.8548319061648684E-002   8.5629650336720912E-004   8.3782031337249860E-002   1.3229207299201189E-003  0.33580332790334522        7.9165218108577257E-003
 0.0020   5.4272924494467051E-002   1.1425818450451408E-003   8.4257817044352423E-002   1.2544150434461603E-003  0.33826095691383645        7.5533027292999759E-003
 0.0030   6.6131288768987953E-002   1.3171889608761928E-003   8.4733753831223182E-002   1.1899869035270894E-003  0.34095484188414865        7.2007337111142673E-003
 0.0040   7.5947671470115885E-002   1.4300189912445705E-003   8.5209749365555837E-002   1.1293872647324353E-003  0.34377569944310654        6.8621784821060409E-003
 0.0050   8.4441749008408076E-002   1.5028067548954018E-003   8.5685716876394438E-002   1.0723822951899037E-003  0.34665462366252453        6.5396566516390886E-003
 0.0060   9.1990629971023502E-002   1.5478920198723019E-003   8.6161574834770410E-002   1.0187524175618028E-003  0.34954560358030223        6.2341299979424862E-003
 0.0070   9.8823442605342871E-002   1.5731534602985687E-003   8.6637246653185854E-002   9.6829141456610532E-004  0.35241660241213257        5.9456870906411082E-003
 0.0080  0.10509272148207698        1.5839513545141217E-003   8.7112660402815359E-002   9.2080559502254601E-004  0.35524501408314713        5.6738773449787616E-003
 0.0090  0.11090640734263137        1.5840711225395061E-003   8.7587748547215516E-002   8.7611301576710017E-004  0.35801506090481078        5.4179428789826040E-003
 0.0100  0.11634429306767174        1.5762568377916193E-003   8.8062447691642384E-002   8.3404275520385942E-004  0.36071590247219365        5.1769847131378360E-003
 0.0200  0.15894682088227005        1.3379725617781054E-003   9.2776624196748855E-002   5.2661262433990625E-004  0.38326347480327844        3.4046424123677474E-003
 0.0400  0.22079708378558244        9.0313177647926776E-004  0.10192660283907613        2.5253060838808790E-004  0.40897375145954340        1.7478711684137858E-003
 0.0600  0.27370041658301852        6.7689766054600156E-004  0.11061368188257421        1.4680623113676059E-004  0.42093941080573211        1.0778640529206290E-003
 0.0800  0.32305459177849971        5.6229316050077853E-004  0.11882108202641171        9.4991076277095384E-005  0.42680630306983613        7.6221657378598825E-004
 0.1000  0.37023668197080450        5.0510683789987065E-004  0.12656845631458416        6.5491210763939477E-005  0.42973259336209108        5.9672477969378304E-004
 0.1200  0.41584900974588906        4.8029935597941934E-004  0.13388402294679616        4.7362773077033966E-005  0.43105662673715334        5.0366836657296597E-004
 0.1400  0.46026564360243633        4.7594183458761507E-004  0.14079629996261639        3.5694403299558206E-005  0.43138603152403093        4.4941768631898577E-004
 0.1600  0.50375788486083140        4.8578784653494360E-004  0.14733194347954082        2.7900601171565332E-005  0.43102413723263538        4.1764749101513111E-004
 0.1800  0.54653374410498334        5.0608305524422071E-004  0.15351539377991172        2.2507281427887667E-005  0.43014039988534558        3.9955052442326630E-004
 0.2000  0.58875615127921110        5.3431626321771494E-004  0.15936900150049096        1.8640579420113398E-005  0.42884116173754350        3.8999520608539909E-004
 0.2200  0.63055421456721505        5.6871361595774096E-004  0.16491324579755107        1.5771282772729808E-005  0.42720042410312054        3.8584453785358636E-004
 0.2400  0.67203121131101973        6.0798135290404253E-004  0.17016694330673549        1.3573565648306723E-005  0.42527394315362327        3.8511567667370595E-004
 0.2600  0.71327054487644725        6.5114046932045829E-004  0.17514742884430060        1.1842957858719787E-005  0.42310607900545993        3.8651583232785327E-004
 0.2800  0.75434027982846419        6.9742959154770606E-004  0.17987070935150379        1.0447968324826844E-005  0.42073335031644582        3.8918328498374123E-004
 0.3000  0.79529660947962089        7.4624615261214492E-004  0.18435159601580059        9.3016336240585520E-006  0.41818643879898576        3.9253630604381553E-004
 0.3200  0.83618652318506392        7.9711222340980638E-004  0.18860381891596620        8.3445284473465592E-006  0.41549142424494556        3.9618249109253325E-004
 0.3400  0.87704984302966893        8.4965056439653263E-004  0.19264012744195702        7.5349192633902448E-006  0.41267062870412308        3.9986013946524923E-004
 0.3600  0.91792079255103398        9.0356527734007912E-004  0.19647237888027605        6.8424547799668988E-006  0.40974323551628139        4.0339829686874830E-004
 0.3800  0.95882920375979075        9.5862573151343387E-004  0.20011161697510854        6.2446139112095429E-006  0.40672577332745513        4.0668897825735066E-004
 0.4000  0.99980145310778679        1.0146543627561763E-003  0.20356814188958577        5.7243846408593725E-006  0.40363250772385612        4.0966812597399742E-004


# triplet j3 / nf 1 / mode 2 / nplat  5 / jkb  20 / start     1 / nmeas100000
 0.0010  0.16286264162261141        6.8061298198328791E-004   8.3782031337249860E-002   1.3229207299201189E-003   7.9482032816201018E-002   7.1000108378800099E-004
 0.0020  0.16286751644344105        6.2121947769096361E-004   8.4257817044352423E-002   1.2544150434461603E-003  0.11271990741251425        9.4281547898454371E-004
 0.0030  0.16302667415796876        6.1892464819025416E-004   8.4733753831223182E-002   1.1899869035270894E-003  0.13830732438286159        1.1040395174076276E-003
 0.0040  0.16334011548571462        6.6342360644880329E-004   8.5209749365555837E-002   1.1293872647324353E-003  0.15984416199949233        1.2424234828654840E-003
 0.0050  0.16380499585300970        7.3732756973653689E-004   8.5685716876394438E-002   1.0723822951899037E-003  0.17870103760560743        1.3774992092251217E-003
 0.0060  0.16448495963034199        6.7184314857230017E-004   8.6161574834770410E-002   1.0187524175618028E-003  0.19548851365630965        1.4047123228857900E-003
 0.0070  0.16537475673854155        7.5255501218863445E-004   8.6637246653185854E-002   9.6829141456610532E-004  0.21059454640170414        1.5176826387357815E-003
 0.0080  0.16638774380560242        8.7951123833739521E-004   8.7112660402815359E-002   9.2080559502254601E-004  0.22437749601650428        1.6771915503940905E-003
 0.0090  0.16798305033804048        5.6915714745538963E-004   8.7587748547215516E-002   8.7611301576710017E-004  0.23637006292958290        1.4279026185247160E-003
 0.0100  0.16915429894138220        9.0095528755700603E-004   8.8062447691642384E-002   8.3404275520385942E-004  0.24810032576197011        1.7682070588015560E-003
 0.0200  0.18454165439641015        1.7277417160001163E-003   9.2776624196748855E-002   5.2661262433990625E-004  0.33010710280842781        3.2294537835526570E-003
 0.0400  0.22991583079847533        2.0362603973255794E-003  0.10192660283907613        2.5253060838808790E-004  0.39275334522861222        3.5123002936097271E-003
 0.0600  0.27873781613514598        2.1562043587152061E-003  0.11061368188257421        1.4680623113676059E-004  0.41333211865977693        3.2091153830180862E-003
 0.0800  0.32681447149128889        2.2677811927916207E-003  0.11882108202641171        9.4991076277095384E-005  0.42189605428899046        2.9324100963744209E-003
 0.1000  0.37350650345316938        2.3728309523033506E-003  0.12656845631458416        6.5491210763939477E-005  0.42597054677801088        2.7083703110596150E-003
 0.1200  0.41889193309146089        2.4625855267133134E-003  0.13388402294679616        4.7362773077033966E-005  0.42792533637526531        2.5168296084269646E-003
 0.1400  0.46318487952207249        2.5358122538070202E-003  0.14079629996261639        3.5694403299558206E-005  0.42866720875124603        2.3474662847211554E-003
 0.1600  0.50660249194149931        2.5965305912946327E-003  0.14733194347954082        2.7900601171565332E-005  0.42860390769919615        2.1971329913346303E-003
 0.1800  0.54933178901749269        2.6494278597395623E-003  0.15351539377991172        2.2507281427887667E-005  0.42794946140039730        2.0642391497514645E-003
 0.2000  0.59152547530703525        2.6978870084184798E-003  0.15936900150049096        1.8640579420113398E-005  0.42683347114280901        1.9469037068362168E-003
 0.2200  0.63330641595977721        2.7439308422236822E-003  0.16491324579755107        1.5771282772729808E-005  0.42534391109063524        1.8430025678022048E-003
 0.2400  0.67477364610107304        2.7887034393264203E-003  0.17016694330673549        1.3573565648306723E-005  0.42354553235431808        1.7505098015952222E-003
 0.2600  0.71600762321388345        2.8328467190349895E-003  0.17514742884430060        1.1842957858719787E-005  0.42148867376320115        1.6676587797323044E-003
 0.2800  0.75707437240925712        2.8767162308938892E-003  0.17987070935150379        1.0447968324826844E-005  0.41921391712267431        1.5929672822977039E-003
 0.3000  0.79802877426127361        2.9205391284087721E-003  0.18435159601580059        9.3016336240585520E-006  0.41675471816797338        1.5252299411645715E-003
 0.3200  0.83891696418882666        2.9644451542207260E-003  0.18860381891596620        8.3445284473465592E-006  0.41413911541117776        1.4634544343349676E-003
 0.3400  0.87977825060894765        3.0085154551615974E-003  0.19264012744195702        7.5349192633902448E-006  0.41139083613102562        1.4068271500795051E-003
 0.3600  0.92064657291364627        3.0528028435013710E-003  0.19647237888027605        6.8424547799668988E-006  0.40853009890344538        1.3546773330202068E-003
 0.3800  0.96155161013279111        3.0973344542463538E-003  0.20011161697510854        6.2446139112095429E-006  0.40557422532347726        1.3064444439103288E-003
 0.4000   1.0025196614677583        3.1421205074298065E-003  0.20356814188958577        5.7243846408593725E-006  0.40253810798386008        1.2616570222328454E-003


