# triplet j1 / nf 3 / mode 2 / nplat  8 / jkb  20 / start  2001 / nmeas  2000
 0.0010   4.6210073808883451E-003   1.4410201086817480E-003   1.5521254488633119E-003   7.5765394771337667E-005  0.38127799876164703       0.11926177343054879     
 0.0020   8.9407918131905410E-003   1.5246586197913011E-003   3.1384620319334427E-003   1.5732934066537351E-004  0.39628939712160982        6.8304663756970155E-002
 0.0030   1.3373063718504793E-002   1.9590195811569401E-003   4.7583391754459315E-003   2.4511495069945644E-004  0.39955117208259722        5.9428047143862246E-002
 0.0040   1.7888039778201643E-002   2.4928129837594928E-003   6.4108745597994017E-003   3.3936339101542004E-004  0.40035096636702661        5.6788839355071848E-002
 0.0050   2.2473266477365739E-002   3.0628057122784724E-003   8.0949669566293559E-003   4.4013658935752214E-004  0.40035138814229526        5.5637484622501822E-002
 0.0060   2.7120296283825358E-002   3.6491138347111668E-003   9.8092917051065282E-003   5.4732324176072771E-004  0.40005068467649085        5.4972824686365954E-002
 0.0070   3.1822310958349774E-002   4.2429160833977403E-003   1.1552299173786420E-002   6.6064726722075983E-004  0.39963776026162695        5.4495834604762830E-002
 0.0080   3.6573153194275662E-002   4.8388507049180523E-003   1.3322216504820615E-002   7.7967824061147422E-004  0.39919567727166649        5.4092390253042036E-002
 0.0090   4.1366814905561017E-002   5.4328229724172070E-003   1.5117052871057270E-002   9.0384359234811325E-004  0.39876564513115320        5.3710678257933027E-002
 0.0100   4.6197293264357925E-002   6.0212479203327202E-003   1.6934608394596533E-002   1.0324425013165620E-003  0.39836946859726685        5.3323708601626475E-002
 0.0200   9.5144174824910069E-002   1.0931526285823185E-002   3.5761666446901319E-002   2.3515747395030156E-003  0.39751787839635472        4.7505795203702607E-002
 0.0400  0.18098251285163097        1.2031231125809410E-002   6.8769760968728139E-002   2.9769751118079394E-003  0.40983319996175088        2.8652346758302139E-002
 0.0600  0.24444010884183151        8.5819212807673722E-003   9.0027054569747356E-002   1.8044165425704817E-003  0.42521118050567369        1.5524788522503609E-002
 0.0800  0.29733037675136320        6.8743199735862449E-003  0.10438808194967295        1.0026090661167607E-003  0.43465649048296562        1.0263813810520283E-002
 0.1000  0.34625345415726427        6.5500696139484801E-003  0.11564968271508473        6.3667069908838103E-004  0.43923112338309850        8.3964269814311935E-003
 0.1200  0.39362228375832431        6.7680953168572627E-003  0.12528207870429051        4.5380064185184953E-004  0.44052485756472048        7.6164596109385627E-003
 0.1400  0.44018341301551434        7.2037080603045449E-003  0.13386335861357268        3.4453474948555664E-004  0.43982124221711383        7.2200006657494823E-003
 0.1600  0.48603882717676888        7.7087230939785062E-003  0.14166180070618828        2.7086899421621040E-004  0.43805677738773513        6.9603242001244322E-003
 0.1800  0.53122375166946101        8.2336943813079294E-003  0.14882705354270570        2.1706504470335919E-004  0.43572723639122279        6.7610186882139005E-003
 0.2000  0.57580553869234563        8.7694397674849961E-003  0.15545671130208885        1.7571721711443034E-004  0.43307079338581228        6.6001488397059473E-003
 0.2200  0.61986800040053835        9.3176768322297630E-003  0.16162158875168611        1.4312411683093786E-004  0.43020634045243955        6.4695423728691279E-003
 0.2400  0.66349373571045922        9.8795266390094040E-003  0.16737641224602512        1.1722215525415626E-004  0.42719968029894667        6.3628295740756459E-003
 0.2600  0.70675656507797946        1.0452365675955116E-002  0.17276503999222603        9.6652990285113049E-005  0.42409168058415375        6.2730993459599749E-003
 0.2800  0.74971974123806084        1.1029936678556623E-002  0.17782344035371692        8.0383746753365462E-005  0.42091031709024140        6.1931969160796928E-003
 0.3000  0.79243658938320027        1.1603477375457603E-002  0.18258161960252214        6.7567583597006982E-005  0.41767610732659877        6.1164290741307714E-003
 0.3200  0.83495220222469047        1.2163128183123088E-002  0.18706497280035955        5.7495179102382459E-005  0.41440464054570264        6.0371566348715313E-003
 0.3400  0.87730567198907528        1.2699436167949855E-002  0.19129527168495128        4.9575575928189544E-005  0.41110772442142857        5.9512273112207470E-003
 0.3600  0.91953247153580353        1.3204800435686097E-002  0.19529140323738778        4.3324422588430876E-005  0.40779391502582302        5.8562346307593355E-003
 0.3800  0.96166656919593474        1.3674610295992580E-002  0.19906992897855122        3.8352762639204272E-005  0.40446887599663067        5.7515581245201194E-003
 0.4000   1.0037418910578981        1.4107809053856939E-002  0.20264551255511912        3.4354870515570662E-005  0.40113581500129969        5.6381530446629009E-003


# triplet j3 / nf 3 / mode 2 / nplat  8 / jkb  20 / start  2001 / nmeas  2000
 0.0010  0.19893060693963432        5.0281983875205057E-002   1.5521254488633119E-003   7.5765394771337667E-005   8.8567992304098026E-003   2.2490697103696730E-003
 0.0020  0.19765110322475493        4.9664555222276391E-002   3.1384620319334427E-003   1.5732934066537351E-004   1.7926239416989710E-002   4.5267496455077541E-003
 0.0030  0.19648322105505808        4.9066224766737852E-002   4.7583391754459315E-003   2.4511495069945644E-004   2.7194298090046986E-002   6.8270457216788316E-003
 0.0040  0.19543459339754068        4.8484862162403441E-002   6.4108745597994017E-003   3.3936339101542004E-004   3.6643942544232089E-002   9.1424916187948044E-003
 0.0050  0.19451009183362714        4.7918685686340640E-002   8.0949669566293559E-003   4.4013658935752214E-004   4.6255715297285345E-002   1.1464536635383604E-002
 0.0060  0.19371231723440399        4.7366330641663110E-002   9.8092917051065282E-003   5.4732324176072771E-004   5.6008276870928457E-002   1.3783934184206688E-002
 0.0070  0.19304208283536167        4.6826857035538613E-002   1.1552299173786420E-002   6.6064726722075983E-004   6.5878884494787182E-002   1.6091099764105263E-002
 0.0080  0.19249885487007420        4.6299720219982417E-002   1.3322216504820615E-002   7.7967824061147422E-004   7.5843800053789157E-002   1.8376421196170736E-002
 0.0090  0.19208109728653996        4.5784719564190571E-002   1.5117052871057270E-002   9.0384359234811325E-004   8.5878646393972746E-002   2.0630521049450023E-002
 0.0100  0.19178659016089575        4.5281927581644267E-002   1.6934608394596533E-002   1.0324425013165620E-003   9.5958696345323294E-002   2.2844454188208047E-002
 0.0200  0.19495859611198177        4.1020566978849982E-002   3.5761666446901319E-002   2.3515747395030156E-003  0.19399765525827808        4.1313717286224350E-002
 0.0400  0.22589720512915579        3.7003780453505331E-002   6.8769760968728139E-002   2.9769751118079394E-003  0.32834687944321722        5.4253359694397214E-002
 0.0600  0.27522822697038080        3.6615090635291662E-002   9.0027054569747356E-002   1.8044165425704817E-003  0.37764537594015052        5.0382538742007474E-002
 0.0800  0.33122282983969192        3.8671683923644583E-002  0.10438808194967295        1.0026090661167607E-003  0.39018016401609307        4.5593724650750324E-002
 0.1000  0.38627806809301624        4.2168566977920909E-002  0.11564968271508473        6.3667069908838103E-004  0.39371972215660728        4.2994606122217560E-002
 0.1200  0.43823923592082714        4.5325035787573097E-002  0.12528207870429051        4.5380064185184953E-004  0.39567520722462773        4.0929111197847180E-002
 0.1400  0.48805850925683952        4.8007099523096196E-002  0.13386335861357268        3.4453474948555664E-004  0.39667788153237549        3.9021928490544699E-002
 0.1600  0.53737892477528049        5.1115088489738635E-002  0.14166180070618828        2.7086899421621040E-004  0.39620571723650100        3.7688700264898782E-002
 0.1800  0.58729849587662430        5.5507337536238724E-002  0.14882705354270570        2.1706504470335919E-004  0.39412438282310336        3.7250983121883907E-002
 0.2000  0.63743712371424732        6.0951689905466316E-002  0.15545671130208885        1.7571721711443034E-004  0.39119868015284476        3.7407041800325745E-002
 0.2200  0.68647605190619587        6.6202356887525307E-002  0.16162158875168611        1.4312411683093786E-004  0.38846387033516860        3.7463061921312470E-002
 0.2400  0.73338682101729569        7.0085425062416801E-002  0.16737641224602512        1.1722215525415626E-004  0.38648678112689649        3.6934495425496386E-002
 0.2600  0.77797173827063804        7.2194513774469005E-002  0.17276503999222603        9.6652990285113049E-005  0.38527052424047736        3.5752641340399988E-002
 0.2800  0.82063065195156470        7.2761488283696121E-002  0.17782344035371692        8.0383746753365462E-005  0.38453934576154636        3.4095419105762297E-002
 0.3000  0.86194791885457378        7.2254072147511145E-002  0.18258161960252214        6.7567583597006982E-005  0.38399284076998164        3.2188852024778392E-002
 0.3200  0.90244347111430079        7.1109900154989344E-002  0.18706497280035955        5.7495179102382459E-005  0.38341245552868686        3.0211835040415094E-002
 0.3400  0.94249808841666216        6.9647506860403788E-002  0.19129527168495128        4.9575575928189544E-005  0.38267148004442025        2.8278206432629193E-002
 0.3600  0.98236490032228529        6.8069919985030924E-002  0.19529140323738778        4.3324422588430876E-005  0.38171126272725803        2.6449528473878835E-002
 0.3800   1.0222044329385993        6.6495658414037623E-002  0.19906992897855122        3.8352762639204272E-005  0.38051507486426606        2.4753001813290487E-002
 0.4000   1.0621168415712601        6.4988739375276508E-002  0.20264551255511912        3.4354870515570662E-005  0.37908900957149710        2.3195697045266750E-002


