# triplet j1 / nf 4 / mode 2 / nplat  8 / jkb  20 / start  4001 / nmeas  2000
 0.0010   3.5294360755601583E-003  0.13560803528885221        1.1708416179270341E-003   1.8441911400785362E-004  0.43356952931352971        16.658648657907648     
 0.0020   6.1496730057222565E-003   1.7936323171624118E-002   2.3417919935588851E-003   3.6905454674127162E-004  0.49768222537213291        1.4520847490229818     
 0.0030   9.3346932710580768E-003   2.6107257102181643E-002   3.5129592798425120E-003   5.5411910026718664E-004  0.49182673314382203        1.3760871280254394     
 0.0040   1.2464630516217254E-002   3.4262053846398396E-002   4.6844504196167681E-003   7.3981856512136805E-004  0.49112824061162930        1.3505417872077214     
 0.0050   1.5588501851671151E-002   4.2251927272867980E-002   5.8563705391135442E-003   9.2634826936057629E-004  0.49091906084003878        1.3311801889048196     
 0.0060   1.8716490947077280E-002   5.0000662391868116E-002   7.0288223398039685E-003   1.1138896943681683E-003  0.49069030533052793        1.3114440195428319     
 0.0070   2.1852300177022208E-002   5.7453058683970049E-002   8.2019054881716184E-003   1.3026071812186836E-003  0.49037039242877484        1.2898471127771685     
 0.0080   2.4998044265273193E-002   6.4565089613570076E-002   9.3757160031098033E-003   1.4926447526061562E-003  0.48995498472949944        1.2660593587924971     
 0.0090   2.8155362203745548E-002   7.1301387654796405E-002   1.0550345640782405E-002   1.6841230766770081E-003  0.48945016334822039        1.2401120473250082     
 0.0100   3.1325657188534507E-002   7.7634514133877910E-002   1.1725881276962405E-002   1.8771366004884027E-003  0.48886343301240648        1.2121841269587930     
 0.0200   6.3958065514103227E-002  0.11745487308804624        2.3545447279956510E-002   3.8891900711970212E-003  0.47983082983630149       0.88206910373003655     
 0.0400  0.13494155960500290       0.11244254841509424        4.7479195334094337E-002   7.4783437253913149E-003  0.45672096040450488       0.38226713292943321     
 0.0600  0.20886899070896831        7.7816614255250091E-002   7.0578639212762334E-002   7.9537489120115098E-003  0.44060893030130482       0.16602087924491871     
 0.0800  0.27574206466209927        4.9646705847387979E-002   9.0511796868611258E-002   5.8005707282839615E-003  0.43642494070485899        7.9811985819430553E-002
 0.1000  0.33298797009043885        3.2420888261621872E-002  0.10637064864219899        3.5232592729773746E-003  0.43802344611890459        4.3260074474593006E-002
 0.1200  0.38432120761264077        2.2865574618890487E-002  0.11895559035288401        2.0350139900484681E-003  0.43964657967204973        2.6426158327659138E-002
 0.1400  0.43277589733688399        1.7746280510049412E-002  0.12934783318958218        1.2062481824458887E-003  0.43973955145317661        1.8148033541681794E-002
 0.1600  0.47963566052915840        1.5072602236774868E-002  0.13828632838063523        7.6589938917743529E-004  0.43858436649782429        1.3835971898249986E-002
 0.1800  0.52532793435088088        1.3675302830554428E-002  0.14620253471553868        5.3000850751964512E-004  0.43671509785781037        1.1396064507868077E-002
 0.2000  0.57002012607325236        1.2874011584606840E-002  0.15335021397313364        3.9710162038365300E-004  0.43449221455418324        9.8292001430817719E-003
 0.2200  0.61388250630996144        1.2342719552133490E-002  0.15988791413959680        3.1575205650470449E-004  0.43206481294744931        8.6975633021593671E-003
 0.2400  0.65714318143946004        1.1987627797783685E-002  0.16592138826450178        2.6113966098645721E-004  0.42944920103613454        7.8413125988338831E-003
 0.2600  0.70002057107352089        1.1799462632951242E-002  0.17152521911858848        2.2143908427358351E-004  0.42663340831048141        7.1965526355355141E-003
 0.2800  0.74266703586399907        1.1766352617675169E-002  0.17675446869816897        1.9085074737012383E-004  0.42362839957941406        6.7155992937170551E-003
 0.3000  0.78517076615359760        1.1860769995780581E-002  0.18165137553085672        1.6634295453584575E-004  0.42046596698295152        6.3544653178428069E-003
 0.3200  0.82758103737379174        1.2051158383969559E-002  0.18624941952369042        1.4619274507788853E-004  0.41718330462282732        6.0771906066206961E-003
 0.3400  0.86992914197109539        1.2310337800607441E-002  0.19057589263655753        1.2933241265480647E-004  0.41381340788427579        5.8575427437759647E-003
 0.3600  0.91223988447408855        1.2617810626828785E-002  0.19465357780058923        1.1504779206999672E-004  0.41038207892437167        5.6775692064208426E-003
 0.3800  0.95453650138607959        1.2959118397668156E-002  0.19850187612317216        1.0283151660782646E-004  0.40690831411153755        5.5253336392398489E-003
 0.4000  0.99684220104238019        1.3324421665793054E-002  0.20213758341217378        9.2306673139517739E-005  0.40340577649419390        5.3929627065085403E-003


# triplet j3 / nf 4 / mode 2 / nplat  8 / jkb  20 / start  4001 / nmeas  2000
 0.0010  0.26086373800702811        5.9509441140569233E-002   1.1708416179270341E-003   1.8441911400785362E-004   5.8661121308534710E-003   1.4157054640718497E-003
 0.0020  0.26082795668137260        5.9515583336899824E-002   2.3417919935588851E-003   3.6905454674127162E-004   1.1734106212155754E-002   2.8326362873722791E-003
 0.0030  0.26076913023973736        5.9525798869456623E-002   3.5129592798425120E-003   5.5411910026718664E-004   1.7605809752800655E-002   4.2519901369266261E-003
 0.0040  0.26068843808701925        5.9540055242860657E-002   4.6844504196167681E-003   7.3981856512136805E-004   2.3482944238824802E-002   5.6749104950505674E-003
 0.0050  0.26058746315847048        5.9558304636016461E-002   5.8563705391135442E-003   9.2634826936057629E-004   2.9367079276073203E-002   7.1024623960984435E-003
 0.0060  0.26046812574164713        5.9580486332796251E-002   7.0288223398039685E-003   1.1138896943681683E-003   3.5259595128529587E-002   8.5356121103908091E-003
 0.0070  0.26033260771769734        5.9606526159523318E-002   8.2019054881716184E-003   1.3026071812186836E-003   4.1161655111978175E-002   9.9752109782492611E-003
 0.0080  0.26018326659746238        5.9636340623751491E-002   9.3757160031098033E-003   1.4926447526061562E-003   4.7074189498928887E-002   1.1421985032214378E-002
 0.0090  0.26002254542596487        5.9669842788929416E-002   1.0550345640782405E-002   1.6841230766770081E-003   5.2997891421977771E-002   1.2876530816122084E-002
 0.0100  0.25985289567217423        5.9706946809214498E-002   1.1725881276962405E-002   1.8771366004884027E-003   5.8933221717400362E-002   1.4339315678881030E-002
 0.0200  0.25817057211041666        6.0248272736927032E-002   2.3545447279956510E-002   3.8891900711970212E-003  0.11887122300380279        2.9426499592313308E-002
 0.0400  0.26303855911377033        6.0062987157048088E-002   4.7479195334094337E-002   7.4783437253913149E-003  0.23430267755771111        5.6593994944532322E-002
 0.0600  0.28572088524967987        5.5796320508488838E-002   7.0578639212762334E-002   7.9537489120115098E-003  0.32209595909998257        6.5465756434775077E-002
 0.0800  0.32228980634678378        5.0685013930973362E-002   9.0511796868611258E-002   5.8005707282839615E-003  0.37339286521059084        5.9928275602046541E-002
 0.1000  0.36838435395779107        4.6923403670884767E-002  0.10637064864219899        3.5232592729773746E-003  0.39593575733638459        5.0857287714126606E-002
 0.1200  0.41978833458882836        4.5753257145457027E-002  0.11895559035288401        2.0350139900484681E-003  0.40250166691227024        4.4004052854147400E-002
 0.1400  0.47308757591826434        4.7571467748920140E-002  0.12934783318958218        1.2062481824458887E-003  0.40226945001732012        4.0493794574379099E-002
 0.1600  0.52656410965594080        5.1757418349027806E-002  0.13828632838063523        7.6589938917743529E-004  0.39949684846617634        3.9283212879516173E-002
 0.1800  0.58036809973763315        5.8063617972894353E-002  0.14620253471553868        5.3000850751964512E-004  0.39529850169435493        3.9554599701753242E-002
 0.2000  0.63561528034739945        6.7180640945343942E-002  0.15335021397313364        3.9710162038365300E-004  0.38965285224524016        4.1187009203311933E-002
 0.2200  0.69067205946873766        7.7550605107680748E-002  0.15988791413959680        3.1575205650470449E-004  0.38402745068990368        4.3121351620794210E-002
 0.2400  0.74080148826252845        8.4241211157995086E-002  0.16592138826450178        2.6113966098645721E-004  0.38095173768807150        4.3321462898254809E-002
 0.2600  0.78491047775769662        8.5633788926998050E-002  0.17152521911858848        2.2143908427358351E-004  0.38049200588801457        4.1512431466747504E-002
 0.2800  0.82538306172960019        8.3793912378151494E-002  0.17675446869816897        1.9085074737012383E-004  0.38117434487227542        3.8697839535517656E-002
 0.3000  0.86438269225372555        8.0742648297882441E-002  0.18165137553085672        1.6634295453584575E-004  0.38193451626934100        3.5677223818269585E-002
 0.3200  0.90301717580472740        7.7505626282472664E-002  0.18624941952369042        1.4619274507788853E-004  0.38233269672541098        3.2815815350632528E-002
 0.3400  0.94174538859148083        7.4481427432460223E-002  0.19057589263655753        1.2933241265480647E-004  0.38225654961296773        3.0232455440067960E-002
 0.3600  0.98073477203274406        7.1789025612066348E-002  0.19465357780058923        1.1504779206999672E-004  0.38172083925633060        2.7941897452020064E-002
 0.3800   1.0200360332706535        6.9438639516651871E-002  0.19850187612317216        1.0283151660782646E-004  0.38077952725997050        2.5921636945448488E-002
 0.4000   1.0596565999810403        6.7402978186535095E-002  0.20213758341217378        9.2306673139517739E-005  0.37949266032116230        2.4139046836218349E-002


