# triplet j1 / nf 5 / mode 2 / nplat  8 / jkb  20 / start  2001 / nmeas  2000
 0.0010   4.3987652797606667E-003   1.5474984760993078E-003   1.4123026046967361E-003   1.3034059911500037E-004  0.38207453166557998       0.13556628424652398     
 0.0020   8.0931117740221173E-003   1.9110981150394397E-003   2.8244292578537659E-003   2.6063829292641061E-004  0.41531709537650202        9.9927102071580814E-002
 0.0030   1.1938241528677391E-002   2.6339236560518242E-003   4.2362700990514661E-003   3.9090369123666725E-004  0.42230583809558397        9.5188424796050164E-002
 0.0040   1.5828720441007478E-002   3.4254956026554665E-003   5.6477853818045999E-003   5.2120255109378130E-004  0.42465699000365309        9.3965808612012258E-002
 0.0050   1.9734898114622909E-002   4.2343389414904445E-003   7.0590022448612528E-003   6.5165082696872878E-004  0.42573246700652584        9.3435348114813174E-002
 0.0060   2.3649372725827646E-002   5.0468921532123854E-003   8.4700103804741470E-003   7.8240833478220430E-004  0.42629767916520528        9.3080309852055718E-002
 0.0070   2.7569485773951349E-002   5.8581323197951091E-003   9.8809566570926214E-003   9.1367119534280586E-004  0.42661375034991800        9.2770509720108418E-002
 0.0080   3.1494318240561606E-002   6.6656075231347348E-003   1.1292038766752898E-002   1.0456632300884859E-003  0.42678972968457946        9.2464051138807929E-002
 0.0090   3.5423720823726267E-002   7.4678292275174750E-003   1.2703497978998975E-002   1.1786264834698368E-003  0.42687796490523855        9.2145061120736796E-002
 0.0100   3.9357967916068125E-002   8.2636820560259422E-003   1.4115611093656217E-002   1.3128110446281875E-003  0.42690591543884804        9.1806147801699156E-002
 0.0200   7.9094628392215413E-002   1.5639384854314535E-002   2.8340165311832751E-002   2.7607522508441206E-003  0.42568093056382383        8.6686015100730540E-002
 0.0400  0.15940540921607152        2.2015972811019604E-002   5.7132184201099126E-002   5.1956960979065462E-003  0.42411375008161051        6.1668561580343957E-002
 0.0600  0.22861345987451076        1.5871714408257211E-002   8.1393626476794004E-002   4.0962857637358409E-003  0.43229879606658628        3.1923343080708322E-002
 0.0800  0.28400935137904576        1.0254477809689862E-002   9.8375827895630180E-002   2.2344385435139925E-003  0.44174490735689365        1.6720063994284919E-002
 0.1000  0.33203597123771061        8.1348341207442033E-003  0.11095975427657404        1.3014460129318864E-003  0.44865509629093409        1.1302505691254086E-002
 0.1200  0.37847788042105213        8.0394420036021385E-003  0.12132443085230049        9.0489900076330698E-004  0.45085744888371865        9.7233668837700370E-003
 0.1400  0.42512218981825245        8.6193331828812343E-003  0.13039934937521921        6.8017349889186809E-004  0.44947232226523959        9.1881165316706499E-003
 0.1600  0.47158685120847305        9.3112450817327604E-003  0.13858779034770330        5.1951337422388331E-004  0.44655585376628015        8.8566583049473260E-003
 0.1800  0.51759240960474240        1.0025881652223701E-002  0.14608972961030017        4.0017527979251469E-004  0.44307086609996205        8.6038098762818756E-003
 0.2000  0.56304289430685239        1.0733233974044010E-002  0.15302022326588038        3.1264815128358939E-004  0.43940291057724540        8.3883160414625780E-003
 0.2200  0.60793472634546686        1.1406375675679307E-002  0.15945565580657481        2.4866102535212308E-004  0.43570179633850376        8.1819111927489679E-003
 0.2400  0.65231439893015075        1.2030795604312826E-002  0.16545280235142384        2.0122323704346867E-004  0.43201688117384540        7.9721238185008394E-003
 0.2600  0.69625560525564201        1.2608741094962498E-002  0.17105703418946758        1.6520980621237121E-004  0.42835460118758778        7.7599838053195765E-003
 0.2800  0.73984026944892756        1.3152762836879566E-002  0.17630611372307584        1.3720151309763823E-004  0.42470730749456659        7.5521872988523007E-003
 0.3000  0.78314496826941937        1.3676920716546435E-002  0.18123217189418020        1.1499755641831883E-004  0.42106690763026983        7.3547672188573254E-003
 0.3200  0.82623497863058903        1.4191605150984965E-002  0.18586290332160460        9.7160312757055089E-005  0.41742914522137414        7.1706906884909357E-003
 0.3400  0.86916389739136590        1.4702287901882031E-002  0.19022239076347577        8.2705044360971577E-005  0.41379343444263811        7.0000751368444877E-003
 0.3600  0.91197562482105365        1.5210295792540206E-002  0.19433172609505672        7.0918398719096301E-005  0.41016148007616393        6.8412472992985468E-003
 0.3800  0.95470672392955991        1.5714123699962956E-002  0.19820950066689241        6.1259519973982956E-005  0.40653603636939484        6.6917294585699984E-003
 0.4000  0.99738842245219161        1.6210632644913337E-002  0.20187220135602874        5.3306440957863737E-005  0.40292009740162943        6.5489081704964919E-003


# triplet j3 / nf 5 / mode 2 / nplat  8 / jkb  20 / start  2001 / nmeas  2000
 0.0010  0.19951602291189990        6.0132423264169545E-002   1.4123026046967361E-003   1.3034059911500037E-004   8.4236652256921563E-003   2.5684049534300778E-003
 0.0020  0.19957433884975084        6.0125702517644375E-002   2.8244292578537659E-003   2.6063829292641061E-004   1.6841883049276762E-002   5.1331101924969175E-003
 0.0030  0.19966820992492104        6.0114091423499313E-002   4.2362700990514661E-003   3.9090369123666725E-004   2.5249833691859822E-002   7.6907107320481798E-003
 0.0040  0.19979504567438225        6.0097242476438432E-002   5.6477853818045999E-003   5.2120255109378130E-004   3.3643360651907289E-002   1.0238112405750632E-002
 0.0050  0.19995240632153044        6.0074799396139057E-002   7.0590022448612528E-003   6.5165082696872878E-004   4.2018933480352717E-002   1.2772511947783819E-002
 0.0060  0.20013806138576370        6.0046391800948222E-002   8.4700103804741470E-003   7.8240833478220430E-004   5.0373590295255871E-002   1.5291363397659756E-002
 0.0070  0.20035003013003222        6.0011634451144359E-002   9.8809566570926214E-003   9.1367119534280586E-004   5.8704866246391735E-002   1.7792336140150172E-002
 0.0080  0.20058661552890969        5.9970129785238760E-002   1.1292038766752898E-002   1.0456632300884859E-003   6.7010710226336853E-002   2.0273267094705609E-002
 0.0090  0.20084642699348887        5.9921471097024788E-002   1.2703497978998975E-002   1.1786264834698368E-003   7.5289394394324013E-002   2.2732109960939783E-002
 0.0100  0.20112842598539601        5.9865238008957690E-002   1.4115611093656217E-002   1.3128110446281875E-003   8.3539406430008456E-002   2.5166872449581337E-002
 0.0200  0.20517075348620217        5.8802267818789243E-002   2.8340165311832751E-002   2.7607522508441206E-003  0.16410270199091684        4.7706462886156681E-002
 0.0400  0.22395216335075943        5.3984699783755044E-002   5.7132184201099126E-002   5.1956960979065462E-003  0.30187708336639540        7.4052188817003886E-002
 0.0600  0.26283353842164908        4.8883987277282867E-002   8.1393626476794004E-002   4.0962857637358409E-003  0.37601488783300363        7.0571574005621265E-002
 0.0800  0.31761033651718867        4.6628079116163200E-002   9.8375827895630180E-002   2.2344385435139925E-003  0.39501133996197352        5.8164500768167975E-002
 0.1000  0.37717140275817307        4.9399730977596125E-002  0.11095975427657404        1.3014460129318864E-003  0.39496533819458773        5.1782108515775284E-002
 0.1200  0.43173492558010562        5.3133455465237581E-002  0.12132443085230049        9.0489900076330698E-004  0.39524152788026323        4.8664553450751227E-002
 0.1400  0.48091208793909790        5.4902545894283214E-002  0.13039934937521921        6.8017349889186809E-004  0.39732970473450052        4.5372334078765564E-002
 0.1600  0.52827395623273776        5.6098672420271473E-002  0.13858779034770330        5.1951337422388331E-004  0.39863761308265855        4.2338873021686402E-002
 0.1800  0.57680869043830685        5.8729733119639992E-002  0.14608972961030017        4.0017527979251469E-004  0.39758436551307086        4.0485062926256886E-002
 0.2000  0.62798178055662701        6.4201892311622322E-002  0.15302022326588038        3.1264815128358939E-004  0.39396475216044624        4.0279107013062081E-002
 0.2200  0.68058649071614286        7.1883248425874041E-002  0.15945565580657481        2.4866102535212308E-004  0.38919116958457423        4.1107321754961838E-002
 0.2400  0.73163404476120475        7.9046821469010542E-002  0.16545280235142384        2.0122323704346867E-004  0.38518004211049867        4.1616079105019910E-002
 0.2600  0.77916129399905087        8.3490570203403600E-002  0.17105703418946758        1.6520980621237121E-004  0.38277606242882284        4.1016560360644778E-002
 0.2800  0.82321242080178769        8.4957954428436497E-002  0.17630611372307584        1.3720151309763823E-004  0.38169439730716259        3.9392269685584409E-002
 0.3000  0.86481679363681674        8.4290670763493739E-002  0.18123217189418020        1.1499755641831883E-004  0.38130206587303245        3.7164376788704677E-002
 0.3200  0.90501726317394937        8.2426215856169993E-002  0.18586290332160460        9.7160312757055089E-005  0.38109169285036770        3.4708813597165988E-002
 0.3400  0.94454794992199465        8.0031399370878512E-002  0.19022239076347577        8.2705044360971577E-005  0.38076872034376236        3.2262580028696967E-002
 0.3600  0.98385167224599002        7.7498541827020276E-002  0.19433172609505672        7.0918398719096301E-005  0.38019681484717049        2.9948394296964258E-002
 0.3800   1.0231746587766071        7.5032204787366441E-002  0.19820950066689241        6.1259519973982956E-005  0.37933180235875391        2.7817503519306151E-002
 0.4000   1.0626467813616227        7.2726379539098163E-002  0.20187220135602874        5.3306440957863737E-005  0.37817631161199317        2.5882019908123253E-002


