# triplet j1 / nf 4 / mode 2 / nplat  8 / jkb  20 / start     1 / nmeas  2000
 0.0010   3.7805614470625753E-003   1.7167608654806968E-003   1.2769778789981858E-003   1.4529939329328091E-004  0.42271765200457706       0.19345760005640192     
 0.0020   7.4291047599910655E-003   1.6628647684690777E-003   2.5541395032891412E-003   2.9089497690396228E-004  0.43024498834479746        9.9370004028118256E-002
 0.0030   1.1075208214136297E-002   2.0222024348224648E-003   3.8316668826695720E-003   4.3707832301503375E-004  0.43292991701259886        8.2814691374022642E-002
 0.0040   1.4730926147186128E-002   2.4889242855373091E-003   5.1097385611038786E-003   5.8413179750178542E-004  0.43402453587574980        7.7415059686617924E-002
 0.0050   1.8394600124954214E-002   2.9960614330949435E-003   6.3885278967726949E-003   7.3232403249839310E-004  0.43452027579782715        7.5027526929710958E-002
 0.0060   2.2064619165621580E-002   3.5219500668866232E-003   7.6682013578689623E-003   8.8190549205939680E-004  0.43475135203074039        7.3760788111013900E-002
 0.0070   2.5740362766843550E-002   4.0577826966190691E-003   8.9489168396991621E-003   1.0331041654801552E-003  0.43484511010103061        7.3001046143494577E-002
 0.0080   2.9421676550079306E-002   4.5992656220371787E-003   1.0230822008906688E-002   1.1861214255075689E-003  0.43485837552054174        7.2501430533318714E-002
 0.0090   3.3108624640593963E-002   5.1439937143053088E-003   1.1514052680941772E-002   1.3411280916144415E-003  0.43481970640571871        7.2146945835775217E-002
 0.0100   3.6801363405063903E-002   5.6904261913224763E-003   1.2798731237260746E-002   1.4982607413976216E-003  0.43474495299364674        7.1877645945661525E-002
 0.0200   7.4062802399344013E-002   1.1053762543047642E-002   2.5739583140632339E-002   3.1864774805903831E-003  0.43324205713170666        7.0001147409062020E-002
 0.0400  0.14872894192823261        1.8526294415884135E-002   5.1760649657938258E-002   6.1878682202034943E-003  0.43266260867063877        5.9778164732740030E-002
 0.0600  0.21644176063689996        1.8778944784330859E-002   7.5527103732150686E-002   6.2288873263702223E-003  0.43984633792895156        4.2252915176275170E-002
 0.0800  0.27438693997555386        1.5710436171203497E-002   9.4437652372422867E-002   4.3551305115881993E-003  0.44799085240780723        2.7652283820318556E-002
 0.1000  0.32674692767177271        1.2860261777094029E-002  0.10881308679631027        2.6828287549718654E-003  0.45148575302856248        1.8621047108776614E-002
 0.1200  0.37670086976256190        1.1023616856198985E-002  0.12023204597871362        1.6568179375991102E-003  0.45094036982676972        1.3556969367420539E-002
 0.1400  0.42543565255600935        1.0210569670967813E-002  0.12987467073535860        1.0797450082027577E-003  0.44823664971194166        1.0917966977553794E-002
 0.1600  0.47322460272038452        1.0222165893928426E-002  0.13837556033192050        7.5101179331767869E-004  0.44466952868014670        9.6808445705785316E-003
 0.1800  0.51993690263254888        1.0636723896719279E-002  0.14605789650891052        5.5369002383504388E-004  0.44102491870573524        9.0610075156084373E-003
 0.2000  0.56538056078420040        1.0984602273640299E-002  0.15309725067241706        4.2716212710754386E-004  0.43769624341683400        8.5257578783446281E-003
 0.2200  0.60973403814038951        1.1144140115192040E-002  0.15960037648870806        3.4064574653877420E-004  0.43461314144072677        7.9569758491955609E-003
 0.2400  0.65342121920063245        1.1263210943616294E-002  0.16564003370848474        2.7818670263671924E-004  0.43152905292646099        7.4472127240102545E-003
 0.2600  0.69673784043034814        1.1441738029912361E-002  0.17127048743831136        2.3113504947910499E-004  0.42832511543905488        7.0398345568210494E-003
 0.2800  0.73981769912067818        1.1692379291788025E-002  0.17653475848763789        1.9452871142149747E-004  0.42499557708054597        6.7208829461957234E-003
 0.3000  0.78272156611556165        1.1998475934860819E-002  0.18146828877099389        1.6535309589484550E-004  0.42156902867546781        6.4651590151228351E-003
 0.3200  0.82548744002545815        1.2342108821691273E-002  0.18610098419010720        1.4167630216815351E-004  0.41807466667125026        6.2527843878181950E-003
 0.3400  0.86814756992427411        1.2710288447754054E-002  0.19045847826998547        1.2219895228764046E-004  0.41453485939638751        6.0705374406504770E-003
 0.3600  0.91073282513331255        1.3094666451968814E-002  0.19456299035725672        1.0600853173956585E-004  0.41096550908223017        5.9099902853004581E-003
 0.3800  0.95327334804973207        1.3490178694544787E-002  0.19843395135645203        9.2439702176508670E-005  0.40737777827605887        5.7657579451036861E-003
 0.4000  0.99579836826870749        1.3893898953621779E-002  0.20208848215008851        8.0991839451161060E-005  0.40377959137915953        5.6343247620793454E-003


# triplet j3 / nf 4 / mode 2 / nplat  8 / jkb  20 / start     1 / nmeas  2000
 0.0010  0.28170406081597699        7.6101336864204866E-002   1.2769778789981858E-003   1.4529939329328091E-004   5.6730103695781737E-003   1.5661594672750617E-003
 0.0020  0.28166867801744760        7.6070043347852792E-002   2.5541395032891412E-003   2.9089497690396228E-004   1.1347854200091934E-002   3.1320943580740103E-003
 0.0030  0.28161018147434397        7.6017960634444021E-002   3.8316668826695720E-003   4.3707832301503375E-004   1.7026333877349916E-002   4.6975653181775207E-003
 0.0040  0.28152927425230889        7.5945193784998616E-002   5.1097385611038786E-003   5.8413179750178542E-004   2.2710190267184873E-002   6.2623034650371289E-003
 0.0050  0.28142693078046854        7.5851890985966508E-002   6.3885278967726949E-003   7.3232403249839310E-004   2.8401072695209754E-002   7.8259962664572382E-003
 0.0060  0.28130438049761225        7.5738234307499666E-002   7.6682013578689623E-003   8.8190549205939680E-004   3.4100510618883847E-002   9.3882733992940292E-003
 0.0070  0.28116309647083865        7.5604440582202517E-002   8.9489168396991621E-003   1.0331041654801552E-003   3.9809886225767407E-002   1.0948693622366014E-002
 0.0080  0.28100477245882322        7.5450755310114290E-002   1.0230822008906688E-002   1.1861214255075689E-003   4.5530409884882293E-002   1.2506732450033262E-002
 0.0090  0.28083130982375837        7.5277451204361398E-002   1.1514052680941772E-002   1.3411280916144415E-003   5.1263096179535332E-002   1.4061770550884051E-002
 0.0100  0.28064478843936103        7.5084821410809383E-002   1.2798731237260746E-002   1.4982607413976216E-003   5.7008744372581029E-002   1.5613083659209706E-002
 0.0200  0.27860269242168945        7.2171353608491376E-002   2.5739583140632339E-002   3.1864774805903831E-003  0.11517161083233268        3.0674820747693180E-002
 0.0400  0.28100923681927548        6.2569055658858688E-002   5.1760649657938258E-002   6.1878682202034943E-003  0.22899408121903803        5.2792776447835837E-002
 0.0600  0.30063746771247396        5.3547484705501962E-002   7.5527103732150686E-002   6.2288873263702223E-003  0.31666417534518465        5.7893892329234475E-002
 0.0800  0.33607509477577263        4.9599061683760159E-002   9.4437652372422867E-002   4.3551305115881993E-003  0.36576003708704335        5.4634931983350551E-002
 0.1000  0.38049196929376755        4.9409746707235830E-002  0.10881308679631027        2.6828287549718654E-003  0.38771273665374556        5.0573778602986223E-002
 0.1200  0.42788238986633781        5.0493241753410141E-002  0.12023204597871362        1.6568179375991102E-003  0.39700074961687359        4.6928770005752692E-002
 0.1400  0.47507468767000838        5.1402602443156913E-002  0.12987467073535860        1.0797450082027577E-003  0.40140183537241730        4.3463314583425103E-002
 0.1600  0.52186803838611673        5.2166137539995938E-002  0.13837556033192050        7.5101179331767869E-004  0.40322178323523306        4.0321060295315687E-002
 0.1800  0.57035805584121446        5.4316343839841283E-002  0.14605789650891052        5.5369002383504388E-004  0.40203715519969674        3.8294389086054606E-002
 0.2000  0.62438602007763488        6.1295845867999785E-002  0.15309725067241706        4.2716212710754386E-004  0.39633326115369816        3.8911882356746891E-002
 0.2200  0.68504577787897292        7.5608411731194466E-002  0.15960037648870806        3.4064574653877420E-004  0.38683316402594026        4.2696720828546642E-002
 0.2400  0.74105398517947263        8.7404882913180465E-002  0.16564003370848474        2.7818670263671924E-004  0.38049891846329287        4.4879734754440161E-002
 0.2600  0.78764024656292941        9.0911948197303291E-002  0.17127048743831136        2.3113504947910499E-004  0.37889165419792098        4.3733629905897471E-002
 0.2800  0.82866783541724898        8.9344979644218225E-002  0.17653475848763789        1.9452871142149747E-004  0.37942736104132563        4.0909482693074560E-002
 0.3000  0.86760338557879002        8.5971514885639519E-002  0.18146828877099389        1.6535309589484550E-004  0.38032489941305386        3.7687097462519865E-002
 0.3200  0.90603400581173077        8.2290514651729027E-002  0.18610098419010720        1.4167630216815351E-004  0.38090776297160339        3.4596241335424167E-002
 0.3400  0.94455190241542608        7.8833758204186158E-002  0.19045847826998547        1.2219895228764046E-004  0.38100334128128804        3.1799361243220817E-002
 0.3600  0.98335275225526220        7.5748605612037931E-002  0.19456299035725672        1.0600853173956585E-004  0.38061598776270333        2.9319397929881350E-002
 0.3800   1.0224880366840956        7.3045857920471330E-002  0.19843395135645203        9.2439702176508670E-005  0.37980139100469590        2.7132900248237595E-002
 0.4000   1.0619603915740348        7.0692878033017617E-002  0.20208848215008851        8.0991839451161060E-005  0.37862340387253629        2.5204423435894064E-002


