# triplet j1 / nf 4 / mode 2 / nplat  8 / jkb  20 / start  2001 / nmeas  2000
 0.0010   4.4303906041066148E-003   1.4581528063911679E-003   1.4608218525730850E-003   1.0082612454805161E-004  0.38580833767895434       0.12767533148676094     
 0.0020   8.3729455412866957E-003   1.6371183265693223E-003   2.9227645455230039E-003   2.0207928203774342E-004  0.40836512388872093        8.1083891767354518E-002
 0.0030   1.2398408175514377E-002   2.1645675048435303E-003   4.3869346304380528E-003   3.0418138758494563E-004  0.41379980035039798        7.3653599009904522E-002
 0.0040   1.6460068867800604E-002   2.7749141815616844E-003   5.8544101474407523E-003   4.0754381120168212E-004  0.41577169309185463        7.1571042914823274E-002
 0.0050   2.0543130186649515E-002   3.4110798494014277E-003   7.3262265387040656E-003   5.1256137102577209E-004  0.41665207921638364        7.0701528064989541E-002
 0.0060   2.4643720851024870E-002   4.0570776886615454E-003   8.8033627759523513E-003   6.1960555179924504E-004  0.41706970208246064        7.0213075470243372E-002
 0.0070   2.8760955871432393E-002   4.7068435039628580E-003   1.0286727790796316E-002   7.2901685592189334E-004  0.41725286358283731        6.9867414475259987E-002
 0.0080   3.2894994662648183E-002   5.3573198820512195E-003   1.1777147310523749E-002   8.4109631434462167E-004  0.41730176800912733        6.9576740999679865E-002
 0.0090   3.7046365483714802E-002   6.0065096044545048E-003   1.3275351217646034E-002   9.5609630989165891E-004  0.41726663107742640        6.9302031159687846E-002
 0.0100   4.1215634716693983E-002   6.6527847213528864E-003   1.4781961568096511E-002   1.0742109840813248E-003  0.41717573513179612        6.9023057741781010E-002
 0.0200   8.3864973071597501E-002   1.2577650760248169E-002   3.0351363270398113E-002   2.4112632925504533E-003  0.41546886654130577        6.4458467213121678E-002
 0.0400  0.16766807377827814        1.6288084526649010E-002   6.1517732961271249E-002   4.0996733713317274E-003  0.41840299027286626        4.2970230293526243E-002
 0.0600  0.23499943227036921        1.1624404182126841E-002   8.5022252939066026E-002   2.8956926929817935E-003  0.42982345854362053        2.2486136216435835E-002
 0.0800  0.28923909763145339        8.3905344381980350E-003  0.10089528769260753        1.5909834312724934E-003  0.43927696980347164        1.3205254804352060E-002
 0.1000  0.33783850037505037        7.3946837849922257E-003  0.11289925024243221        9.6050728916007271E-004  0.44478628377259988        9.9177293036129491E-003
 0.1200  0.38497399708942481        7.5092318573858037E-003  0.12295663352317668        6.6587971618986802E-004  0.44622120695592010        8.7873740346194312E-003
 0.1400  0.43174302825161859        8.0283331341033069E-003  0.13183807861230015        4.9413883294297596E-004  0.44501445177276294        8.3170355670480946E-003
 0.1600  0.47803300318267228        8.6469356713348537E-003  0.13988149394330826        3.7880029370304891E-004  0.44258555863885879        8.0281392368087064E-003
 0.1800  0.52372256322290600        9.2735562670651639E-003  0.14726008876057367        2.9729633215034912E-004  0.43963523751153366        7.7972608947669058E-003
 0.2000  0.56879900408022943        9.8771882631909207E-003  0.15407880659525766        2.3780124696131774E-004  0.43645816392250419        7.5865711541023301E-003
 0.2200  0.61331659610385569        1.0453023164317274E-002  0.16041093394031206        1.9291688692374016E-004  0.43317023351995632        7.3873034207262503E-003
 0.2400  0.65735694538531697        1.1009197655470239E-002  0.16631270669853254        1.5807851475856943E-004  0.42981550561058790        7.2013061954277055E-003
 0.2600  0.70100434935421096        1.1556594285464071E-002  0.17182960474865366        1.3051379875701790E-004  0.42641252707326105        7.0316025644367374E-003
 0.2800  0.74433446460981922        1.2103057083041574E-002  0.17699944573044590        1.0847669676129492E-004  0.42297221375876148        6.8788509326185845E-003
 0.3000  0.78741134975355365        1.2651726113784406E-002  0.18185418292865144        9.0778930897243259E-005  0.41950351319577778        6.7411828310206898E-003
 0.3200  0.83028824626378073        1.3201555270081535E-002  0.18642111592634303        7.6542847579144483E-005  0.41601467303318246        6.6151706941953809E-003
 0.3400  0.87300943363850414        1.3748499751630143E-002  0.19072378501404763        6.5081683954700936E-005  0.41251329315505547        6.4968046419310319E-003
 0.3600  0.91561218598801886        1.4286745020884230E-002  0.19478266283139029        5.5842284421032135E-005  0.40900614542114128        6.3821923456915319E-003
 0.3800  0.95812858953093305        1.4809815847565600E-002  0.19861569967886558        4.8375283701613359E-005  0.40549899685810697        6.2680019367294462E-003
 0.4000   1.0005872026325016        1.5311555187785097E-002  0.20223875691737067        4.2316511929369575E-005  0.40199647331066446        6.1517227282297223E-003


# triplet j3 / nf 4 / mode 2 / nplat  8 / jkb  20 / start  2001 / nmeas  2000
 0.0010  0.20068591640055680        5.5896942429634326E-002   1.4608218525730850E-003   1.0082612454805161E-004   8.5171977431002677E-003   2.3904302891355361E-003
 0.0020  0.20066881437865022        5.5869904412401382E-002   2.9227645455230039E-003   2.0207928203774342E-004   1.7039114691878285E-002   4.7804335378635356E-003
 0.0030  0.20064149885436322        5.5824970241465384E-002   4.3869346304380528E-003   3.0418138758494563E-004   2.5570277619459791E-002   7.1694982626532783E-003
 0.0040  0.20060570171273040        5.5762335417097013E-002   5.8544101474407523E-003   4.0754381120168212E-004   3.4114836433583227E-002   9.5569492139383240E-003
 0.0050  0.20056383363215302        5.5682256442801815E-002   7.3262265387040656E-003   5.1256137102577209E-004   4.2676377644330195E-002   1.1941863859809101E-002
 0.0060  0.20051889990905616        5.5585051238516543E-002   8.8033627759523513E-003   6.1960555179924504E-004   5.1257758337003856E-002   1.4323001470152674E-002
 0.0070  0.20047446347689027        5.5471085403183643E-002   1.0286727790796316E-002   7.2901685592189334E-004   5.9860946818885763E-002   1.6698733233501038E-002
 0.0080  0.20043456476012045        5.5340766442653518E-002   1.1777147310523749E-002   8.4109631434462167E-004   6.8486887218292408E-002   1.9066986555247190E-002
 0.0090  0.20040363051445806        5.5194539282867175E-002   1.3275351217646034E-002   9.5609630989165891E-004   7.7135389610306984E-002   2.1425204405119899E-002
 0.0100  0.20038641367665083        5.5032872892186412E-002   1.4781961568096511E-002   1.0742109840813248E-003   8.5805032369137432E-002   2.3770308577084238E-002
 0.0200  0.20203918328742182        5.2695423363827952E-002   3.0351363270398113E-002   2.4112632925504533E-003  0.17245805856879520        4.5498809729586719E-002
 0.0400  0.22358596896546631        4.6767864259353670E-002   6.1517732961271249E-002   4.0996733713317274E-003  0.31376219074354572        6.6457696201821001E-002
 0.0600  0.26774075309415413        4.3109646648631414E-002   8.5022252939066026E-002   2.8956926929817935E-003  0.37726146493177554        6.1082649998750856E-002
 0.0800  0.32376137405594163        4.2836127833054322E-002  0.10089528769260753        1.5909834312724934E-003  0.39243740772573366        5.2014605479197423E-002
 0.1000  0.38117476969579905        4.6088379289411709E-002  0.11289925024243221        9.6050728916007271E-004  0.39421793634727770        4.7694936243017731E-002
 0.1200  0.43421704708587111        4.9420309198430698E-002  0.12295663352317668        6.6587971618986802E-004  0.39561680680380096        4.5039773356779791E-002
 0.1400  0.48364722422964945        5.1570461411688785E-002  0.13183807861230015        4.9413883294297596E-004  0.39725625910524581        4.2365284929027108E-002
 0.1600  0.53208963160168732        5.3724692838150914E-002  0.13988149394330826        3.7880029370304891E-004  0.39762192532214613        4.0151198635747655E-002
 0.1800  0.58183596901220647        5.7547822450951872E-002  0.14726008876057367        2.9729633215034912E-004  0.39572475016205311        3.9142103347275879E-002
 0.2000  0.63325959014798761        6.3611990584405920E-002  0.15407880659525766        2.3780124696131774E-004  0.39203033451698738        3.9381268263067724E-002
 0.2200  0.68447025206933476        7.0425279586948789E-002  0.16041093394031206        1.9291688692374016E-004  0.38814030610209821        3.9936514862687844E-002
 0.2400  0.73332597483583817        7.5811215284776648E-002  0.16631270669853254        1.5807851475856943E-004  0.38528869499088902        3.9831553556183050E-002
 0.2600  0.77907897753622268        7.8753382654406193E-002  0.17182960474865366        1.3051379875701790E-004  0.38368001796528811        3.8784659055826405E-002
 0.2800  0.82218870269440414        7.9483669097961424E-002  0.17699944573044590        1.0847669676129492E-004  0.38292036273572666        3.7018348955971364E-002
 0.3000  0.86350617075533886        7.8710794713763022E-002  0.18185418292865144        9.0778930897243259E-005  0.38253557269069788        3.4869225986321944E-002
 0.3200  0.90378327845393736        7.7096858253895104E-002  0.18642111592634303        7.6542847579144483E-005  0.38218464705786837        3.2602197442547949E-002
 0.3400  0.94354420978574216        7.5102287972249160E-002  0.19072378501404763        6.5081683954700936E-005  0.38167580563864223        3.0379914183142287E-002
 0.3600  0.98311559376412350        7.3003423180051721E-002  0.19478266283139029        5.5842284421032135E-005  0.38092266389320989        2.8286307755044083E-002
 0.3800   1.0226894068165124        7.0950115216922613E-002  0.19861569967886558        4.8375283701613359E-005  0.37990046569982056        2.6356020860312180E-002
 0.4000   1.0623750956804681        6.9015434023688205E-002  0.20223875691737067        4.2316511929369575E-005  0.37861629883220532        2.4596211059304880E-002


