# triplet j1 / nf 2 / mode 2 / nplat  8 / jkb  20 / start  4001 / nmeas  2000
 0.0010   6.3531153036861156E-003   2.1941759755853070E-003   2.1902352242683513E-003   3.1840318923812390E-004  0.32943795997475295       0.11627055020467539     
 0.0020   1.2328096780117665E-002   3.2242012818358692E-003   4.3782369111466466E-003   6.3521897030734001E-004  0.33945607831421293        9.2130808736990713E-002
 0.0030   1.8346515903587341E-002   4.5929808311202325E-003   6.5617853194213718E-003   9.4887921729753524E-004  0.34200545433293400        8.9119176174743658E-002
 0.0040   2.4363203185666035E-002   5.9914487219550868E-003   8.7386881052019267E-003   1.2578539324956969E-003  0.34318928970414447        8.7937788267710149E-002
 0.0050   3.0359487678994088E-002   7.3663119541219303E-003   1.0906793537842631E-002   1.5606692356237664E-003  0.34399656631575609        8.7018987324646441E-002
 0.0060   3.6323705893012773E-002   8.6975363788894464E-003   1.3064003149926375E-002   1.8559241070084122E-003  0.34469787862542173        8.6091383590594137E-002
 0.0070   4.2246988112629426E-002   9.9731262425044528E-003   1.5208283654371922E-002   2.1423055397649005E-003  0.34538889295176561        8.5086604560708032E-002
 0.0080   4.8121859730841911E-002   1.1184337970075434E-002   1.7337677979278564E-002   2.4186018116260817E-003  0.34610912916752695        8.3986005958041537E-002
 0.0090   5.3941744703152043E-002   1.2324426324061642E-002   1.9450315291815748E-002   2.6837136508347337E-003  0.34687626649109310        8.2787259633453097E-002
 0.0100   5.9700754764219731E-002   1.3388229328252203E-002   2.1544419905558665E-002   2.9366631395335904E-003  0.34769830905948862        8.1494657034162865E-002
 0.0200  0.11305494415536700        1.9569365921471651E-002   4.1155187412161814E-002   4.6752068621684160E-003  0.35888286867464830        6.5380201718472600E-002
 0.0400  0.19494890675466012        1.7041633393314836E-002   7.1467591757677876E-002   4.4957533890808820E-003  0.38786336717077968        3.6033395800815667E-002
 0.0600  0.25590772003301582        1.1897417694233622E-002   9.1882996322537352E-002   2.8541262505246507E-003  0.41032200675383601        2.0112639292052172E-002
 0.0800  0.30870346665938841        8.8363864111851275E-003  0.10653690521067584        1.6594919061924125E-003  0.42293003004129121        1.2546149934087368E-002
 0.1000  0.35811787365066355        7.3714546654618128E-003  0.11802285549097458        9.9657020641258798E-004  0.42901458765025596        9.0146244879542627E-003
 0.1200  0.40556913900896069        6.7791181401809413E-003  0.12764464027750311        6.5028539549827954E-004  0.43156082230635334        7.2968522116797167E-003
 0.1400  0.45157947177273233        6.6045142063768485E-003  0.13606248338481630        4.6500349948216442E-004  0.43222911844655076        6.3645092277985144E-003
 0.1600  0.49648794730835805        6.6383464044289771E-003  0.14363059542719178        3.5753714672429992E-004  0.43180708067869633        5.7984846429192435E-003
 0.1800  0.54057273320383470        6.8040023795182146E-003  0.15055215067240141        2.8835339489684036E-004  0.43066600973602309        5.4363115186220647E-003
 0.2000  0.58404384437183898        7.0664504276141760E-003  0.15695191147140156        2.3954228023853234E-004  0.42901042853910998        5.2009874102688222E-003
 0.2200  0.62704869978197231        7.3997210543153800E-003  0.16291180848989972        2.0281811729531811E-004  0.42697392030999509        5.0456692467501620E-003
 0.2400  0.66969279457914821        7.7827791264366095E-003  0.16848916402140152        1.7403521101113368E-004  0.42464985504536051        4.9399037538720167E-003
 0.2600  0.71205698841297382        8.1998747054473509E-003  0.17372642528708135        1.5088447459213962E-004  0.42210438166799408        4.8643061053162259E-003
 0.2800  0.75420720152112619        8.6399402658977002E-003  0.17865657953348504        1.3193704411932846E-004  0.41938495451755670        4.8068259755480640E-003
 0.3000  0.79619919751338608        9.0954423803322193E-003  0.18330629207546181        1.1623103981818466E-004  0.41652644141216794        4.7600537659262402E-003
 0.3200  0.83808108269868864        9.5613170611218556E-003  0.18769780099518854        1.0307929621505117E-004  0.41355525287104572        4.7194455514906900E-003
 0.3400  0.87989486709835962        1.0034182561834422E-002  0.19185010891653867        9.1971139371108815E-005  0.41049199953595245        4.6822200861280959E-003
 0.3600  0.92167760646894259        1.0511802693738007E-002  0.19577976321153026        8.2517049714563720E-005  0.40735318085026306        4.6466868298308669E-003
 0.3800  0.96346230020321333        1.0992730638622125E-002  0.19950138661701303        7.4414574051807740E-005  0.40415227686815403        4.6118365052371961E-003
 0.4000   1.0052786326147911        1.1476077467613248E-002  0.20302805114774208        6.7425779403380878E-005  0.40090046943888580        4.5770907429339520E-003


# triplet j3 / nf 2 / mode 2 / nplat  8 / jkb  20 / start  4001 / nmeas  2000
 0.0010  0.18819458676697604        3.3372820711345716E-002   2.1902352242683513E-003   3.1840318923812390E-004   1.1121240951113288E-002   2.1313893605558886E-003
 0.0020  0.18830175583494618        3.3370421367205125E-002   4.3782369111466466E-003   6.3521897030734001E-004   2.2224154881088844E-002   4.2557139122947575E-003
 0.0030  0.18848017581373572        3.3366461630592467E-002   6.5617853194213718E-003   9.4887921729753524E-004   3.3290548886338200E-002   6.3659905493871558E-003
 0.0040  0.18872955282943210        3.3361001009571969E-002   8.7386881052019267E-003   1.2578539324956969E-003   4.4302496725370087E-002   8.4553981882206815E-003
 0.0050  0.18904947995818161        3.3354120259657005E-002   1.0906793537842631E-002   1.5606692356237664E-003   5.5242466252695438E-002   1.0517353558128479E-002
 0.0060  0.18943943915872583        3.3345919826654191E-002   1.3064003149926375E-002   1.8559241070084122E-003   6.6093440841769477E-002   1.2545581566658876E-002
 0.0070  0.18989880289730279        3.3336520414932375E-002   1.5208283654371922E-002   2.1423055397649005E-003   7.6839033380629751E-002   1.4534179810457687E-002
 0.0080  0.19042684579597172        3.3326056157161936E-002   1.7337677979278564E-002   2.4186018116260817E-003   8.7463586847458599E-002   1.6477671245110750E-002
 0.0090  0.19102273457606961        3.3314678115122974E-002   1.9450315291815748E-002   2.6837136508347337E-003   9.7952272812814781E-002   1.8371054421123485E-002
 0.0100  0.19168555086657194        3.3302545830708671E-002   2.1544419905558665E-002   2.9366631395335904E-003  0.10829116429095634        2.0209834714902761E-002
 0.0200  0.20173850484480640        3.3177190652821861E-002   4.1155187412161814E-002   4.6752068621684160E-003  0.20111918003726001        3.4992495161827113E-002
 0.0400  0.23613051977006352        3.3198880235818025E-002   7.1467591757677876E-002   4.4957533890808820E-003  0.32021925617135355        4.6134229223650597E-002
 0.0600  0.28125951853664721        3.3364226557861525E-002   9.1882996322537352E-002   2.8541262505246507E-003  0.37333694437816561        4.4664826703197172E-002
 0.0800  0.33140497726225115        3.3487016519520740E-002  0.10653690521067584        1.6594919061924125E-003  0.39395897885018694        3.9925896340584056E-002
 0.1000  0.38410014686017541        3.4406193636619127E-002  0.11802285549097458        9.9657020641258798E-004  0.39999409828488014        3.5869687188506937E-002
 0.1200  0.43804599599602978        3.7301370661768529E-002  0.12764464027750311        6.5028539549827954E-004  0.39956477797453294        3.4039760264907286E-002
 0.1400  0.49270217110481435        4.2833427395346402E-002  0.13606248338481630        4.6500349948216442E-004  0.39615371808736066        3.4446568532896946E-002
 0.1600  0.54852027916973767        5.1505985547416790E-002  0.14363059542719178        3.5753714672429992E-004  0.39084609860529729        3.6703623620218291E-002
 0.1800  0.60466539118396723        6.2420722369652161E-002  0.15055215067240141        2.8835339489684036E-004  0.38501674707253225        3.9747698340494721E-002
 0.2000  0.65759760127267153        7.1702159600034329E-002  0.15695191147140156        2.3954228023853234E-004  0.38102465622543735        4.1546623250934327E-002
 0.2200  0.70515243567382613        7.6567851501476644E-002  0.16291180848989972        2.0281811729531811E-004  0.37968165183369817        4.1227803469570931E-002
 0.2400  0.74827839711942534        7.7551633436625564E-002  0.16848916402140152        1.7403521101113368E-004  0.38005232977154862        3.9389143164093400E-002
 0.2600  0.78886022257114308        7.6345276860469338E-002  0.17372642528708135        1.5088447459213962E-004  0.38100840453940649        3.6874067331388274E-002
 0.2800  0.82828010183252609        7.4228245283277136E-002  0.17865657953348504        1.3193704411932846E-004  0.38187945383083227        3.4223304792336547E-002
 0.3000  0.86729757212965264        7.1887411137188217E-002  0.18330629207546181        1.1623103981818466E-004  0.38238089100276856        3.1694512114251477E-002
 0.3200  0.90628229879360123        6.9633558909150003E-002  0.18769780099518854        1.0307929621505117E-004  0.38243363524065671        2.9384205298989736E-002
 0.3400  0.94540319903187120        6.7586205438247185E-002  0.19185010891653867        9.1971139371108815E-005  0.38204842520788890        2.7312524982244988E-002
 0.3600  0.98473372587955399        6.5776898407653314E-002  0.19577976321153026        8.2517049714563720E-005  0.38126885963841062        2.5467603271149789E-002
 0.3800   1.0243039227468596        6.4199757623140868E-002  0.19950138661701303        7.4414574051807740E-005  0.38014643276923976        2.3826343284491812E-002
 0.4000   1.0641249956226158        6.2834791311049548E-002  0.20302805114774208        6.7425779403380878E-005  0.37873057901092466        2.2363492153378624E-002


