# triplet j1 / nf 0 / mode 2 / nplat  8 / jkb  20 / start  8001 / nmeas  2000
 0.0010  0.18186748461856717        1.8218935324814570E-002   3.3880293045730943        5.5125361471802407E-002  0.45261976696844552        4.5491350329295424E-002
 0.0020  0.18255733736619922        1.7234377462324816E-002   1.6984099334215663        2.7574253002956253E-002  0.45149397937329339        4.2780702895948056E-002
 0.0030  0.18389675798255439        1.6047847856732637E-002   1.1369053854664710        1.8385199419043138E-002  0.44912136389781399        3.9360689887136910E-002
 0.0040  0.18575687723896958        1.4890179716596143E-002  0.85726928282303561        1.3780450547991263E-002  0.44581915387128923        3.5915835591292120E-002
 0.0050  0.18789845253412227        1.3845886028469777E-002  0.69028549312105703        1.1006789037013409E-002  0.44217193062487214        3.2772976206552201E-002
 0.0060  0.19013262090334740        1.2931616088743471E-002  0.57957349884124920        9.1483497959178196E-003  0.43861981533282618        3.0032318309922902E-002
 0.0070  0.19235482260573941        1.2139035307700566E-002  0.50098400065542559        7.8136263163384751E-003  0.43538440292297670        2.7685011717340998E-002
 0.0080  0.19452253603380629        1.1451877339890913E-002  0.44244942275022164        6.8072468177324385E-003  0.43253562666907130        2.5680589213392804E-002
 0.0090  0.19662791655532294        1.0852763509119073E-002  0.39726923843128531        6.0207244775667733E-003  0.43006444958530893        2.3959818062617582E-002
 0.0100  0.19867910321126436        1.0325921395062854E-002  0.36142516226079130        5.3888862335577806E-003  0.42792927617046572        2.2468349359206500E-002
 0.0200  0.21864652884946165        7.0756605132579406E-003  0.20737864638236994        2.5194705037340031E-003  0.41655219405674115        1.3715556271309234E-002
 0.0400  0.26230648284273722        4.1156526784709721E-003  0.14538853391350898        1.0788928456297272E-003  0.41115071313898954        6.6289769315827423E-003
 0.0600  0.30748262022793688        2.8687321009856943E-003  0.13410464520060336        6.1012878949144546E-004  0.41256459978981480        3.9618839025447258E-003
 0.0800  0.35206656052439239        2.3927031128127729E-003  0.13368085977540725        3.9579212628777137E-004  0.41540319151623156        2.8893481320615374E-003
 0.1000  0.39572350881026069        2.3195060058830547E-003  0.13683421566433715        2.8351220755435812E-004  0.41804256151569752        2.4883052668562083E-003
 0.1200  0.43853594968154186        2.4793399770383032E-003  0.14137892294759755        2.1817297218299810E-004  0.42004203524197176        2.3967952437334498E-003
 0.1400  0.48067834361117329        2.7792002576666657E-003  0.14647753138479205        1.7607315594799118E-004  0.42131795329285288        2.4491145398694162E-003
 0.1600  0.52232556376613737        3.1638564680749369E-003  0.15175724862005308        1.4643852709841904E-004  0.42189893543267992        2.5636413648609338E-003
 0.1800  0.56362300878625882        3.6000449883824932E-003  0.15703502711291914        1.2416328660176819E-004  0.42185267106888308        2.6996675482214468E-003
 0.2000  0.60468122990638162        4.0684977316246740E-003  0.16221538407919936        1.0667012641364857E-004  0.42125932497021984        2.8377559171766696E-003
 0.2200  0.64558153755005931        4.5587258555614581E-003  0.16724715662292566        9.2541526410971990E-005  0.42019860657027930        2.9694775738190824E-003
 0.2400  0.68638427247287448        5.0651843079877051E-003  0.17210324311529174        8.0920460049183228E-005  0.41874325258874284        3.0916905738684873E-003
 0.2600  0.72713562004177346        5.5847666525474784E-003  0.17677030435639643        7.1241595288058177E-005  0.41695665196665382        3.2035384479065202E-003
 0.2800  0.76787218051869321        6.1154134665686840E-003  0.18124316969533769        6.3105229191383374E-005  0.41489280574632753        3.3050385580768514E-003
 0.3000  0.80862383267999183        6.6554298184559350E-003  0.18552163229135030        5.6214327259668042E-005  0.41259728545717433        3.3964834402969431E-003
 0.3200  0.84941563503710937        7.2032014941648273E-003  0.18960853339935443        5.0340603786288649E-005  0.41010841041333723        3.4782211645211329E-003
 0.3400  0.89026908989394471        7.7570945049410854E-003  0.19350857831008933        4.5304660744048924E-005  0.40745839722231375        3.5505877546155745E-003
 0.3600  0.93120312079517220        8.3154672067685068E-003  0.19722758547954150        4.0963439154725321E-005  0.40467432820702814        3.6139093308525075E-003
 0.3800  0.97223474397099241        8.8767035672134703E-003  0.20077200125654845        3.7201658408396514E-005  0.40177899961077279        3.6685139166251035E-003
 0.4000   1.0133796141399993        9.4392708470410602E-003  0.20414858221581103        3.3925729511316289E-005  0.39879161119193984        3.7147498775427514E-003


# triplet j3 / nf 0 / mode 2 / nplat  8 / jkb  20 / start  8001 / nmeas  2000
 0.0010  0.25396567567652389        1.3814349429924161E-002   3.3880293045730943        5.5125361471802407E-002  0.32412576340450100        1.7826771816921390E-002
 0.0020  0.25362287613085399        1.3624520267619279E-002   1.6984099334215663        2.7574253002956253E-002  0.32498463848636655        1.7656246089145452E-002
 0.0030  0.25307937960560489        1.3354751319625057E-002   1.1369053854664710        1.8385199419043138E-002  0.32634805289242103        1.7422056894896423E-002
 0.0040  0.25239275721005400        1.3035696189601433E-002  0.85726928282303561        1.3780450547991263E-002  0.32811549250412281        1.7150628389239184E-002
 0.0050  0.25162603367506975        1.2686140212230964E-002  0.69028549312105703        1.1006789037013409E-002  0.33018611113079893        1.6853731970020797E-002
 0.0060  0.25083644610282185        1.2317931702012746E-002  0.57957349884124920        9.1483497959178196E-003  0.33247136277471878        1.6536323718935698E-002
 0.0070  0.25007270465169890        1.1938840569197447E-002  0.50098400065542559        7.8136263163384751E-003  0.33489576443858404        1.6200310090584352E-002
 0.0080  0.24937256315618958        1.1553664533608664E-002  0.44244942275022164        6.8072468177324385E-003  0.33739849308097808        1.5845998844313980E-002
 0.0090  0.24876218816093215        1.1165093717706505E-002  0.39726923843128531        6.0207244775667733E-003  0.33993380317013744        1.5473032255528079E-002
 0.0100  0.24825781269548108        1.0774610909785300E-002  0.36142516226079130        5.3888862335577806E-003  0.34246899988473634        1.5081143972061671E-002
 0.0200  0.24956909236310704        7.0164542626635559E-003  0.20737864638236994        2.5194705037340031E-003  0.36493978662478604        1.0496780074823138E-002
 0.0400  0.27789206505285918        5.6770256546610238E-003  0.14538853391350898        1.0788928456297272E-003  0.38809131689764997        8.0579789747877283E-003
 0.0600  0.32211455314845633        1.1441229073273917E-002  0.13410464520060336        6.1012878949144546E-004  0.39382400738099133        1.4016945557512202E-002
 0.0800  0.37124445518620974        1.7946486767779171E-002  0.13368085977540725        3.9579212628777137E-004  0.39394412717792343        1.9052748588249933E-002
 0.1000  0.42122566641946324        2.4492960713747874E-002  0.13683421566433715        2.8351220755435812E-004  0.39273311781121140        2.2839831848848902E-002
 0.1200  0.47040293513216702        3.0609115907131779E-002  0.14137892294759755        2.1817297218299810E-004  0.39158669955843478        2.5482335300090381E-002
 0.1400  0.51819824618514265        3.5959647541938172E-002  0.14647753138479205        1.7607315594799118E-004  0.39081262318688381        2.7120916340357095E-002
 0.1600  0.56456443726482519        4.0451420544293591E-002  0.15175724862005308        1.4643852709841904E-004  0.39033383039470038        2.7968314781273009E-002
 0.1800  0.60963859629958894        4.4116224009696649E-002  0.15703502711291914        1.2416328660176819E-004  0.39001118560334846        2.8223405953396626E-002
 0.2000  0.65358707394517357        4.7018179759956279E-002  0.16221538407919936        1.0667012641364857E-004  0.38973782819011593        2.8037510818744046E-002
 0.2200  0.69657319726479072        4.9232990245295850E-002  0.16724715662292566        9.2541526410971990E-005  0.38943855946687200        2.7525279124538050E-002
 0.2400  0.73875882087773970        5.0849252417303106E-002  0.17210324311529174        8.0920460049183228E-005  0.38905631264011065        2.6779156444822858E-002
 0.2600  0.78030258884631165        5.1964595413302547E-002  0.17677030435639643        7.1241595288058177E-005  0.38854674839228281        2.5875560711139008E-002
 0.2800  0.82135310061498601        5.2676650303409532E-002  0.18124316969533769        6.3105229191383374E-005  0.38787781185876297        2.4876242770447306E-002
 0.3000  0.86204276631313070        5.3074921728900215E-002  0.18552163229135030        5.6214327259668042E-005  0.38702952029476240        2.3829007666455449E-002
 0.3200  0.90248474689589897        5.3236066140713245E-002  0.18960853339935443        5.0340603786288649E-005  0.38599266864450016        2.2769119746353893E-002
 0.3400  0.94277314159289960        5.3222719970592920E-002  0.19350857831008933        4.5304660744048924E-005  0.38476660021504233        2.1721417528629227E-002
 0.3600  0.98298489640757492        5.3084344487014858E-002  0.19722758547954150        4.0963439154725321E-005  0.38335685391429225        2.0702540797770702E-002
 0.3800   1.0231825060867872        5.2859093238596853E-002  0.20077200125654845        3.7201658408396514E-005  0.38177304683742136        1.9722981392947127E-002
 0.4000   1.0634165878339281        5.2575755461901234E-002  0.20414858221581103        3.3925729511316289E-005  0.38002725714023611        1.8788731138752859E-002


