# triplet j1 / nf 4 / mode 2 / nplat  5 / jkb  20 / start     1 / nmeas100000
 0.0010   3.8423873415895184E-003   2.7889710345094704E-004   1.3193184548286436E-003   1.4597830803228252E-005  0.42275492299542355        3.0774384863940778E-002
 0.0020   7.6644816875272460E-003   5.6790419952363182E-004   2.6392710016107253E-003   2.9230888996294087E-005  0.42392516491637655        3.1498582822325552E-002
 0.0030   1.1236325506892596E-002   8.0618027314042183E-004   3.9604860555593159E-003   4.3934250651699195E-005  0.43383597040953914        3.1219596910264023E-002
 0.0040   1.5006742578988890E-002   1.0560523806825079E-003   5.2835806928389611E-003   5.8742673738266289E-005  0.43323419989975476        3.0582471084817469E-002
 0.0050   1.8782099912502466E-002   1.3103081053137755E-003   6.6091550180187499E-003   7.3690401378493506E-005  0.43284142955292876        3.0292864448378767E-002
 0.0060   2.2564490177828980E-002   1.5659945678220500E-003   7.9377865783716792E-003   8.8810922521121531E-005  0.43252857705723052        3.0115208659519992E-002
 0.0070   2.6355827863816364E-002   1.8220324717106125E-003   9.2700248446746999E-003   1.0413668015480376E-004  0.43224283648233081        2.9980301030942062E-002
 0.0080   3.0157733076561260E-002   2.0778876706774017E-003   1.0606385781453448E-002   1.1969872061448512E-004  0.43196146764585275        2.9862073213209873E-002
 0.0090   3.3971578947159367E-002   2.3331678516013022E-003   1.1947346533489524E-002   1.3552628148758106E-004  0.43167435639984886        2.9748318026214863E-002
 0.0100   3.7798518600869510E-002   2.5875643852987275E-003   1.3293340259786761E-002   1.5164631980092315E-004  0.43137729132895969        2.9633022804385119E-002
 0.0200   7.6895909834275925E-002   5.0060230829786882E-003   2.7084798756945493E-002   3.3210759199857467E-004  0.42804513197672783        2.7989589308928160E-002
 0.0400  0.15617412455363186        7.6884400012208805E-003   5.5536869819735712E-002   6.9809713536845490E-004  0.42680216375666535        2.1181973880854695E-002
 0.0600  0.22429384338594774        6.5706647778286933E-003   8.0016455476402182E-002   7.2266853447066422E-004  0.43688076584761687        1.2949538815223661E-002
 0.0800  0.27946470431405590        4.6402686433580503E-003   9.7858925994651680E-002   5.1736332215750354E-004  0.44774758126248138        7.5280845437773513E-003
 0.1000  0.32886592739795634        3.3858311875111600E-003  0.11113498703945782        3.3104224308257141E-004  0.45333736844952938        4.7159081780161422E-003
 0.1200  0.37636765976725467        2.6443818541054586E-003  0.12187753818406916        2.1228857655620023E-004  0.45441761592671348        3.2171998847194375E-003
 0.1400  0.42300063237672525        2.1766668889124765E-003  0.13112994937560499        1.4367497132429576E-004  0.45299034522257836        2.3441601502531125E-003
 0.1600  0.46891592989684694        1.8781517196503612E-003  0.13938354494684765        1.0379377203849643E-004  0.45038690540120263        1.8117148886957605E-003
 0.1800  0.51412457565695457        1.6942122550255626E-003  0.14688741936465294        7.8901498445551281E-005  0.44727557917699223        1.4788097606324574E-003
 0.2000  0.55866485421461598        1.5847176114964529E-003  0.15378499263349457        6.2026772364594013E-005  0.44395159756255476        1.2624987040720905E-003
 0.2200  0.60261093551836209        1.5210744902597903E-003  0.16016987963109303        4.9878408349022909E-005  0.44053432648097224        1.1140840265852492E-003
 0.2400  0.64605351010864409        1.4859213516245830E-003  0.16610932580095222        4.0800997055969528E-005  0.43706812612476370        1.0066876344412366E-003
 0.2600  0.68908344584515024        1.4696696426844842E-003  0.17165483323630978        3.3851136279737724E-005  0.43356865096035252        9.2569817480361838E-004
 0.2800  0.73178328029077822        1.4668408137295187E-003  0.17684753022803146        2.8430182553754276E-005  0.43004215596078771        8.6270126939561086E-004
 0.3000  0.77422484576664741        1.4739481814887653E-003  0.18172120837137939        2.4133156853350689E-005  0.42649243186728175        8.1243841161108079E-004
 0.3200  0.81646994304375387        1.4885877121405323E-003  0.18630421328054120        2.0677001729358717E-005  0.42292282425696542        7.7142982449644011E-004
 0.3400  0.85857188939811735        1.5090530479855871E-003  0.19062070925351005        1.7860264179849449E-005  0.41933666008631609        7.3730110749574787E-004
 0.3600  0.90057703622086704        1.5341233139075203E-003  0.19469156938316098        1.5537623592575530E-005  0.41573726291599544        7.0839823424776274E-004
 0.3800  0.94252604551613561        1.5629229889843599E-003  0.19853502518889365        1.3602726511356600E-005  0.41212788807015427        6.8354778808246393E-004
 0.4000  0.98445491923642237        1.5948174146068412E-003  0.20216715363935361        1.1976633920668063E-005  0.40851166130655847        6.6189969049051370E-004


# triplet j3 / nf 4 / mode 2 / nplat  5 / jkb  20 / start     1 / nmeas100000
 0.0010  0.21202957925097504        1.0003892576549194E-002   1.3193184548286436E-003   1.4597830803228252E-005   7.6611394054105645E-003   3.6394114757356297E-004
 0.0020  0.21203675773981956        9.9970201480607881E-003   2.6392710016107253E-003   2.9230888996294087E-005   1.5323600954936489E-002   7.2743706329095814E-004
 0.0030  0.21204901545469776        9.9855960995534881E-003   3.9604860555593159E-003   4.3934250651699195E-005   2.2988657455764720E-002   1.0900417892868370E-003
 0.0040  0.21206678716936253        9.9696651949964105E-003   5.2835806928389611E-003   5.8742673738266289E-005   3.0657483904434336E-002   1.4513079941130816E-003
 0.0050  0.21209068082009636        9.9492912293057904E-003   6.6091550180187499E-003   7.3690401378493506E-005   3.8331108866727678E-002   1.8107865904000637E-003
 0.0060  0.21212146648528812        9.9245507788549171E-003   7.9377865783716792E-003   8.8810922521121531E-005   4.6010368447623018E-002   2.1680253375922463E-003
 0.0070  0.21216006810787238        9.8955436427160589E-003   9.2700248446746999E-003   1.0413668015480376E-004   5.3695862257659786E-002   2.5225705891784179E-003
 0.0080  0.21220755634184435        9.8623797895283725E-003   1.0606385781453448E-002   1.1969872061448512E-004   6.1387911275120520E-002   2.8739648467370708E-003
 0.0090  0.21226513087538759        9.8251869180449748E-003   1.1947346533489524E-002   1.3552628148758106E-004   6.9086521264346112E-002   3.2217488179136604E-003
 0.0100  0.21233412131324297        9.7841045002589142E-003   1.3293340259786761E-002   1.5164631980092315E-004   7.6791344082828963E-002   3.5654601968151357E-003
 0.0200  0.21400378391920846        9.1984086174949995E-003   2.7084798756945493E-002   3.3210759199857467E-004  0.15380531722705132        6.6778425909041050E-003
 0.0400  0.22740006416489966        7.7132206729585741E-003   5.5536869819735712E-002   6.9809713536845490E-004  0.29311976901623776        1.0111616435370122E-002
 0.0600  0.25695723767650003        6.7500645922710283E-003   8.0016455476402182E-002   7.2266853447066422E-004  0.38134619970005967        1.0164600952454942E-002
 0.0800  0.29671647465215040        6.3843992325964228E-003   9.7858925994651680E-002   5.1736332215750354E-004  0.42171451905913315        9.1421813473234487E-003
 0.1000  0.34074752537882286        6.2876487769875688E-003  0.11113498703945782        3.3104224308257141E-004  0.43752985126908023        8.0997816728306769E-003
 0.1200  0.38615305697132069        6.2594407582264450E-003  0.12187753818406916        2.1228857655620023E-004  0.44290234552268337        7.1896866204917559E-003
 0.1400  0.43168265497425129        6.2111714467642225E-003  0.13112994937560499        1.4367497132429576E-004  0.44387978132021788        6.3912948565142385E-003
 0.1600  0.47680302476484554        6.1059501316435170E-003  0.13938354494684765        1.0379377203849643E-004  0.44293677596472192        5.6746551819305460E-003
 0.1800  0.52132647374265140        5.9376754158054186E-003  0.14688741936465294        7.8901498445551281E-005  0.44109666193473479        5.0252903547899847E-003
 0.2000  0.56524452083824950        5.7234433758874253E-003  0.15378499263349457        6.2026772364594013E-005  0.43878382786058712        4.4438333135656122E-003
 0.2200  0.60863304050451117        5.4919706239156237E-003  0.16016987963109303        4.9878408349022909E-005  0.43617547017919839        3.9363940385460693E-003
 0.2400  0.65159166997067441        5.2689313564815233E-003  0.16610932580095222        4.0800997055969528E-005  0.43335329479000168        3.5046060345873434E-003
 0.2600  0.69421239821035119        5.0691663810674727E-003  0.17165483323630978        3.3851136279737724E-005  0.43036537633784100        3.1428314902664993E-003
 0.2800  0.73657092259054657        4.8976370714097391E-003  0.17684753022803146        2.8430182553754276E-005  0.42724692205538145        2.8410750264034603E-003
 0.3000  0.77872872874298682        4.7536573882147742E-003  0.18172120837137939        2.4133156853350689E-005  0.42402575517676683        2.5885681848457306E-003
 0.3200  0.82073716321863577        4.6342972249962438E-003  0.18630421328054120        2.0677001729358717E-005  0.42072394148551889        2.3757349350250257E-003
 0.3400  0.86264044268425577        4.5361549431120161E-003  0.19062070925351005        1.7860264179849449E-005  0.41735890265462916        2.1947496158515613E-003
 0.3600  0.90447752575419271        4.4560817635117935E-003  0.19469156938316098        1.5537623592575530E-005  0.41394442805117648        2.0394433972968549E-003
 0.3800  0.94628320436008095        4.3913706968292041E-003  0.19853502518889365        1.3602726511356600E-005  0.41049155982046670        1.9050002318221275E-003
 0.4000  0.98808885405508096        4.3397579788993328E-003  0.20216715363935361        1.1976633920668063E-005  0.40700926125037162        1.7876548754887621E-003


