# triplet j1 / nf 2 / mode 2 / nplat  8 / jkb  20 / start     1 / nmeas  2000
 0.0010   6.2493902453617280E-003   1.5684655589541172E-003   2.2926822902748917E-003   2.5988538555595187E-004  0.34264885964325187        8.8163188712414048E-002
 0.0020   1.2316010714514117E-002   2.0890652458430085E-003   4.5829110438081831E-003   5.1847687640354579E-004  0.34764072851360178        6.2160010408506057E-002
 0.0030   1.8363533027865798E-002   2.8950329855418600E-003   6.8682473828151208E-003   7.7449615148490769E-004  0.34957659626295889        5.8529679689399157E-002
 0.0040   2.4393421630536441E-002   3.7423565681202718E-003   9.1462815501580329E-003   1.0266956943046999E-003  0.35066672239236563        5.7285286875064165E-002
 0.0050   3.0393559877569819E-002   4.5845491759316384E-003   1.1414646981183012E-002   1.2738733503943778E-003  0.35151970255167397        5.6534802029282627E-002
 0.0060   3.6353114055394202E-002   5.4054198359166743E-003   1.3671033802307683E-002   1.5148859040185550E-003  0.35233004765215609        5.5907397001395166E-002
 0.0070   4.2262836964280570E-002   6.1962125215730456E-003   1.5913201586327440E-002   1.7486614004646667E-003  0.35317028318535237        5.5295356232676854E-002
 0.0080   4.8114630635342173E-002   6.9509655238470490E-003   1.8138991211466747E-002   1.9742099823895436E-003  0.35407021961622548        5.4660084896761871E-002
 0.0090   5.3901298779017115E-002   7.6652207928226534E-003   2.0346335691348316E-002   2.1906330573567149E-003  0.35504232222466903        5.3986637746018709E-002
 0.0100   5.9616448267704389E-002   8.3355904155538053E-003   2.2533269865604135E-002   2.3971306664845793E-003  0.35609100884265765        5.3269826724790380E-002
 0.0200  0.11195010367846794        1.2411331641163465E-002   4.2933547005526276E-002   3.8162758858898945E-003  0.37017226848846152        4.4213948471169946E-002
 0.0400  0.19073750643860246        1.1392328505183258E-002   7.3840349988108775E-002   3.6828629600918440E-003  0.40295427353897817        2.6081174615485377E-002
 0.0600  0.25023534134536385        8.5394581413786325E-003   9.3830136881006457E-002   2.4018306718095982E-003  0.42404617665026778        1.5455152829547467E-002
 0.0800  0.30301867773919616        6.9239812863403569E-003  0.10778187893329168        1.4792002040980568E-003  0.43337461385373971        1.0339507545918376E-002
 0.1000  0.35304435032695058        6.3334052172085995E-003  0.11870009640508260        9.4716540843018282E-004  0.43642665517927265        8.0205228276657662E-003
 0.1200  0.40130863587434695        6.3130998754829960E-003  0.12796483734165559        6.4277790213333914E-004  0.43668918845918819        6.9566810294126409E-003
 0.1400  0.44815009437291237        6.5432930504937814E-003  0.13618903123639264        4.6036748291458255E-004  0.43573915688646608        6.4045705411711826E-003
 0.1600  0.49382868000659891        6.8751658980859458E-003  0.14366535014251425        3.4457878314764505E-004  0.43418488264743549        6.0671794278860415E-003
 0.1800  0.53858722070812048        7.2600324525875122E-003  0.15055154192602557        2.6700313741102562E-004  0.43225279464852895        5.8392625795476065E-003
 0.2000  0.58262479974746084        7.6808370124660987E-003  0.15694437514898910        2.1258608606375629E-004  0.43004500397951484        5.6768293388816064E-003
 0.2200  0.62609498409991171        8.1267881405509279E-003  0.16291006974745303        1.7294101018844945E-004  0.42762203758161133        5.5552242884941991E-003
 0.2400  0.66911815071960967        8.5894265685276527E-003  0.16849770931261812        1.4314602059632066E-004  0.42502532526364706        5.4590088772214652E-003
 0.2600  0.71179210494398848        9.0628024348061147E-003  0.17374571918845502        1.2017257314623983E-004  0.42228490924459322        5.3786718272303396E-003
 0.2800  0.75419849467958189        9.5433583791412827E-003  0.17868532709346083        1.0207870853548063E-004  0.41942353667187399        5.3085876542978399E-003
 0.3000  0.79640652481095708        1.0029359680359253E-002  0.18334259707594583        8.7573642113612549E-005  0.41645924282060942        5.2455252976026266E-003
 0.3200  0.83847531336289993        1.0520232073694714E-002  0.18773972435412714        7.5771837862196578E-005  0.41340696991951864        5.1876300823433183E-003
 0.3400  0.88045561036581577        1.1016019852920727E-002  0.19189591159223446        6.6048477849270585E-005  0.41027953270541401        5.1337908937694170E-003
 0.3600  0.92239117869084142        1.1517012548401744E-002  0.19582798911726210        5.7951605928505926E-005  0.40708817704422989        5.0832758899662491E-003
 0.3800  0.96431997366996458        1.2023525420191146E-002  0.19955086861978183        5.1147029269840075E-005  0.40384289371302223        5.0355399782563313E-003
 0.4000   1.0062751552743356        1.2535788730110194E-002  0.20307788349854361        4.5382796685702178E-005  0.40055260226666178        4.9901309269787019E-003


# triplet j3 / nf 2 / mode 2 / nplat  8 / jkb  20 / start     1 / nmeas  2000
 0.0010  0.17752311991690159        3.1299527853894227E-002   2.2926822902748917E-003   2.5988538555595187E-004   1.2062352453253527E-002   2.2339256112291032E-003
 0.0020  0.17764252130762015        3.1297523385184010E-002   4.5829110438081831E-003   5.1847687640354579E-004   2.4102038777983455E-002   4.4598582091171140E-003
 0.0030  0.17784127026983498        3.1294239926734128E-002   6.8682473828151208E-003   7.7449615148490769E-004   3.6096578491053473E-002   6.6699060238084723E-003
 0.0040  0.17811898939178014        3.1289760620549591E-002   9.1462815501580329E-003   1.0266956943046999E-003   4.8023858884020811E-002   8.8563766937260497E-003
 0.0050  0.17847515394900004        3.1284200972322977E-002   1.1414646981183012E-002   1.2738733503943778E-003   5.9862310754486371E-002   1.1011871102948361E-002
 0.0060  0.17890909835174049        3.1277704626870580E-002   1.3671033802307683E-002   1.5148859040185550E-003   7.1591073486155662E-002   1.3129368750958454E-002
 0.0070  0.17942002215067840        3.1270439909130220E-002   1.5913201586327440E-002   1.7486614004646667E-003   8.3190147453868823E-002   1.5202303537656369E-002
 0.0080  0.18000699015625315        3.1262598911134989E-002   1.8138991211466747E-002   1.9742099823895436E-003   9.4640534909345972E-002   1.7224631029779013E-002
 0.0090  0.18066894525811911        3.1254391064389285E-002   2.0346335691348316E-002   2.1906330573567149E-003  0.10592435939716618        1.9190879903245722E-002
 0.0100  0.18140471468995981        3.1246041553403367E-002   2.2533269865604135E-002   2.3971306664845793E-003  0.11702496951937225        2.1096193596941558E-002
 0.0200  0.19250045372484631        3.1206080778991323E-002   4.2933547005526276E-002   3.8162758858898945E-003  0.21527649953184561        3.6186076083750525E-002
 0.0400  0.22976813053902370        3.1749444145156423E-002   7.3840349988108775E-002   3.6828629600918440E-003  0.33450458583310633        4.6968681765956748E-002
 0.0600  0.27757175721285038        3.2842637168151861E-002   9.3830136881006457E-002   2.4018306718095982E-003  0.38228435351550138        4.5496219645521273E-002
 0.0800  0.32949167620495057        3.4122248611782743E-002  0.10778187893329168        1.4792002040980568E-003  0.39855514399705450        4.1364989326226391E-002
 0.1000  0.38269351306494664        3.5960566539782080E-002  0.11870009640508260        9.4716540843018282E-004  0.40261451966911688        3.7866570186694745E-002
 0.1200  0.43571794450842755        3.8718052516661827E-002  0.12796483734165559        6.4277790213333914E-004  0.40220317921343457        3.5754191017555864E-002
 0.1400  0.48791804177603693        4.2363819397447079E-002  0.13618903123639264        4.6036748291458255E-004  0.40022406953805256        3.4756313351657755E-002
 0.1600  0.54098641407417514        4.8029290874157991E-002  0.14366535014251425        3.4457878314764505E-004  0.39633702787812480        3.5190390145225015E-002
 0.1800  0.59603776638078965        5.6899321807687739E-002  0.15055154192602557        2.6700313741102562E-004  0.39058906070112487        3.7288260414037253E-002
 0.2000  0.65007407053425448        6.6396808884253658E-002  0.15694437514898910        2.1258608606375629E-004  0.38542513181620325        3.9367146882484660E-002
 0.2200  0.70000677659752819        7.3050023701131339E-002  0.16291006974745303        1.7294101018844945E-004  0.38247060138728406        3.9913682026435290E-002
 0.2400  0.74561202731015397        7.6121420217768410E-002  0.16849770931261812        1.4314602059632066E-004  0.38142110002621088        3.8940583141420702E-002
 0.2600  0.78821347099487560        7.6643283459976189E-002  0.17374571918845502        1.2017257314623983E-004  0.38134220677287095        3.7080695489919595E-002
 0.2800  0.82912031695439559        7.5775284694969983E-002  0.17868532709346083        1.0207870853548063E-004  0.38152315595531705        3.4868482134037752E-002
 0.3000  0.86919200846719358        7.4285402956582425E-002  0.18334259707594583        8.7573642113612549E-005  0.38158525972306212        3.2612271143195017E-002
 0.3200  0.90891658113555962        7.2594725373339733E-002  0.18773972435412714        7.5771837862196578E-005  0.38136782389491614        3.0459759878327532E-002
 0.3400  0.94855712231841705        7.0912540469880242E-002  0.19189591159223446        6.6048477849270585E-005  0.38082357708288467        2.8469807711055090E-002
 0.3600  0.98825384256860416        6.9334050458184707E-002  0.19582798911726210        5.7951605928505926E-005  0.37995758506637578        2.6657176354153378E-002
 0.3800   1.0280822244078225        6.7896292098430316E-002  0.19955086861978183        5.1147029269840075E-005  0.37879632522239026        2.5016398257147517E-002
 0.4000   1.0680840651301102        6.6607717799768651E-002  0.20307788349854361        4.5382796685702178E-005  0.37737304131798294        2.3533725677745618E-002


