# triplet j1 / nf 3 / mode 2 / nplat  8 / jkb  20 / start     1 / nmeas  2000
 0.0010   4.1987810624692732E-003   1.6554665927112266E-003   1.3817298723277733E-003   1.2145004532601850E-004  0.39591626296342591       0.15706591649803517     
 0.0020   8.2667342807178877E-003   1.7802940577147527E-003   2.7760502430350512E-003   2.5041532646124436E-004  0.40309710438544150        8.8692940606466236E-002
 0.0030   1.2410023385930816E-002   2.2675963140331148E-003   4.1827221979276654E-003   3.8673441381987763E-004  0.40367563385816135        7.6084981451637876E-002
 0.0040   1.6588862151356475E-002   2.8631975769933919E-003   5.6014598656042754E-003   5.3018236816224497E-004  0.40353295668574252        7.2219568520784885E-002
 0.0050   2.0799054521274597E-002   3.5012917244189659E-003   7.0319296391929548E-003   6.8047015922789624E-004  0.40317506527858810        7.0617877059389725E-002
 0.0060   2.5038253724829953E-002   4.1601259802359156E-003   8.4737496471770368E-003   8.3724472067388939E-004  0.40273966214660800        6.9810796619920110E-002
 0.0070   2.9303992785695922E-002   4.8300554684102904E-003   9.9264894942036521E-003   1.0000897094036539E-003  0.40228613323712481        6.9334782446414972E-002
 0.0080   3.3593748373756692E-002   5.5055312340446041E-003   1.1389670291275389E-002   1.1685270258770986E-003  0.40184364318726118        6.9007139285217428E-002
 0.0090   3.7904931879587600E-002   6.1826146172510778E-003   1.2862764992762014E-002   1.3420191377156469E-003  0.40142803501692481        6.8743590681940525E-002
 0.0100   4.2234893849563547E-002   6.8580732196786834E-003   1.4345199055237198E-002   1.5199722321804618E-003  0.40104848519975994        6.8500392178620334E-002
 0.0200   8.5938581703355360E-002   1.2951100613813790E-002   2.9525864731853188E-002   3.3842476205739481E-003  0.39989237805869815        6.4475079645666483E-002
 0.0400  0.16707516976844261        1.7266084630514142E-002   5.9052248786468170E-002   5.4291897752021829E-003  0.41138770011262848        4.6530481712233153E-002
 0.0600  0.23223455563300033        1.4460252713607329E-002   8.2763972395525298E-002   4.4157993330690825E-003  0.42912562109622893        2.9068901263272159E-002
 0.0800  0.28719648472720910        1.1328496033226469E-002   9.9989016943035289E-002   2.8015754572732411E-003  0.44040984708082220        1.8435138464035609E-002
 0.1000  0.33819800252910687        9.4157320939312009E-003  0.11294903288003477        1.7090100919867623E-003  0.44441142766118358        1.2821483637422700E-002
 0.1200  0.38748288005779707        8.5766335776860693E-003  0.12347927863607605        1.0881795637345624E-003  0.44427322827653853        1.0026604544263309E-002
 0.1400  0.43554889210395220        8.4696037722855003E-003  0.13255751811421684        7.3869433643773306E-004  0.44232784994509855        8.6892751330508427E-003
 0.1600  0.48241305642618010        8.7076401975002774E-003  0.14066092267488470        5.3231083030404202E-004  0.43978728265715000        7.9817352529859293E-003
 0.1800  0.52810470012356181        9.0016439843639221E-003  0.14803444610085875        4.0218042843859057E-004  0.43713200930789275        7.4746211206802174E-003
 0.2000  0.57283240108876676        9.2728572663662977E-003  0.15481852204908109        3.1474305189250779E-004  0.43442406923391969        7.0461911780040310E-003
 0.2200  0.61686510997300625        9.5532524299058955E-003  0.16110393887935970        2.5278808662079988E-004  0.43160772629345517        6.6927842076989997E-003
 0.2400  0.66040355494744685        9.8690644520919892E-003  0.16695549455333689        2.0702965045410731E-004  0.42865863282559807        6.4113815560507270E-003
 0.2600  0.70357409829722228        1.0222388164904755E-002  0.17242275552858227        1.7214002007112352E-004  0.42558775087069783        6.1871096753092119E-003
 0.2800  0.74646113811079551        1.0605476195097488E-002  0.17754538666719880        1.4487521065659694E-004  0.42241711578591085        6.0040385480295312E-003
 0.3000  0.78912888213687404        1.1009883651799571E-002  0.18235607780218996        1.2315428092643730E-004  0.41916769807885323        5.8499177503529625E-003
 0.3200  0.83163108133829278        1.1429224769634880E-002  0.18688232404462443        1.0558191180000136E-004  0.41585639832011112        5.7163810552127419E-003
 0.3400  0.87401490153354788        1.1859334423503320E-002  0.19114760624868066        9.1186868837212046E-005  0.41249629393407544        5.5979449308716711E-003
 0.3600  0.91632252452669960        1.2297749523330610E-002  0.19517222496730255        7.9271470848828833E-005  0.40909756308167577        5.4910309106283202E-003
 0.3800  0.95859195818259457        1.2743153502917347E-002  0.19897391549415988        6.9321164070266578E-005  0.40566831483159782        5.3932618236181094E-003
 0.4000   1.0008575766078998        1.3194942156791357E-002  0.20256831456973828        6.0948063769038315E-005  0.40221519145073198        5.3030039696601583E-003


# triplet j3 / nf 3 / mode 2 / nplat  8 / jkb  20 / start     1 / nmeas  2000
 0.0010  0.24971926191093211        6.0347594505567904E-002   1.3817298723277733E-003   1.2145004532601850E-004   6.6569382535150894E-003   1.6351136702438811E-003
 0.0020  0.24834854173611767        5.9957251295384276E-002   2.7760502430350512E-003   2.5041532646124436E-004   1.3417822500532226E-002   3.2954270309678273E-003
 0.0030  0.24705501002992789        5.9576163492352646E-002   4.1827221979276654E-003   3.8673441381987763E-004   2.0277362745662875E-002   4.9788373199899112E-003
 0.0040  0.24583875954164899        5.9202644568539513E-002   5.6014598656042754E-003   5.3018236816224497E-004   2.7229850185015232E-002   6.6828888570511892E-003
 0.0050  0.24469978501943893        5.8835138880187078E-002   7.0319296391929548E-003   6.8047015922789624E-004   3.4269176671657652E-002   8.4047904641337788E-003
 0.0060  0.24363799856908658        5.8472230667078927E-002   8.4737496471770368E-003   8.3724472067388939E-004   4.1388855207738252E-002   1.0141437773834059E-002
 0.0070  0.24265324052762641        5.8112647281067790E-002   9.9264894942036521E-003   1.0000897094036539E-003   4.8582042096503825E-002   1.1889439711272744E-002
 0.0080  0.24174529123483171        5.7755261623613954E-002   1.1389670291275389E-002   1.1685270258770986E-003   5.5841560205254007E-002   1.3645148833344702E-002
 0.0090  0.24091388532091917        5.7399093429463761E-002   1.2862764992762014E-002   1.3420191377156469E-003   6.3159922482691311E-002   1.5404694767216790E-002
 0.0100  0.24015871462104083        5.7043307588754394E-002   1.4345199055237198E-002   1.5199722321804618E-003   7.0529359001891168E-002   1.7164021385358386E-002
 0.0200  0.23670818482487441        5.3417068109368200E-002   2.9525864731853188E-002   3.3842476205739481E-003  0.14518375792443294        3.3803105538242714E-002
 0.0400  0.25009265730215369        4.6588208863063314E-002   5.9052248786468170E-002   5.4291897752021829E-003  0.27482881975989409        5.2731934213523783E-002
 0.0600  0.28367607152799129        4.2936769521014481E-002   8.2763972395525298E-002   4.4157993330690825E-003  0.35130843919693949        5.3993084234773045E-002
 0.0800  0.32839847929164279        4.2254956997340165E-002   9.9989016943035289E-002   2.8015754572732411E-003  0.38515452383849896        4.9850622484417059E-002
 0.1000  0.37756589201952900        4.3023833135707776E-002  0.11294903288003477        1.7090100919867623E-003  0.39807371458316732        4.5460573133431555E-002
 0.1200  0.42759594560399544        4.4354321626669170E-002  0.12347927863607605        1.0881795637345624E-003  0.40259565553644888        4.1798714750257149E-002
 0.1400  0.47762946757421032        4.6155819134202462E-002  0.13255751811421684        7.3869433643773306E-004  0.40335745189418742        3.8994727308578801E-002
 0.1600  0.52827780154706028        4.9077516086342171E-002  0.14066092267488470        5.3231083030404202E-004  0.40160522850419350        3.7317250146639662E-002
 0.1800  0.58155871635666290        5.4976713561852214E-002  0.14803444610085875        4.0218042843859057E-004  0.39695298548044861        3.7529183064884050E-002
 0.2000  0.63918396517610421        6.6089273800724449E-002  0.15481852204908109        3.1474305189250779E-004  0.38932794974206925        4.0257024966626427E-002
 0.2200  0.69520542327439006        7.7486624533577395E-002  0.16110393887935970        2.5278808662079988E-004  0.38297133283456547        4.2686506783698175E-002
 0.2400  0.74454464676723631        8.3519570544527452E-002  0.16695549455333689        2.0702965045410731E-004  0.38021586241481331        4.2651506177852905E-002
 0.2600  0.78823301928684220        8.4559728973543191E-002  0.17242275552858227        1.7214002007112352E-004  0.37987817147790537        4.0752851239667980E-002
 0.2800  0.82890300184050725        8.2963759911557799E-002  0.17754538666719880        1.4487521065659694E-004  0.38040393183146221        3.8074421983237620E-002
 0.3000  0.86831225958844083        8.0368296356521665E-002  0.18235607780218996        1.2315428092643730E-004  0.38094283866224887        3.5259125231432549E-002
 0.3200  0.90733519461898193        7.7571816544109259E-002  0.18688232404462443        1.0558191180000136E-004  0.38115914412603635        3.2587040348839920E-002
 0.3400  0.94636308817864512        7.4906802987734625E-002  0.19114760624868066        9.1186868837212046E-005  0.38096150645479049        3.0154111501632545E-002
 0.3600  0.98556243894310092        7.2490914683683599E-002  0.19517222496730255        7.9271470848828833E-005  0.38035673537104414        2.7976424079125834E-002
 0.3800   1.0250007000974108        7.0349962063218516E-002  0.19897391549415988        6.9321164070266578E-005  0.37938548163927921        2.6038850706717569E-002
 0.4000   1.0647029430092274        6.8472916450357565E-002  0.20256831456973828        6.0948063769038315E-005  0.37809618582671017        2.4316096375824839E-002


