# triplet j1 / nf 2 / mode 2 / nplat  5 / jkb  20 / start     1 / nmeas100000
 0.0010   6.4812318087735668E-003   1.9199804730389000E-004   2.7228503033571196E-003   4.3784711032633480E-005  0.36005539753708277        1.1052051587763076E-002
 0.0020   1.2955158813949803E-002   3.7546428684092373E-004   5.4407116202098539E-003   8.7279335910063493E-005  0.36009335566953105        1.0828471399695339E-002
 0.0030   1.9405080107277036E-002   5.5838222155632196E-004   8.1486455612291009E-003   1.3019857966892320E-004  0.36033205557681242        1.0760768696336092E-002
 0.0040   2.5819536426133483E-002   7.3757869878935333E-004   1.0841813795299632E-002   1.7226658343108648E-004  0.36070114842326106        1.0695087742883526E-002
 0.0050   3.2187696607343864E-002   9.1160627035094760E-004   1.3515525282381707E-002   2.1322128380110852E-004  0.36118238836748179        1.0618592527176665E-002
 0.0060   3.8499172596275451E-002   1.0792861509085661E-003   1.6165280271758981E-002   2.5281836132965731E-004  0.36176858101116766        1.0528987617317577E-002
 0.0070   4.4744240704535025E-002   1.2395767609325499E-003   1.8786810181299161E-002   2.9083467205666305E-004  0.36245441890806990        1.0425864085943913E-002
 0.0080   5.0913916806606702E-002   1.3916092536454415E-003   2.1376112624968788E-002   3.2707107973303865E-004  0.36323513242624711        1.0309729995075276E-002
 0.0090   5.7000061521536360E-002   1.5346472397208344E-003   2.3929481028527513E-002   3.6135463295824900E-004  0.36410577572754493        1.0181228557248418E-002
 0.0100   6.2995440825565033E-002   1.6681053747041148E-003   2.6443528457961864E-002   3.9354005913854996E-004  0.36506111890891202        1.0041167159036786E-002
 0.0200  0.11702918802303848        2.4467502948166669E-003   4.8923485363992679E-002   5.8766586585788563E-004  0.37800234878261663        8.2225880220885682E-003
 0.0400  0.19538096996144649        2.1462456768684109E-003   7.9047125854780090E-002   4.9647766051898504E-004  0.40701065067315795        4.6500975022882932E-003
 0.0600  0.25326092158966634        1.5353269754775324E-003   9.6908287720433778E-002   3.0520270146962481E-004  0.42579729698999624        2.6669448285456983E-003
 0.0800  0.30436718979130156        1.1701667890108515E-003  0.10955157405552240        1.8799772090365822E-004  0.43498218232242852        1.7134701890545057E-003
 0.1000  0.35280616079118632        9.7687995612655287E-004  0.11979358723017661        1.2343383060737801E-004  0.43872827301426975        1.2356377416382896E-003
 0.1200  0.39967898215210479        8.7912701215999865E-004  0.12869193408977375        8.6260505437071581E-005  0.43971367682439499        9.7834915317699398E-004
 0.1400  0.44536264411228199        8.3372797789257652E-004  0.13669512049181856        6.3261955922794917E-005  0.43928030782838312        8.2860022899521122E-004
 0.1600  0.49007131240971341        8.1755796457727364E-004  0.14402467139919567        4.8084297014725879E-005  0.43806056096619655        7.3444091043286348E-004
 0.1800  0.53397627689263216        8.1866100761013262E-004  0.15080715371494458        3.7580725715128477E-005  0.43635530380433868        6.7119993921062359E-004
 0.2000  0.57722650251185947        8.3093355616772804E-004  0.15712426629397752        3.0061390832863701E-005  0.43431553526150218        6.2658820531671076E-004
 0.2200  0.61995088893035677        8.5114279606912657E-004  0.16303386892065225        2.4534289947123388E-005  0.43202409447871881        5.9402449470434689E-004
 0.2400  0.66225917616221219        8.7742021472548019E-004  0.16857976654313031        2.0377064833606770E-005  0.42953183583820015        5.6967400650973648E-004
 0.2600  0.70424380561104305        9.0855436847437352E-004  0.17379673638985013        1.7183416977182805E-005  0.42687374532954653        5.5111970214485276E-004
 0.2800  0.74598237069214479        9.4367767771858402E-004  0.17871335329125090        1.4681760873450929E-005  0.42407625031142876        5.3674486903035334E-004
 0.3000  0.78754011335920238        9.8212278398737848E-004  0.18335370366553960        1.2687317159022629E-005  0.42116064763703365        5.2542164324098401E-004
 0.3200  0.82897220635325841        1.0233571234072813E-003  0.18773849231780482        1.1072254970009151E-005  0.41814478050250464        5.1634240807545725E-004
 0.3400  0.87032568167228019        1.0669470179266523E-003  0.19188579379542206        9.7465039262299456E-006  0.41504393215939983        5.0891856881495328E-004
 0.3600  0.91164104577562555        1.1125421488309343E-003  0.19581158325706144        8.6452631446502852E-006  0.41187133464708775        5.0271889887052508E-004
 0.3800  0.95295355552565997        1.1598538808226923E-003  0.19953012390941824        7.7210292493284700E-006  0.40863851513455179        4.9742282483365393E-004
 0.4000  0.99429427264976245        1.2086504580497779E-003  0.20305425745320865        6.9382769245239143E-006  0.40535553319020223        4.9279328243988425E-004


# triplet j3 / nf 2 / mode 2 / nplat  5 / jkb  20 / start     1 / nmeas100000
 0.0010  0.16143127171560198        3.1723929583923915E-003   2.7228503033571196E-003   4.3784711032633480E-005   1.4455702855077086E-002   3.0693553749374313E-004
 0.0020  0.16156691952703786        3.1725882050368508E-003   5.4407116202098539E-003   8.7279335910063493E-005   2.8873897108412701E-002   6.1245526930944121E-004
 0.0030  0.16179259914656832        3.1729140760441998E-003   8.1486455612291009E-003   1.3019857966892320E-004   4.3217504636003337E-002   9.1516556593202911E-004
 0.0040  0.16210772802968926        3.1733779672830581E-003   1.0841813795299632E-002   1.7226658343108648E-004   5.7450292801321058E-002   1.2137184775993059E-003
 0.0050  0.16251148622691000        3.1739852133341848E-003   1.3515525282381707E-002   2.1322128380110852E-004   7.1537276574135958E-002   1.5068309976955096E-003
 0.0060  0.16300284415141292        3.1747445864564374E-003   1.6165280271758981E-002   2.5281836132965731E-004   8.5445079886588435E-002   1.7933046667739994E-003
 0.0070  0.16358055590304313        3.1756660665164284E-003   1.8786810181299161E-002   2.9083467205666305E-004   9.9142270757763995E-002   2.0720414406201573E-003
 0.0080  0.16424318590503181        3.1767587106940809E-003   2.1376112624968788E-002   3.2707107973303865E-004  0.11259963822353090        2.3420552035056164E-003
 0.0090  0.16498911161371385        3.1780355203637283E-003   2.3929481028527513E-002   3.6135463295824900E-004  0.12579043194927847        2.6024847137769889E-003
 0.0100  0.16581654656297934        3.1795068542159999E-003   2.6443528457961864E-002   3.9354005913854996E-004  0.13869053837281725        2.8525961068026455E-003
 0.0200  0.17809382740645227        3.2071357499462408E-003   4.8923485363992679E-002   5.8766586585788563E-004  0.24839326883503379        4.7153142469879917E-003
 0.0400  0.21708884982433405        3.3336171092296389E-003   7.9047125854780090E-002   4.9647766051898504E-004  0.36631147006172599        5.7415030551923370E-003
 0.0600  0.26355563835338996        3.4862279219104869E-003   9.6908287720433778E-002   3.0520270146962481E-004  0.40916527728190888        5.4505210665347775E-003
 0.0800  0.31123381766473229        3.5999927261588763E-003  0.10955157405552240        1.8799772090365822E-004  0.42538534352132362        4.9338846618758852E-003
 0.1000  0.35839342851413575        3.6724107061654595E-003  0.11979358723017661        1.2343383060737801E-004  0.43188860430404596        4.4310962591791762E-003
 0.1200  0.40463212302512641        3.7103989983960453E-003  0.12869193408977375        8.6260505437071581E-005  0.43433109926524682        3.9853920929890365E-003
 0.1400  0.44991163284703967        3.7174239811160561E-003  0.13669512049181856        6.3261955922794917E-005  0.43483881081914361        3.5942925104713178E-003
 0.1600  0.49431882703350150        3.7002818162633409E-003  0.14402467139919567        4.8084297014725879E-005  0.43429645461003175        3.2517855293302750E-003
 0.1800  0.53798284938442242        3.6687408371100338E-003  0.15080715371494458        3.7580725715128477E-005  0.43310559211023969        2.9540298070152614E-003
 0.2000  0.58103655383115171        3.6319305853201277E-003  0.15712426629397752        3.0061390832863701E-005  0.43146758280962755        2.6973239450499686E-003
 0.2200  0.62360028107249654        3.5963449038858980E-003  0.16303386892065225        2.4534289947123388E-005  0.42949583177028294        2.4771422536921570E-003
 0.2400  0.66577731712340937        3.5657221807370030E-003  0.16857976654313031        2.0377064833606770E-005  0.42726207760682972        2.2884451426809301E-003
 0.2600  0.70765457688270339        3.5417929143410605E-003  0.17379673638985013        1.7183416977182805E-005  0.42481628854941833        2.1262982859785767E-003
 0.2800  0.74930486445306421        3.5250273261774661E-003  0.17871335329125090        1.4681760873450929E-005  0.42219585320918618        1.9862524856602798E-003
 0.3000  0.79078941965595773        3.5152161447335462E-003  0.18335370366553960        1.2687317159022629E-005  0.41943012379554379        1.8645067365017098E-003
 0.3200  0.83216016704787998        3.5118280116053354E-003  0.18773849231780482        1.1072254970009151E-005  0.41654289041248493        1.7579100276781730E-003
 0.3400  0.87346156102518135        3.5142094984833357E-003  0.19188579379542206        9.7465039262299456E-006  0.41355385205114875        1.6638898538219888E-003
 0.3600  0.91473207212885566        3.5216900104681581E-003  0.19581158325706144        8.6452631446502852E-006  0.41047955536184710        1.5803594925561317E-003
 0.3800  0.95600540023914737        3.5336473203378613E-003  0.19953012390941824        7.7210292493284700E-006  0.40733402324378554        1.5056342762596318E-003
 0.4000  0.99731137236180767        3.5495097503909943E-003  0.20305425745320865        6.9382769245239143E-006  0.40412923807680362        1.4383443706275654E-003


