# triplet j1 / nf 6 / mode 2 / nplat  8 / jkb  20 / start     1 / nmeas  2000
 0.0010   3.2427510884175709E-003   2.6704077016871820E-003   1.1898444306511864E-003   1.7245309568247240E-004  0.47571459420273027       0.39326525298337639     
 0.0020   6.7855041825528014E-003   1.6977885349282213E-003   2.3795658933574468E-003   3.4478869113333319E-004  0.45467046202204575       0.11843516269743558     
 0.0030   1.0240186947106440E-002   1.9699925867609300E-003   3.5690418920196910E-003   5.1689124246115446E-004  0.45190127086841370        9.2890923160476618E-002
 0.0040   1.3645163322482867E-002   2.3749561299838580E-003   4.7581508694902698E-003   6.8864906984665423E-004  0.45215294040045606        8.5228752906711933E-002
 0.0050   1.7038110320151494E-002   2.8260522812177565E-003   5.9467726652368278E-003   8.5995616916318275E-004  0.45260489051925507        8.1894773522290881E-002
 0.0060   2.0424546226915204E-002   3.2971250662798932E-003   7.1347889589474045E-003   1.0307138821606561E-003  0.45303188804156591        8.0119933934882329E-002
 0.0070   2.3805086961890962E-002   3.7775681003856610E-003   8.3220836955805212E-003   1.2008323830851005E-003  0.45343003593910663        7.9041243564233601E-002
 0.0080   2.7179274176221103E-002   4.2621671734849424E-003   9.5085434875250112E-003   1.3702319437127824E-003  0.45381530157443534        7.8318451129348002E-002
 0.0090   3.0546411404713755E-002   4.7480352264580574E-003   1.0694057989731328E-002   1.5388439437135947E-003  0.45420020230609642        7.7795864064632486E-002
 0.0100   3.3905806626834449E-002   5.2334000973158767E-003   1.1878520243907998E-002   1.7066115988484971E-003  0.45459231345468398        7.7393846895877000E-002
 0.0200   6.6980099421369205E-002   9.9295233760726010E-003   2.3644656516410744E-002   3.3337064864649860E-003  0.45914590206806705        7.5370617787404726E-002
 0.0400  0.13050591774587750        1.8317946668398942E-002   4.6557002373373763E-002   6.3050839154118170E-003  0.46763530697642480        7.2876657534674011E-002
 0.0600  0.19232025063135103        2.3728713216981476E-002   6.8256733304950912E-002   7.8533588547696608E-003  0.47058529980332359        6.4062569836522226E-002
 0.0800  0.25243210001182964        2.3725318438038833E-002   8.7637540774960720E-002   6.7332006296087193E-003  0.46909467408328936        4.7629303481305590E-002
 0.1000  0.30916883378362686        2.0312638353678782E-002  0.10354801013353748        4.5456243689031891E-003  0.46546836373814893        3.2243114142661067E-002
 0.1200  0.36195215334609454        1.6657985523866440E-002  0.11620600461288927        2.8318135122423894E-003  0.46139059853862385        2.1965983384773454E-002
 0.1400  0.41198013478659667        1.3987919976892488E-002  0.12660669425921309        1.7926684589013053E-003  0.45701565288430862        1.5850744182061022E-002
 0.1600  0.46047968722107807        1.2539696957211442E-002  0.13556733998248993        1.1999813514961047E-003  0.45231610279833961        1.2479000093461569E-002
 0.1800  0.50814177620153378        1.2315626548873969E-002  0.14356010043398351        8.5604504376350307E-004  0.44738686136887501        1.0924870305126694E-002
 0.2000  0.55513875592609940        1.3061514395787129E-002  0.15083813910029925        6.4614506788108583E-004  0.44247020420940103        1.0453653136283748E-002
 0.2200  0.60096140851003854        1.3979400991332205E-002  0.15754385159979928        5.0968213782207636E-004  0.43810729375068563        1.0215743320022093E-002
 0.2400  0.64502293309344327        1.4202839083102775E-002  0.16376548678690234        4.1515308800212558E-004  0.43466698340312115        9.5868301450674764E-003
 0.2600  0.68798580564158007        1.4001641399113755E-002  0.16956362911353173        3.4592829701874777E-004  0.43160706521580544        8.7949392310731032E-003
 0.2800  0.73070087956612506        1.3888157323293144E-002  0.17498359164602362        2.9290985555984307E-004  0.42840353581325546        8.1503959879219382E-003
 0.3000  0.77343048031050954        1.3954141965454447E-002  0.18006148086842569        2.5087424331417203E-004  0.42497633876156909        7.6730867262055540E-003
 0.3200  0.81619283283366773        1.4147303985760777E-002  0.18482734830185737        2.1666460942066471E-004  0.42138621726297526        7.3081826489695629E-003
 0.3400  0.85896994206968891        1.4415450661637581E-002  0.18930693716786803        1.8827922226616507E-004  0.41769545918513667        7.0129475397598499E-003
 0.3600  0.90175218512415067        1.4725594777922206E-002  0.19352271793721859        1.6439177824778813E-004  0.41394726954805261        6.7620365471660641E-003
 0.3800  0.94454111924606521        1.5058882083841577E-002  0.19749454760108939        1.4408584679016738E-004  0.41016961226437232        6.5410729960943470E-003
 0.4000  0.98734598173901567        1.5404931487707975E-002  0.20124012088796084        1.2670138208893404E-004  0.40638055136805568        6.3417877727534712E-003


# triplet j3 / nf 6 / mode 2 / nplat  8 / jkb  20 / start     1 / nmeas  2000
 0.0010  0.32148589831652963       0.10581193225150794        1.1898444306511864E-003   1.7245309568247240E-004   4.7984189235205114E-003   1.6171518638842242E-003
 0.0020  0.32151013104061288       0.10578881054755773        2.3795658933574468E-003   3.4478869113333319E-004   9.5958665804658280E-003   3.2330267448524015E-003
 0.0030  0.32155039240074040       0.10575027868111289        3.5690418920196910E-003   5.1689124246115446E-004   1.4391378784449856E-002   4.8463539509088129E-003
 0.0040  0.32160649357049553       0.10569634396258251        4.7581508694902698E-003   6.8864906984665423E-004   1.9184005428524404E-002   6.4558753316474619E-003
 0.0050  0.32167817465535586       0.10562701682726200        5.9467726652368278E-003   8.5995616916318275E-004   2.3972817131187867E-002   8.0603512143691634E-003
 0.0060  0.32176510486967441       0.10554230539234909        7.1347889589474045E-003   1.0307138821606561E-003   2.8756911795389986E-002   9.6585657026190732E-003
 0.0070  0.32186688742672015       0.10544221780450508        8.3220836955805212E-003   1.2008323830851005E-003   3.3535420567675660E-002   1.1249331764902240E-002
 0.0080  0.32198306494644086       0.10532675976279367        9.5085434875250112E-003   1.3702319437127824E-003   3.8307513188334176E-002   1.2831495407727059E-002
 0.0090  0.32211312266886777       0.10519593288827006        1.0694057989731328E-002   1.5388439437135947E-003   4.3072403026587956E-002   1.4403939357795333E-002
 0.0100  0.32225649585417010       0.10504973160136759        1.1878520243907998E-002   1.7066115988484971E-003   4.7829351067650093E-002   1.5965585505839795E-002
 0.0200  0.32427698132308597       0.10273342189842971        2.3644656516410744E-002   3.3337064864649860E-003   9.4837561531364745E-002   3.0780123071840387E-002
 0.0400  0.33007363920741511        9.3148939601290254E-002   4.6557002373373763E-002   6.3050839154118170E-003  0.18489563436171078        5.3659778220849559E-002
 0.0600  0.34056226668539508        7.8428000102432838E-002   6.8256733304950912E-002   7.8533588547696608E-003  0.26574606659289612        6.3079211365929699E-002
 0.0800  0.36231634220977899        6.5964336551304140E-002   8.7637540774960720E-002   6.7332006296087193E-003  0.32682642179757992        6.0813069170820792E-002
 0.1000  0.39645503836312529        6.0865536953516687E-002  0.10354801013353748        4.5456243689031891E-003  0.36298772182152600        5.6294149885627177E-002
 0.1200  0.43837989832766139        6.0892771358529843E-002  0.11620600461288927        2.8318135122423894E-003  0.38095113692890031        5.3118870601498579E-002
 0.1400  0.48282336381034047        6.2177397879434659E-002  0.12660669425921309        1.7926684589013053E-003  0.38995911214607543        5.0294284428637190E-002
 0.1600  0.52659061956274145        6.2516911500402353E-002  0.13556733998248993        1.1999813514961047E-003  0.39552998060350048        4.6989991917642984E-002
 0.1800  0.56874333210337491        6.1442001141635422E-002  0.14356010043398351        8.5604504376350307E-004  0.39971625433296309        4.3198252132207390E-002
 0.2000  0.61091544127006236        6.0293598668429378E-002  0.15083813910029925        6.4614506788108583E-004  0.40207259811360596        3.9691437366055418E-002
 0.2200  0.65969424965931245        6.3999094747926505E-002  0.15754385159979928        5.0968213782207636E-004  0.39910242732432860        3.8723612382241167E-002
 0.2400  0.72370421583226163        8.1353354927475016E-002  0.16376548678690234        4.1515308800212558E-004  0.38740989263290920        4.3552458712017794E-002
 0.2600  0.78380087319104319        9.7329798650271110E-002  0.16956362911353173        3.4592829701874777E-004  0.37884562857678528        4.7045383666825612E-002
 0.2800  0.82865998105953431        9.9390809315180906E-002  0.17498359164602362        2.9290985555984307E-004  0.37776029684423007        4.5310279974581313E-002
 0.3000  0.86711411191923904        9.5405808653294177E-002  0.18006148086842569        2.5087424331417203E-004  0.37906158980788862        4.1707777423730177E-002
 0.3200  0.90440595661570478        9.0422585776475398E-002  0.18482734830185737        2.1666460942066471E-004  0.38028543251962793        3.8021623789318698E-002
 0.3400  0.94199511367933231        8.5828793650756033E-002  0.18930693716786803        1.8827922226616507E-004  0.38088079138504438        3.4704028997325935E-002
 0.3600  0.98015034354621311        8.1850292979960493E-002  0.19352271793721859        1.6439177824778813E-004  0.38083734531031416        3.1803336789236636E-002
 0.3800   1.0188538578274371        7.8438374553364734E-002  0.19749454760108939        1.4408584679016738E-004  0.38025283181931313        2.9274805837165088E-002
 0.4000   1.0580385536012151        7.5500559118348048E-002  0.20124012088796084        1.2670138208893404E-004  0.37922834010580481        2.7061613419482891E-002


