# triplet j1 / nf 0 / mode 2 / nplat  5 / jkb  20 / start     1 / nmeas100000
 0.0010  0.17550682314846860        9.6958151113222361E-003   3.3741291381895158        9.5177917969501442E-003  0.46806033905598315        2.5866260773786814E-002
 0.0020  0.17687382122018899        6.8850913253381205E-003   1.6915533088406720        4.7476126117160702E-003  0.46506031523962005        1.8114963397124536E-002
 0.0030  0.17837908215955686        5.5365374776132877E-003   1.1322699668162337        3.1538205632557948E-003  0.46206885244871937        1.4356142921964450E-002
 0.0040  0.17989919544109248        4.8756252803024390E-003  0.85369673250858935        2.3555655157552454E-003  0.45937523862046947        1.2466101287301384E-002
 0.0050  0.18150354887556996        4.4799774581371250E-003  0.68734644774554154        1.8761067779172020E-003  0.45677541957758488        1.1291620678841024E-002
 0.0060  0.18317678700638712        4.2036391844177444E-003  0.57706910912111986        1.5562324392475273E-003  0.45429096480520087        1.0443293551637232E-002
 0.0070  0.18490809982238621        3.9900906635043825E-003  0.49880628463086346        1.3276088378138832E-003  0.45193298540717952        9.7706888316667056E-003
 0.0080  0.18669497474071908        3.8130835695762357E-003  0.44053195002110268        1.1560366447247042E-003  0.44969293948190625        9.2035229616572300E-003
 0.0090  0.18853719308731307        3.6589283943716821E-003  0.39556697882431974        1.0225046995536514E-003  0.44755790333372825        8.7049658945050797E-003
 0.0100  0.19043396398072199        3.5200108338700291E-003  0.35990528086628176        9.1560179011016798E-004  0.44551743017680978        8.2544890143298535E-003
 0.0200  0.21171687758547908        2.4888645570807734E-003  0.20681888356874092        4.3242265102069131E-004  0.42960527966280110        5.0702095697132687E-003
 0.0400  0.25878907967887399        1.3172205563200339E-003  0.14532349807085401        1.8904904363594449E-004  0.41664576228417988        2.1379470418517233E-003
 0.0600  0.30550475153880652        7.5852026831120403E-004  0.13414270871366324        1.1125714421419355E-004  0.41529450966769216        1.0453946844801985E-003
 0.0800  0.35068478957775601        4.8570174985716204E-004  0.13373073743071018        7.5294056701561524E-005  0.41711776003478823        5.8952496153481272E-004
 0.1000  0.39451364156947466        3.5209349387891535E-004  0.13687368646909229        5.5322505292565280E-005  0.41938505984817481        3.8376666525475001E-004
 0.1200  0.43730556155916778        2.8915134946395189E-004  0.14140598786035843        4.2841346000108405E-005  0.42126416791332599        2.8576107699950762E-004
 0.1400  0.47932473280894627        2.6396945574690123E-004  0.14649487833037930        3.4368164140414334E-005  0.42253277071689666        2.3791348791288156E-004
 0.1600  0.52077222088131525        2.6154314626109898E-004  0.15176777284171480        2.8264433352975733E-005  0.42317203474055731        2.1614836820011552E-004
 0.1800  0.56179888443902248        2.7508692828918371E-004  0.15704089260476872        2.3676526571269513E-005  0.42323030310537879        2.0967780710541383E-004
 0.2000  0.60251893832072489        3.0080778331619413E-004  0.16221804777874688        2.0120317042907854E-005  0.42277459169013437        2.1269256399451223E-004
 0.2200  0.64302031869806187        3.3589065502829157E-004  0.16724756923134002        1.7300270105522503E-005  0.42187282305092844        2.2144873452460679E-004
 0.2400  0.68337202956339904        3.7804802706103752E-004  0.17210202571496472        1.5024446199068910E-005  0.42058754791455150        2.3339625414919556E-004
 0.2600  0.72362927425750179        4.2547961582465975E-004  0.17676787032925029        1.3161805697940671E-005  0.41897413095380137        2.4684176795880444E-004
 0.2800  0.76383706981079513        4.7683012206508300E-004  0.18123980216804927        1.1619282859060844E-005  0.41708067902245161        2.6070828230994898E-004
 0.3000  0.80403280975438296        5.3110365783103075E-004  0.18551753183770867        1.0328818979474147E-005  0.41494862795566878        2.7433750285522045E-004
 0.3200  0.84424812813690397        5.8757902896386014E-004  0.18960384722791376        9.2394867473541950E-006  0.41261351901917437        2.8734629840130606E-004
 0.3400  0.88451025804019789        6.4573343527291722E-004  0.19350341823870290        8.3124650545843580E-006  0.41010579204457398        2.9952576529295127E-004
 0.3600  0.92484304820016727        7.0518717365083863E-004  0.19722203916027464        7.5177262772646465E-006  0.40745151242158423        3.1077632723439943E-004
 0.3800  0.96526772807970673        7.6566309054300287E-004  0.20076613931456744        6.8316948928910319E-006  0.40467301339904077        3.2106580347849797E-004
 0.4000   1.0058034949766261        8.2695783147981145E-004  0.20414246288370566        6.2358038124423404E-006  0.40178944914049997        3.3040276422202858E-004


# triplet j3 / nf 0 / mode 2 / nplat  5 / jkb  20 / start     1 / nmeas100000
 0.0010  0.25700605802432974        3.9351738003932735E-003   3.3741291381895158        9.5177917969501442E-003  0.31963364514051290        4.9148215076387641E-003
 0.0020  0.25646734575562397        4.0607729127100367E-003   1.6915533088406720        4.7476126117160702E-003  0.32073087048156307        5.0981955963484236E-003
 0.0030  0.25575661100284025        4.2177126921777086E-003   1.1322699668162337        3.1538205632557948E-003  0.32227287291278245        5.3335587195155890E-003
 0.0040  0.25496615439213677        4.3873768282829875E-003  0.85369673250858935        2.3555655157552454E-003  0.32412629837245177        5.5953600324161242E-003
 0.0050  0.25447108716345068        4.6770058062346942E-003  0.68734644774554154        1.8761067779172020E-003  0.32579874050369867        6.0044449233619202E-003
 0.0060  0.25380077898676090        4.5735409009377151E-003  0.57706910912111986        1.5562324392475273E-003  0.32787747788350641        5.9249355242942947E-003
 0.0070  0.25316053888965651        4.4770442798409242E-003  0.49880628463086346        1.3276088378138832E-003  0.33009121384088685        5.8540377711487311E-003
 0.0080  0.25256846450868581        4.3893343162345983E-003  0.44053195002110268        1.1560366447247042E-003  0.33240655020400212        5.7932647444531660E-003
 0.0090  0.25203867386797268        4.3110972867560510E-003  0.39556697882431974        1.0225046995536514E-003  0.33479509133898322        5.7429623731625043E-003
 0.0100  0.25158205780221671        4.2421812274536968E-003  0.35990528086628176        9.1560179011016798E-004  0.33723251567396501        5.7025774118315995E-003
 0.0200  0.25205493017088476        3.8468614521258663E-003  0.20681888356874092        4.3242265102069131E-004  0.36085264566251707        5.5202367566543229E-003
 0.0400  0.27239651181324037        3.5560525630062788E-003  0.14532349807085401        1.8904904363594449E-004  0.39583243065737689        5.1738805347935164E-003
 0.0600  0.31141834197941060        2.2461284888394503E-003  0.13414270871366324        1.1125714421419355E-004  0.40740839214874208        2.9433170576859914E-003
 0.0800  0.35373863596397509        1.6129196278940837E-003  0.13373073743071018        7.5294056701561524E-005  0.41351675795414539        1.8890763393069100E-003
 0.1000  0.39643309536407029        1.3486221549053510E-003  0.13687368646909229        5.5322505292565280E-005  0.41735447699841799        1.4222974996322131E-003
 0.1200  0.43878468736217013        1.2773911206314975E-003  0.14140598786035843        4.2841346000108405E-005  0.41984410308748438        1.2239048125106242E-003
 0.1400  0.48066781734280722        1.3079079345459789E-003  0.14649487833037930        3.4368164140414334E-005  0.42135212743493849        1.1475734610556123E-003
 0.1600  0.52211899054372279        1.3913487209483216E-003  0.15176777284171480        2.8264433352975733E-005  0.42208049187640229        1.1254514531342911E-003
 0.1800  0.56321323619505170        1.5007556287961240E-003  0.15704089260476872        2.3676526571269513E-005  0.42216747914469588        1.1253707582968208E-003
 0.2000  0.60402760181314274        1.6209633805172896E-003  0.16221804777874688        2.0120317042907854E-005  0.42171863896530826        1.1320227395621714E-003
 0.2200  0.64463116711866619        1.7434649017541515E-003  0.16724756923134002        1.7300270105522503E-005  0.42081861840589868        1.1383511524009791E-003
 0.2400  0.68508336638040657        1.8636501842384467E-003  0.17210202571496472        1.5024446199068910E-005  0.41953692109912621        1.1414241615075274E-003
 0.2600  0.72543474112403328        1.9792054558226170E-003  0.17676787032925029        1.3161805697940671E-005  0.41793138531661445        1.1403494168960497E-003
 0.2800  0.76572830050659524        2.0891642824334014E-003  0.18123980216804927        1.1619282859060844E-005  0.41605055413054076        1.1352041520440348E-003
 0.3000  0.80600086118175818        2.1933226470129434E-003  0.18551753183770867        1.0328818979474147E-005  0.41393542774849007        1.1264770249217319E-003
 0.3200  0.84628422431149131        2.2918881974062326E-003  0.18960384722791376        9.2394867473541950E-006  0.41162080193486211        1.1147874566606389E-003
 0.3400  0.88660615990967462        2.3852702330464091E-003  0.19350341823870290        8.3124650545843580E-006  0.40913631818448143        1.1007500583368949E-003
 0.3600  0.92699119220594672        2.4739525458514471E-003  0.19722203916027464        7.5177262772646465E-006  0.40650731302528648        1.0849137024778084E-003
 0.3800  0.96746128246773955        2.5584401600842626E-003  0.20076613931456744        6.8316948928910319E-006  0.40375548596890348        1.0677488061773728E-003
 0.4000   1.0080363153035463        2.6392080173730423E-003  0.20414246288370566        6.2358038124423404E-006  0.40089947758336136        1.0496398811039233E-003


