# triplet j1 / nf 6 / mode 2 / nplat  8 / jkb  20 / start  4001 / nmeas  2000
 0.0010   2.5689103053824565E-003   95.002432096842043        1.1012843428990133E-003   1.9187682671957250E-004  0.57771785395113040        21364.934803788987     
 0.0020   5.4863436203773401E-003   95.005194029510491        2.2024663024574009E-003   3.8363876052168740E-004  0.54100543371708287        9368.4117799435116     
 0.0030   8.1677260674154085E-003   95.007733359070556        3.3034437455701760E-003   5.7517233816958846E-004  0.54507707811079231        6340.3862067975906     
 0.0040   1.0820590247068711E-002   95.010245138825880        4.4041150383786979E-003   7.6636692719998529E-004  0.54855903089267044        4816.6252312259039     
 0.0050   1.3478310380523216E-002   95.012761447571776        5.5043792928461495E-003   9.5711607038421456E-004  0.55045107352330991        3880.2991669329317     
 0.0060   1.6141843631762482E-002   95.015283201753604        6.6041366096862859E-003   1.1473187465911138E-003  0.55149999296387053        3246.2790012302580     
 0.0070   1.8810230310401844E-002   95.017809501082141        7.7032883164504847E-003   1.3368805226721481E-003  0.55208758512900935        2788.8097133202982     
 0.0080   2.1482722671235813E-002   95.020339632553529        8.8017371995957848E-003   1.5257145730378989E-003  0.55240152390806374        2443.3299832912649     
 0.0090   2.4158884285637425E-002   95.022873171448339        9.8993877293759146E-003   1.7137425460560930E-003  0.55253977459360548        2173.2757322454836     
 0.0100   2.6838497101207920E-002   95.025409899418008        1.0996146276425136E-002   1.9008952592323993E-003  0.55255696735787974        1956.4043446100611     
 0.0200   5.3839924983528818E-002   95.050965379038985        2.1895812858113459E-002   3.7160272544775308E-003  0.54967512750836300        970.41650022458032     
 0.0400  0.12205091474924415        58.235002158755464        4.3136303255760733E-002   7.0326725063321110E-003  0.48131058923193665        229.65107364906936     
 0.0600  0.17640646833981638       0.18630642642276696        6.3438956385206691E-002   9.2657231012819221E-003  0.49460002333366426       0.52360437628207090     
 0.0800  0.24241939708696245       0.10819848304310012        8.2460781980869813E-002   8.8779403398178778E-003  0.47382323007790134       0.21301302374935127     
 0.1000  0.30750714837352744        6.9872253997124711E-002   9.9310403872463274E-002   6.5242263908166101E-003  0.45830770219391170       0.10521990819362276     
 0.1200  0.36555171795379210        4.7871631486275316E-002  0.11335895019947954        4.1030656030386697E-003  0.45121621614250690        5.9651594960997825E-002
 0.1400  0.41747156426113274        3.4978025902131289E-002  0.12491635016360296        2.4348703765404971E-003  0.44798323303276411        3.7787536814573558E-002
 0.1600  0.46608719387996550        2.7393601017207649E-002  0.13467540648635182        1.4565384592123199E-003  0.44540179831592558        2.6288415226212645E-002
 0.1800  0.51303696645806418        2.2924401063368627E-002  0.14318773614425342        9.1591647399407827E-004  0.44254302770155740        1.9825059100268660E-002
 0.2000  0.55895136895207753        2.0282617637917798E-002  0.15079366563932259        6.1914337284819140E-004  0.43938732109666762        1.5969504149355163E-002
 0.2200  0.60403469564152668        1.8681072596701528E-002  0.15769720731616935        4.5129111820084173E-004  0.43609032770419043        1.3501458799301903E-002
 0.2400  0.64836435993533370        1.7627909336277864E-002  0.16402856676654032        3.5082450838986581E-004  0.43277406798439044        1.1775479267720016E-002
 0.2600  0.69202726887301336        1.6848145214759504E-002  0.16987769255343174        2.8624295196116487E-004  0.42948365521320764        1.0462498535129556E-002
 0.2800  0.73516761664550112        1.6234177445874024E-002  0.17531073379502574        2.4154130258644140E-004  0.42619848215080069        9.4160130429659650E-003
 0.3000  0.77795869957663077        1.5770661623999201E-002  0.18037845005077777        2.0846189455511687E-004  0.42287441393920489        8.5759284101539837E-003
 0.3200  0.82055022373005804        1.5461674457830739E-002  0.18512095937818496        1.8263083961311634E-004  0.41948130934918015        7.9070180390212862E-003
 0.3400  0.86304460163483387        1.5298475896902371E-002  0.18957070635918474        1.6164630910921155E-004  0.41601293104423726        7.3764489055442150E-003
 0.3600  0.90550365305630853        1.5259712974162292E-002  0.19375445557400933        1.4412232471534237E-004  0.41247904546614234        6.9528648536374147E-003
 0.3800  0.94796430518265784        1.5320181109499247E-002  0.19769468580032964        1.2920767917020345E-004  0.40889547935509946        6.6095667097513730E-003
 0.4000  0.99045106500014024        1.5456834312390245E-002  0.20141058585760946        1.1634339530560254E-004  0.40527808145624217        6.3257934759826228E-003


# triplet j3 / nf 6 / mode 2 / nplat  8 / jkb  20 / start  4001 / nmeas  2000
 0.0010  0.31765302242623983        8.2112796233576896E-002   1.1012843428990133E-003   1.9187682671957250E-004   4.6720957895595352E-003   1.2744672985022531E-003
 0.0020  0.31767825001274430        8.2099330029391057E-002   2.2024663024574009E-003   3.8363876052168740E-004   9.3432323734600042E-003   2.5480501301784362E-003
 0.0030  0.31772000408175405        8.2076716095416738E-002   3.3034437455701760E-003   5.7517233816958846E-004   1.4012464441774864E-002   3.8198654916649973E-003
 0.0040  0.31777784125144348        8.2044700116054456E-002   4.4041150383786979E-003   7.6636692719998529E-004   1.8678874764342088E-002   5.0890334898773797E-003
 0.0050  0.31785112756047523        8.2002914225047463E-002   5.5043792928461495E-003   9.5711607038421456E-004   2.3341589111801366E-002   6.3546784646104047E-003
 0.0060  0.31793902772160032        8.1950881302014070E-002   6.6041366096862859E-003   1.1473187465911138E-003   2.7999792014008547E-002   7.6159308240528797E-003
 0.0070  0.31804048662328743        8.1887996282715356E-002   7.7032883164504847E-003   1.3368805226721481E-003   3.2652744114591140E-002   8.8719277158675908E-003
 0.0080  0.31815421092556290        8.1813524417844993E-002   8.8017371995957848E-003   1.5257145730378989E-003   3.7299800957408862E-002   1.0121814624255742E-002
 0.0090  0.31827864224705921        8.1726587590268546E-002   9.8993877293759146E-003   1.7137425460560930E-003   4.1940434279147551E-002   1.1364746441904302E-002
 0.0100  0.31841192811375363        8.1626145648132906E-002   1.0996146276425136E-002   1.9008952592323993E-003   4.6574255727595430E-002   1.2599887738040879E-002
 0.0200  0.31953757004323669        7.9507739890047099E-002   2.1895812858113459E-002   3.7160272544775308E-003   9.2616550931264419E-002   2.4348243618685535E-002
 0.0400  0.30746259946823512        6.6285966979457059E-002   4.3136303255760733E-002   7.0326725063321110E-003  0.19106193012046210        4.4037265328796753E-002
 0.0600  0.31179546251214701        6.1425389954789203E-002   6.3438956385206691E-002   9.2657231012819221E-003  0.27983294770905576        5.8794435322934401E-002
 0.0800  0.32883159334517470        5.9747976338840957E-002   8.2460781980869813E-002   8.8779403398178778E-003  0.34930932454750235        6.6195635289804045E-002
 0.1000  0.36428164421946740        5.6195871298608875E-002   9.9310403872463274E-002   6.5242263908166101E-003  0.38687893506477727        6.1019807488854563E-002
 0.1200  0.41130222092978808        5.3102835870564628E-002  0.11335895019947954        4.1030656030386697E-003  0.40102594779730055        5.2282265836475279E-002
 0.1400  0.46426028309251849        5.3523652740790052E-002  0.12491635016360296        2.4348703765404971E-003  0.40283493520310004        4.6607695778043225E-002
 0.1600  0.51899264636310272        5.7690341209966946E-002  0.13467540648635182        1.4565384592123199E-003  0.39999810359725152        4.4515691858706907E-002
 0.1800  0.57331921256041130        6.3920875953531880E-002  0.14318773614425342        9.1591647399407827E-004  0.39601137984757573        4.4170519321946773E-002
 0.2000  0.62691414511142873        7.1132015559920603E-002  0.15079366563932259        6.1914337284819140E-004  0.39175403289634780        4.4457147968588032E-002
 0.2200  0.68007647164707397        7.9073991530938095E-002  0.15769720731616935        4.5129111820084173E-004  0.38732951270767230        4.5039066922150012E-002
 0.2400  0.73170021950201947        8.6453208472009740E-002  0.16402856676654032        3.5082450838986581E-004  0.38348393796612146        4.5311965025732814E-002
 0.2600  0.77935967505624271        9.0673325297053645E-002  0.16987769255343174        2.8624295196116487E-004  0.38135717109221290        4.4369538948744770E-002
 0.2800  0.82247969643750518        9.0895544531445299E-002  0.17531073379502574        2.4154130258644140E-004  0.38095447668542171        4.2101631806894815E-002
 0.3000  0.86265529361982329        8.8515649264777577E-002  0.18037845005077777        2.0846189455511687E-004  0.38135606607354383        3.9130942930285441E-002
 0.3200  0.90156933408319817        8.5102526702531475E-002  0.18512095937818496        1.8263083961311634E-004  0.38178481590333646        3.6038599461318224E-002
 0.3400  0.94018559765843357        8.1546758962031285E-002  0.18957070635918474        1.6164630910921155E-004  0.38187961530383985        3.3122631574701446E-002
 0.3600  0.97892973245838211        7.8219175306065189E-002  0.19375445557400933        1.4412232471534237E-004  0.38154044166254802        3.0486459851875494E-002
 0.3800   1.0179607725230606        7.5234500314687605E-002  0.19769468580032964        1.2920767917020345E-004  0.38077922985033857        2.8142553128387798E-002
 0.4000   1.0573261986522007        7.2602860243065864E-002  0.20141058585760946        1.1634339530560254E-004  0.37964452967422285        2.6069081220710159E-002


