# triplet j1 / nf 2 / mode 2 / nplat  8 / jkb  20 / start  2001 / nmeas  2000
 0.0010   6.9601879027654402E-003   1.3902076821116997E-003   2.9231894738584951E-003   2.2036148612898131E-004  0.34739416262382433        7.0612159310339553E-002
 0.0020   1.3613935438994487E-002   1.8056564223667283E-003   5.8397983487343550E-003   4.3891047351396598E-004  0.35501379938871125        4.8940039014233876E-002
 0.0030   2.0270395895210829E-002   2.4863838289693641E-003   8.7433256891937955E-003   6.5387016170867778E-004  0.35731539019533559        4.5819877007415466E-002
 0.0040   2.6906420093604725E-002   3.2049031473353894E-003   1.1627427782055236E-002   8.6353386040817189E-004  0.35845191117794972        4.4722950994446002E-002
 0.0050   3.3500642779649037E-002   3.9175710504612080E-003   1.4485991580943281E-002   1.0662969022355901E-003  0.35927001678730702        4.4044759933765262E-002
 0.0060   4.0037421986052583E-002   4.6091531572007493E-003   1.7313202211883150E-002   1.2606849854256018E-003  0.36000888421289290        4.3467894958187051E-002
 0.0070   4.6504024830507390E-002   5.2714311014730054E-003   2.0103602976023250E-002   1.4453780728933953E-003  0.36075339379440446        4.2900044454157127E-002
 0.0080   5.2889519858387191E-002   5.8988617263030022E-003   2.2852146605593249E-002   1.6192292120299882E-003  0.36153793046984573        4.2308443800627940E-002
 0.0090   5.9184369228505541E-002   6.4873860301533108E-003   2.5554236887876790E-002   1.7812778992699536E-003  0.36237705179902735        4.1680875234583900E-002
 0.0100   6.5380281209184501E-002   7.0340037927073898E-003   2.8205760147533163E-002   1.9307578764562929E-003  0.36327634373268619        4.1013545498859841E-002
 0.0200  0.12086883323301885        1.0068230605088081E-002   5.1394439576403050E-002   2.6962034804319081E-003  0.37512303476583830        3.2759930049537776E-002
 0.0400  0.19981805523937737        8.4493837167762924E-003   8.0681963388997135E-002   1.9003242054396929E-003  0.40206706046119556        1.7648605599479669E-002
 0.0600  0.25774224609514285        6.1127577824872130E-003   9.7562867286627969E-002   1.0161989878903546E-003  0.41980469550434479        1.0193540348375479E-002
 0.0800  0.30916071901595732        5.3225079289596971E-003  0.10976936020059078        6.1138932355893425E-004  0.42866324681789530        7.4757922195916775E-003
 0.1000  0.35787024054572636        5.3530191869403474E-003  0.11987183805532836        4.2258968943679104E-004  0.43266124428805347        6.5165226487813397E-003
 0.1200  0.40496730669026304        5.6371789333033492E-003  0.12874540173089019        3.1500954485106145E-004  0.43406175348916476        6.0654659678427494E-003
 0.1400  0.45096212697714327        6.0262479495369605E-003  0.13675844957984845        2.4357141061352546E-004  0.43392635649480271        5.8114586141731952E-003
 0.1600  0.49610624119590324        6.4798065627439706E-003  0.14410260062114541        1.9189928416700008E-004  0.43284878999501930        5.6609216354480364E-003
 0.1800  0.54054975184077092        6.9794629110620345E-003  0.15089519914742680        1.5301945202808251E-004  0.43117471935429474        5.5715267952090473E-003
 0.2000  0.58440596941299261        7.5123987476692997E-003  0.15721651335168002        1.2338191737858387E-004  0.42910584727192758        5.5186221854755637E-003
 0.2200  0.62776887535014325        8.0656831188171945E-003  0.16312549717597688        1.0077315255738482E-004  0.42676371078680669        5.4847182963597488E-003
 0.2400  0.67071781162041888        8.6252055088649540E-003  0.16866754108274623        8.3578308189063440E-005  0.42422527108173613        5.4564067480112090E-003
 0.2600  0.71332036725726500        9.1768743995845996E-003  0.17387880324130808        7.0525959132899181E-005  0.42154153100819469        5.4238102298542869E-003
 0.2800  0.75563563890032992        9.7086175162320616E-003  0.17878887008381145        6.0596637630054084E-005  0.41874710783286750        5.3806476405795830E-003
 0.3000  0.79771753301001491        1.0212218085852277E-002  0.18342249672753411        5.2982491371550391E-005  0.41586539950384771        5.3241633052129433E-003
 0.3200  0.83961726009929993        1.0684283670774820E-002  0.18780079272054215        4.7059605506525594E-005  0.41291184335264541        5.2546336391834760E-003
 0.3400  0.88138447761713845        1.1126029581934824E-002  0.19194205271395440        4.2360656422991959E-005  0.40989642085260491        5.1744659240346305E-003
 0.3600  0.92306716793633492        1.1542089811422370E-002  0.19586235103555100        3.8545767286468145E-005  0.40682574253511045        5.0871321336809477E-003
 0.3800  0.96471079325557041        1.1938901111062081E-002  0.19957597532912311        3.5373767721382589E-005  0.40370468445126506        4.9962267638322590E-003
 0.4000   1.0063573791171601        1.2323240584788758E-002  0.20309574850041276        3.2676389002493117E-005  0.40053749206627359        4.9048444333950605E-003


# triplet j3 / nf 2 / mode 2 / nplat  8 / jkb  20 / start  2001 / nmeas  2000
 0.0010  0.17013000211023957        2.1099236057626661E-002   2.9231894738584951E-003   2.2036148612898131E-004   1.4212241334241097E-002   1.8421842399140122E-003
 0.0020  0.17027764715697022        2.1113466667369279E-002   5.8397983487343550E-003   4.3891047351396598E-004   2.8383848529306002E-002   3.6775216000733313E-003
 0.0030  0.17052332156325126        2.1137134843196036E-002   8.7433256891937955E-003   6.5387016170867778E-004   4.2474685294143819E-002   5.4992698705273969E-003
 0.0040  0.17086642301774990        2.1170167703769362E-002   1.1627427782055236E-002   8.6353386040817189E-004   5.6445599639593898E-002   7.3008933919191501E-003
 0.0050  0.17130611981734539        2.1212462624803988E-002   1.4485991580943281E-002   1.0662969022355901E-003   7.0258882208430115E-002   9.0761567597930620E-003
 0.0060  0.17184136170034420        2.1263886999825753E-002   1.7313202211883150E-002   1.2606849854256018E-003   8.3878685977211195E-002   1.0819207878526861E-002
 0.0070  0.17247088306097844        2.1324280458033432E-002   2.0103602976023250E-002   1.4453780728933953E-003   9.7271403062123452E-002   1.2524650590742802E-002
 0.0080  0.17319322019349151        2.1393453430354051E-002   2.2852146605593249E-002   1.6192292120299882E-003  0.11040598201120397        1.4187600385026316E-002
 0.0090  0.17400672582433463        2.1471188361740882E-002   2.5554236887876790E-002   1.7812778992699536E-003  0.12325418533110269        1.5803725863678720E-002
 0.0100  0.17490958562262615        2.1557240988352558E-002   2.8205760147533163E-002   1.9307578764562929E-003  0.13579078256540658        1.7369274652256610E-002
 0.0200  0.18836768618377817        2.2805063511932934E-002   5.1394439576403050E-002   2.6962034804319081E-003  0.24070308686990011        2.9817271004559220E-002
 0.0400  0.23202718051607690        2.6296111070196571E-002   8.0681963388997135E-002   1.9003242054396929E-003  0.34625364975980721        3.9452922257016250E-002
 0.0600  0.28562411365476581        2.9981120851966140E-002   9.7562867286627969E-002   1.0161989878903546E-003  0.37882447583315920        3.9813000118594705E-002
 0.0800  0.34060743841211683        3.3863578230601210E-002  0.10976936020059078        6.1138932355893425E-004  0.38908673932595123        3.8698618176913772E-002
 0.1000  0.39384940707247096        3.7566409127653362E-002  0.11987183805532836        4.2258968943679104E-004  0.39313651560147705        3.7504814144226947E-002
 0.1200  0.44505378518064320        4.0916185011628567E-002  0.12874540173089019        3.1500954485106145E-004  0.39496533924863064        3.6314499913408925E-002
 0.1400  0.49478865623465657        4.4140145010059348E-002  0.13675844957984845        2.4357141061352546E-004  0.39549078219678069        3.5283529621275275E-002
 0.1600  0.54387820892948024        4.7726767217847021E-002  0.14410260062114541        1.9189928416700008E-004  0.39482917808620493        3.4648313558108393E-002
 0.1800  0.59275624731391796        5.1955950279614978E-002  0.15089519914742680        1.5301945202808251E-004  0.39319937765842849        3.4465076012853181E-002
 0.2000  0.64115903524586315        5.6527862022915931E-002  0.15721651335168002        1.2338191737858387E-004  0.39112295837735744        3.4483743324058215E-002
 0.2200  0.68842988879990608        6.0716861528662180E-002  0.16312549717597688        1.0077315255738482E-004  0.38915941785722769        3.4322570502850903E-002
 0.2400  0.73406063627930440        6.3877229357210477E-002  0.16866754108274623        8.3578308189063440E-005  0.38761844920091520        3.3730310164841619E-002
 0.2600  0.77796866598321801        6.5772276350866535E-002  0.17387880324130808        7.0525959132899181E-005  0.38651191604603991        3.2677205146203002E-002
 0.2800  0.82041438731906513        6.6532414045197261E-002  0.17878887008381145        6.0596637630054084E-005  0.38568343419591455        3.1277493857929647E-002
 0.3000  0.86178908926835807        6.6450330217399739E-002  0.18342249672753411        5.2982491371550391E-005  0.38494699536991939        2.9682320360072303E-002
 0.3200  0.90246322261988854        6.5822110013254997E-002  0.18780079272054215        4.7059605506525594E-005  0.38415738380102615        2.8018966594618586E-002
 0.3400  0.94272785473248932        6.4880674512928310E-002  0.19194205271395440        4.2360656422991959E-005  0.38322442787353994        2.6374410393565799E-002
 0.3600  0.98279228993278445        6.3787929295582635E-002  0.19586235103555100        3.8545767286468145E-005  0.38210259670551977        2.4800318116884202E-002
 0.3800   1.0228012753952176        6.2648672519667548E-002  0.19957597532912311        3.5373767721382589E-005  0.38077608597767953        2.3323339397709635E-002
 0.4000   1.0628538448593223        6.1527437615908051E-002  0.20309574850041276        3.2676389002493117E-005  0.37924674469924596        2.1954197248442577E-002


