# triplet j1 / nf 1 / mode 2 / nplat  4 / jkb  20 / start     1 / nmeas 10000
 0.0010   8.4716876900761656E-002   1.3261124844679381E-002   6.8723971022775193E-002   9.2893952832455318E-003  0.13838823927036509        2.3595417444794181E-002
 0.0020  0.11388883301490309        1.4085118616326182E-002   6.9741989963831380E-002   8.8780238877318989E-003  0.14665471163554603        2.0398467556834197E-002
 0.0030  0.13226613186766417        1.3279427132373262E-002   7.0741687200321979E-002   8.4847912840694834E-003  0.15576313489565877        1.8215930043915522E-002
 0.0040  0.14523951348097544        1.2128404224875034E-002   7.1723388330294152E-002   8.1090439266581042E-003  0.16492656245355367        1.6631377652805590E-002
 0.0050  0.15499675048219208        1.0979840603461142E-002   7.2687434144758978E-002   7.7501330770574708E-003  0.17394304804443070        1.5421490307985916E-002
 0.0060  0.16267729905795167        9.9378819859456159E-003   7.3634178447244236E-002   7.4074169506923252E-003  0.18272728131933594        1.4459604115987772E-002
 0.0070  0.16895705514473552        9.0275314883056720E-003   7.4563985979262087E-002   7.0802626532374870E-003  0.19122833537659653        1.3668481406806612E-002
 0.0080  0.17426437099829306        8.2451290510106388E-003   7.5477230456901412E-002   6.7680479052817004E-003  0.19941570867180503        1.2998457132037523E-002
 0.0090  0.17888087369466424        7.5772188184471487E-003   7.6374292722129589E-002   6.4701625573755491E-003  0.20727453324840195        1.2416606048108299E-002
 0.0100  0.18299630486699828        7.0081384510717751E-003   7.7255559010924957E-002   6.1860099007068573E-003  0.21480161738953646        1.1900694337442190E-002
 0.0200  0.21294047002870631        4.3129188841670224E-003   8.5285385261105628E-002   3.9798232178224211E-003  0.27428944461576849        8.4747408878511309E-003
 0.0400  0.25908226424723813        3.3046809872137382E-003   9.8176059044362968E-002   1.7593194455031720E-003  0.34206615578840555        5.3320704690189768E-003
 0.0600  0.30194747582966969        2.9960367498222673E-003  0.10856975418345192        8.6409140245096458E-004  0.37801901563762774        4.0412589542402778E-003
 0.0800  0.34441863262123990        1.3824487484863025E-003  0.11760394931284046        4.7132020080141505E-004  0.39827615544073702        1.7867682550335863E-003
 0.1000  0.38608472637168528        1.2654484557439937E-003  0.12578882402578823        2.8294208874386637E-004  0.41082172819721885        1.4235929032694117E-003
 0.1200  0.42753549047752010        1.1526489012104958E-003  0.13335705762438571        1.8472468145818802E-004  0.41844795628673109        1.1647797536773088E-003
 0.1400  0.46801454096561212        1.8365033503043027E-003  0.14042606493924739        1.2964699047131485E-004  0.42368543263868103        1.6740190930896954E-003
 0.1600  0.50910476051328757        1.7165045007212993E-003  0.14706416254760918        9.6813760292424432E-005  0.42610954065612960        1.4435067279197822E-003
 0.1800  0.55007341792655406        1.5233589330075849E-003  0.15331711874853962        7.6157325183039590E-005  0.42709640569883933        1.1875366840789045E-003
 0.2000  0.59170069076824716        6.5153650483761364E-004  0.15921917300435193        6.2460072290366166E-005  0.42650644800119997        4.7702976083506326E-004
 0.2200  0.63255376374836758        7.3134882870198696E-004  0.16479791398676499        5.2875604099415583E-005  0.42570107719913397        4.9690437833667378E-004
 0.2400  0.67318959377125698        5.5969820622526524E-004  0.17007663505084819        4.5804983754876494E-005  0.42442949037244115        3.5747444395576309E-004
 0.2600  0.71384529500464700        5.1061511186537153E-004  0.17507559107967918        4.0333812122594998E-005  0.42267870780205624        3.0623820875245832E-004
 0.2800  0.75452433480663383        5.9286211924732739E-004  0.17981273907743245        3.5929782508293867E-005  0.42056293098040221        3.3311495296422524E-004
 0.3000  0.79512694099430359        5.4918030217960764E-004  0.18430421387672200        3.2275275876460197E-005  0.41822191751673471        2.9117050212218952E-004
 0.3200  0.83573645763692661        5.1276479796319723E-004  0.18856465519323601        2.9174239761025872E-005  0.41567201302557294        2.5705409236468420E-004
 0.3400  0.87637884466911176        5.1211144354317733E-004  0.19260744429654050        2.6500419887961122E-005  0.41295155450514687        2.4297446430675634E-004
 0.3600  0.91706699351548049        4.8410951686026475E-004  0.19644488207787791        2.4168544683911906E-005  0.41009601079130320        2.1795003785091832E-004
 0.3800  0.95782093820118597        4.6077252796972233E-004  0.20008832724022391        2.2118078156521810E-005  0.40713022599627213        1.9714386732239310E-004
 0.4000  0.99862691676199322        3.7711415445680900E-004  0.20354830635754828        2.0304066048811234E-005  0.40408755218453468        1.5392181440737526E-004


# triplet j3 / nf 1 / mode 2 / nplat  4 / jkb  20 / start     1 / nmeas 10000
 0.0010  0.18523493973464070        5.8195380112843380E-003   6.8723971022775193E-002   9.2893952832455318E-003   6.3291620077592758E-002   4.7171328387290183E-003
 0.0020  0.18155351737270806        5.6584327354517764E-003   6.9741989963831380E-002   8.8780238877318989E-003   9.1996752285561811E-002   6.5198175139105398E-003
 0.0030  0.18053849978455846        5.4811471785793792E-003   7.0741687200321979E-002   8.4847912840694834E-003  0.11411520182573313        7.6705096141958043E-003
 0.0040  0.18083966581853636        5.2830340595047941E-003   7.1723388330294152E-002   8.1090439266581042E-003  0.13245906854793876        8.4286981738404005E-003
 0.0050  0.18184948696589789        4.9745472622513632E-003   7.2687434144758978E-002   7.7501330770574708E-003  0.14825781290716800        8.8836180164354444E-003
 0.0060  0.18330722269123112        4.7594461027127269E-003   7.3634178447244236E-002   7.4074169506923252E-003  0.16216262596102310        9.1791948288862529E-003
 0.0070  0.18506353598338163        4.5608463900404248E-003   7.4563985979262087E-002   7.0802626532374870E-003  0.17458531867866678        9.3390944220303751E-003
 0.0080  0.18747468380967180        5.0413909627438826E-003   7.5477230456901412E-002   6.7680479052817004E-003  0.18536397732587165        9.6910239519182630E-003
 0.0090  0.18967992984987581        4.9241785838067985E-003   7.6374292722129589E-002   6.4701625573755491E-003  0.19547376273005382        9.7112632379384584E-003
 0.0100  0.19194712919655910        4.8195574991972958E-003   7.7255559010924957E-002   6.1860099007068573E-003  0.20478504901986613        9.6777639394623038E-003
 0.0200  0.21499395675000410        4.1420878866353971E-003   8.5285385261105628E-002   3.9798232178224211E-003  0.27166960478015123        8.2203361927052875E-003
 0.0400  0.26058420383390446        2.4871519829797470E-003   9.8176059044362968E-002   1.7593194455031720E-003  0.34009457541983934        4.4522514792296923E-003
 0.0600  0.30250381442003293        1.8985993546210219E-003  0.10856975418345192        8.6409140245096458E-004  0.37732379608578986        2.8040916543037972E-003
 0.0800  0.34426367870343005        1.4749856619418679E-003  0.11760394931284046        4.7132020080141505E-004  0.39845542050549265        1.8846577096120508E-003
 0.1000  0.38587773717852025        1.1970712779002270E-003  0.12578882402578823        2.8294208874386637E-004  0.41104209762997229        1.3563487156633999E-003
 0.1200  0.42732673378634523        1.0054010398126629E-003  0.13335705762438571        1.8472468145818802E-004  0.41865237553756829        1.0267835323901969E-003
 0.1400  0.46860430022372251        8.9580085923104079E-004  0.14042606493924739        1.2964699047131485E-004  0.42315220576409651        8.3216357916449481E-004
 0.1600  0.50973635231875603        7.8634816998610741E-004  0.14706416254760918        9.6813760292424432E-005  0.42558156714024026        6.7130449431140448E-004
 0.1800  0.55074241695164250        6.9862857916451742E-004  0.15331711874853962        7.6157325183039590E-005  0.42657760222513413        5.5139706496891189E-004
 0.2000  0.59163072733163702        6.5348911726559127E-004  0.15921917300435193        6.2460072290366166E-005  0.42655688462570246        4.7852691051196065E-004
 0.2200  0.63242086770420125        5.9132962745632391E-004  0.16479791398676499        5.2875604099415583E-005  0.42579053343318024        4.0394239245221554E-004
 0.2400  0.67313862036759109        5.3915685568610677E-004  0.17007663505084819        4.5804983754876494E-005  0.42446163028402228        3.4474793195595838E-004
 0.2600  0.71398128989035503        6.1435431445794276E-004  0.17507559107967918        4.0333812122594998E-005  0.42259819848987579        3.6687385922162249E-004
 0.2800  0.75458684413859789        6.1121520394952407E-004  0.17981273907743245        3.5929782508293867E-005  0.42052809190512724        3.4320902059207457E-004
 0.3000  0.79517934549460823        5.6925810133050280E-004  0.18430421387672200        3.2275275876460197E-005  0.41819435554505108        3.0161065671199783E-004
 0.3200  0.83578151595259476        5.3408984592521829E-004  0.18856465519323601        2.9174239761025872E-005  0.41564960348382091        2.6755190920143857E-004
 0.3400  0.87641328217732573        5.0467114461521232E-004  0.19260744429654050        2.6500419887961122E-005  0.41293532811647904        2.3947428786489790E-004
 0.3600  0.91700635441765077        3.8599007163037775E-004  0.19644488207787791        2.4168544683911906E-005  0.41012312930798317        1.7446445534049086E-004
 0.3800  0.95784520679943119        4.9055686220244731E-004  0.20008832724022391        2.2118078156521810E-005  0.40711991067619946        2.0971563225394226E-004
 0.4000  0.99868320809909283        4.6994041120298666E-004  0.20354830635754828        2.0304066048811234E-005  0.40406477556384729        1.9120176862166360E-004


