# triplet j1 / nf 0 / mode 2 / nplat  4 / jkb  20 / start     1 / nmeas 10000
 0.0010  0.10950154786410041        3.8024910604528088E-003   3.0374067551093877        1.8121182001559304E-002  0.71178071469496007        2.4807937399462875E-002
 0.0020  0.11919397357505890        4.5436106236937928E-003   1.5789160999932350        8.9505251633079722E-003  0.66673802484752764        2.5485858885089703E-002
 0.0030  0.12789037993995300        4.3214968218776174E-003   1.0851942402549937        5.9902041087640610E-003  0.63094497755491441        2.1391028617309252E-002
 0.0040  0.13565373684264823        4.0793333512730220E-003  0.83568109701751236        4.5251766955817663E-003  0.60274486764301904        1.8198856024277538E-002
 0.0050  0.14255408688408575        3.8651931536772925E-003  0.68474717266920571        3.6430349222264869E-003  0.58047758101993840        1.5814560787178640E-002
 0.0060  0.14871728408554408        3.6748873112643779E-003  0.58348992920995402        3.0487047085880673E-003  0.56265976403931983        1.3981124618531892E-002
 0.0070  0.15428345437043336        3.5065948736460952E-003  0.51081848611011127        2.6191098862185275E-003  0.54812292497320092        1.2536880724112074E-002
 0.0080  0.16097277845060282        2.1042432179536365E-003  0.45612581075056607        2.2936307906896514E-003  0.53070096249980436        7.0645008730584507E-003
 0.0090  0.16561571267397826        2.0071525922161428E-003  0.41348683630602262        2.0386340086697586E-003  0.52091343522894162        6.4424042773279875E-003
 0.0100  0.16998770516692291        1.9277641983805941E-003  0.37932837293068078        1.8337554590814524E-003  0.51239531591640652        5.9413963157044858E-003
 0.0200  0.20586740503139181        1.5563304577502542E-003  0.22646254936731144        9.1850311114814449E-004  0.46231778573524474        3.6186263786434228E-003
 0.0400  0.26165303307035925        1.5962712538581147E-003  0.15670015255808772        4.7808547039824689E-004  0.42791147194735613        2.6909419634173629E-003
 0.0600  0.30982433199543052        1.3956551133567797E-003  0.14046813333666644        3.2442381461581464E-004  0.41904822615619725        1.9487124338114878E-003
 0.0800  0.35475403177613474        1.1914060555549956E-003  0.13729294079386645        2.4023885930150019E-004  0.41778876336779397        1.4499332487457803E-003
 0.1000  0.39794227684046135        1.0163468595369902E-003  0.13891094146235333        1.8629490215194203E-004  0.41885446052365338        1.1060129084879034E-003
 0.1200  0.44006339930147997        8.7255056749892994E-004  0.14258790191052459        1.4906470970449889E-004  0.42036999641575190        8.6197981904667675E-004
 0.1400  0.48149319808757834        8.0953691194207884E-004  0.14718989594866078        1.2210280388157612E-004  0.42162646038291285        7.3013588146378133E-004
 0.1600  0.52244581769741338        7.0550934138335355E-004  0.15218209037390829        1.0185135699001292E-004  0.42239182564033623        5.8764920606584460E-004
 0.1800  0.56306013232979424        6.2315155115708629E-004  0.15729159133238232        8.6192165049653839E-005  0.42261920181797658        4.8184247569335928E-004
 0.2000  0.60343765678214223        5.5874374508446082E-004  0.16237242875317309        7.3798460243198371E-005  0.42233174885092628        4.0265684108028809E-004
 0.2200  0.64339402991267414        4.1319655995491469E-004  0.16734472620741914        6.3803804523883547E-005  0.42175022859813271        2.8253508910393977E-004
 0.2400  0.68377895878471517        4.9595658112626146E-004  0.17216487447928988        5.5620891486366518E-005  0.42041399170045451        3.1240411353956107E-004
 0.2600  0.72383732781133681        4.6226692043619869E-004  0.17680995123691151        4.8837937626692583E-005  0.41890355730061518        2.7371012120924417E-004
 0.2800  0.76367461443639972        3.6269863855901605E-004  0.18126917338857185        4.3157406189804347E-005  0.41720320527004801        2.0427534104255045E-004
 0.3000  0.80391794731817356        4.4047137668174748E-004  0.18553902075879120        3.8358612878482354E-005  0.41503195007680266        2.3141013390405303E-004
 0.3200  0.84400036165359726        4.2278017985642640E-004  0.18962036420828896        3.4274140786760624E-005  0.41275262360044684        2.1009586472633412E-004
 0.3400  0.88413934260342619        4.0931579979459356E-004  0.19351672929594524        3.0774568139757693E-005  0.41029195144750835        1.9272755534323571E-004
 0.3600  0.92421821784254909        3.3886961774504142E-004  0.19723322358890469        2.7758287550325945E-005  0.40773853648542691        1.5222798001005350E-004
 0.3800  0.96454738157996067        3.3406278216278402E-004  0.20077586235639169        2.5144444263821926E-005  0.40498503894531973        1.4253716958975856E-004
 0.4000   1.0051083865010413        3.9985439759331054E-004  0.20415113905922552        2.2868005138147769E-005  0.40207586089461500        1.6153210521832715E-004


# triplet j3 / nf 0 / mode 2 / nplat  4 / jkb  20 / start     1 / nmeas 10000
 0.0010  0.12117902783898045        6.8204673073944426E-003   3.0374067551093877        1.8121182001559304E-002  0.64318959632585815        3.6252233193291447E-002
 0.0020  0.12752319251245642        2.5447786267084847E-003   1.5789160999932350        8.9505251633079722E-003  0.62318981315810817        1.2560830495244214E-002
 0.0030  0.13438692503664068        2.4941689731200868E-003   1.0851942402549937        5.9902041087640610E-003  0.60044377738907595        1.1266548949893927E-002
 0.0040  0.14047663931681914        2.4074203399340991E-003  0.83568109701751236        4.5251766955817663E-003  0.58205117986982868        1.0098626822416197E-002
 0.0050  0.14585020119746328        2.2518116102780744E-003  0.68474717266920571        3.6430349222264869E-003  0.56735918661468021        8.8886453997436225E-003
 0.0060  0.15094817931046195        2.1642456508553449E-003  0.58348992920995402        3.0487047085880673E-003  0.55434409579752508        8.0788666021128722E-003
 0.0070  0.15580269453900858        2.0919910980086933E-003  0.51081848611011127        2.6191098862185275E-003  0.54277814985618433        7.4196296496262890E-003
 0.0080  0.16044058036174388        2.0238001201953689E-003  0.45612581075056607        2.2936307906896514E-003  0.53246135277863016        6.8485972368340434E-003
 0.0090  0.16488411027874464        1.9593557809652424E-003  0.41348683630602262        2.0386340086697586E-003  0.52322476478203550        6.3499794491302889E-003
 0.0100  0.16915254681578948        1.9001206455386060E-003  0.37932837293068078        1.8337554590814524E-003  0.51492516979815306        5.9166380266057758E-003
 0.0200  0.20567970274410030        1.7428131869717835E-003  0.22646254936731144        9.1850311114814449E-004  0.46273969467754816        4.0317240994093935E-003
 0.0400  0.26193398704966619        1.5931125467469054E-003  0.15670015255808772        4.7808547039824689E-004  0.42745248824619975        2.6803419780197651E-003
 0.0600  0.31000761693077361        1.7124869661942444E-003  0.14046813333666644        3.2442381461581464E-004  0.41880047344677324        2.3634711468990283E-003
 0.0800  0.35473293168306469        1.5292357398613609E-003  0.13729294079386645        2.4023885930150019E-004  0.41781361412452767        1.8378935902938305E-003
 0.1000  0.39771723634669598        1.3202572398387233E-003  0.13891094146235333        1.8629490215194203E-004  0.41909146110094270        1.4193104304118785E-003
 0.1200  0.43971531865534391        1.1463433975877602E-003  0.14258790191052459        1.4906470970449889E-004  0.42070276321681777        1.1186060384096380E-003
 0.1400  0.48176757286919003        8.0949162153152456E-004  0.14718989594866078        1.2210280388157612E-004  0.42138633698211958        7.2928985781559508E-004
 0.1600  0.52266627884739292        7.0857696396585651E-004  0.15218209037390829        1.0185135699001292E-004  0.42221366035324714        5.8957344511220212E-004
 0.1800  0.56323679464939091        6.2862850072865830E-004  0.15729159133238232        8.6192165049653839E-005  0.42248664498005595        4.8553781192265804E-004
 0.2000  0.60358042751004126        5.6595840724965986E-004  0.16237242875317309        7.3798460243198371E-005  0.42223185062949609        4.0737501622762533E-004
 0.2200  0.64377038739195169        5.1731164784470942E-004  0.16734472620741914        6.3803804523883547E-005  0.42150366731474881        3.4810677836341831E-004
 0.2400  0.68387657449690342        5.1876690002028284E-004  0.17216487447928988        5.5620891486366518E-005  0.42035398231755683        3.2601658990748759E-004
 0.2600  0.72392077375307218        4.8316771829306793E-004  0.17680995123691151        4.8837937626692583E-005  0.41885527052241700        2.8547963821842472E-004
 0.2800  0.76394465971719006        4.5616455529889867E-004  0.18126917338857185        4.3157406189804347E-005  0.41705572893746196        2.5393184499608086E-004
 0.3000  0.80397883416799421        4.3578488809448309E-004  0.18553902075879120        3.8358612878482354E-005  0.41500051891600442        2.2899898203959995E-004
 0.3200  0.84404962765169234        4.2040101435453589E-004  0.18962036420828896        3.4274140786760624E-005  0.41272853180619462        2.0892693568746995E-004
 0.3400  0.88395498273107131        3.5067113547500490E-004  0.19351672929594524        3.0774568139757693E-005  0.41037752296786267        1.6603761047028387E-004
 0.3600  0.92418895492909203        3.4460570007860316E-004  0.19723322358890469        2.7758287550325945E-005  0.40775144685125919        1.5472358248791576E-004
 0.3800  0.96452032026171219        3.4014447134338952E-004  0.20077586235639169        2.5144444263821926E-005  0.40499640151466593        1.4505867922360454E-004
 0.4000   1.0049666580196714        3.3681278662539446E-004  0.20415113905922552        2.2868005138147769E-005  0.40213256486653820        1.3664294945147100E-004


