# triplet j1 / nf 5 / mode 2 / nplat  4 / jkb  20 / start     1 / nmeas 10000
 0.0010                       NaN                       NaN   1.0638138967254036E-003   3.9555190752160009E-005                       NaN                       NaN
 0.0020  -100.00000000000000        106.17307741562107        2.1275120771220247E-003   7.9061903427342397E-005  -2.9171987091194351E-005   3.0977539063539343E-005
 0.0030  -99.999999999999986        114.91950294427502        3.1909795178976254E-003   1.1847144711579260E-004  -4.3756001996738406E-005   5.0290740019462356E-005
 0.0040  0.47051282814269613        82.965945309053694        4.2541020228764716E-003   1.5773497062723181E-004   1.2398737785072280E-002   2.1862804691717304     
 0.0050  -100.00000000000000        106.40799999601646        5.3167662978473220E-003   1.9680354123155817E-004  -7.2916159373950307E-005   7.7600362248971626E-005
 0.0060  -100.00000000000000        106.50329769254485        6.3788600217331284E-003   2.3562822307130661E-004  -8.7490753946229956E-005   9.3194548348353245E-005
 0.0070  0.43939015358850636        82.755476645327647        7.4402719140892878E-003   2.7416015531748838E-004   2.3227801244214925E-002   4.3747629683692759     
 0.0080  0.45601802465368846        82.795424144181524        8.5008917989708426E-003   3.1235063023322398E-004   2.5574681070005625E-002   4.6433835131658530     
 0.0090  -100.00000000000000        106.11671559181843        9.5606106652413626E-003   3.5015117130082101E-004  -1.3118345626425023E-004   1.3922830106150781E-004
 0.0100  0.45283650266384079        82.767745241892968        1.0619320723428088E-002   3.8751361165085440E-004   3.2182660141224402E-002   5.8822250710309456     
 0.0200  0.45978062329302555        82.803076878588683        2.1128195029848938E-002   7.2682899311388822E-004   6.3228157949627092E-002   11.386921897612904     
 0.0400  -100.00000000000001        115.45204611313710        4.1438670338063428E-002   1.1035690148953345E-003  -5.7576849749227106E-004   6.6478072211478476E-004
 0.0600  0.47840894695483327        82.776166164300065        6.0365498789289367E-002   1.0641877296912895E-003  0.17790400568254225        30.781639115483440     
 0.0800  0.41308274892998781        1.2566327957163616E-002   7.7676687972350875E-002   1.2666299599590879E-003  0.26987849690036048        8.4996861501214476E-003
 0.1000  0.43036711178419296        1.0401769360980685E-002   9.3404409459526300E-002   1.9438236707086116E-003  0.31758472933336135        8.3569977343833802E-003
 0.1200  0.45119871191671673        1.0717113923311632E-002  0.10763697799009392        2.4048303108752532E-003  0.35622017914699966        9.3501842871408190E-003
 0.1400  0.47860207270371924        1.3723519891948468E-002  0.12037788122770617        2.4145487961696427E-003  0.38359928418798833        1.1652771180996465E-002
 0.1600  0.50833359470749750        1.1895449497765326E-002  0.13159839226309339        2.0985476898215017E-003  0.40369323220933673        9.9800803791788087E-003
 0.1800  0.53538148541751729        8.1146198526510730E-003  0.14136503756317845        1.6587746509672979E-003  0.42136543632880202        6.8482879285948232E-003
 0.2000  0.57066917745122980        6.7378196823331682E-003  0.14986691171637856        1.2379408692172952E-003  0.42904066613332598        5.3666163074021916E-003
 0.2200  0.60815796191956406        5.7810944204615333E-003  0.15734422928910421        8.9701592807976715E-004  0.43264864823570170        4.2936448981800070E-003
 0.2400  0.64723177317595637        5.0842701831702256E-003  0.16401719330859388        6.4352603529231297E-004  0.43351634615120976        3.5100361316663608E-003
 0.2600  0.68730708137282104        4.4939482659615611E-003  0.17005759455645097        4.6293449047137849E-004  0.43266211525987341        2.8896009880970378E-003
 0.2800  0.72795669790507889        4.1038226095083076E-003  0.17558998883128188        3.3655774245917571E-004  0.43076295030268680        2.4632466481028514E-003
 0.3000  0.76904858164516599        3.7748952578061114E-003  0.18070271395117168        2.4840457043526714E-004  0.42815812242880380        2.1221294849582536E-003
 0.3200  0.81042409833386031        3.4780436662876385E-003  0.18545889832214982        1.8657595999743863E-004  0.42511015385230361        1.8369060227868895E-003
 0.3400  0.85195174473584745        3.2023300879215066E-003  0.18990474344222655        1.4274653876934190E-004  0.42180076788774323        1.5933773672685292E-003
 0.3600  0.89360026617527211        2.9589036428278740E-003  0.19407514245520729        1.1124895649710631E-004  0.41831931296866937        1.3903249719367896E-003
 0.3800  0.93536124126604858        2.7276008675701300E-003  0.19799734225119606        8.8264082003093234E-005  0.41472203078326231        1.2128958542343116E-003
 0.4000  0.97721596704250424        2.5086809048839140E-003  0.20169330552536066        7.1219739243402383E-005  0.41105523247762565        1.0577418914882522E-003


# triplet j3 / nf 5 / mode 2 / nplat  4 / jkb  20 / start     1 / nmeas 10000
 0.0010  0.37600214341005761        4.0510087904984164E-002   1.0638138967254036E-003   3.9555190752160009E-005   3.8793369838949223E-003   4.2413274799255773E-004
 0.0020  0.37601951201147971        4.0491022652282230E-002   2.1275120771220247E-003   7.9061903427342397E-005   7.7581046087586390E-003   8.4776387580304138E-004
 0.0030  0.37604838819505437        4.0458949121607274E-002   3.1909795178976254E-003   1.1847144711579260E-004   1.1635737147221168E-002   1.2703835716781746E-003
 0.0040  0.37608871380772446        4.0413637683356651E-002   4.2541020228764716E-003   1.5773497062723181E-004   1.5511673087952812E-002   1.6914740342394892E-003
 0.0050  0.37614043135288905        4.0354872811520844E-002   5.3167662978473220E-003   1.9680354123155817E-004   1.9385355387531184E-002   2.1105105920562312E-003
 0.0060  0.37620348395305908        4.0282454488881014E-002   6.3788600217331284E-003   2.3562822307130661E-004   2.3256231714522520E-002   2.5269629122177083E-003
 0.0070  0.37627781567297380        4.0196199601962454E-002   7.4402719140892878E-003   2.7416015531748838E-004   2.7123754659746067E-002   2.9402962896544491E-003
 0.0080  0.37636337160839528        4.0095943341748541E-002   8.5008917989708426E-003   3.1235063023322398E-004   3.0987381935845895E-002   3.3499730207114720E-003
 0.0090  0.37646009798102997        3.9981540438136745E-002   9.5606106652413626E-003   3.5015117130082101E-004   3.4846576560913667E-002   3.7554538423614811E-003
 0.0100  0.37656794244345704        3.9852866701517400E-002   1.0619320723428088E-002   3.8751361165085440E-004   3.8700807004991684E-002   4.1561994665011339E-003
 0.0200  0.37824755267509436        3.7771251355890760E-002   2.1128195029848938E-002   7.2682899311388822E-004   7.6857290063475386E-002   7.7878795062685299E-003
 0.0400  0.38479309144656276        2.9825953859451190E-002   4.1438670338063428E-002   1.1035690148953345E-003  0.14963067432623842        1.1768018370370944E-002
 0.0600  0.38303804258315749        1.7340074580036696E-002   6.0365498789289367E-002   1.0641877296912895E-003  0.22219951690347872        1.0247843956885048E-002
 0.0800  0.40135206273936064        1.0271403368902598E-002   7.7676687972350875E-002   1.2666299599590879E-003  0.27776648415805200        7.4606319899602515E-003
 0.1000  0.42153415339079259        8.6376952872205606E-003   9.3404409459526300E-002   1.9438236707086116E-003  0.32423949900745763        7.4515681011197051E-003
 0.1200  0.45092096316311153        1.1465872158161040E-002  0.10763697799009392        2.4048303108752532E-003  0.35643959611549242        9.8995183951605826E-003
 0.1400  0.46894827047496429        1.0563329514056424E-002  0.12037788122770617        2.4145487961696427E-003  0.39149608615484943        9.6532420431067623E-003
 0.1600  0.49845264196054001        9.3933425345305785E-003  0.13159839226309339        2.0985476898215017E-003  0.41169574521847185        8.4242624892753946E-003
 0.1800  0.53179204873109676        7.8791646241230390E-003  0.14136503756317845        1.6587746509672979E-003  0.42420952653127325        6.7600270973640344E-003
 0.2000  0.57721110766055528        7.3283679468667253E-003  0.14986691171637856        1.2379408692172952E-003  0.42417805337768699        5.6632239587329995E-003
 0.2200  0.60631315230676830        5.6236768175554775E-003  0.15734422928910421        8.9701592807976715E-004  0.43396505442315070        4.2109070490231370E-003
 0.2400  0.64587757374833232        4.9564811702151879E-003  0.16401719330859388        6.4352603529231297E-004  0.43442529176518518        3.4409990672855974E-003
 0.2600  0.68627430007499290        4.4802576758691415E-003  0.17005759455645097        4.6293449047137849E-004  0.43331323295562618        2.8896611520706100E-003
 0.2800  0.72720000421318376        4.1146998832497965E-003  0.17558998883128188        3.3655774245917571E-004  0.43121118408336295        2.4746627252017544E-003
 0.3000  0.76846323329125532        3.8086180011813113E-003  0.18070271395117168        2.4840457043526714E-004  0.42848425599163387        2.1439560291684786E-003
 0.3200  0.80994487330031306        3.5342902263521088E-003  0.18545889832214982        1.8657595999743863E-004  0.42536168137529545        1.8684074131273759E-003
 0.3400  0.85157263824465101        3.2787366910985907E-003  0.18990474344222655        1.4274653876934190E-004  0.42198854682980447        1.6324685497064568E-003
 0.3600  0.89330487643637335        3.0369633514792998E-003  0.19407514245520729        1.1124895649710631E-004  0.41845763890407350        1.4276746424367515E-003
 0.3800  0.93512016975593015        2.8077675384418337E-003  0.19799734225119606        8.8264082003093234E-005  0.41482894502752077        1.2489818031196692E-003
 0.4000  0.97701053588416986        2.5914327552814232E-003  0.20169330552536066        7.1219739243402383E-005  0.41114166302207306        1.0929295871919015E-003


