# triplet j1 / nf 2 / mode 2 / nplat  4 / jkb  20 / start     1 / nmeas 10000
 0.0010                       NaN                       NaN   1.4869974578008954E-003   2.0952818047687789E-004                       NaN                       NaN
 0.0020  0.76181350226772171        131.50366774078037        2.9740023612913401E-003   4.1870063206851714E-004   4.5274325032822480E-003  0.78152202259847225     
 0.0030  0.41771785034793213       0.24270221334462883        4.4610199413662446E-003   6.2716174508938081E-004   1.2385389617896160E-002   7.2486261927895623E-003
 0.0040  0.34525963106784840        7.8780922211345542E-002   5.9480510171476377E-003   8.3455616750084227E-004   1.9979588249498640E-002   4.7695217389806645E-003
 0.0050  0.31753479219679781        4.4353181067530625E-002   7.4350898345820838E-003   1.0405289813908865E-003   2.7155124130973752E-002   4.2423589550665934E-003
 0.0060  0.30388470557080999        3.1195136592989038E-002   8.9221219582497433E-003   1.2447259353953735E-003   3.4049901350492934E-002   4.2259912180938166E-003
 0.0070  0.29612540771878215        2.4963718275264179E-002   1.0409122233833770E-002   1.4467937496248052E-003   4.0765746582251378E-002   4.4538218156160948E-003
 0.0080  0.29129174584378348        2.1642969699834154E-002   1.1896052838430263E-002   1.6463805079362185E-003   4.7362351338914969E-002   4.8088376951907390E-003
 0.0090  0.28809832753691983        1.9713987233418700E-002   1.3382861435522931E-002   1.8431361502513103E-003   5.3872856791517952E-002   5.2299245979534441E-003
 0.0100  0.28591251836624260        1.8506817721080145E-002   1.4869479450986954E-002   2.0367130751715451E-003   6.0315607927080052E-002   5.6838360853469997E-003
 0.0200  0.52896392705134709        67.721911846576688        2.9695805433196561E-002   3.7247412223115270E-003   6.5155561837426976E-002   8.3417025600746797     
 0.0400  0.29568740268125165        1.0109596474830526E-002   5.8186907792427772E-002   5.0583711451549435E-003  0.23074102108710368        1.2760436247623229E-002
 0.0600  0.32217621640668664        6.2218893785501361E-003   8.2391977967171182E-002   3.9836290010978291E-003  0.30863104591073209        9.5495246182851507E-003
 0.0800  0.35212754564931492        4.5307888378291099E-003  0.10085790235464073        2.4296785967654324E-003  0.36075715836207745        6.3583432529055921E-003
 0.1000  0.38672737475977570        3.3860919454308715E-003  0.11475831832867509        1.3693866955966885E-003  0.39174383500822435        4.1506583002297393E-003
 0.1200  0.42401470477428693        2.6272639967289861E-003  0.12573955599408554        7.7974270240209931E-004  0.40969500017509269        2.8386368326175932E-003
 0.1400  0.46287268235757156        2.0397023640811467E-003  0.13491584227773976        4.6330215559204962E-004  0.41990296344278560        1.9858512353989957E-003
 0.1600  0.50263783939018170        1.6892348685544846E-003  0.14291761478688714        2.8917926372498654E-004  0.42546387285523307        1.4932573110194582E-003
 0.1800  0.54199584314047267        2.2192713224928997E-003  0.15009503393198853        1.8941065603831608E-004  0.42888262894578050        1.7768426656316941E-003
 0.2000  0.58261033366948500        1.9835932521745257E-003  0.15665035097834451        1.2999829404887771E-004  0.42965265361657190        1.4736468851363153E-003
 0.2200  0.62337470588116484        1.8393943686823421E-003  0.16270742020009807        9.3461247673485201E-005  0.42922088089230914        1.2724891970256782E-003
 0.2400  0.66425834492043290        1.6574601813496969E-003  0.16834701230533641        7.0367860507238936E-005  0.42794337383869419        1.0715451951855718E-003
 0.2600  0.70517134223576428        1.5426726696268892E-003  0.17362510448761426        5.5370305090344027E-005  0.42610171027763560        9.3463702286888256E-004
 0.2800  0.74611842464121292        1.4370653374065439E-003  0.17858269983755959        4.5316380923346859E-005  0.42384390388951337        8.1811612102369066E-004
 0.3000  0.78707367791126692        1.3383631187176286E-003  0.18325131667610170        3.8309562863294150E-005  0.42129255898726992        7.1773041301312010E-004
 0.3200  0.82804460067066332        1.2242315556976922E-003  0.18765618436364562        3.3204583648077170E-005  0.41852142763271150        6.1987444000050616E-004
 0.3400  0.86953525931687659        7.5010417549803085E-004  0.19181817801915585        2.9312607151179677E-005  0.41534801566488966        3.5970247691752169E-004
 0.3600  0.91057311320640510        6.8316277042614342E-004  0.19575503403003239        2.6220145014281771E-005  0.41229483591422428        3.1055655485663891E-004
 0.3800  0.95166599262489215        6.2604076939506818E-004  0.19948214097433606        2.3677333967012455E-005  0.40914218130039198        2.7024177923966910E-004
 0.4000  0.99282945151264579        5.7737974416043156E-004  0.20301307168335272        2.1530452170005108E-005  0.40591242282788503        2.3703757388130503E-004


# triplet j3 / nf 2 / mode 2 / nplat  4 / jkb  20 / start     1 / nmeas 10000
 0.0010  0.27400329354259328        2.0866058224091662E-002   1.4869974578008954E-003   2.0952818047687789E-004   6.2938201389688671E-003   6.5294867823039663E-004
 0.0020  0.27404497046117610        2.0846871529504651E-002   2.9740023612913401E-003   4.1870063206851714E-004   1.2585741697072290E-002   1.3044339170912023E-003
 0.0030  0.27411442102274369        2.0814951329761595E-002   4.4610199413662446E-003   6.2716174508938081E-004   1.8873864087872703E-002   1.9529977406150627E-003
 0.0040  0.27421162881476158        2.0770383838295943E-002   5.9480510171476377E-003   8.3455616750084227E-004   2.5156282750391046E-002   2.5971930883473852E-003
 0.0050  0.27433657080601259        2.0713288963693489E-002   7.4350898345820838E-003   1.0405289813908865E-003   3.1431087268726690E-002   3.2355892180908762E-003
 0.0060  0.27448921724095904        2.0643819833954916E-002   8.9221219582497433E-003   1.2447259353953735E-003   3.7696359626128377E-002   3.8667770745683251E-003
 0.0070  0.27466953173412828        2.0562161731900338E-002   1.0409122233833770E-002   1.4467937496248052E-003   4.3950172599831153E-002   4.4893745518494272E-003
 0.0080  0.27487747105648741        2.0468531240432953E-002   1.1896052838430263E-002   1.6463805079362185E-003   5.0190588394725379E-002   5.1020316982515797E-003
 0.0090  0.27511298510866466        2.0363174980135020E-002   1.3382861435522931E-002   1.8431361502513103E-003   5.6415657498470766E-002   5.7034357858443746E-003
 0.0100  0.27537601687248953        2.0246368230364700E-002   1.4869479450986954E-002   2.0367130751715451E-003   6.2623417809138784E-002   6.2923162457826677E-003
 0.0200  0.27867663078316779        1.1924126938164165E-002   2.9695805433196561E-002   3.7247412223115270E-003  0.12367359890172734        9.3894333845652815E-003
 0.0400  0.29384069551134595        9.3814349220722251E-003   5.8186907792427772E-002   5.0583711451549435E-003  0.23219116432642387        1.2522559991270945E-002
 0.0600  0.31804069847886612        6.9036358606727492E-003   8.2391977967171182E-002   3.9836290010978291E-003  0.31264420909880958        1.0157846641869337E-002
 0.0800  0.34884607852794397        5.2627944054999447E-003  0.10085790235464073        2.4296785967654324E-003  0.36415066864305812        7.0298971484174001E-003
 0.1000  0.38399934689662052        4.1388802520733910E-003  0.11475831832867509        1.3693866955966885E-003  0.39452688166119021        4.8603844305232149E-003
 0.1200  0.42171621538523435        3.4351598127811186E-003  0.12573955599408554        7.7974270240209931E-004  0.41192797006407395        3.5902960217823192E-003
 0.1400  0.46090184299354447        2.9646874341982894E-003  0.13491584227773976        4.6330215559204962E-004  0.42169848954450323        2.8074917868057500E-003
 0.1600  0.50269858245016152        1.6775327446926255E-003  0.14291761478688714        2.8917926372498654E-004  0.42541246237099789        1.4834316356487716E-003
 0.1800  0.54291088348785976        1.5516403495898288E-003  0.15009503393198853        1.8941065603831608E-004  0.42815977567148689        1.2531481808885413E-003
 0.2000  0.58342276079023148        1.3533760532144013E-003  0.15665035097834451        1.2999829404887771E-004  0.42905435424987254        1.0110816614325019E-003
 0.2200  0.62412207918438367        1.2706233803323104E-003  0.16270742020009807        9.3461247673485201E-005  0.42870689774980886        8.8142823986155788E-004
 0.2400  0.66492728123788758        1.1327122675092438E-003  0.16834701230533641        7.0367860507238936E-005  0.42751285027220454        7.3373412402368465E-004
 0.2600  0.70579233012043219        1.0145006814739218E-003  0.17362510448761426        5.5370305090344027E-005  0.42572680679905350        6.1569030905834316E-004
 0.2800  0.74669303748441906        9.1262235001707509E-004  0.17858269983755959        4.5316380923346859E-005  0.42351773752868849        5.2041301471550568E-004
 0.3000  0.78762006414882024        8.2470312969375778E-004  0.18325131667610170        3.8309562863294150E-005  0.42100030074412442        4.4301307485429992E-004
 0.3200  0.82857374748526613        7.4889134286288501E-004  0.18765618436364562        3.3204583648077170E-005  0.41825414993902765        3.7983816493565776E-004
 0.3400  0.86956073242436072        6.8363998398681606E-004  0.19181817801915585        2.9312607151179677E-005  0.41533584836679094        3.2807137700751493E-004
 0.3600  0.91058918639885245        6.7170567724295603E-004  0.19575503403003239        2.6220145014281771E-005  0.41228755832478914        3.0537909934218041E-004
 0.3800  0.95167573611209311        6.1973333908342065E-004  0.19948214097433606        2.3677333967012455E-005  0.40913799240342258        2.6753569931564874E-004
 0.4000  0.99283429546084012        5.7521898144815783E-004  0.20301307168335272        2.1530452170005108E-005  0.40591044241810609        2.3615552743609934E-004


