# triplet j1 / nf 6 / mode 2 / nplat  4 / jkb  20 / start     1 / nmeas 10000
 0.0010  -75.069174064476272        110.91812040181765        1.0625312639509273E-003   4.3139278382584374E-005  -1.9418881832839964E-005   2.8694989402342783E-005
 0.0020   3.9785629476314042        83.013650575215436        2.1249450497843729E-003   8.6230461102589155E-005   7.3278675994750762E-004   1.5289775127089593E-002
 0.0030  0.43786521437978210        82.845957001410895        3.1871239770047861E-003   1.2922550530450897E-004   9.9869910197674539E-003   1.8895810997880638     
 0.0040  0.43404500975323629        82.760292607392387        4.2489508601272928E-003   1.7207647348524034E-004   1.3432321568962147E-002   2.5611695670565440     
 0.0050  0.43059691891205870        82.745182413115856        5.3103088056079004E-003   2.1473558554248472E-004   1.6923452645660503E-002   3.2520766463311737     
 0.0060  0.43909078865422418        82.753303736522156        6.3710813080873835E-003   2.5715527007659663E-004   1.9913283208145220E-002   3.7529595831734226     
 0.0070  0.45294138630331193        82.780473951845494        7.4311523457280902E-003   2.9928821473672903E-004   2.2519051559468078E-002   4.1156269414211524     
 0.0080  -100.00000000000000        123.89937726289715        8.4904064744294599E-003   3.4108741540975061E-004  -1.1655320827453500E-004   1.4442767550928157E-004
 0.0090  0.44567939462984474        82.738599104216291        9.5487289207163619E-003   3.8250622409381215E-004   2.9416193872375238E-002   5.4609989051992534     
 0.0100  0.43172304106169707        82.694852268135961        1.0606005673102856E-002   4.2349839532526424E-004   3.3735387094220179E-002   6.4618808860846677     
 0.0200  -100.00000000000000        115.49019929624143        2.1096895649706415E-002   8.0015400641141987E-004  -2.9049540891178582E-004   3.3553895236170894E-004
 0.0400  0.42424552801228660        82.674362097165954        4.1325559016363908E-002   1.2530071392730501E-003  0.13553051509957686        26.411354215004550     
 0.0600  0.65778368127571529        95.610910847225639        6.0060640592734429E-002   1.1609475202257631E-003  0.12906322352547953        18.759742354046150     
 0.0800  0.49823811377422605        82.724585248846324        7.7033243931072595E-002   8.0084653788625195E-004  0.22282408814494636        36.996427560797457     
 0.1000  0.43488468587986295        1.1265892835714525E-002   9.2289345352212532E-002   1.1817883942122067E-003  0.31240405754420669        8.3364897090238334E-003
 0.1200  0.45953013161530915        1.2980828784219803E-002  0.10602073676041096        1.8074326515735645E-003  0.34712591397750919        1.0242332451360480E-002
 0.1400  0.48199357449047076        9.8649797647142861E-003  0.11839008191565235        2.1158310538754023E-003  0.37774213232505360        8.4359967173789074E-003
 0.1600  0.51483475079164154        1.4108438951463995E-002  0.12947752096102702        2.1040382850017474E-003  0.39537055589496017        1.1300868930588239E-002
 0.1800  0.54608685919977673        1.4007790938020107E-002  0.13933884520036077        1.8820471419848921E-003  0.41013386228760940        1.0878945991582343E-002
 0.2000  0.57958586989898797        1.1900515525488615E-002  0.14807063442747004        1.5609854226263031E-003  0.41990077409955029        8.9013005016785659E-003
 0.2200  0.60741933990558072        7.7515223520608157E-003  0.15581827062313414        1.2287470664958465E-003  0.43106911979498708        5.7576332808040726E-003
 0.2400  0.64500331524752574        6.7109029233872854E-003  0.16274464265281260        9.3668980674716646E-004  0.43332328050656338        4.6777683922295263E-003
 0.2600  0.68407222130390544        5.9081903311867480E-003  0.16899935045656089        7.0280539878773290E-004  0.43335342615271588        3.8497237326401597E-003
 0.2800  0.72410398407196519        5.1494638579540645E-003  0.17470460968101481        5.2517827927696977E-004  0.43196171684165041        3.1397570224648264E-003
 0.3000  0.76476303753487096        4.7241203742449884E-003  0.17995434616851547        3.9398289441739992E-004  0.42966492845127141        2.6954937604999427E-003
 0.3200  0.80590533961300792        4.3768371948707564E-003  0.18481902283200050        2.9822263489820525E-004  0.42675565881937627        2.3431261715773947E-003
 0.3400  0.84737274041406807        4.0681914243780315E-003  0.18935147875241448        2.2844055594051354E-004  0.42346187687804698        2.0490025576573485E-003
 0.3600  0.88902713428718894        3.7481388367476085E-003  0.19359189794588827        1.7734322207273908E-004  0.41994732634076859        1.7809161062220156E-003
 0.3800  0.93082823804098291        3.4975998135998595E-003  0.19757151892755104        1.3959670138552257E-004  0.41629329472523130        1.5711262265858299E-003
 0.4000  0.97277138281915754        3.2531904111758850E-003  0.20131524636964471        1.1140103527274558E-004  0.41254615236139597        1.3843711113534990E-003


# triplet j3 / nf 6 / mode 2 / nplat  4 / jkb  20 / start     1 / nmeas 10000
 0.0010  0.37657508849310317        5.5667145495185651E-002   1.0625312639509273E-003   4.3139278382584374E-005   3.8710989255298484E-003   5.7761515013463158E-004
 0.0020  0.37659253680825244        5.5645511713311273E-002   2.1249450497843729E-003   8.6230461102589155E-005   7.7416251430560343E-003   1.1546409869340390E-003
 0.0030  0.37662161662765620        5.5609444124609803E-002   3.1871239770047861E-003   1.2922550530450897E-004   1.1611006301326356E-002   1.7304883179671898E-003
 0.0040  0.37666232699697294        5.5558925917762549E-002   4.2489508601272928E-003   1.7207647348524034E-004   1.5478670757682746E-002   2.3045681959259394E-003
 0.0050  0.37671466650167029        5.5493934012465169E-002   5.3103088056079004E-003   2.1473558554248472E-004   1.9344047934866455E-002   2.8762920650973228E-003
 0.0060  0.37677863330315109        5.5414439558481569E-002   6.3710813080873835E-003   2.5715527007659663E-004   2.3206568673771657E-002   3.4450719370217849E-003
 0.0070  0.37685422525515805        5.5320408307096051E-002   7.4311523457280902E-003   2.9928821473672903E-004   2.7065665575794477E-002   4.0103205842537187E-003
 0.0080  0.37694143983263989        5.5211801455074400E-002   8.4904064744294599E-003   3.4108741540975061E-004   3.0920773350439804E-002   4.5714517963739345E-003
 0.0090  0.37704027415462144        5.5088576249260612E-002   9.5487289207163619E-003   3.8250622409381215E-004   3.4771329155086364E-002   5.1278806625385280E-003
 0.0100  0.37715072493642382        5.4950687020122881E-002   1.0606005673102856E-002   4.2349839532526424E-004   3.8616772936510654E-002   5.6790239338268284E-003
 0.0200  0.37889321060915498        5.2755293477006249E-002   2.1096895649706415E-002   8.0015400641141987E-004   7.6669468013097930E-002   1.0773651341966249E-002
 0.0400  0.38583912531566339        4.3994229988840408E-002   4.1325559016363908E-002   1.2530071392730501E-003  0.14902121419945846        1.7141259359644254E-002
 0.0600  0.39733302872262144        3.1214386279882222E-002   6.0060640592734429E-002   1.1609475202257631E-003  0.21366379372193139        1.6911922822757702E-002
 0.0800  0.40213913504963733        1.6161355645125622E-002   7.7033243931072595E-002   8.0084653788625195E-004  0.27607224391900198        1.1187340993347884E-002
 0.1000  0.42495931992295960        8.8750237505933662E-003   9.2289345352212532E-002   1.1817883942122067E-003  0.31970057853381545        6.9834792788082030E-003
 0.1200  0.44928296937463741        7.8850265154149207E-003  0.10602073676041096        1.8074326515735645E-003  0.35504309713586507        6.9271536738759083E-003
 0.1400  0.47513096321850956        1.0301067331066527E-002  0.11839008191565235        2.1158310538754023E-003  0.38319809629260582        8.9859140894160763E-003
 0.1600  0.50325226049082528        1.1057880861583170E-002  0.12947752096102702        2.1040382850017474E-003  0.40447011885452927        9.4755105930997702E-003
 0.1800  0.53433821600771159        1.0225243680947696E-002  0.13933884520036077        1.8820471419848921E-003  0.41915158975805328        8.5058520073659962E-003
 0.2000  0.58051382650021321        1.1562602302956073E-002  0.14807063442747004        1.5609854226263031E-003  0.41922955891500530        8.6376154273691847E-003
 0.2200  0.61591559057996259        9.3235264600113402E-003  0.15581827062313414        1.2287470664958465E-003  0.42512273468024325        6.6500851749065623E-003
 0.2400  0.64313370151348948        6.3361170493013074E-003  0.16274464265281260        9.3668980674716646E-004  0.43458296749638553        4.4604066168690837E-003
 0.2600  0.68265304561567508        5.5605199201189948E-003  0.16899935045656089        7.0280539878773290E-004  0.43425432984128381        3.6506299828477158E-003
 0.2800  0.72301609131395828        5.0208772895095118E-003  0.17470460968101481        5.2517827927696977E-004  0.43261167197976391        3.0737707752087045E-003
 0.3000  0.76394570760183445        4.6302744084452691E-003  0.17995434616851547        3.9398289441739992E-004  0.43012461819584974        2.6491635056527705E-003
 0.3200  0.80525713565588597        4.3212097681991184E-003  0.18481902283200050        2.9822263489820525E-004  0.42709918226613913        2.3176788746049836E-003
 0.3400  0.84682956423982247        4.0517614962066583E-003  0.18935147875241448        2.2844055594051354E-004  0.42373349517284281        2.0434546863522824E-003
 0.3600  0.88858590666357729        3.8000968582468557E-003  0.19359189794588827        1.7734322207273908E-004  0.42015585132350108        1.8071008771365343E-003
 0.3800  0.93047908015903413        3.5569754934102684E-003  0.19757151892755104        1.3959670138552257E-004  0.41644950681871640        1.5987601872000459E-003
 0.4000  0.97248267349167195        3.3199308016856836E-003  0.20131524636964471        1.1140103527274558E-004  0.41266862849948222        1.4134169546914811E-003


