# triplet j1 / nf 3 / mode 2 / nplat  4 / jkb  20 / start     1 / nmeas 10000
 0.0010                       NaN                       NaN   1.0868851337051421E-003   3.5781212227865478E-005                       NaN                       NaN
 0.0020  -93.078815226780591        144.26061882530800        2.1760183302585332E-003   7.2440201525184118E-005  -3.1696435384813044E-005   4.9128376456656851E-005
 0.0030  0.66930859859245517        111.42809069240015        3.2672936366942378E-003   1.1002285603716097E-004   6.6152049554487318E-003   1.1013150929845452     
 0.0040  0.48496745030836802        92.999699242484937        4.3606041419127113E-003   1.4857167346680401E-004   1.2178834646940896E-002   2.3354721291883798     
 0.0050  0.47441494102933041        81.779957958900710        5.4558422863376097E-003   1.8812563500224155E-004   1.5569423993750039E-002   2.6838675090183917     
 0.0060  0.47387937657729468        81.742171153095526        6.5529001692858357E-003   2.2872012353166343E-004   1.8712835095405583E-002   3.2278842519058988     
 0.0070  0.48482897575289657        81.887653201719232        7.6516698512443578E-003   2.7038688083856274E-004   2.1347821456648746E-002   3.6056487896675451     
 0.0080  0.50201607170529206        101.77589775401523        8.7520436482748775E-003   3.1315399800316111E-004   2.3572036655636112E-002   4.7788613494177348     
 0.0090  0.46648278665556753        48.013585956569237        9.8539144158257767E-003   3.5704593287470951E-004   2.8549928355835853E-002   2.9385531462578371     
 0.0100  0.48767815073093157        81.811429317176547        1.0957175819314264E-002   4.0208354838578770E-004   3.0355054332327339E-002   5.0922732401680388     
 0.0200  0.34863069284295306        2.2256844195123183E-002   2.2043908881813030E-002   9.1760592265567012E-004   8.5174321032978131E-002   5.7192688142301039E-003
 0.0400  0.34773914607391765        1.9395820712787747E-002   4.4245745894241940E-002   2.2485088159482089E-003  0.17109100232612651        1.0486495602436367E-002
 0.0600  0.35655890463745255        1.6239670385934029E-002   6.5953362368444082E-002   3.5013026598409206E-003  0.24950416900735695        1.3152843531651810E-002
 0.0800  0.37708684187222302        1.1382874194732662E-002   8.6168313508173042E-002   3.8002526606032445E-003  0.31138121541547398        1.1640314884046632E-002
 0.1000  0.39922705891012134        8.2156097825021018E-003  0.10363953123507298        3.0896083092524177E-003  0.36062659264925495        9.1634784238235761E-003
 0.1200  0.42908080839597751        6.5238015614287950E-003  0.11789172206592591        2.1137713751941492E-003  0.39201996581730714        6.9192890856321215E-003
 0.1400  0.46320706610997658        4.5935566856866485E-003  0.12940362042495188        1.3458849486639437E-003  0.41093871010838412        4.6015502126661488E-003
 0.1600  0.49995549441773657        3.6259461997534769E-003  0.13893930998793672        8.4595238548789667E-004  0.42175108881380063        3.3173132573477357E-003
 0.1800  0.53654635119936722        3.6460707074013059E-003  0.14711584394598570        5.3951987874386763E-004  0.42891746283065280        3.0189317254657858E-003
 0.2000  0.57618998614736128        3.2050992975374681E-003  0.15433848675480136        3.5311974131489846E-004  0.43122249531993923        2.4489076930670163E-003
 0.2200  0.61648067739992540        2.9055984033080446E-003  0.16085825130269910        2.3826909086341506E-004  0.43154743630775094        2.0589288347132675E-003
 0.2400  0.65717373174969851        2.6146712157364372E-003  0.16683149068760658        1.6608355763134385E-004  0.43060536668115945        1.7265880991760834E-003
 0.2600  0.69812710611405004        2.3614167392234774E-003  0.17235904452221926        1.1972046799814088E-004  0.42882906204507315        1.4581411960864405E-003
 0.2800  0.73919810267173014        2.1776364767164993E-003  0.17750908478615179        8.9283500452834805E-005  0.42652398919807533        1.2610861994761244E-003
 0.3000  0.78037232528404621        1.9774247998799338E-003  0.18233007699227666        6.8850061193876009E-005  0.42384095886514106        1.0769691673120966E-003
 0.3200  0.82161890344173927        1.7971380437045213E-003  0.18685818070411295        5.4801847487389300E-005  0.42089679845128963        9.2269979726087236E-004
 0.3400  0.86289554199536245        1.6683189186117663E-003  0.19112156631548208        4.4888117054362223E-005  0.41778330294357396        8.0922924859903444E-004
 0.3600  0.90422925453957248        1.5245544948243135E-003  0.19514300461002065        3.7690182979049427E-005  0.41453784781531716        7.0006732604512489E-004
 0.3800  0.94561719269863209        1.4186787688212181E-003  0.19894146892298395        3.2305760855492749E-005  0.41120093791941481        6.1781420558956301E-004
 0.4000  0.98706079758646981        1.3047351398874662E-003  0.20253315860491178        2.8156866249057799E-005  0.40780181815732053        5.3979304620438320E-004


# triplet j3 / nf 3 / mode 2 / nplat  4 / jkb  20 / start     1 / nmeas 10000
 0.0010  0.35748603072292118        2.6967676485512026E-002   1.0868851337051421E-003   3.5781212227865478E-005   4.1242762410942336E-003   3.1844349007575370E-004
 0.0020  0.35708231840721649        2.6976444701950576E-002   2.1760183302585332E-003   7.2440201525184118E-005   8.2621471309204421E-003   6.3914994768107336E-004
 0.0030  0.35669038064776543        2.6986321505122552E-002   3.2672936366942378E-003   1.1002285603716097E-004   1.2413044473171701E-002   9.6211505050819576E-004
 0.0040  0.35631042406518670        2.6996975021700002E-002   4.3606041419127113E-003   1.4857167346680401E-004   1.6576383926880513E-002   1.2873164654724537E-003
 0.0050  0.35594266016664017        2.7008065497553579E-002   5.4558422863376097E-003   1.8812563500224155E-004   2.0751565329082844E-002   1.6147131160928908E-003
 0.0060  0.35558730470121330        2.7019246420844856E-002   6.5529001692858357E-003   2.2872012353166343E-004   2.4937973070933039E-002   1.9442445602471047E-003
 0.0070  0.35524457721717062        2.7030165754432196E-002   7.6516698512443578E-003   2.7038688083856274E-004   2.9134976506778480E-002   2.2758304867921048E-003
 0.0080  0.35491470046021600        2.7040467152294051E-002   8.7520436482748775E-003   3.1315399800316111E-004   3.3341930409225375E-002   2.6093703328515312E-003
 0.0090  0.35459789977663886        2.7049791240664686E-002   9.8539144158257767E-003   3.5704593287470951E-004   3.7558175461941963E-002   2.9447430295620408E-003
 0.0100  0.35429440271106510        2.7057776935970924E-002   1.0957175819314264E-002   4.0208354838578770E-004   4.1783038763383816E-002   3.2818068758002370E-003
 0.0200  0.35204171123847627        2.6986058420168199E-002   2.2043908881813030E-002   9.1760592265567012E-004   8.4349046167543559E-002   6.6999413843281605E-003
 0.0400  0.35246801914328568        2.5167347817155013E-002   4.4245745894241940E-002   2.2485088159482089E-003  0.16879556674227483        1.2792935688875613E-002
 0.0600  0.36045267816965743        2.2272543717815556E-002   6.5953362368444082E-002   3.5013026598409206E-003  0.24680891165932209        1.6598033095895751E-002
 0.0800  0.37663831452702196        1.5322161387221877E-002   8.6168313508173042E-002   3.8002526606032445E-003  0.31175203002596086        1.4425851366344731E-002
 0.1000  0.40022734678357519        8.8860951743883875E-003  0.10363953123507298        3.0896083092524177E-003  0.35972527890752531        9.6197540157529036E-003
 0.1200  0.42402492485043536        6.6371519795468377E-003  0.11789172206592591        2.1137713751941492E-003  0.39669423654655456        7.1556584717594454E-003
 0.1400  0.45877942704080471        5.2870443615695515E-003  0.12940362042495188        1.3458849486639437E-003  0.41490464271274469        5.2457077221035485E-003
 0.1600  0.49623433025945002        4.4059967216713561E-003  0.13893930998793672        8.4595238548789667E-004  0.42491371771654446        3.9883560527406306E-003
 0.1800  0.53528439952499618        3.8112459861739090E-003  0.14711584394598570        5.3951987874386763E-004  0.42992865073537490        3.1609919477558123E-003
 0.2000  0.57527314632095805        3.3773295539509642E-003  0.15433848675480136        3.5311974131489846E-004  0.43190975485965311        2.5833585307875680E-003
 0.2200  0.61581566177088820        3.0334843997746625E-003  0.16085825130269910        2.3826909086341506E-004  0.43201346178847733        2.1520001415505632E-003
 0.2400  0.65668490584156602        2.7434093063416921E-003  0.16683149068760658        1.6608355763134385E-004  0.43092590253867985        1.8129972642069025E-003
 0.2600  0.69774632249337432        2.4893092426223678E-003  0.17235904452221926        1.1972046799814088E-004  0.42906308847793634        1.5379795036618246E-003
 0.2800  0.73892103119613095        2.2625294663058664E-003  0.17750908478615179        8.9283500452834805E-005  0.42668392189193072        1.3108785566866097E-003
 0.3000  0.78016471269776555        2.0586641352467881E-003  0.18233007699227666        6.8850061193876009E-005  0.42395374878784514        1.1215704031229748E-003
 0.3200  0.82145506441180871        1.8751628400318751E-003  0.18685818070411295        5.4801847487389300E-005  0.42098074622414622        9.6296755158557074E-004
 0.3400  0.86278405398372704        1.7102180031071876E-003  0.19112156631548208        4.4888117054362223E-005  0.41783728844495704        8.2969289586158526E-004
 0.3600  0.90415297429024077        1.5622856726959262E-003  0.19514300461002065        3.7690182979049427E-005  0.41457282093522929        7.1745816483016257E-004
 0.3800  0.94556920332236294        1.4299046788531641E-003  0.19894146892298395        3.2305760855492749E-005  0.41122180712334272        6.2275182281759298E-004
 0.4000  0.98704404573729088        1.3116492983735704E-003  0.20253315860491178        2.8156866249057799E-005  0.40780873926138089        5.4266408773806269E-004


