# triplet j1 / nf 4 / mode 2 / nplat  4 / jkb  20 / start     1 / nmeas 10000
 0.0010                       NaN                       NaN   1.0687009934301675E-003   3.5737499904941261E-005                       NaN                       NaN
 0.0020  -100.00000000000000        106.30300178974937        2.1373200898478447E-003   7.1429464986117288E-005  -2.9239152449056006E-005   3.1085936635160929E-005
 0.0030  0.61906459656694157        95.133275508901050        3.2057754088197065E-003   1.0703053487124550E-004   7.0844510475224333E-003   1.0886861258862699     
 0.0040  -100.00000000000000        95.923813242790189        4.2739851037188496E-003   1.4249569857586317E-004  -5.8473823912713961E-005   5.6098790990244018E-005
 0.0050  -100.00000000000000        114.79589415401509        5.3418673802420168E-003   1.7778047040741438E-004  -7.3088079604283061E-005   8.3910928831518305E-005
 0.0060  -100.00000000000001        114.91436663727455        6.4093405168299845E-003   2.1284106730538844E-004  -8.7699536031817066E-005   1.0078988585983838E-004
 0.0070  -99.999999999999986        106.41520105597408        7.4763228875727814E-003   2.4763458807783008E-004  -1.0230763433195931E-004   1.0888405838766136E-004
 0.0080  0.48610313933705745        83.022452280114138        8.5427329881362299E-003   2.8211919497259411E-004   2.4050825184674458E-002   4.1076848387507265     
 0.0090  0.51254299773035161        105.23554563491430        9.6084894651930174E-003   3.1625429798754531E-004   2.5658632531165480E-002   5.2682413286177265     
 0.0100  -99.999999999999986        106.53934053065052        1.0673511149774760E-002   3.5000074231254400E-004  -1.4610620212554131E-004   1.5567901595588311E-004
 0.0200  0.48895261121921352        83.019742067660147        2.1265678400851296E-002   6.5889487625254051E-004   5.9648955985025336E-002   10.127854617131270     
 0.0400  -99.999999999999986        106.06893984211058        4.1903493370160610E-002   1.1026249721111361E-003  -5.7898872783611680E-004   6.1417444764973888E-004
 0.0600  0.59626849508471613        82.987755530497580        6.1442010631507206E-002   1.6177981503989712E-003  0.14400629247362035        20.042580056862423     
 0.0800  0.40155549292890313        1.4675077932793948E-002   7.9656811641394404E-002   2.4267232138886698E-003  0.28114209703735649        1.1131254148055976E-002
 0.1000  0.41833474517638780        1.4051829291131364E-002   9.6367539363826513E-002   2.9484360101667746E-003  0.33186117457596037        1.2248812585109943E-002
 0.1200  0.43983468341416804        9.9460440116649410E-003  0.11125945579816600        2.8135443267268611E-003  0.37152206641161517        9.6254093056362209E-003
 0.1400  0.46962159525706842        9.4556426846651095E-003  0.12408318911590700        2.2554871568017214E-003  0.39690578571087226        8.7679794454983712E-003
 0.1600  0.49873829275990184        6.8017097890513455E-003  0.13491704547700620        1.6330992024786793E-003  0.41661575156773906        6.2160975165729080E-003
 0.1800  0.53426318733945111        5.6350527851403631E-003  0.14410760960942468        1.1264295443274544E-003  0.42632368074017335        4.7953555659908317E-003
 0.2000  0.57201968815779947        4.7903377232516222E-003  0.15205296532700968        7.6526878496548090E-004  0.43113816191236015        3.7700213176936276E-003
 0.2200  0.61126398402738358        4.2035233164481991E-003  0.15907582703898177        5.2204571477668983E-004  0.43281233095157534        3.0599083599380252E-003
 0.2400  0.65141412540457289        3.7604689496983220E-003  0.16540285264785762        3.6142046474657807E-004  0.43254863388641046        2.5413334558695225E-003
 0.2600  0.69206768366975047        3.4072423164378998E-003  0.17118561651071720        2.5540016175673076E-004  0.43110865038661161        2.1466940070158547E-003
 0.2800  0.73309115991869411        3.1034584664176301E-003  0.17652550121004146        1.8476772036786924E-004  0.42888391398545211        1.8294528268059881E-003
 0.3000  0.77434284610589965        2.8298559329294555E-003  0.18149208856853513        1.3702580731707532E-004  0.42615852831947010        1.5656941261776084E-003
 0.3200  0.81569542732184053        2.6075762752916011E-003  0.18613497569102133        1.0419399376605980E-004  0.42313207986411033        1.3578230673682043E-003
 0.3400  0.85715828580273323        2.3859588544746430E-003  0.19049101823035819        8.1184557242291658E-005  0.41988530955583575        1.1721993540212228E-003
 0.3600  0.89870535463048040        2.1812329426782674E-003  0.19458873266822149        6.4733701771203626E-005  0.41649305475253723        1.0132345214921919E-003
 0.3800  0.94031862597917726        2.0200052097511618E-003  0.19845099810721842        5.2727217419627263E-005  0.41300794016259840        8.8892413362875360E-004
 0.4000  0.98198460109030061        1.8528852924923720E-003  0.20209674646345988        4.3780110688625594E-005  0.40946800917631221        7.7388817366409463E-004


# triplet j3 / nf 4 / mode 2 / nplat  4 / jkb  20 / start     1 / nmeas 10000
 0.0010  0.37304540771930328        2.5687813590302623E-002   1.0687009934301675E-003   3.5737499904941261E-005   3.9190554321221977E-003   2.7770665075499851E-004
 0.0020  0.37305449486686953        2.5668179784211993E-002   2.1373200898478447E-003   7.1429464986117288E-005   7.8377697766355732E-003   5.5495698852992546E-004
 0.0030  0.37306965717664370        2.5635533473821744E-002   3.2057754088197065E-003   1.0703053487124550E-004   1.1755801484429311E-002   8.3129724697552992E-004
 0.0040  0.37309092019240003        2.5589989150646877E-002   4.2739851037188496E-003   1.4249569857586317E-004   1.5672808087251085E-002   1.1062787291858146E-003
 0.0050  0.37311831963351111        2.5531706448662466E-002   5.3418673802420168E-003   1.7778047040741438E-004   1.9588445744522148E-002   1.3794603060212018E-003
 0.0060  0.37315190130817438        2.5460889105175709E-002   6.4093405168299845E-003   2.1284106730538844E-004   2.3502368800578294E-002   1.6504108475907558E-003
 0.0070  0.37319172106842918        2.5377784005815550E-002   7.4763228875727814E-003   2.4763458807783008E-004   2.7414229350816697E-002   1.9187115922129330E-003
 0.0080  0.37323784467631416        2.5282679907952986E-002   8.5427329881362299E-003   2.8211919497259411E-004   3.1323676826116198E-002   2.1839584255871204E-003
 0.0090  0.37329034766696290        2.5175906031785572E-002   9.6084894651930174E-003   3.1625429798754531E-004   3.5230357595311013E-002   2.4457640631593146E-003
 0.0100  0.37334931526435461        2.5057830241414648E-002   1.0673511149774760E-002   3.5000074231254400E-004   3.9133914581332224E-002   2.7037600960379432E-003
 0.0200  0.37431974102174309        2.3359884660290504E-002   2.1265678400851296E-002   6.5889487625254051E-004   7.7916042327257157E-002   5.0100313419182071E-003
 0.0400  0.36817265130618249        1.4239489341575696E-002   4.1903493370160610E-002   1.1026249721111361E-003  0.15726011309694315        6.4244970498344694E-003
 0.0600  0.38665535241094939        1.9659025064180422E-002   6.1442010631507206E-002   1.6177981503989712E-003  0.22207481355311379        1.1663505863430507E-002
 0.0800  0.39969678114288376        1.8396850621038713E-002   7.9656811641394404E-002   2.4267232138886698E-003  0.28244949342872933        1.3693736507412716E-002
 0.1000  0.41787521649924642        1.3675161933723225E-002   9.6367539363826513E-002   2.9484360101667746E-003  0.33222611540165725        1.2001509391664032E-002
 0.1200  0.44038770658823045        1.0614536643759654E-002  0.11125945579816600        2.8135443267268611E-003  0.37105552225216776        1.0099344973658043E-002
 0.1400  0.46201815868097990        8.3951062458184900E-003  0.12408318911590700        2.2554871568017214E-003  0.40343766743809895        8.1965419123101943E-003
 0.1600  0.49537553454866473        6.7990739904011379E-003  0.13491704547700620        1.6330992024786793E-003  0.41944386466943184        6.2917649148476014E-003
 0.1800  0.53188093318961593        5.6273957366567411E-003  0.14410760960942468        1.1264295443274544E-003  0.42823315200383721        4.8300248567465977E-003
 0.2000  0.57037180073222360        4.8223012713007789E-003  0.15205296532700968        7.6526878496548090E-004  0.43238378302264158        3.8141511402995472E-003
 0.2200  0.61007941626681073        4.2592911688961810E-003  0.15907582703898177        5.2204571477668983E-004  0.43365270602398948        3.1100578015418640E-003
 0.2400  0.65052729039706236        3.8381917836158583E-003  0.16540285264785762        3.6142046474657807E-004  0.43313830825771499        2.5990147200045609E-003
 0.2600  0.69142582690401255        3.4969583644642766E-003  0.17118561651071720        2.5540016175673076E-004  0.43150885239419040        2.2060123959868074E-003
 0.2800  0.73259987018457418        3.2020783550561604E-003  0.17652550121004146        1.8476772036786924E-004  0.42917152837448708        1.8892397507425487E-003
 0.3000  0.77394439629039469        2.9370467221872007E-003  0.18149208856853513        1.3702580731707532E-004  0.42637792752669817        1.6260503010895805E-003
 0.3200  0.81539811975138632        2.6943304461612637E-003  0.18613497569102133        1.0419399376605980E-004  0.42328636078234938        1.4036791327179559E-003
 0.3400  0.85692758766690713        2.4706913810911913E-003  0.19049101823035819        8.1184557242291658E-005  0.41999834916334683        1.2142409952430361E-003
 0.3600  0.89851734310321030        2.2647251034600582E-003  0.19458873266822149        6.4733701771203626E-005  0.41658020442852561        1.0522799126057535E-003
 0.3800  0.94016367862373529        2.0756590922202550E-003  0.19845099810721842        5.2727217419627263E-005  0.41307600755294732        9.1362367059930950E-004
 0.4000  0.98187057810612444        1.9028217000080050E-003  0.20209674646345988        4.3780110688625594E-005  0.40951556000976425        7.9486162576007777E-004


