# triplet j1 / nf 6 / mode 2 / nplat  5 / jkb  20 / start     1 / nmeas 10000
 0.0010   1.8304121163639064E-002   3.8550821831689626E-002   8.1524189515035745E-004   1.0040571763960276E-005   6.9760464045916806E-002  0.14692509363059342     
 0.0020   3.5683285822777355E-002   7.4284013537835980E-002   1.6304536460044548E-003   2.0080493024499194E-005   7.1568083104754626E-002  0.14898817726106101     
 0.0030   5.2986935101190187E-002  0.10901256043971103        2.4456051485525791E-003   3.0119135124730220E-005   7.2293623941983756E-002  0.14873380268092448     
 0.0040  0.62890364600666726        4.1533159088762955E-002   3.2606663792342644E-003   4.0155912991548111E-005   8.1210851426610688E-003   5.3864740348368435E-004
 0.0050  0.63278541479521233        4.6149363152920606E-002   4.0756074348514554E-003   5.0190306667006946E-005   1.0088804640723186E-002   7.3839939237313468E-004
 0.0060  0.63667069825291489        5.4816379159868894E-002   4.8903985721103537E-003   6.0221882531428618E-005   1.2032278855164889E-002   1.0386065416988089E-003
 0.0070  0.63898252376309173        4.6392898162091349E-002   5.7050102466693047E-003   7.0250314091650041E-005   1.3986313283715524E-002   1.0191115576097837E-003
 0.0080  0.64071882272379344        4.1006568715595618E-002   6.5194131515741750E-003   8.0275402279316588E-005   1.5940309914603736E-002   1.0249032891521102E-003
 0.0090  0.64314954006210723        5.1678325716903832E-002   7.3335782549626043E-003   9.0297095121941905E-005   1.7864145793509652E-002   1.4396261463377694E-003
 0.0100  0.64459265093867923        4.6516060320360292E-002   8.1474768369246518E-003   1.0031550673761466E-004   1.9803466374282503E-002   1.4342782157642205E-003
 0.0200  0.65343459479131616        3.7455314811667466E-002   1.6265776995593371E-002   2.0049657516181456E-004   3.9035997270862613E-002   2.2504665748537323E-003
 0.0400  0.65779569944751992        3.4671470628984381E-002   3.2318922994137599E-002   4.1028652415381719E-004   7.7300517890211806E-002   4.1038375874176145E-003
 0.0600  0.65355490905479463        3.1294619486680664E-002   4.8033097170215637E-002   6.7498680055019594E-004  0.11616594702874541        5.6220190403892664E-003
 0.0800  0.64513883494142099        2.6723681362704668E-002   6.3368609952362057E-002   1.0442919205175827E-003  0.15607879233826241        6.5919445464739041E-003
 0.1000  0.63714358826407325        2.3331998546114476E-002   7.8293659832006340E-002   1.4773767644439537E-003  0.19639977145956219        7.4269702821125553E-003
 0.1200  0.63336036002333540        1.9944294792066542E-002   9.2690569915555132E-002   1.8022682727494219E-003  0.23549002634909660        7.7608683558705567E-003
 0.1400  0.63548474785554854        1.6395574156962210E-002  0.10631823159775512        1.8436368020333556E-003  0.27150495269334080        7.3898282125547578E-003
 0.1600  0.64397773705322903        1.3312814835485916E-002  0.11889620651495121        1.5990812384816450E-003  0.30289223141366506        6.5845848627708358E-003
 0.1800  0.65472364971336061        1.3800034401881198E-002  0.13025958026701023        1.2239078408092122E-003  0.33074863379403396        7.1424708502389458E-003
 0.2000  0.67514676992468736        1.0691976919550875E-002  0.14042035180530696        8.7132903576207722E-004  0.35103209809768943        5.6648076633474933E-003
 0.2200  0.69865867437494644        8.0564588705733502E-003  0.14949975924886977        6.0849013648181537E-004  0.36709758662055963        4.2985386170011500E-003
 0.2400  0.72479325241464099        5.9784799106556439E-003  0.15764082751865377        4.3658957241263593E-004  0.37952538555134019        3.1743352605704176E-003
 0.2600  0.75336716499211243        4.7144751969359902E-003  0.16496870317562951        3.3051660451532592E-004  0.38877270307902279        2.4638644353866695E-003
 0.2800  0.78367248926375266        3.6340277672060970E-003  0.17158778040715011        2.6304087525886222E-004  0.39555109448000936        1.8591286576710251E-003
 0.3000  0.81579027396122294        2.7803403149033621E-003  0.17758860032253368        2.1541568487937058E-004  0.40013325231810226        1.3851414775631805E-003
 0.3200  0.84944573505668552        2.3018938674948487E-003  0.18305210050222717        1.7816308542752793E-004  0.40294122757661421        1.1093887558194838E-003
 0.3400  0.88441070927233256        1.9993603212192170E-003  0.18805035961239042        1.4743511844306966E-004  0.40433147276460468        9.2770049568774676E-004
 0.3600  0.92050401623148570        1.8077076007156541E-003  0.19264613337393149        1.2177249891469394E-004  0.40459518389793891        8.0477761035639098E-004
 0.3800  0.95757269370360099        1.6778160636837550E-003  0.19689272412301781        1.0046176058090425E-004  0.40397070927646928        7.1528297337576598E-004
 0.4000  0.99548545408980449        1.6046049495320196E-003  0.20083455105251080        8.2943772919088631E-005  0.40265147082067970        6.5433087501370738E-004


# triplet j3 / nf 6 / mode 2 / nplat  5 / jkb  20 / start     1 / nmeas 10000
 0.0010  0.67040034136317883        3.8982709908743550E-002   8.1524189515035745E-004   1.0040571763960276E-005   1.9046887472218713E-003   1.1137394856440692E-004
 0.0020  0.67039808029587511        3.8981444052304082E-002   1.6304536460044548E-003   2.0080493024499194E-005   3.8093551283561989E-003   2.2274014499362388E-004
 0.0030  0.67039427793990813        3.8979328724258716E-002   2.4456051485525791E-003   3.0119135124730220E-005   5.7139771118200179E-003   3.3409082896699877E-004
 0.0040  0.67038888357170545        3.8976355595829612E-002   3.2606663792342644E-003   4.0155912991548111E-005   7.6185333332780885E-003   4.4541822382152094E-004
 0.0050  0.67038182629678200        3.8972512981884068E-002   4.0756074348514554E-003   5.0190306667006946E-005   9.5230034272164605E-003   5.5671452774933646E-004
 0.0060  0.67037301527025517        3.8967785887155208E-002   4.8903985721103537E-003   6.0221882531428618E-005   1.1427368354323312E-002   6.6797190524084903E-004
 0.0070  0.67036233988453930        3.8962155965220277E-002   5.7050102466693047E-003   7.0250314091650041E-005   1.3331610725192403E-002   7.7918247708743781E-004
 0.0080  0.67034967006851542        3.8955601567033205E-002   6.5194131515741750E-003   8.0275402279316588E-005   1.5235715117594428E-002   8.9033831088151146E-004
 0.0090  0.67033485654444491        3.8948097714260721E-002   7.3335782549626043E-003   9.0297095121941905E-005   1.7139668388908236E-002   1.0014314097574176E-003
 0.0100  0.67031773127584582        3.8939616160382835E-002   8.1474768369246518E-003   1.0031550673761466E-004   1.9043459977818627E-002   1.1124537017911322E-003
 0.0200  0.66886671172669843        3.4951539668412523E-002   1.6265776995593371E-002   2.0049657516181456E-004   3.8135357331676403E-002   2.0065704643229443E-003
 0.0400  0.66714744595902531        3.4127032386381963E-002   3.2318922994137599E-002   4.1028652415381719E-004   7.6216957047858302E-002   3.9286770128536637E-003
 0.0600  0.66147008089132908        3.2428239309380331E-002   4.8033097170215637E-002   6.7498680055019594E-004  0.11477590164521531        5.6843278781999861E-003
 0.0800  0.65132838313324803        2.8145509695587094E-002   6.3368609952362057E-002   1.0442919205175827E-003  0.15459558166924078        6.8008218200944267E-003
 0.1000  0.64217295603763547        2.5010332167801200E-002   7.8293659832006340E-002   1.4773767644439537E-003  0.19486160845841610        7.8086743967397555E-003
 0.1200  0.63669389040002278        2.1291173188546692E-002   9.2690569915555132E-002   1.8022682727494219E-003  0.23425707411242849        8.1579457971267377E-003
 0.1400  0.63785660771145436        1.7250227293658407E-002  0.10631823159775512        1.8436368020333556E-003  0.27049536575767602        7.6820496526948711E-003
 0.1600  0.63420333065225643        2.0858156167324098E-002  0.11889620651495121        1.5990812384816450E-003  0.30756043736977340        1.0324559398552502E-002
 0.1800  0.65252348640000224        1.6313954304378025E-002  0.13025958026701023        1.2239078408092122E-003  0.33186384424267512        8.4422486357472997E-003
 0.2000  0.67398917838727557        1.2272150562429331E-002  0.14042035180530696        8.7132903576207722E-004  0.35163500360292338        6.4949339773997675E-003
 0.2200  0.69804079467239644        9.1323516153745798E-003  0.14949975924886977        6.0849013648181537E-004  0.36742252772623579        4.8647369489222990E-003
 0.2400  0.72560439919870101        6.2982556491348310E-003  0.15764082751865377        4.3658957241263593E-004  0.37910111745663311        3.3322144613106949E-003
 0.2600  0.75307316940220159        4.8268955345942685E-003  0.16496870317562951        3.3051660451532592E-004  0.38892447778674960        2.5231113281408125E-003
 0.2800  0.78366187208675220        3.7172081530336652E-003  0.17158778040715011        2.6304087525886222E-004  0.39555645346981400        1.9006142766148967E-003
 0.3000  0.81587660951056806        2.9955097234793102E-003  0.17758860032253368        2.1541568487937058E-004  0.40009091046916651        1.4888503497350503E-003
 0.3200  0.84955028188093695        2.4313031243545676E-003  0.18305210050222717        1.7816308542752793E-004  0.40289164107584835        1.1695749699518624E-003
 0.3400  0.88452110494098779        2.0717660291549606E-003  0.18805035961239042        1.4743511844306966E-004  0.40428100879823364        9.6009615074774872E-004
 0.3600  0.92061331674269598        1.8090478229281020E-003  0.19264613337393149        1.2177249891469394E-004  0.40454714802920988        8.0517039675742012E-004
 0.3800  0.95767795441900616        1.6926961817218997E-003  0.19689272412301781        1.0046176058090425E-004  0.40392630787235950        7.2133853054882511E-004
 0.4000  0.99557809581971735        1.6160879341675558E-003  0.20083455105251080        8.2943772919088631E-005  0.40261400281192639        6.5881644653794844E-004


