# triplet j1 / nf 1 / mode 2 / nplat  5 / jkb  20 / start     1 / nmeas 10000
 0.0010  0.14621710786697462        2.5446057380145482E-002   6.7078402337820725E-002   7.1439503555518402E-003   7.9215134411671301E-002   1.4416682449530377E-002
 0.0020  0.18161770743690372        2.0417598028565159E-002   6.7859347604896522E-002   6.9390016929209153E-003   9.0714486475577200E-002   1.1203322984013104E-002
 0.0030  0.20034141948926498        1.6620507395621823E-002   6.8634177562957033E-002   6.7406438804243022E-003  0.10129198816712751        9.7650270754510403E-003
 0.0040  0.21232849639283485        1.4070967865562474E-002   6.9402935815318131E-002   6.5486458855393524E-003  0.11097512175219569        9.0276014666008497E-003
 0.0050  0.22094098233271200        1.2311809288385326E-002   7.0165667768569098E-002   6.3627844982575600E-003  0.11989085317763955        8.6129973635529246E-003
 0.0060  0.22762354549852581        1.1044826631599272E-002   7.0922420532107094E-002   6.1828441665746497E-003  0.12816375231980082        8.3595777896913939E-003
 0.0070  0.23309588341231693        1.0095335554686872E-002   7.1673242817533414E-002   6.0086168259154502E-003  0.13589639661482877        8.1907897434019758E-003
 0.0080  0.23775628105114113        9.3597918004527936E-003   7.2418184838255267E-002   5.8399017231197496E-003  0.14316992909615328        8.0678912798063350E-003
 0.0090  0.24184359897443694        8.7745238966866809E-003   7.3157298209615682E-002   5.6765052358033613E-003  0.15004809445617090        7.9702859986339122E-003
 0.0100  0.24551044570995220        8.2986460380930459E-003   7.3890635849848965E-002   5.5182406880841068E-003  0.15658123891184145        7.8865794700836607E-003
 0.0200  0.27205919149907221        5.8145527293628294E-003   8.0918729309015877E-002   4.1813704669648377E-003  0.20911785701168303        7.0119110169274751E-003
 0.0400  0.31205509584709051        4.6970345556634156E-003   9.3496281917383919E-002   2.4630277021937619E-003  0.27714744855154461        5.5433444245855772E-003
 0.0600  0.34910338257329826        3.9699186601492992E-003  0.10449190767308665        1.4943986850390961E-003  0.32075829416922869        4.3088071407744906E-003
 0.0800  0.38570355833933051        3.5013572770650533E-003  0.11429199514266626        9.3556785776467124E-004  0.35060188994062819        3.4912446165651745E-003
 0.1000  0.42702319952033796        1.5507181446124505E-003  0.12317092947931436        6.0867226525696146E-004  0.36755102394893535        1.6144060709660810E-003
 0.1200  0.46322894006784948        1.5366378132195275E-003  0.13131292430646641        4.1453257074951732E-004  0.38323368346817760        1.4078516556319464E-003
 0.1400  0.49978081402126406        1.4601083002068786E-003  0.13884193592782754        2.9640993807916077E-004  0.39451158946443904        1.2270875353053987E-003
 0.1600  0.53669845629709378        1.4826815274391202E-003  0.14584457403966491        2.2181282722035566E-004  0.40252214767765881        1.1533657250628253E-003
 0.1800  0.57398654591789644        1.4191960579019404E-003  0.15238463820889661        1.7237030544986996E-004  0.40805634172709798        1.0349885816123762E-003
 0.2000  0.61160677676800446        1.3648813608603625E-003  0.15851162777140243        1.3785077837654444E-004  0.41170701763224621        9.3605717590930808E-004
 0.2200  0.64957302349143065        1.4034192543532042E-003  0.16426559745532981        1.1257942544087245E-004  0.41387735649856072        9.0537010215946759E-004
 0.2400  0.68782276241674301        1.3517153062528749E-003  0.16967996342806996        9.3358338304073540E-005  0.41491521008794024        8.2334548373604391E-004
 0.2600  0.72635853997649991        1.3960713254202507E-003  0.17478319607252896        7.8317564490218528E-005  0.41505004290799796        8.0313340213100876E-004
 0.2800  0.76515296843950631        1.3446953279119820E-003  0.17959990798682782        6.6305468048183134E-005  0.41447543972169043        7.3241460284306477E-004
 0.3000  0.80418536413556774        1.2969116715963558E-003  0.18415160388228616        5.6571085506538147E-005  0.41333978878166250        6.6961068372169488E-004
 0.3200  0.84345372828108889        1.3375431426635460E-003  0.18845723083526522        4.8597736195414705E-005  0.41175144069160141        6.5510732446837452E-004
 0.3400  0.88294807788327556        1.2891266293510195E-003  0.19253360170712588        4.2013512167726476E-005  0.40980057033562106        5.9998757584808250E-004
 0.3600  0.92265416922302168        1.2436439723779906E-003  0.19639573150418940        3.6541122449728723E-005  0.40756165951434958        5.5065852358791357E-004
 0.3800  0.96256907198477826        1.2007153992763617E-003  0.20005710983329286        3.1968229292368766E-005  0.40509034099261265        5.0634799889396774E-004
 0.4000   1.0026917092164866        1.1600753760609977E-003  0.20352992410105136        2.8128983374799026E-005  0.40243125667596247        4.6642708953068598E-004


# triplet j3 / nf 1 / mode 2 / nplat  5 / jkb  20 / start     1 / nmeas 10000
 0.0010  0.28692960604848200        1.0441366256380284E-002   6.7078402337820725E-002   7.1439503555518402E-003   4.0367419774072190E-002   2.6035808666262776E-003
 0.0020  0.23152596774788012        1.2870138625188135E-002   6.7859347604896522E-002   6.9390016929209153E-003   7.1159866969873364E-002   5.3743912202944373E-003
 0.0030  0.23301556084109040        1.2229408497943539E-002   6.8634177562957033E-002   6.7406438804243022E-003   8.7088521552135131E-002   6.2593860999461508E-003
 0.0040  0.23499888325844351        1.1632723908816530E-002   6.9402935815318131E-002   6.5486458855393524E-003  0.10026933069610179        6.8566729777109247E-003
 0.0050  0.25667259560389477        7.7367531069839745E-003   7.0165667768569098E-002   6.3627844982575600E-003  0.10320074416769051        5.6188898620959426E-003
 0.0060  0.25740006850052116        7.1340408851692187E-003   7.0922420532107094E-002   6.1828441665746497E-003  0.11333752891899058        5.8543479670896863E-003
 0.0070  0.25854894035837239        6.6424577678757066E-003   7.1673242817533414E-002   6.0086168259154502E-003  0.12251796730466986        6.0234193306637459E-003
 0.0080  0.25996617907246733        6.2413679412284496E-003   7.2418184838255267E-002   5.8399017231197496E-003  0.13093837829869481        6.1445688218390235E-003
 0.0090  0.26156242203448909        5.9125872285584469E-003   7.3157298209615682E-002   5.6765052358033613E-003  0.13873617968620794        6.2294782566804305E-003
 0.0100  0.26328188779572981        5.6410455275947551E-003   7.3890635849848965E-002   5.5182406880841068E-003  0.14601205603967948        6.2859645258060530E-003
 0.0200  0.28268927422322371        4.3215663442279289E-003   8.0918729309015877E-002   4.1813704669648377E-003  0.20125431098490260        6.0418059561703529E-003
 0.0400  0.31927292381499894        3.2113262105255597E-003   9.3496281917383919E-002   2.4630277021937619E-003  0.27088195449872315        4.4893282900115763E-003
 0.0600  0.35422232661168235        2.3584700266996461E-003  0.10449190767308665        1.4943986850390961E-003  0.31612294615656711        3.0887150941046634E-003
 0.0800  0.38962001659603690        1.7241814739944487E-003  0.11429199514266626        9.3556785776467124E-004  0.34707764167774058        2.0921295728065772E-003
 0.1000  0.42811503540902057        1.8479258204146505E-003  0.12317092947931436        6.0867226525696146E-004  0.36661364645532296        1.8233853782454840E-003
 0.1200  0.46401283287749118        1.6843054683087870E-003  0.13131292430646641        4.1453257074951732E-004  0.38258625713080624        1.5143524580184618E-003
 0.1400  0.50033881091865495        1.5794267297776293E-003  0.13884193592782754        2.9640993807916077E-004  0.39407161511485439        1.3131674146424673E-003
 0.1600  0.53709876791360622        1.5046842084928808E-003  0.14584457403966491        2.2181282722035566E-004  0.40222213899909709        1.1676014758980769E-003
 0.1800  0.57430330325537615        1.5631318967644740E-003  0.15238463820889661        1.7237030544986996E-004  0.40783127800273056        1.1337421335974659E-003
 0.2000  0.61186802576397548        1.5020155593022443E-003  0.15851162777140243        1.3785077837654444E-004  0.41153123128541702        1.0259544111378776E-003
 0.2200  0.64977035767427860        1.4505495644322396E-003  0.16426559745532981        1.1257942544087245E-004  0.41375166262998192        9.3447909698610447E-004
 0.2400  0.68798252044758956        1.4046194260679929E-003  0.16967996342806996        9.3358338304073540E-005  0.41481886165616788        8.5456862808039942E-004
 0.2600  0.72648017425554323        1.3620656952624611E-003  0.17478319607252896        7.8317564490218528E-005  0.41498055124872768        7.8357547972375378E-004
 0.2800  0.76526180259752186        1.4215599046357157E-003  0.17959990798682782        6.6305468048183134E-005  0.41441649376966838        7.7361675948663827E-004
 0.3000  0.80428397804335672        1.3759577200899572E-003  0.18415160388228616        5.6571085506538147E-005  0.41328910885650028        7.0989322308262558E-004
 0.3200  0.84353886026157299        1.3327057014400389E-003  0.18845723083526522        4.8597736195414705E-005  0.41170988574106554        6.5262229841313573E-004
 0.3400  0.88301707183965139        1.2913697555760060E-003  0.19253360170712588        4.2013512167726476E-005  0.40976855083840608        6.0093212480855443E-004
 0.3600  0.92271195365712355        1.2517056459165317E-003  0.19639573150418940        3.6541122449728723E-005  0.40753613614298401        5.5414193897729356E-004
 0.3800  0.96261929519297573        1.2135768105851620E-003  0.20005710983329286        3.1968229292368766E-005  0.40506920601574686        5.1169638915643176E-004
 0.4000   1.0027493838037291        1.2506884778142331E-003  0.20352992410105136        2.8128983374799026E-005  0.40240811025772766        5.0267698159956093E-004


