# triplet j1 / nf 3 / mode 2 / nplat  5 / jkb  20 / start     1 / nmeas 10000
 0.0010   2.8551866897578673E-002   3.0456352604190450E-002   8.5283055854011515E-004   1.5789439992350162E-005   4.5741653976018405E-002   4.8794581640375895E-002
 0.0020   5.7122868124775496E-002   6.0127148252820603E-002   1.7088968692776220E-003   3.2724461801244055E-005   4.5769684378798046E-002   4.8178856222353593E-002
 0.0030   8.6037306864467006E-002   8.7812299871358496E-002   2.5681696391804797E-003   5.0811633333135853E-005   4.5624768226188266E-002   4.6568217503928068E-002
 0.0040  0.52076405477290766        2.8001601408470737E-002   3.4306176237390677E-003   7.0054654421877790E-005   1.0059818629797788E-002   5.5058424016766593E-004
 0.0050  0.52150702122742076        2.4889371874798765E-002   4.2962076141344974E-003   9.0454477620448561E-005   1.2568471664876334E-002   6.1426028615359609E-004
 0.0060  0.52200434733582102        2.5185644000362144E-002   5.1649044261580998E-003   1.1200940189038534E-004   1.5081607980966881E-002   7.4580694393590308E-004
 0.0070  0.52204142358488204        2.3458275146572598E-002   6.0366708908918152E-003   1.3471514488821339E-004   1.7609937000601646E-002   8.1534499808066029E-004
 0.0080  0.52175796849880041        2.2352568422923064E-002   6.9114678471560720E-003   1.5856489855223005E-004   2.0154686480743280E-002   8.9386155446400523E-004
 0.0090  0.52127728716151567        2.1582756898010001E-002   7.7892541357295533E-003   1.8354937189925293E-004   2.2715138379446078E-002   9.7782769831902122E-004
 0.0100  0.52095176969296186        2.1973553366579919E-002   8.6699865953457564E-003   2.0965682429799571E-004   2.5277067789315589E-002   1.1091168460142247E-003
 0.0200  0.51427405431907580        1.8076341240999542E-002   1.7628424533186519E-002   5.2820599371680504E-004   5.1634756321127476E-002   1.9729065192024839E-003
 0.0400  0.48349478176723437        2.8636472815817261E-002   3.6167705184526978E-002   1.3646569103488329E-003  0.11125349913447492        6.9155310406368263E-003
 0.0600  0.49195228367525035        1.2250898118341014E-002   5.4962729818045987E-002   2.1082128535485048E-003  0.16508278591840464        5.1888481013404710E-003
 0.0800  0.49862043940818801        8.9538492980779597E-003   7.3197288370579094E-002   2.3908393272745994E-003  0.21703881550360177        5.2681884366165069E-003
 0.1000  0.50936031002845394        7.7413792870215060E-003   9.0129573497786164E-002   2.1845821587089110E-003  0.26358673743037359        5.1237594043735749E-003
 0.1200  0.53309102841170453        5.9616590445116090E-003  0.10531297086109126        1.7288216136465040E-003  0.29822577738394646        4.1370197399904921E-003
 0.1400  0.55308540890467373        4.5665855386505146E-003  0.11864197038947968        1.2579288089363662E-003  0.32953837035404554        3.2334303406360179E-003
 0.1600  0.57692719011636318        3.5728775717351292E-003  0.13024302346217606        8.7945686581233538E-004  0.35385979082844160        2.4959378819893250E-003
 0.1800  0.60390076025966755        2.8696987791045903E-003  0.14034369654496154        6.0865991121580930E-004  0.37220493725466836        1.9441478738178621E-003
 0.2000  0.63342121187954470        2.3821601360165083E-003  0.14918946838590244        4.2561082444237601E-004  0.38566166868147805        1.5512106406897208E-003
 0.2200  0.66499847525316325        2.0445785304163524E-003  0.15700470403059313        3.0484570583191417E-004  0.39524102871207778        1.2743328750452613E-003
 0.2400  0.69824327285841337        1.7504897987019599E-003  0.16397868748011585        2.2518053273610101E-004  0.40179780640151352        1.0443996307134369E-003
 0.2600  0.73286973832530866        1.5980941001837565E-003  0.17026404414625598        1.7155646587667253E-004  0.40600964906133108        9.0866522202694546E-004
 0.2800  0.76858973373384898        1.4883613789863305E-003  0.17598073785681204        1.3422763487305880E-004  0.40844351167738818        8.0613669460906010E-004
 0.3000  0.80521982582372220        1.4151352372829852E-003  0.18122192624153907        1.0725031381734883E-004  0.40951190991459341        7.2982786149339838E-004
 0.3200  0.84262667409999270        1.3576976466484747E-003  0.18605976843850200        8.7088957258449920E-005  0.40952556867604323        6.6677979944925359E-004
 0.3400  0.88067081430849259        1.3085767830429034E-003  0.19055039241776331        7.1621161682384587E-005  0.40873871585490446        6.1217775278992696E-004
 0.3600  0.91926329265685724        1.2642566296802286E-003  0.19473783821907412        5.9526381564542724E-005  0.40733478785583471        5.6365345180378504E-004
 0.3800  0.95835064547037407        1.2744133208863685E-003  0.19865706578457160        4.9941100854648616E-005  0.40544725524002367        5.4156643659686668E-004
 0.4000  0.99785729016598756        1.2354461627536394E-003  0.20233620238809724        4.2271122139959282E-005  0.40319334599071699        5.0096682450573955E-004


# triplet j3 / nf 3 / mode 2 / nplat  5 / jkb  20 / start     1 / nmeas 10000
 0.0010  0.53852880240665901        2.5579941247335321E-002   8.5283055854011515E-004   1.5789439992350162E-005   2.4251434838060367E-003   1.1736071693743985E-004
 0.0020  0.53724263907478276        2.5154878292488560E-002   1.7088968692776220E-003   3.2724461801244055E-005   4.8665080816840131E-003   2.3257597722789802E-004
 0.0030  0.53606047679828783        2.5420534768455585E-002   2.5681696391804797E-003   5.0811633333135853E-005   7.3227412846066427E-003   3.5472739364046690E-004
 0.0040  0.53489158532395764        2.4972926605859126E-002   3.4306176237390677E-003   7.0054654421877790E-005   9.7941191891449415E-003   4.6807300887373904E-004
 0.0050  0.53375173138099774        2.4545766236818319E-002   4.2962076141344974E-003   9.0454477620448561E-005   1.2280140436026413E-002   5.7933750067590956E-004
 0.0060  0.53264036837178030        2.4137916823219040E-002   5.1649044261580998E-003   1.1200940189038534E-004   1.4780451123044143E-002   6.8872003681621585E-004
 0.0070  0.53155697322780637        2.3748304967497053E-002   6.0366708908918152E-003   1.3471514488821339E-004   1.7294696606480843E-002   7.9640635409436206E-004
 0.0080  0.53050104572987045        2.3375916338280331E-002   6.9114678471560720E-003   1.5856489855223005E-004   1.9822521291084316E-002   9.0256919591090847E-004
 0.0090  0.52947210776692633        2.3019791777899968E-002   7.7892541357295533E-003   1.8354937189925293E-004   2.2363568426438125E-002   1.0073687122182347E-003
 0.0100  0.52846970267128812        2.2679023677545415E-002   8.6699865953457564E-003   2.0965682429799571E-004   2.4917479906475529E-002   1.1109528240736790E-003
 0.0200  0.51981838565920990        1.9947308671279480E-002   1.7628424533186519E-002   5.2820599371680504E-004   5.1084025131909593E-002   2.1043791604109120E-003
 0.0400  0.50914648880070124        1.6553959198368530E-002   3.6167705184526978E-002   1.3646569103488329E-003  0.10564834967548944        3.9713372030476188E-003
 0.0600  0.50617547509531624        1.4052126122767402E-002   5.4962729818045987E-002   2.1082128535485048E-003  0.16044407033497365        5.4136769917966761E-003
 0.0800  0.50997725904543589        1.1653334625391702E-002   7.3197288370579094E-002   2.3908393272745994E-003  0.21220552021790606        5.9601852547580226E-003
 0.1000  0.51975831808339235        9.3260197724625935E-003   9.0129573497786164E-002   2.1845821587089110E-003  0.25831356156455471        5.5930943952665598E-003
 0.1200  0.53479053460494108        7.2563768883261853E-003  0.10531297086109126        1.7288216136465040E-003  0.29727804827722015        4.7142655095232617E-003
 0.1400  0.55437925703775748        5.5806935188543036E-003  0.11864197038947968        1.2579288089363662E-003  0.32876927122227012        3.7404661788150171E-003
 0.1600  0.57782825532212845        4.1664614106790435E-003  0.13024302346217606        8.7945686581233538E-004  0.35330798197815072        2.8129818231741460E-003
 0.1800  0.60455135478598221        3.2493590517846255E-003  0.14034369654496154        6.0865991121580930E-004  0.37180438485671546        2.1548941174933936E-003
 0.2000  0.63390110940592548        2.6168546551638017E-003  0.14918946838590244        4.2561082444237601E-004  0.38536970187770708        1.6831647539610720E-003
 0.2200  0.66536494216961650        2.1853556379689740E-003  0.15700470403059313        3.0484570583191417E-004  0.39502333951346202        1.3529232482273515E-003
 0.2400  0.69852813388656487        1.8904244226161349E-003  0.16397868748011585        2.2518053273610101E-004  0.40163395253409129        1.1213777199999659E-003
 0.2600  0.73308419124745139        1.6244074749674014E-003  0.17026404414625598        1.7155646587667253E-004  0.40589087695207143        9.2234790785629829E-004
 0.2800  0.76877169673849011        1.5071864424375508E-003  0.17598073785681204        1.3422763487305880E-004  0.40834683589064119        8.1557527363794241E-004
 0.3000  0.80537446549649994        1.4242792816526804E-003  0.18122192624153907        1.0725031381734883E-004  0.40943327967430049        7.3413595548982649E-004
 0.3200  0.84274332418853715        1.3616582539182876E-003  0.18605976843850200        8.7088957258449920E-005  0.40946888333369030        6.6850156422671944E-004
 0.3400  0.88077343076098691        1.3516068466543493E-003  0.19055039241776331        7.1621161682384587E-005  0.40869109484869193        6.3184990720398194E-004
 0.3600  0.91935936905560822        1.3140167922452112E-003  0.19473783821907412        5.9526381564542724E-005  0.40729221988859532        5.8545114648077452E-004
 0.3800  0.95842685869398569        1.2785486316239300E-003  0.19865706578457160        4.9941100854648616E-005  0.40541501444663813        5.4322219133136026E-004
 0.4000  0.99792042033127737        1.2440806848313985E-003  0.20233620238809724        4.2271122139959282E-005  0.40316783928491406        5.0437981650426524E-004


