# triplet j1 / nf 0 / mode 2 / nplat  5 / jkb  20 / start     1 / nmeas 10000
 0.0010  0.12194179791336351        5.1231497125668176E-003   3.8734176440679891        2.9388761372144662E-002  0.72178784980639110        3.0447900754663630E-002
 0.0020  0.13476594453270135        3.3361849413871881E-003   2.0179798584840531        1.4008124187853179E-002  0.66666591271565190        1.6665001186877765E-002
 0.0030  0.14407522193065556        2.9352884532333309E-003   1.3876072408302427        8.8919902053796497E-003  0.63331475544794147        1.3061303403982399E-002
 0.0040  0.15164020297432990        2.9696033939692556E-003   1.0680972062096759        6.4161684420463846E-003  0.60958746217426041        1.2077276997996952E-002
 0.0050  0.15819724638477140        3.2026081858220917E-003  0.87431620294819345        4.9822925090708481E-003  0.59106513654722515        1.2083689221421591E-002
 0.0060  0.16409314479989706        3.4390202816988649E-003  0.74397893612881849        4.0556550046153411E-003  0.57581172593613528        1.2169338319608218E-002
 0.0070  0.16948897036574037        3.6690799666165667E-003  0.65018646041601325        3.4110469806601703E-003  0.56291333535499932        1.2275025884899740E-002
 0.0080  0.17448961879006614        3.8860200982920238E-003  0.57940030178860602        2.9384577082166869E-003  0.55179753496040052        1.2368364741236659E-002
 0.0090  0.17916887979483864        4.0786041758077074E-003  0.52405468496861929        2.5781155442112058E-003  0.54207824477890287        1.2411711723446132E-002
 0.0100  0.18358023556687328        4.2360071936846004E-003  0.47958550245841497        2.2948501585272913E-003  0.53348485905309617        1.2375848579311909E-002
 0.0200  0.21919298278036292        4.2580645332010248E-003  0.27792620685559316        1.0838248842514567E-003  0.48102549943810635        9.3914017205514923E-003
 0.0400  0.27342495053381888        3.0110152176888441E-003  0.18117291284288559        5.1741690914143697E-004  0.44030486563049254        4.8893279419411793E-003
 0.0600  0.32098172486335574        3.8606852409122463E-003  0.15512665288502739        3.3336946063561182E-004  0.42506321969202265        5.1329113395952430E-003
 0.0800  0.36523238867536756        2.0024930620291129E-003  0.14683442310158909        2.4227008332787018E-004  0.41966683376785602        2.3268469391693625E-003
 0.1000  0.40750717266847913        2.2274298528271760E-003  0.14537231190186672        1.8802121493518179E-004  0.41842785602420240        2.3030736458059639E-003
 0.1200  0.44868425506845122        2.0613954694768946E-003  0.14706049455370729        1.5216132230132896E-004  0.41870948794175211        1.9358396581626326E-003
 0.1400  0.48918424151207845        2.0885434523465734E-003  0.15032826313905154        1.2669501611095517E-004  0.41939850422745795        1.7992979478035438E-003
 0.1600  0.52925019492840431        1.9543415719890287E-003  0.15440485787499705        1.0756938553340126E-004  0.41999531168562071        1.5577853787784870E-003
 0.1800  0.56904749518368791        1.8394427978686281E-003  0.15887693236796693        9.2552335286893062E-005  0.42027461332547100        1.3640393167267209E-003
 0.2000  0.60868526351408081        1.7386575075159472E-003  0.16350962628487908        8.0354562902260187E-005  0.42015435664425693        1.2045673793265024E-003
 0.2200  0.64823845984231798        1.6486990453221848E-003  0.16816457557400505        7.0201903205782586E-005  0.41962253391185050        1.0708361850882409E-003
 0.2400  0.68777338304469027        1.6724529273382002E-003  0.17275870853289307        6.1609150827812248E-005  0.41869254537513040        1.0208647834687337E-003
 0.2600  0.72731446559469004        1.5903976818064517E-003  0.17724203005070882        5.4256375048753139E-005  0.41740995664953612        9.1497157449625232E-004
 0.2800  0.76689468274602945        1.5157476800667282E-003  0.18158497126474071        4.7920465678349928E-005  0.41581316726785400        8.2367349695047147E-004
 0.3000  0.80653879200278689        1.4474780900984813E-003  0.18577087031835787        4.2436933972535553E-005  0.41394169399344971        7.4439538232428564E-004
 0.3200  0.84626744679381427        1.3847988865608079E-003  0.18979134884253290        3.7678361497538319E-005  0.41183244466553776        6.7514522379846223E-004
 0.3400  0.88609844140320504        1.3270720898327015E-003  0.19364339159074431        3.3542108175513467E-005  0.40951878115952772        6.1434359633783051E-004
 0.3600  0.92604755343571665        1.2737639151998124E-003  0.19732746228076364        2.9943011406626255E-005  0.40703028580283995        5.6071486063733540E-004
 0.3800  0.96613854419998657        1.2960710140211443E-003  0.20084626764484498        2.6809002132260911E-005  0.40438894101116030        5.4315709813101032E-004
 0.4000   1.0063726887211424        1.2455553432239928E-003  0.20420393636842141        2.4078243313564726E-005  0.40162265800495789        4.9763917664090505E-004


# triplet j3 / nf 0 / mode 2 / nplat  5 / jkb  20 / start     1 / nmeas 10000
 0.0010  0.12272425235430869        4.3476366357664831E-003   3.8734176440679891        2.9388761372144662E-002  0.71718593863018132        2.5552333919361174E-002
 0.0020  0.13442144872032805        4.0364746602738026E-003   2.0179798584840531        1.4008124187853179E-002  0.66837444671352897        2.0203905383559897E-002
 0.0030  0.14337140340840809        3.7367760999177102E-003   1.3876072408302427        8.8919902053796497E-003  0.63642373425891929        1.6712368051562659E-002
 0.0040  0.15085245461155813        3.4372917662044175E-003   1.0680972062096759        6.4161684420463846E-003  0.61277071515168446        1.4083243723941881E-002
 0.0050  0.15733852024805944        3.2128768136904331E-003  0.87431620294819345        4.9822925090708481E-003  0.59429106672917997        1.2253078748124951E-002
 0.0060  0.16535434478930031        6.8249466477265860E-003  0.74397893612881849        4.0556550046153411E-003  0.57141986224743524        2.3636538453254467E-002
 0.0070  0.17002498491003309        6.3973468253186727E-003  0.65018646041601325        3.4110469806601703E-003  0.56113871537731619        2.1164608253348222E-002
 0.0080  0.17445969158513144        6.0179355753712197E-003  0.57940030178860602        2.9384577082166869E-003  0.55189219154130564        1.9088728058484172E-002
 0.0090  0.17869779845531811        5.6796455983024801E-003  0.52405468496861929        2.5781155442112058E-003  0.54350726599731047        1.7326231158905796E-002
 0.0100  0.18276545623221147        5.3794873695801847E-003  0.47958550245841497        2.2948501585272913E-003  0.53586316646124865        1.5824526277588048E-002
 0.0200  0.22012805848675823        2.1174649356875013E-003  0.27792620685559316        1.0838248842514567E-003  0.47898216492739787        4.7011481577316164E-003
 0.0400  0.27271038089317640        2.7830152795291297E-003  0.18117291284288559        5.1741690914143697E-004  0.44145857488268986        4.5489846962371312E-003
 0.0600  0.32093171753562272        2.3868064555243227E-003  0.15512665288502739        3.3336946063561182E-004  0.42512945270849611        3.1945660317452148E-003
 0.0800  0.36526081294374513        2.2630678116510043E-003  0.14683442310158909        2.4227008332787018E-004  0.41963417567180666        2.6228986170643087E-003
 0.1000  0.40745974534142287        1.8241973329837814E-003  0.14537231190186672        1.8802121493518179E-004  0.41847656001276567        1.8929641013199056E-003
 0.1200  0.44853994470058334        1.7274331864052506E-003  0.14706049455370729        1.5216132230132896E-004  0.41884420084959573        1.6275566813889818E-003
 0.1400  0.48946038545400233        2.1459660861251001E-003  0.15032826313905154        1.2669501611095517E-004  0.41916188782368724        1.8462216602414649E-003
 0.1600  0.52950665440505851        2.0422378238755087E-003  0.15440485787499705        1.0756938553340126E-004  0.41979189256532068        1.6256722988282827E-003
 0.1800  0.56927902004517883        1.9459186618447420E-003  0.15887693236796693        9.2552335286893062E-005  0.42010368831644712        1.4412091132415951E-003
 0.2000  0.60889347522032089        1.8568456848323963E-003  0.16350962628487908        8.0354562902260187E-005  0.42001068446013728        1.2849909865850740E-003
 0.2200  0.64842745817864234        1.7745380673347549E-003  0.16816457557400505        7.0201903205782586E-005  0.41950022576497420        1.1513720193422111E-003
 0.2400  0.68793505691773704        1.6983675775360458E-003  0.17275870853289307        6.1609150827812248E-005  0.41859414706740367        1.0361132133060601E-003
 0.2600  0.72745581845862928        1.6276992702793512E-003  0.17724203005070882        5.4256375048753139E-005  0.41732884919075713        9.3596511794575795E-004
 0.2800  0.76701998496982171        1.5619576862227118E-003  0.18158497126474071        4.7920465678349928E-005  0.41574523903187355        8.4839804603735101E-004
 0.3000  0.80665169110842072        1.5006444132110975E-003  0.18577087031835787        4.2436933972535553E-005  0.41388375864470928        7.7141333069562007E-004
 0.3200  0.84637097188066601        1.4433342693138224E-003  0.18979134884253290        3.7678361497538319E-005  0.41178207078573936        7.0340924851809456E-004
 0.3400  0.88619505896955875        1.3896645715461525E-003  0.19364339159074431        3.3542108175513467E-005  0.40947413330507254        6.4308518880685703E-004
 0.3600  0.92613924038274631        1.3393238031502493E-003  0.19732746228076364        2.9943011406626255E-005  0.40698999017273740        5.8937257096956775E-004
 0.3800  0.96621744540015975        1.2920413749859185E-003  0.20084626764484498        2.6809002132260911E-005  0.40435591865896159        5.4138421435038543E-004
 0.4000   1.0064426553555181        1.2475804219837180E-003  0.20420393636842141        2.4078243313564726E-005  0.40159473770018927        4.9837720794919285E-004


