# triplet j1 / nf 4 / mode 2 / nplat  5 / jkb  20 / start     1 / nmeas 10000
 0.0010   1.8305699129256989E-002   1.3179318730142520E-002   8.3116468039768775E-004   1.3018288762563226E-005   7.0432356282899150E-002   5.0711277387722173E-002
 0.0020   3.6132407105138306E-002   2.6039726456223922E-002   1.6623506073931238E-003   2.6058928086558746E-005   7.1366502585972685E-002   5.1435103808705342E-002
 0.0030   5.3998275054437293E-002   3.8695856432531803E-002   2.4935789753806037E-003   3.9144241463888689E-005   7.1632037139872110E-002   5.1335515492858148E-002
 0.0040  0.57405513817028098        3.3204934930482238E-002   3.3248708744209126E-003   5.2296497829943944E-005   8.9841868731522848E-003   5.2445144346494478E-004
 0.0050  0.57648621181844772        2.9285403648052259E-002   4.1562472382557737E-003   6.5537883243677340E-005   1.1183088519776814E-002   5.7490045583489103E-004
 0.0060  0.57928158182828537        3.0682954231769428E-002   4.9877287925397034E-003   7.8890471371836893E-005   1.3355259099326574E-002   7.1523286760723963E-004
 0.0070  0.58088756863146773        2.8494013146923569E-002   5.8193360033600419E-003   9.2376192381319491E-005   1.5538484263476933E-002   7.7211541894065634E-004
 0.0080  0.58197811901317242        2.7191259452891036E-002   6.6510890261160744E-003   1.0601679998093934E-004   1.7725549822949188E-002   8.4013810836531741E-004
 0.0090  0.58341723295355019        2.9395312149567615E-002   7.4830076548258375E-003   1.1983383633514636E-004   1.9892762341294924E-002   1.0148687602433597E-003
 0.0100  0.58423578491142247        2.8148108178195755E-002   8.3151112719294425E-003   1.3384859461013456E-004   2.2072975240298318E-002   1.0781986755657137E-003
 0.0200  0.58541456876849796        2.5904689202185225E-002   1.6650194384924294E-002   2.8928988879344658E-004   4.4083505643246118E-002   1.9879391595645098E-003
 0.0400  0.57650290448084474        2.2617682979685812E-002   3.3430858686999458E-002   7.2791696438582912E-004   8.9705125832377247E-002   3.6523518300973306E-003
 0.0600  0.53360087836275116        3.5290805384313534E-002   5.0331676403642438E-002   1.3281346174432375E-003  0.14564473346354376        9.8223208918018032E-003
 0.0800  0.56155698970206691        1.6266459946031268E-002   6.7123144600561110E-002   1.8882682213936732E-003  0.18454500769033469        5.9425624367841108E-003
 0.1000  0.56313231439043809        1.3499374057571937E-002   8.3376814838201613E-002   2.1388206826285362E-003  0.22931221989968326        6.2344511547888981E-003
 0.1200  0.57105483419335290        1.0848442333013651E-002   9.8604207413103079E-002   1.9980224916497408E-003  0.26938631641286243        5.7998906533724380E-003
 0.1400  0.58427021246529787        8.5886990278776984E-003  0.11245268634824826        1.6173244998269811E-003  0.30370377313536595        4.9699776442499229E-003
 0.1600  0.59849544114428188        6.0464083887404249E-003  0.12480332949984597        1.1982472090461434E-003  0.33390831061670473        3.7348411137436929E-003
 0.1800  0.62010828985309030        5.0732436478445045E-003  0.13572054765982342        8.5229426029491124E-004  0.35645648062845925        3.1236507976603123E-003
 0.2000  0.64892858229521244        4.1155992585677559E-003  0.14535415014372133        6.0200289827827991E-004  0.37157527727660172        2.4790247405299805E-003
 0.2200  0.67678926039064380        3.2794307089595350E-003  0.15387536622053405        4.3093159601771864E-004  0.38446554872404420        1.9391817119285481E-003
 0.2400  0.70698710308251222        2.6017276083063231E-003  0.16144992576594172        3.1589931896222536E-004  0.39375678654350671        1.4993639301317033E-003
 0.2600  0.73915407080449103        2.1957887419008777E-003  0.16822778049291728        2.3789086472895049E-004  0.40014330630235007        1.2219021303352653E-003
 0.2800  0.77289838124594201        1.9199132925530812E-003  0.17433866521804120        1.8366006549595576E-004  0.40426716981042271        1.0265457933597705E-003
 0.3000  0.80794281476036567        1.6846522234492149E-003  0.17989087991767128        1.4471176484794515E-004  0.40663014863022262        8.6350080516589371E-004
 0.3200  0.84410180953499747        1.5657388751968233E-003  0.18497248338608574        1.1583835894008275E-004  0.40761365028760449        7.6678656249433560E-004
 0.3400  0.88115833520983666        1.4785183186609388E-003  0.18965392207708914        9.3876737064658934E-005  0.40755048737202049        6.9123839609429273E-004
 0.3600  0.91897418539966857        1.4098361339780216E-003  0.19399114613642862        7.6857850217161851E-005  0.40668100745930491        6.2908586754891794E-004
 0.3800  0.95745069776145353        1.3839507290030731E-003  0.19802858935238607        6.3498002489471609E-005  0.40518589911402242        5.8926914592961519E-004
 0.4000  0.99649059687440222        1.3379094040623062E-003  0.20180172456383935        5.2916089198253397E-005  0.40321272095796451        5.4393699345974347E-004


# triplet j3 / nf 4 / mode 2 / nplat  5 / jkb  20 / start     1 / nmeas 10000
 0.0010  0.59998500768572816        2.9396656486659668E-002   8.3116468039768775E-004   1.3018288762563226E-005   2.1489095670115923E-003   1.0662368675096171E-004
 0.0020  0.59994143452660886        2.9385540409571687E-002   1.6623506073931238E-003   2.6058928086558746E-005   4.2981587480134305E-003   2.1320518308542641E-004
 0.0030  0.59986892113494272        2.9367044946577246E-002   2.4935789753806037E-003   3.9144241463888689E-005   6.4480860866575210E-003   3.1970247695147327E-004
 0.0040  0.59976762984468834        2.9341216818235760E-002   3.3248708744209126E-003   5.2296497829943944E-005   8.5990279904745587E-003   4.2607391045346242E-004
 0.0050  0.59963778701919523        2.9308120902784000E-002   4.1562472382557737E-003   6.5537883243677340E-005   1.0751317673364260E-002   5.3227835083029457E-004
 0.0060  0.59947968213308467        2.9267839681871233E-002   4.9877287925397034E-003   7.8890471371836893E-005   1.2905284111141909E-002   6.3827535359123908E-004
 0.0070  0.59929366661069194        2.9220472584651790E-002   5.8193360033600419E-003   9.2376192381319491E-005   1.5061251014175834E-002   7.4402531645705310E-004
 0.0080  0.59908015241611912        2.9166135176819857E-002   6.6510890261160744E-003   1.0601679998093934E-004   1.7219535821425214E-002   8.4948962120487707E-004
 0.0090  0.59883961043763401        2.9104958287333678E-002   7.4830076548258375E-003   1.1983383633514636E-004   1.9380448718947178E-002   9.5463076342796986E-004
 0.0100  0.59857256862280139        2.9037086930526177E-002   8.3151112719294425E-003   1.3384859461013456E-004   2.1544291688001760E-002   1.0594124646041588E-003
 0.0200  0.59459692745825588        2.8029911562633961E-002   1.6650194384924294E-002   2.8928988879344658E-004   4.3402724188742768E-002   2.0805011445988123E-003
 0.0400  0.58244057694052742        2.4869661129717825E-002   3.3430858686999458E-002   7.2791696438582912E-004   8.8790629699664197E-002   3.9125687160673044E-003
 0.0600  0.57106171893268853        2.1291085467692636E-002   5.0331676403642438E-002   1.3281346174432375E-003  0.13609064507126625        5.3822501037306134E-003
 0.0800  0.56517428226046273        1.7936137101683944E-002   6.7123144600561110E-002   1.8882682213936732E-003  0.18336386179612058        6.3651071285713472E-003
 0.1000  0.56601558532226148        1.4921397591666890E-002   8.3376814838201613E-002   2.1388206826285362E-003  0.22814410849940758        6.6884603528693919E-003
 0.1200  0.57319262704732055        1.2186920760531522E-002   9.8604207413103079E-002   1.9980224916497408E-003  0.26838160680040518        6.3209319777166439E-003
 0.1400  0.58587917581985993        9.7326030744174646E-003  0.11245268634824826        1.6173244998269811E-003  0.30286973044911886        5.4824416264630301E-003
 0.1600  0.60326783602976719        7.6301020609439753E-003  0.12480332949984597        1.1982472090461434E-003  0.33126679350169386        4.4814883998097223E-003
 0.1800  0.62466670584945416        5.9338792884029937E-003  0.13572054765982342        8.5229426029491124E-004  0.35385529041279901        3.5402344989507099E-003
 0.2000  0.64947468825794707        4.6356160080878025E-003  0.14535415014372133        6.0200289827827991E-004  0.37126284096739037        2.7591590802012703E-003
 0.2200  0.67720273620857996        3.5999778148464823E-003  0.15387536622053405        4.3093159601771864E-004  0.38423080778351443        2.1122243495287425E-003
 0.2400  0.70731834329486831        2.8866296175936571E-003  0.16144992576594172        3.1589931896222536E-004  0.39357238855237908        1.6517104959853609E-003
 0.2600  0.73939035906190198        2.3918288078776492E-003  0.16822778049291728        2.3789086472895049E-004  0.40001543181304677        1.3245451588500116E-003
 0.2800  0.77308540712192975        1.9520051491084610E-003  0.17433866521804120        1.8366006549595576E-004  0.40416936894538202        1.0424781961305112E-003
 0.3000  0.80812222416082613        1.7399601805913399E-003  0.17989087991767128        1.4471176484794515E-004  0.40653987358395638        8.9045966850886406E-004
 0.3200  0.84424244254733305        1.5968698859080588E-003  0.18497248338608574        1.1583835894008275E-004  0.40754575043725333        7.8135699240587035E-004
 0.3400  0.88127123451703127        1.4961267798064403E-003  0.18965392207708914        9.3876737064658934E-005  0.40749827624124829        6.9911914176560761E-004
 0.3600  0.91908139709773429        1.4365773050428422E-003  0.19399114613642862        7.6857850217161851E-005  0.40663356774230219        6.4067588968327557E-004
 0.3800  0.95754233571701453        1.3879960549573521E-003  0.19802858935238607        6.3498002489471609E-005  0.40514712233514594        5.9085826846039138E-004
 0.4000  0.99656651704267551        1.3450876709580797E-003  0.20180172456383935        5.2916089198253397E-005  0.40318200351251399        5.4674495359029098E-004


