# triplet j1 / nf 5 / mode 2 / nplat  5 / jkb  20 / start     1 / nmeas 10000
 0.0010   1.6487049689628823E-002   1.3686959097275164E-002   8.2120390649681799E-004   1.1519439418690319E-005   7.7731590541789145E-002   6.4532289902532819E-002
 0.0020   3.2301384657218941E-002   2.6778756650889166E-002   1.6423784196157060E-003   2.3038157992688226E-005   7.9349733238627956E-002   6.5785515401332276E-002
 0.0030  0.60195782649668594        4.3426971685555454E-002   2.4634951785436421E-003   3.4556027865908466E-005   6.3868309047318212E-003   4.6293669920051406E-004
 0.0040  0.60488720402786200        3.4063964015680868E-002   3.2845269530380051E-003   4.6073565391661763E-005   8.4743619857948916E-003   4.8091712478599721E-004
 0.0050  0.60860985357979613        3.5406258261041462E-002   4.1054476456804448E-003   5.7591926391127829E-005   1.0527888571386219E-002   6.1690199233395686E-004
 0.0060  0.61088510586110822        3.1639092360502843E-002   4.9262322916320536E-003   6.9112899540839791E-005   1.2586023252344416E-002   6.5780976028512834E-004
 0.0070  0.61373758035064474        3.5102645116971698E-002   5.7468570559095350E-003   8.0638897945502103E-005   1.4614921885992786E-002   8.4216411563264220E-004
 0.0080  0.61547720591195454        3.2330901081871297E-002   6.5672992282102367E-003   9.2172948955595633E-005   1.6654876633036386E-002   8.8264989709654115E-004
 0.0090  0.61678513455465789        3.0534759491878782E-002   7.3875372153194103E-003   1.0371868235067287E-004   1.8696150499940545E-002   9.3483621467493232E-004
 0.0100  0.61855778098316394        3.4940521000204630E-002   8.2075505311400999E-003   1.1528031687308737E-004   2.0712928503041305E-002   1.1790205518386924E-003
 0.0200  0.62456595080945809        3.0684437049764989E-002   1.6391580153143921E-002   2.3308625805358512E-004   4.0997946296391335E-002   2.0351800656408579E-003
 0.0400  0.62341912612729045        2.7000484488069822E-002   3.2641067056209491E-002   5.0857765113732491E-004   8.1968510869741634E-002   3.6070572710432411E-003
 0.0600  0.61606218995557505        2.5032433122305547E-002   4.8709198148177799E-002   8.9819401455744634E-004  0.12409993608498741        5.1707330006749413E-003
 0.0800  0.57269858035274834        3.3785374213767282E-002   6.4557195741032025E-002   1.3924431582101637E-003  0.17746234389524820        1.0642586131154427E-002
 0.1000  0.60284282473381412        1.8882210619550317E-002   8.0037668245074620E-002   1.8246386315627070E-003  0.20987374664444905        6.9954195967113133E-003
 0.1200  0.60400506170325863        1.5465000058807221E-002   9.4858950452548566E-002   1.9801419900981852E-003  0.24980676788964634        6.9070852708947366E-003
 0.1400  0.61147317688208858        1.2857973726493959E-002  0.10866918917720568        1.8035182138099002E-003  0.28526915660087210        6.4487942070135581E-003
 0.1600  0.62463366639527262        1.0346490048250024E-002  0.12121924747489266        1.4343058927240436E-003  0.31530829265365545        5.5459328863759283E-003
 0.1800  0.64236901182495709        8.2202727699608943E-003  0.13245127847601448        1.0493160973842816E-003  0.33993411025542225        4.5537078962322895E-003
 0.2000  0.66241632565786290        6.3640532181413823E-003  0.14245092160694409        7.4289624021358161E-004  0.36035586924151281        3.5873086189437266E-003
 0.2200  0.68744861818857461        4.4424620723416868E-003  0.15135717220716760        5.2944485250896165E-004  0.37539423390068810        2.5131682286999584E-003
 0.2400  0.71644394795618949        4.0627476378169540E-003  0.15931039432539398        3.8851625313522230E-004  0.38597613821848348        2.2387893810669377E-003
 0.2600  0.74634040210397656        3.2223327428574458E-003  0.16643864349319223        2.9512426135841301E-004  0.39417747519301705        1.7373764612091081E-003
 0.2800  0.77816164503534324        2.6419777952110136E-003  0.17285734221995108        2.3063042773405860E-004  0.39982330808051048        1.3834176468436197E-003
 0.3000  0.81163462355989568        2.1524569984537572E-003  0.17866942266975983        1.8367698677451572E-004  0.40340397834968250        1.0897379474885645E-003
 0.3200  0.84647830862360196        1.8973676107508000E-003  0.18396445951864931        1.4798290545520317E-004  0.40536021143897139        9.2312007655978936E-004
 0.3400  0.88246444210829544        1.7259647411241518E-003  0.18881823177452220        1.2011229923975260E-004  0.40604970983571786        8.0460352856137152E-004
 0.3600  0.91943177117916297        1.5906261536109325E-003  0.19329337603834051        9.8053389617208740E-005  0.40574691562776866        7.0945021765121718E-004
 0.3800  0.95722442649710371        1.5160012262622926E-003  0.19744089567732681        8.0490147179275830E-005  0.40467984964467363        6.4619685603693733E-004
 0.4000  0.99571933706046400        1.4555838259316196E-003  0.20130203528214510        6.6471428394028823E-005  0.40302513780337912        5.9290459864138516E-004


# triplet j3 / nf 5 / mode 2 / nplat  5 / jkb  20 / start     1 / nmeas 10000
 0.0010  0.63934587464391834        3.3495172814643474E-002   8.2120390649681799E-004   1.1519439418690319E-005   2.0044934151332763E-003   1.0595182192154610E-004
 0.0020  0.63934338167352067        3.3494233872004467E-002   1.6423784196157060E-003   2.3038157992688226E-005   4.0089665886265131E-003   2.1189750015411423E-004
 0.0030  0.63933843149780756        3.3492479731008808E-002   2.4634951785436421E-003   3.4556027865908466E-005   6.0134080171080932E-003   3.1783007079670721E-004
 0.0040  0.63933037514139845        3.3489756727488357E-002   3.2845269530380051E-003   4.6073565391661763E-005   8.0178157128444998E-003   4.2374168703888574E-004
 0.0050  0.63931856641259344        3.3485912269025732E-002   4.1054476456804448E-003   5.7591926391127829E-005   1.0022197162033744E-002   5.2962363009662246E-004
 0.0060  0.63930236311824051        3.3480795052744643E-002   4.9262322916320536E-003   6.9112899540839791E-005   1.2026569258053503E-002   6.3546632105469661E-004
 0.0070  0.63928112839870244        3.3474255164634592E-002   5.7468570559095350E-003   8.0638897945502103E-005   1.4030958207370570E-002   7.4125933072283017E-004
 0.0080  0.63925423204994125        3.3466144338987751E-002   6.5672992282102367E-003   9.2172948955595633E-005   1.6035399409148863E-002   8.4699139189214380E-004
 0.0090  0.63922105192720413        3.3456316132326101E-002   7.3875372153194103E-003   1.0371868235067287E-004   1.8039937306497215E-002   9.5265041033470500E-004
 0.0100  0.63918097537429097        3.3444626195325622E-002   8.2075505311400999E-003   1.1528031687308737E-004   2.0044625209631177E-002   1.0582234783475261E-003
 0.0200  0.63827593182833764        3.3195668663137300E-002   1.6391580153143921E-002   2.3308625805358512E-004   4.0117322356951084E-002   2.1058415811243416E-003
 0.0400  0.63247325861264647        2.9237852802327404E-002   3.2641067056209491E-002   5.0857765113732491E-004   8.0795095635285821E-002   3.7876457455251790E-003
 0.0600  0.62292713883769213        2.7069088246250667E-002   4.8709198148177799E-002   8.9819401455744634E-004  0.12273229665433578        5.4520158517203645E-003
 0.0800  0.61261664766089663        2.3899174562716268E-002   6.4557195741032025E-002   1.3924431582101637E-003  0.16589890725780071        6.7147350462561451E-003
 0.1000  0.60637703029795964        2.0312263668159473E-002   8.0037668245074620E-002   1.8246386315627070E-003  0.20865051930222203        7.3828904483375975E-003
 0.1200  0.60666285587904012        1.6935951524155318E-002   9.4858950452548566E-002   1.9801419900981852E-003  0.24871236270836017        7.4125987422612996E-003
 0.1400  0.61355551783562612        1.3972297516240991E-002  0.10866918917720568        1.8035182138099002E-003  0.28430098399007625        6.8907351104398737E-003
 0.1600  0.61871805481954756        1.4588189083149163E-002  0.12121924747489266        1.4343058927240436E-003  0.31832297983049573        7.7381118429944830E-003
 0.1800  0.63867288858029958        1.0669417641218690E-002  0.13245127847601448        1.0493160973842816E-003  0.34190137454522163        5.8700383910191851E-003
 0.2000  0.66478942542303809        7.1649759520399899E-003  0.14245092160694409        7.4289624021358161E-004  0.35906950637836654        3.9816351681324670E-003
 0.2200  0.68935950534470092        5.6299838542263198E-003  0.15135717220716760        5.2944485250896165E-004  0.37435365055559300        3.1266598662758123E-003
 0.2400  0.71676466932965577        4.4700957700987871E-003  0.15931039432539398        3.8851625313522230E-004  0.38580343049100796        2.4516182228685322E-003
 0.2600  0.74656242575664922        3.5282483547001051E-003  0.16643864349319223        2.9512426135841301E-004  0.39406024893058506        1.8948127396847540E-003
 0.2800  0.77832757804707964        2.7450252049493013E-003  0.17285734221995108        2.3063042773405860E-004  0.39973806905321213        1.4348054083627639E-003
 0.3000  0.81178876120039511        2.2828921590650943E-003  0.17866942266975983        1.8367698677451572E-004  0.40332738239225763        1.1530183074756526E-003
 0.3200  0.84660679220387414        1.8938412968564642E-003  0.18396445951864931        1.4798290545520317E-004  0.40529869276023506        9.2118270781338483E-004
 0.3400  0.88259734608881213        1.7181316465097638E-003  0.18881823177452220        1.2011229923975260E-004  0.40598856573307135        8.0080812340587359E-004
 0.3600  0.91955063341020060        1.6039331572718896E-003  0.19329337603834051        9.8053389617208740E-005  0.40569446828895350        7.1507803108699958E-004
 0.3800  0.95732520563809953        1.5242278145342323E-003  0.19744089567732681        8.0490147179275830E-005  0.40463724835580611        6.4951079069006839E-004
 0.4000  0.99580552588860549        1.4631810327256026E-003  0.20130203528214510        6.6471428394028823E-005  0.40299025522496817        5.9585778474897585E-004


