# triplet j1 / nf 2 / mode 2 / nplat  5 / jkb  20 / start     1 / nmeas 10000
 0.0010  -100.00000000000000        188.32046303204865        1.2434545160831902E-003   9.8980733811757321E-005  -1.5769936690318006E-005   2.9704649657235440E-005
 0.0020  0.46463581613253069        113.78828782666361        2.4867452576527466E-003   1.9781951747841134E-004   6.7878613195297361E-003   1.6623323061277302     
 0.0030  0.63885351907978183        148.26475660115472        3.7297085162760024E-003   2.9637482364375158E-004   7.4047735201308376E-003   1.7184955971110607     
 0.0040  0.44737925178624355        73.998487692846766        4.9721807159160414E-003   3.9450596850491816E-004   1.4097516354310766E-002   2.3317910168701497     
 0.0050  0.40417182615633251        3.0392944619000009E-002   6.2139984797092802E-003   4.9207352854011986E-004   1.9503813466354630E-002   1.6575295072471625E-003
 0.0060  0.40215104851683670        4.4386865354380849E-002   7.4549986974301085E-003   5.8893975121341625E-004   2.3519343965018855E-002   2.7571410859835079E-003
 0.0070  0.39954523667964181        4.4372943336765426E-002   8.6950185938569988E-003   6.8496895771713356E-004   2.7614254171144666E-002   3.2539714407793792E-003
 0.0080  0.39685357563354373        4.4353142530738868E-002   9.9338957982417625E-003   7.8002793584786749E-004   3.1767972182394619E-002   3.7631521488960028E-003
 0.0090  0.39441826750486897        4.3399869624461178E-002   1.1171468415069181E-002   8.7398632120507989E-004   3.5952936064077110E-002   4.1986293339912233E-003
 0.0100  0.39247866620202904        4.1218590959450220E-002   1.2407575096276220E-002   9.6671696494724012E-004   4.0136768087299032E-002   4.4958706638389212E-003
 0.0200  0.38691717298644446        1.0882552358282182E-002   2.4653063584060445E-002   1.8014753524621028E-003   8.1161009011447863E-002   3.7422250525620355E-003
 0.0400  0.41164301946207271        6.1083772351721030E-003   4.8054150848827873E-002   2.7489441518072791E-003  0.15062244463704841        4.8534638077289260E-003
 0.0600  0.42561321394746449        5.0915483063452630E-003   6.9207336404607800E-002   2.7346639256501577E-003  0.21411721575140505        4.9453679275335300E-003
 0.0800  0.44437913331763007        3.8750684264403468E-003   8.7606640409306824E-002   2.2049614063035547E-003  0.26642492166415238        4.0790849172788095E-003
 0.1000  0.46729961139214948        3.1307415917574441E-003  0.10326361946349807        1.5902234400403015E-003  0.30753407974422697        3.1388450279777871E-003
 0.1200  0.49353017302561458        2.5827285053214907E-003  0.11651708479969793        1.0871672025882871E-003  0.33883379238945610        2.3754842731233540E-003
 0.1400  0.52241733577271166        2.1933904778254952E-003  0.12781117782485119        7.3099340757064226E-004  0.36211444890693634        1.8395060573750106E-003
 0.1600  0.55343630011106204        1.8416479301094969E-003  0.13756105227738233        4.9585702157791582E-004  0.37910114185447641        1.4346694819371527E-003
 0.1800  0.58618298720237016        1.6602437420842268E-003  0.14610434158804675        3.4542980809784701E-004  0.39124572154922960        1.2007701177214579E-003
 0.2000  0.62026685493425660        1.5303187213317648E-003  0.15369859616135706        2.4958779250163881E-004  0.39974806626854703        1.0382906218701581E-003
 0.2200  0.65545249135916173        1.4360535353635396E-003  0.16053511719120886        1.8733703552254081E-004  0.40548065970239172        9.1934542994622024E-004
 0.2400  0.69154900437010802        1.3689615287182893E-003  0.16675514830724145        1.4538947568073083E-004  0.40910735159244238        8.2925685570977583E-004
 0.2600  0.72838138187299617        1.3144303701807835E-003  0.17246356913884933        1.1583838255625504E-004  0.41114169342180540        7.5468110417839626E-004
 0.2800  0.76585215465305978        1.3146734881633228E-003  0.17773921141260957        9.4123468544800513E-005  0.41194638817887402        7.1551615580823017E-004
 0.3000  0.80385760521822169        1.2737014828988551E-003  0.18264225640018081        7.7611200232008314E-005  0.41181023117159421        6.5834790367032335E-004
 0.3200  0.84232085036050786        1.2352041894406612E-003  0.18721943817074221        6.4733788328173619E-005  0.41094897796383029        6.0680118085828724E-004
 0.3400  0.88120329093878580        1.2640356490421301E-003  0.19150769005608553        5.4510198240641172E-005  0.40951654725675091        5.9031217267512849E-004
 0.3600  0.92044592221558608        1.2258488387111594E-003  0.19553671203453807        4.6290773384628974E-005  0.40764500418706373        5.4504123874649351E-004
 0.3800  0.96001498680293385        1.1886997249109265E-003  0.19933079449912311        3.9621903645850041E-005  0.40543009408007047        5.0362198072832287E-004
 0.4000  0.99989256533427839        1.2227895846084872E-003  0.20291012779114112        3.4172846623188260E-005  0.40294290809665989        4.9393413074113018E-004


# triplet j3 / nf 2 / mode 2 / nplat  5 / jkb  20 / start     1 / nmeas 10000
 0.0010  0.38576400141795264        1.2169108065203485E-002   1.2434545160831902E-003   9.8980733811757321E-005   4.0879751952884293E-003   2.0761171716327049E-004
 0.0020  0.38579087072040052        1.2163051367148656E-002   2.4867452576527466E-003   1.9781951747841134E-004   8.1751117596556410E-003   4.1492390188624623E-004
 0.0030  0.38583564452351510        1.2152966417526553E-002   3.7297085162760024E-003   2.9637482364375158E-004   1.2260571796486939E-002   6.2163793773957314E-004
 0.0040  0.38589831029993782        1.2138867506878469E-002   4.9721807159160414E-003   3.9450596850491816E-004   1.6343518876083814E-002   8.2745703565161748E-004
 0.0050  0.38597885053101633        1.2120774584410597E-002   6.2139984797092802E-003   4.9207352854011986E-004   2.0423118766388394E-002   1.0320871361513208E-003
 0.0060  0.38607724274562888        1.2098713202491593E-002   7.4549986974301085E-003   5.8893975121341625E-004   2.4498540159208992E-002   1.2352377979602594E-003
 0.0070  0.38619345955776541        1.2072714435300187E-002   8.6950185938569988E-003   6.8496895771713356E-004   2.8568955391362564E-002   1.4366230681278280E-003
 0.0080  0.38632746870569618        1.2042814801243031E-002   9.9338957982417625E-003   7.8002793584786749E-004   3.2633541159907610E-002   1.6359623305328842E-003
 0.0090  0.38647923310768756        1.2009056150111660E-002   1.1171468415069181E-002   8.7398632120507989E-004   3.6691479229248522E-002   1.8329811271466736E-003
 0.0100  0.38664871092460407        1.1971485543922527E-002   1.2407575096276220E-002   9.6671696494724012E-004   4.0741957129232655E-002   2.0274119490844116E-003
 0.0200  0.38930527506079837        1.1399900368786299E-002   2.4653063584060445E-002   1.8014753524621028E-003   8.0663145801280409E-002   3.7768910411705376E-003
 0.0400  0.39959413879775391        9.4678371724221961E-003   4.8054150848827873E-002   2.7489441518072791E-003  0.15516413252631522        5.7630372024152108E-003
 0.0600  0.41578795165962679        6.6835582082720489E-003   6.9207336404607800E-002   2.7346639256501577E-003  0.21917690494322001        5.5824669355998896E-003
 0.0800  0.43654274012984945        4.8474697847639024E-003   8.7606640409306824E-002   2.2049614063035547E-003  0.27120752425780204        4.5516997891320056E-003
 0.1000  0.46916482947321148        3.8910400444103909E-003  0.10326361946349807        1.5902234400403015E-003  0.30631144307147007        3.4664685128738253E-003
 0.1200  0.49486264868542923        3.0299034707984380E-003  0.11651708479969793        1.0871672025882871E-003  0.33792144270559737        2.6011697258333430E-003
 0.1400  0.52338593624394958        2.4454450634765722E-003  0.12781117782485119        7.3099340757064226E-004  0.36144430437005709        1.9799946737268808E-003
 0.1600  0.55414791934203722        2.0557341741336194E-003  0.13756105227738233        4.9585702157791582E-004  0.37861431215862801        1.5615430153554100E-003
 0.1800  0.58667955490825940        1.7942920435132952E-003  0.14610434158804675        3.4542980809784701E-004  0.39091456974964278        1.2817683085490719E-003
 0.2000  0.62063075883498620        1.5649040077813235E-003  0.15369859616135706        2.4958779250163881E-004  0.39951367588657932        1.0583021236433789E-003
 0.2200  0.65574465212032429        1.4662989514828870E-003  0.16053511719120886        1.8733703552254081E-004  0.40530000167065289        9.3662969945410512E-004
 0.2400  0.69177317651832082        1.3968985519440514E-003  0.16675514830724145        1.4538947568073083E-004  0.40897477855120695        8.4486896799699661E-004
 0.2600  0.72856064508650065        1.3441843769525642E-003  0.17246356913884933        1.1583838255625504E-004  0.41104053151899672        7.7082528506716415E-004
 0.2800  0.76599568214409486        1.3604455300796959E-003  0.17773921141260957        9.4123468544800513E-005  0.41186920023524132        7.3958415249262232E-004
 0.3000  0.80397970230944638        1.3249501817301844E-003  0.18264225640018081        7.7611200232008314E-005  0.41174769124525257        6.8417206952808721E-004
 0.3200  0.84242966873170499        1.2916194821241142E-003  0.18721943817074221        6.4733788328173619E-005  0.41089589483999578        6.3398100208119810E-004
 0.3400  0.88128924725832336        1.2592080689202388E-003  0.19150769005608553        5.4510198240641172E-005  0.40947660516588635        5.8796553455823023E-004
 0.3600  0.92051459268685187        1.2271625855499507E-003  0.19553671203453807        4.6290773384628974E-005  0.40761459383314963        5.4553970051183338E-004
 0.3800  0.96007186294944169        1.1952983575019339E-003  0.19933079449912311        3.9621903645850041E-005  0.40540607577235888        5.0633999867108438E-004
 0.4000  0.99994869734585035        1.2376003282280037E-003  0.20291012779114112        3.4172846623188260E-005  0.40292028894025700        4.9983273348086542E-004


