# pion mass (\sigma_1)
"*"
    6  64  2.00  0.2324  0.8853881827273342E+00  0.1712528962825513E-02  10000
    6  64  2.00  0.2350  0.8533469490165676E+00  0.1717069981076864E-02  10000
    6  64  2.00  0.2356  0.8485585831655185E+00  0.2326284359337481E-02  10000
    6  64  2.00  0.2387  0.8081334999822585E+00  0.2042255682236714E-02  10000
    6  64  2.00  0.2400  0.7946470657700394E+00  0.1916453276252944E-02  10000
    6  64  2.00  0.2418  0.7735384819395826E+00  0.2614521511257232E-02  10000
    6  64  2.00  0.2449  0.7398560642304254E+00  0.3454738192347476E-02  10000
    6  64  2.00  0.2480  0.7038850205754741E+00  0.3332801560057238E-02  10000
    6  64  2.00  0.2500  0.6867996529284602E+00  0.4030271324675592E-02  10000
    6  64  2.00  0.2515  0.6715973503279992E+00  0.4497297721105345E-02  10000
    6  64  2.00  0.2530  0.6586609555467456E+00  0.4566903992193085E-02  10000
    6  64  2.00  0.2545  0.6433368482380762E+00  0.5949108279355593E-02  10000
    6  64  2.00  0.2560  0.6269722213323764E+00  0.5117134891526326E-02  10000
    6  64  2.00  0.2575  0.6169488881376435E+00  0.5712293043128520E-02  10000
    6  64  2.00  0.2590  0.6025230441173854E+00  0.6461450322460548E-02  10000
    6  64  2.00  0.2605  0.5956469489454386E+00  0.7732304434759408E-02  10000
    6  64  2.00  0.2620  0.5856978919465972E+00  0.8322210802114148E-02  10000
    6  64  2.00  0.2625  0.5848146393528564E+00  0.9507799515576157E-02  10000
    6  64  2.00  0.2630  0.5826806702169812E+00  0.8104138644905591E-02  10000
    6  64  2.00  0.2635  0.5779214497934829E+00  0.1199172171129530E-01  10000
    6  64  2.00  0.2650  0.5721671472038324E+00  0.1428029554261879E-01  10000
    6  64  2.00  0.2675  0.5648145396815428E+00  0.2269338537546542E-01  10000
    6  64  2.00  0.2700  0.5668204980180021E+00  0.5177448489302835E-01  10000
    6  64  2.00  0.2725  0.5882510675360902E+00  0.1009237178282730E+00  10000
    6  64  2.00  0.2750  0.1238869096327640E+01  0.8105885899605547E+00  10000
    6  64  2.00  0.2780  0.6044286576548615E+00  0.3543922338727142E+02  10000


# pseudoscalar mass (\sigma_3)
"*"
    6  64  2.00  0.2324  0.8853223877269856E+00  0.1671646066967839E-02  10000
    6  64  2.00  0.2350  0.8532403364708655E+00  0.1545320664692358E-02  10000
    6  64  2.00  0.2356  0.8480277886389750E+00  0.2062263330437282E-02  10000
    6  64  2.00  0.2387  0.8082745621384545E+00  0.1940590418367514E-02  10000
    6  64  2.00  0.2400  0.7946584927330548E+00  0.1839624951931346E-02  10000
    6  64  2.00  0.2418  0.7734906273292234E+00  0.2362858856250130E-02  10000
    6  64  2.00  0.2449  0.7390845108268335E+00  0.3071990934055645E-02  10000
    6  64  2.00  0.2480  0.7038871128921378E+00  0.2928274557961084E-02  10000
    6  64  2.00  0.2500  0.6866485154756931E+00  0.3324114160042854E-02  10000
    6  64  2.00  0.2515  0.6723956328117947E+00  0.3344352462362645E-02  10000
    6  64  2.00  0.2530  0.6588102923780725E+00  0.3434726889605309E-02  10000
    6  64  2.00  0.2545  0.6424347664602710E+00  0.3702468307370110E-02  10000
    6  64  2.00  0.2560  0.6269198226868309E+00  0.4291843098441586E-02  10000
    6  64  2.00  0.2575  0.6172436841364530E+00  0.4527427356560898E-02  10000
    6  64  2.00  0.2590  0.6019161089843226E+00  0.4129862772761971E-02  10000
    6  64  2.00  0.2605  0.5964663880945599E+00  0.3820462477917977E-02  10000
    6  64  2.00  0.2620  0.5855330703831553E+00  0.4279026024050124E-02  10000
    6  64  2.00  0.2625  0.5845221774104249E+00  0.7462339117876357E-02  10000
    6  64  2.00  0.2630  0.5826274033488045E+00  0.4999016366177289E-02  10000
    6  64  2.00  0.2635  0.5773273610562686E+00  0.7209090494084931E-02  10000
    6  64  2.00  0.2650  0.5727361089961684E+00  0.6789291191312773E-02  10000
    6  64  2.00  0.2675  0.5674082741038444E+00  0.8982817688867642E-02  10000
    6  64  2.00  0.2700  0.5667691080130406E+00  0.9246198522383236E-02  10000
    6  64  2.00  0.2725  0.5680483326246986E+00  0.9938101757239188E-02  10000
    6  64  2.00  0.2750  0.5710716694128644E+00  0.1623802433353662E-01  10000
    6  64  2.00  0.2780  0.5797123392167645E+00  0.1002745252353040E-01  10000


# eta mass (\sigma_1)
"*"
    6  64  2.00  0.2324  0.9461093878055739E+00  0.3520000308406689E+02  10000
    6  64  2.00  0.2350  0.9085581066382935E+00  0.2541557154974080E+02  10000
    6  64  2.00  0.2356                     NaN                     NaN  10000
    6  64  2.00  0.2387  0.8675096249873964E+00  0.2510825588318961E+02  10000
    6  64  2.00  0.2400                     NaN                     NaN  10000
    6  64  2.00  0.2418                     NaN                     NaN  10000
    6  64  2.00  0.2449                     NaN                     NaN  10000
    6  64  2.00  0.2480                     NaN                     NaN  10000
    6  64  2.00  0.2500  0.7450893168666121E+00  0.8255091724431038E+00  10000
    6  64  2.00  0.2515                     NaN                     NaN  10000
    6  64  2.00  0.2530                     NaN                     NaN  10000
    6  64  2.00  0.2545                     NaN                     NaN  10000
    6  64  2.00  0.2560                     NaN                     NaN  10000
    6  64  2.00  0.2575  0.6704491602223945E+00  0.7445407897166500E+02  10000
    6  64  2.00  0.2590                     NaN                     NaN  10000
    6  64  2.00  0.2605                     NaN                     NaN  10000
    6  64  2.00  0.2620                     NaN                     NaN  10000
    6  64  2.00  0.2625                     NaN                     NaN  10000
    6  64  2.00  0.2630  0.6361106956392711E+00  0.2515037714733613E+02  10000
    6  64  2.00  0.2635  0.6258649453878611E+00  0.3614327929184544E+00  10000
    6  64  2.00  0.2650  0.6230377209553041E+00  0.1086031086182598E+03  10000
    6  64  2.00  0.2675  0.6259978531182210E+00  0.4538817260553318E+00  10000
    6  64  2.00  0.2700  0.6220647135684999E+00  0.4328900505047942E+02  10000
    6  64  2.00  0.2725 -0.5332139658791993E-01  0.4853390437352898E+02  10000
    6  64  2.00  0.2750                     NaN                     NaN  10000
    6  64  2.00  0.2780  0.6595589966148335E+00  0.5557579281781402E+00  10000

