# pion mass (\sigma_1)
"*"
    6  64  2.00  0.2324  0.8861825092892950E+00  0.4437807961889762E-02  10000
    6  64  2.00  0.2350  0.8530774366285024E+00  0.2208057422996052E-02  10000
    6  64  2.00  0.2356  0.8505907443717666E+00  0.2800544308127770E-02  10000
    6  64  2.00  0.2387  0.8087389046177941E+00  0.2933242985165684E-02  10000
    6  64  2.00  0.2400  0.7940922299398427E+00  0.2382715686986440E-02  10000
    6  64  2.00  0.2418  0.7733672021961652E+00  0.2732085186489267E-02  10000
    6  64  2.00  0.2449  0.7442817322767800E+00  0.6805046158837806E-02  10000
    6  64  2.00  0.2480  0.7033630869598460E+00  0.3963775516449559E-02  10000
    6  64  2.00  0.2500  0.6841293332105761E+00  0.6121159240493558E-02  10000
    6  64  2.00  0.2515  0.6700237702954387E+00  0.6986842931617310E-02  10000
    6  64  2.00  0.2530  0.6609664261091971E+00  0.8972054340513815E-02  10000
    6  64  2.00  0.2545  0.6435382341565953E+00  0.3071070799563386E-01  10000
    6  64  2.00  0.2560  0.6266916178889734E+00  0.8705986042320564E-02  10000
    6  64  2.00  0.2575  0.6161637582806567E+00  0.6250289077401243E-02  10000
    6  64  2.00  0.2590  0.6015410679153391E+00  0.8244986966705975E-02  10000
    6  64  2.00  0.2605  0.5956469489454386E+00  0.7732304434759408E-02  10000
    6  64  2.00  0.2620  0.5835446070001938E+00  0.9041185424835280E-02  10000
    6  64  2.00  0.2625  0.5864080768516418E+00  0.1755789129470363E-01  10000
    6  64  2.00  0.2630  0.5818668980130521E+00  0.1172078127528475E-01  10000
    6  64  2.00  0.2635  0.5926880236450425E+00  0.3623299641008480E-01  10000
    6  64  2.00  0.2650  0.5675651399526832E+00  0.1731412887896375E-01  10000
    6  64  2.00  0.2675  0.5585677724523660E+00  0.4855872024196599E-01  10000
    6  64  2.00  0.2700  0.5972080061439119E+00  0.1238994371334183E+00  10000
    6  64  2.00  0.2725  0.5738434905228200E+00  0.6205294358189684E+00  10000
    6  64  2.00  0.2750  0.5861657719954172E+00  0.7375616278397003E+02  10000
    6  64  2.00  0.2780  0.3701767850077725E+00  0.6009938575680798E+02  10000


# pseudoscalar mass (\sigma_3)
"*"
    6  64  2.00  0.2324  0.8867261584299099E+00  0.5100609539242949E-02  10000
    6  64  2.00  0.2350  0.8531275551139935E+00  0.2328200773392536E-02  10000
    6  64  2.00  0.2356  0.8503430617814424E+00  0.2978773645691615E-02  10000
    6  64  2.00  0.2387  0.8076681165498000E+00  0.2164406544313744E-02  10000
    6  64  2.00  0.2400  0.7942540683614140E+00  0.2235141447075923E-02  10000
    6  64  2.00  0.2418  0.7732509529303808E+00  0.2544977981750650E-02  10000
    6  64  2.00  0.2449  0.7432472264592938E+00  0.5550413116357684E-02  10000
    6  64  2.00  0.2480  0.7014015066380761E+00  0.9050398662743495E-02  10000
    6  64  2.00  0.2500  0.6844659848253737E+00  0.5741528238360726E-02  10000
    6  64  2.00  0.2515  0.6697865371496811E+00  0.7210211693219443E-02  10000
    6  64  2.00  0.2530  0.6595083709236443E+00  0.9176473458989903E-02  10000
    6  64  2.00  0.2545  0.6467683168014672E+00  0.1615584764291862E-01  10000
    6  64  2.00  0.2560  0.6251815228835649E+00  0.7292579550949420E-02  10000
    6  64  2.00  0.2575  0.6251317283301285E+00  0.9291052359489889E-02  10000
    6  64  2.00  0.2590  0.6089706406311348E+00  0.2189009695223213E-01  10000
    6  64  2.00  0.2605  0.5957173467065294E+00  0.5364439564783400E-02  10000
    6  64  2.00  0.2620  0.5849409267020195E+00  0.4431443668215894E-02  10000
    6  64  2.00  0.2625  0.5818277307315178E+00  0.4689140444264181E-01  10000
    6  64  2.00  0.2630  0.5853291540115512E+00  0.7825409260654011E-02  10000
    6  64  2.00  0.2635  0.5971281120616515E+00  0.1458285974778176E-01  10000
    6  64  2.00  0.2650  0.5692972923604429E+00  0.2293226234110399E-01  10000
    6  64  2.00  0.2675  0.5735415943210609E+00  0.1473283304252536E-01  10000
    6  64  2.00  0.2700  0.5720760586965621E+00  0.1728241172831407E-01  10000
    6  64  2.00  0.2725  0.5871083226210350E+00  0.2115117175957765E-01  10000
    6  64  2.00  0.2750  0.6015324403343273E+00  0.4721344296280366E-01  10000
    6  64  2.00  0.2780  0.5770590291473596E+00  0.1624827174212469E-01  10000


# eta mass (\sigma_1)
"
    6  64  2.00  0.2324  0.1573843262651464E+00  0.8676273104350584E+02  10000
    6  64  2.00  0.2350  0.9085581066382935E+00  0.2541557154974080E+02  10000
    6  64  2.00  0.2356                     NaN                     NaN  10000
    6  64  2.00  0.2387  0.8386466445669144E+00  0.5552333757436785E+02  10000
    6  64  2.00  0.2400                     NaN                     NaN  10000
    6  64  2.00  0.2418                     NaN                     NaN  10000
    6  64  2.00  0.2449                     NaN                     NaN  10000
    6  64  2.00  0.2480                     NaN                     NaN  10000
    6  64  2.00  0.2500  0.3332364849402178E+00  0.1090252195007438E+03  10000
    6  64  2.00  0.2515                     NaN                     NaN  10000
    6  64  2.00  0.2530                     NaN                     NaN  10000
    6  64  2.00  0.2545                     NaN                     NaN  10000
    6  64  2.00  0.2560                     NaN                     NaN  10000
    6  64  2.00  0.2575  0.6704491602223945E+00  0.7445407897166500E+02  10000
    6  64  2.00  0.2590                     NaN                     NaN  10000
    6  64  2.00  0.2605                     NaN                     NaN  10000
    6  64  2.00  0.2620                     NaN                     NaN  10000
    6  64  2.00  0.2625                     NaN                     NaN  10000
    6  64  2.00  0.2630  0.5792347188335445E+00  0.9565661639342298E+02  10000
    6  64  2.00  0.2635  0.5593742953911709E+00  0.7315093502318977E+02  10000
    6  64  2.00  0.2650  0.6230377209553041E+00  0.1086031086182598E+03  10000
    6  64  2.00  0.2675  0.3562251673199889E-01  0.6934958855886144E+02  10000
    6  64  2.00  0.2700  0.5047164989424300E+00  0.7493008914301286E+02  10000
    6  64  2.00  0.2725 -0.4516028728714217E-01  0.9547325816464149E+02  10000
    6  64  2.00  0.2750                     NaN                     NaN  10000
    6  64  2.00  0.2780 -0.1253550776941592E+00  0.1402298497639513E+03  10000

