#  Re(op_pbp_e)                                                    
   6  64  2.00  0.2200    NaN  0.504  0.455
#  Re(op_pbp_e)                                                    
   6  64  2.00  0.2231    NaN  0.511  0.576
#  Re(op_pbp_e)                                                    
   6  64  2.00  0.2250    NaN  0.500  0.448
#  Re(op_pbp_e)                                                    
   6  64  2.00  0.2262    NaN  0.500  0.600
#  Re(op_pbp_e)                                                    
   6  64  2.00  0.2293    NaN  0.500  0.275
#  Re(op_pbp_e)                                                    
   6  64  2.00  0.2300    NaN  0.500  0.365
#  Re(op_pbp_e)                                                    
   6  64  2.00  0.2324    NaN  0.500  0.360
#  Re(op_pbp_e)                                                    
   6  64  2.00  0.2350    NaN  0.506  0.537
#  Re(op_pbp_e)                                                    
   6  64  2.00  0.2356    NaN  0.500  0.611
#  Re(op_pbp_e)                                                    
   6  64  2.00  0.2387    NaN  0.501  0.474
#  Re(op_pbp_e)                                                    
   6  64  2.00  0.2400    NaN  0.500  0.333
#  Re(op_pbp_e)                                                    
   6  64  2.00  0.2418    NaN  0.500  0.411
#  Re(op_pbp_e)                                                    
   6  64  2.00  0.2449    NaN  0.500  0.396
#  Re(op_pbp_e)                                                    
   6  64  2.00  0.2480    NaN  0.500  0.626
#  Re(op_pbp_e)                                                    
   6  64  2.00  0.2500    NaN  0.506  0.374
#  Re(op_pbp_e)                                                    
   6  64  2.00  0.2515    NaN  0.500  0.478
#  Re(op_pbp_e)                                                    
   6  64  2.00  0.2530  2.354  0.509  0.275
#  Re(op_pbp_e)                                                    
   6  64  2.00  0.2545    NaN  0.523  0.307
#  Re(op_pbp_e)                                                    
   6  64  2.00  0.2560    NaN  0.505  0.416
#  Re(op_pbp_e)                                                    
   6  64  2.00  0.2575  9.501  0.504  0.354
#  Re(op_pbp_e)                                                    
   6  64  2.00  0.2590    NaN  0.500  0.837
#  Re(op_pbp_e)                                                    
   6  64  2.00  0.2605    NaN  0.500  0.562
#  Re(op_pbp_e)                                                    
   6  64  2.00  0.2620  1.809  0.525  0.693
#  Re(op_pbp_e)                                                    
   6  64  2.00  0.2625    NaN  0.504  0.436
#  Re(op_pbp_e)                                                    
   6  64  2.00  0.2630  1.516  0.508  0.614
#  Re(op_pbp_e)                                                    
   6  64  2.00  0.2635  1.090  0.540  0.429
#  Re(op_pbp_e)                                                    
   6  64  2.00  0.2650  0.581  0.522  0.239
#  Re(op_pbp_e)                                                    
   6  64  2.00  0.2675  1.321  0.560  0.859
#  Re(op_pbp_e)                                                    
   6  64  2.00  0.2700  0.690  0.575  0.502
#  Re(op_pbp_e)                                                    
   6  64  2.00  0.2725  0.937  0.590  0.699
#  Re(op_pbp_e)                                                    
   6  64  2.00  0.2750    NaN  0.564  0.657
#  Re(op_pbp_e)                                                    
   6  64  2.00  0.2780  1.191  0.654  0.356
