#-----------------------------------------------------------
#beta =   2.00   kappa =   0.2200
#  Re(op_pbp_e)                                                    
#
#   -11  0.19202E+01  jk failed  0.000E+00  jk failed     1
#   -10  0.19189E+01  jk failed  0.000E+00  jk failed     1
#    -9  0.19210E+01  jk failed  0.208E-02  jk failed     2
     -8  0.19216E+01  0.153E-02  0.630E-02  0.147E-04    18
     -7  0.19173E+01  0.953E-03  0.629E-02  0.142E-04    47
     -6  0.19161E+01  0.728E-03  0.652E-02  0.689E-05   100
     -5  0.19162E+01  0.422E-03  0.660E-02  0.340E-05   270
     -4  0.19151E+01  0.322E-03  0.693E-02  0.332E-05   462
     -3  0.19142E+01  0.179E-03  0.694E-02  0.264E-05   827
     -2  0.19143E+01  0.175E-03  0.736E-02  0.245E-05  1157
     -1  0.19140E+01  0.202E-03  0.724E-02  0.198E-05  1361
      0  0.19139E+01  0.158E-03  0.740E-02  0.185E-05  1541
      1  0.19139E+01  0.244E-03  0.746E-02  0.212E-05  1442
      2  0.19142E+01  0.160E-03  0.686E-02  0.174E-05  1104
      3  0.19153E+01  0.274E-03  0.700E-02  0.201E-05   772
      4  0.19159E+01  0.397E-03  0.733E-02  0.428E-05   454
      5  0.19161E+01  0.335E-03  0.678E-02  0.480E-05   265
      6  0.19170E+01  0.755E-03  0.621E-02  0.506E-05   118
      7  0.19155E+01  0.111E-02  0.651E-02  0.900E-05    42
      8  0.19179E+01  0.165E-02  0.520E-02  0.721E-05    11
#     9  0.19141E+01  jk failed  0.498E-02  jk failed     4
#    10  0.19087E+01  jk failed  0.000E+00  jk failed     1
&-----------------------------------------------------------
#beta =   2.00   kappa =   0.2231
#  Re(op_pbp_e)                                                    
#
#   -11  0.19164E+01  jk failed  0.000E+00  jk failed     1
#    -9  0.19143E+01  jk failed  0.524E-02  jk failed     6
     -8  0.19120E+01  0.144E-02  0.592E-02  0.147E-04    18
     -7  0.19111E+01  0.101E-02  0.614E-02  0.919E-05    43
     -6  0.19105E+01  0.698E-03  0.726E-02  0.813E-05   109
     -5  0.19083E+01  0.503E-03  0.769E-02  0.581E-05   238
     -4  0.19077E+01  0.369E-03  0.751E-02  0.370E-05   459
     -3  0.19080E+01  0.312E-03  0.792E-02  0.280E-05   785
     -2  0.19073E+01  0.284E-03  0.789E-02  0.256E-05  1177
     -1  0.19071E+01  0.195E-03  0.790E-02  0.163E-05  1398
      0  0.19067E+01  0.219E-03  0.808E-02  0.234E-05  1558
      1  0.19066E+01  0.251E-03  0.830E-02  0.264E-05  1405
      2  0.19071E+01  0.235E-03  0.807E-02  0.256E-05  1097
      3  0.19075E+01  0.224E-03  0.763E-02  0.234E-05   777
      4  0.19073E+01  0.365E-03  0.804E-02  0.472E-05   535
      5  0.19094E+01  0.487E-03  0.757E-02  0.411E-05   236
      6  0.19099E+01  0.892E-03  0.806E-02  0.832E-05    95
      7  0.19126E+01  0.131E-02  0.776E-02  0.121E-04    43
      8  0.19095E+01  0.158E-02  0.570E-02  0.124E-04    14
#     9  0.19129E+01  jk failed  0.524E-02  jk failed     6
&-----------------------------------------------------------
#beta =   2.00   kappa =   0.2250
#  Re(op_pbp_e)                                                    
#
#   -10  0.19123E+01  jk failed  0.437E-02  jk failed     3
#    -9  0.19117E+01  jk failed  0.792E-02  jk failed     7
     -8  0.19063E+01  0.192E-02  0.638E-02  0.142E-04    12
     -7  0.19080E+01  0.140E-02  0.730E-02  0.130E-04    40
     -6  0.19058E+01  0.100E-02  0.739E-02  0.787E-05    98
     -5  0.19042E+01  0.631E-03  0.878E-02  0.588E-05   226
     -4  0.19039E+01  0.446E-03  0.894E-02  0.574E-05   478
     -3  0.19038E+01  0.264E-03  0.867E-02  0.403E-05   810
     -2  0.19028E+01  0.260E-03  0.869E-02  0.327E-05  1112
     -1  0.19019E+01  0.191E-03  0.876E-02  0.302E-05  1415
      0  0.19018E+01  0.244E-03  0.884E-02  0.288E-05  1537
      1  0.19021E+01  0.203E-03  0.910E-02  0.308E-05  1466
      2  0.19024E+01  0.221E-03  0.877E-02  0.322E-05  1171
      3  0.19029E+01  0.293E-03  0.849E-02  0.386E-05   768
      4  0.19047E+01  0.406E-03  0.821E-02  0.469E-05   490
      5  0.19057E+01  0.574E-03  0.855E-02  0.734E-05   230
      6  0.19058E+01  0.903E-03  0.795E-02  0.122E-04    88
      7  0.19070E+01  0.141E-02  0.691E-02  0.150E-04    36
      8  0.19121E+01  0.158E-02  0.475E-02  0.141E-04    10
#     9  0.19028E+01  jk failed  0.784E-02  jk failed     3
&-----------------------------------------------------------
#beta =   2.00   kappa =   0.2262
#  Re(op_pbp_e)                                                    
#
#   -10  0.19037E+01  jk failed  0.196E-02  jk failed     2
#    -9  0.19098E+01  jk failed  0.860E-02  jk failed     4
     -8  0.19061E+01  0.222E-02  0.701E-02  0.139E-04    11
     -7  0.19056E+01  0.174E-02  0.810E-02  0.221E-04    34
     -6  0.19036E+01  0.814E-03  0.888E-02  0.866E-05   118
     -5  0.19030E+01  0.640E-03  0.813E-02  0.532E-05   201
     -4  0.19019E+01  0.597E-03  0.879E-02  0.718E-05   421
     -3  0.19003E+01  0.277E-03  0.897E-02  0.366E-05   838
     -2  0.19003E+01  0.301E-03  0.906E-02  0.323E-05  1135
     -1  0.18993E+01  0.253E-03  0.945E-02  0.398E-05  1387
      0  0.18991E+01  0.249E-03  0.897E-02  0.334E-05  1592
      1  0.18993E+01  0.288E-03  0.945E-02  0.279E-05  1508
      2  0.18996E+01  0.248E-03  0.917E-02  0.371E-05  1117
      3  0.19002E+01  0.352E-03  0.876E-02  0.286E-05   776
      4  0.19013E+01  0.307E-03  0.848E-02  0.428E-05   480
      5  0.19022E+01  0.657E-03  0.844E-02  0.703E-05   217
      6  0.19030E+01  0.712E-03  0.767E-02  0.605E-05   101
      7  0.19060E+01  0.217E-02  0.974E-02  0.289E-04    33
      8  0.19038E+01  0.151E-02  0.709E-02  0.133E-04    23
#     9  0.19063E+01  jk failed  0.000E+00  jk failed     1
#    10  0.19104E+01  jk failed  0.000E+00  jk failed     1
&-----------------------------------------------------------
#beta =   2.00   kappa =   0.2293
#  Re(op_pbp_e)                                                    
#
#    -9  0.19008E+01  jk failed  0.756E-02  jk failed     4
#    -8  0.19009E+01  jk failed  0.121E-01  jk failed     8
     -7  0.18968E+01  0.203E-02  0.879E-02  0.288E-04    29
     -6  0.18943E+01  0.122E-02  0.926E-02  0.976E-05    86
     -5  0.18942E+01  0.543E-03  0.100E-01  0.843E-05   219
     -4  0.18924E+01  0.435E-03  0.984E-02  0.578E-05   458
     -3  0.18918E+01  0.381E-03  0.104E-01  0.528E-05   748
     -2  0.18916E+01  0.322E-03  0.102E-01  0.436E-05  1131
     -1  0.18907E+01  0.226E-03  0.102E-01  0.534E-05  1421
      0  0.18909E+01  0.252E-03  0.105E-01  0.328E-05  1607
      1  0.18910E+01  0.248E-03  0.107E-01  0.364E-05  1456
      2  0.18915E+01  0.259E-03  0.107E-01  0.453E-05  1201
      3  0.18926E+01  0.307E-03  0.997E-02  0.434E-05   796
      4  0.18929E+01  0.482E-03  0.980E-02  0.638E-05   440
      5  0.18948E+01  0.622E-03  0.947E-02  0.852E-05   258
      6  0.18947E+01  0.127E-02  0.112E-01  0.175E-04    92
      7  0.18993E+01  0.216E-02  0.932E-02  0.261E-04    26
      8  0.19016E+01  0.162E-02  0.513E-02  0.689E-05    11
#     9  0.19024E+01  jk failed  0.750E-02  jk failed     4
#    10  0.18993E+01  jk failed  0.946E-02  jk failed     4
#    11  0.19034E+01  jk failed  0.000E+00  jk failed     1
&-----------------------------------------------------------
#beta =   2.00   kappa =   0.2300
#  Re(op_pbp_e)                                                    
#
#   -10  0.18986E+01  jk failed  0.000E+00  jk failed     1
#    -9  0.18952E+01  jk failed  0.000E+00  jk failed     1
     -8  0.18987E+01  0.352E-02  0.111E-01  0.580E-04    11
     -7  0.18947E+01  0.176E-02  0.782E-02  0.143E-04    29
     -6  0.18920E+01  0.870E-03  0.918E-02  0.123E-04    98
     -5  0.18930E+01  0.593E-03  0.900E-02  0.670E-05   226
     -4  0.18910E+01  0.374E-03  0.108E-01  0.865E-05   479
     -3  0.18897E+01  0.278E-03  0.103E-01  0.494E-05   794
     -2  0.18897E+01  0.265E-03  0.106E-01  0.540E-05  1136
     -1  0.18883E+01  0.249E-03  0.107E-01  0.454E-05  1446
      0  0.18886E+01  0.286E-03  0.109E-01  0.414E-05  1545
      1  0.18893E+01  0.233E-03  0.106E-01  0.402E-05  1500
      2  0.18891E+01  0.290E-03  0.106E-01  0.444E-05  1126
      3  0.18901E+01  0.301E-03  0.105E-01  0.538E-05   765
      4  0.18908E+01  0.438E-03  0.105E-01  0.667E-05   464
      5  0.18925E+01  0.657E-03  0.101E-01  0.931E-05   227
      6  0.18936E+01  0.138E-02  0.101E-01  0.204E-04    97
      7  0.18976E+01  0.156E-02  0.878E-02  0.158E-04    43
#     8  0.18974E+01  jk failed  0.990E-02  jk failed     8
#     9  0.19025E+01  jk failed  0.336E-02  jk failed     3
#    10  0.18983E+01  jk failed  0.000E+00  jk failed     1
&-----------------------------------------------------------
#beta =   2.00   kappa =   0.2324
#  Re(op_pbp_e)                                                    
#
#   -11  0.19069E+01  jk failed  0.000E+00  jk failed     1
#   -10  0.18920E+01  jk failed  0.000E+00  jk failed     1
#    -9  0.18965E+01  jk failed  0.000E+00  jk failed     1
     -8  0.18915E+01  0.272E-02  0.941E-02  0.324E-04    13
     -7  0.18906E+01  0.223E-02  0.105E-01  0.267E-04    29
     -6  0.18878E+01  0.114E-02  0.101E-01  0.154E-04   105
     -5  0.18851E+01  0.843E-03  0.987E-02  0.786E-05   200
     -4  0.18840E+01  0.542E-03  0.109E-01  0.646E-05   447
     -3  0.18835E+01  0.511E-03  0.120E-01  0.662E-05   748
     -2  0.18827E+01  0.289E-03  0.115E-01  0.499E-05  1149
     -1  0.18819E+01  0.353E-03  0.117E-01  0.537E-05  1434
      0  0.18811E+01  0.308E-03  0.118E-01  0.442E-05  1598
      1  0.18813E+01  0.243E-03  0.120E-01  0.517E-05  1441
      2  0.18826E+01  0.358E-03  0.120E-01  0.672E-05  1182
      3  0.18832E+01  0.406E-03  0.114E-01  0.655E-05   805
      4  0.18842E+01  0.490E-03  0.113E-01  0.751E-05   482
      5  0.18860E+01  0.807E-03  0.114E-01  0.111E-04   218
      6  0.18869E+01  0.114E-02  0.116E-01  0.203E-04    92
      7  0.18886E+01  0.213E-02  0.972E-02  0.272E-04    35
      8  0.18878E+01  0.517E-02  0.155E-01  0.728E-04    10
#     9  0.18946E+01  jk failed  0.644E-02  jk failed     8
#    10  0.19027E+01  jk failed  0.000E+00  jk failed     1
&-----------------------------------------------------------
#beta =   2.00   kappa =   0.2350
#  Re(op_pbp_e)                                                    
#
#   -10  0.18743E+01  jk failed  0.000E+00  jk failed     1
#    -9  0.18805E+01  jk failed  0.000E+00  jk failed     1
     -8  0.18847E+01  0.263E-02  0.788E-02  0.329E-04    10
     -7  0.18821E+01  0.206E-02  0.105E-01  0.232E-04    38
     -6  0.18805E+01  0.117E-02  0.113E-01  0.167E-04   116
     -5  0.18773E+01  0.774E-03  0.125E-01  0.190E-04   229
     -4  0.18754E+01  0.621E-03  0.125E-01  0.880E-05   443
     -3  0.18750E+01  0.394E-03  0.128E-01  0.918E-05   761
     -2  0.18736E+01  0.412E-03  0.130E-01  0.639E-05  1152
     -1  0.18733E+01  0.319E-03  0.131E-01  0.658E-05  1488
      0  0.18730E+01  0.366E-03  0.132E-01  0.681E-05  1581
      1  0.18732E+01  0.362E-03  0.131E-01  0.641E-05  1438
      2  0.18742E+01  0.332E-03  0.127E-01  0.550E-05  1185
      3  0.18752E+01  0.328E-03  0.132E-01  0.749E-05   765
      4  0.18766E+01  0.594E-03  0.127E-01  0.934E-05   454
      5  0.18790E+01  0.638E-03  0.117E-01  0.123E-04   204
      6  0.18802E+01  0.110E-02  0.126E-01  0.186E-04   101
      7  0.18828E+01  0.237E-02  0.111E-01  0.490E-04    23
#     8  0.18821E+01  jk failed  0.147E-01  jk failed     9
#    11  0.18898E+01  jk failed  0.000E+00  jk failed     1
&-----------------------------------------------------------
#beta =   2.00   kappa =   0.2356
#  Re(op_pbp_e)                                                    
#
#    -9  0.18809E+01  jk failed  0.877E-02  jk failed     8
     -8  0.18796E+01  0.276E-02  0.994E-02  0.381E-04    14
     -7  0.18860E+01  0.190E-02  0.105E-01  0.223E-04    26
     -6  0.18804E+01  0.139E-02  0.116E-01  0.195E-04    96
     -5  0.18761E+01  0.102E-02  0.133E-01  0.154E-04   225
     -4  0.18738E+01  0.650E-03  0.123E-01  0.116E-04   430
     -3  0.18723E+01  0.401E-03  0.129E-01  0.676E-05   791
     -2  0.18726E+01  0.312E-03  0.133E-01  0.663E-05  1142
     -1  0.18716E+01  0.386E-03  0.136E-01  0.713E-05  1419
      0  0.18714E+01  0.274E-03  0.136E-01  0.644E-05  1621
      1  0.18713E+01  0.332E-03  0.130E-01  0.625E-05  1492
      2  0.18725E+01  0.488E-03  0.130E-01  0.737E-05  1137
      3  0.18732E+01  0.445E-03  0.130E-01  0.753E-05   813
      4  0.18746E+01  0.436E-03  0.126E-01  0.107E-04   456
      5  0.18770E+01  0.843E-03  0.117E-01  0.138E-04   202
      6  0.18774E+01  0.107E-02  0.101E-01  0.109E-04    96
      7  0.18823E+01  0.247E-02  0.101E-01  0.340E-04    27
#     8  0.18797E+01  jk failed  0.113E-01  jk failed     3
#     9  0.18961E+01  jk failed  0.380E-02  jk failed     2
&-----------------------------------------------------------
#beta =   2.00   kappa =   0.2387
#  Re(op_pbp_e)                                                    
#
#   -11  0.18892E+01  jk failed  0.000E+00  jk failed     1
#   -10  0.18815E+01  jk failed  0.000E+00  jk failed     1
#    -9  0.18720E+01  jk failed  0.263E-01  jk failed     2
#    -8  0.18700E+01  jk failed  0.137E-01  jk failed     8
     -7  0.18698E+01  0.250E-02  0.126E-01  0.310E-04    29
     -6  0.18688E+01  0.142E-02  0.127E-01  0.315E-04    68
     -5  0.18660E+01  0.119E-02  0.129E-01  0.162E-04   183
     -4  0.18643E+01  0.550E-03  0.146E-01  0.111E-04   434
     -3  0.18628E+01  0.486E-03  0.140E-01  0.122E-04   762
     -2  0.18615E+01  0.432E-03  0.150E-01  0.781E-05  1231
     -1  0.18601E+01  0.376E-03  0.155E-01  0.821E-05  1536
      0  0.18592E+01  0.421E-03  0.152E-01  0.812E-05  1580
      1  0.18594E+01  0.348E-03  0.155E-01  0.807E-05  1447
      2  0.18602E+01  0.530E-03  0.149E-01  0.103E-04  1134
      3  0.18628E+01  0.507E-03  0.153E-01  0.933E-05   789
      4  0.18634E+01  0.908E-03  0.153E-01  0.202E-04   460
      5  0.18654E+01  0.927E-03  0.135E-01  0.189E-04   194
      6  0.18693E+01  0.134E-02  0.131E-01  0.333E-04    96
      7  0.18669E+01  0.220E-02  0.113E-01  0.293E-04    32
#     8  0.18796E+01  jk failed  0.112E-01  jk failed     9
#     9  0.18772E+01  jk failed  0.302E-02  jk failed     3
#    10  0.18834E+01  jk failed  0.000E+00  jk failed     1
&-----------------------------------------------------------
#beta =   2.00   kappa =   0.2400
#  Re(op_pbp_e)                                                    
#
     -8  0.18697E+01  0.401E-02  0.133E-01  0.788E-04    12
     -7  0.18655E+01  0.393E-02  0.162E-01  0.797E-04    32
     -6  0.18669E+01  0.188E-02  0.148E-01  0.357E-04    67
     -5  0.18615E+01  0.123E-02  0.148E-01  0.261E-04   206
     -4  0.18593E+01  0.583E-03  0.157E-01  0.156E-04   440
     -3  0.18571E+01  0.559E-03  0.159E-01  0.153E-04   781
     -2  0.18558E+01  0.480E-03  0.164E-01  0.117E-04  1137
     -1  0.18546E+01  0.400E-03  0.158E-01  0.791E-05  1540
      0  0.18546E+01  0.348E-03  0.167E-01  0.777E-05  1664
      1  0.18550E+01  0.381E-03  0.163E-01  0.115E-04  1462
      2  0.18558E+01  0.552E-03  0.165E-01  0.104E-04  1156
      3  0.18571E+01  0.729E-03  0.159E-01  0.986E-05   772
      4  0.18599E+01  0.814E-03  0.154E-01  0.131E-04   423
      5  0.18600E+01  0.129E-02  0.145E-01  0.203E-04   201
      6  0.18617E+01  0.163E-02  0.137E-01  0.284E-04    77
      7  0.18659E+01  0.334E-02  0.153E-01  0.568E-04    22
#     8  0.18677E+01  jk failed  0.959E-02  jk failed     7
#     9  0.18721E+01  jk failed  0.000E+00  jk failed     1
&-----------------------------------------------------------
#beta =   2.00   kappa =   0.2418
#  Re(op_pbp_e)                                                    
#
#    -9  0.18735E+01  jk failed  0.641E-02  jk failed     3
#    -8  0.18604E+01  jk failed  0.503E-02  jk failed     3
     -7  0.18602E+01  0.215E-02  0.122E-01  0.310E-04    35
     -6  0.18579E+01  0.187E-02  0.154E-01  0.403E-04    82
     -5  0.18534E+01  0.118E-02  0.150E-01  0.236E-04   189
     -4  0.18527E+01  0.886E-03  0.167E-01  0.177E-04   461
     -3  0.18502E+01  0.586E-03  0.167E-01  0.186E-04   734
     -2  0.18487E+01  0.530E-03  0.169E-01  0.117E-04  1187
     -1  0.18470E+01  0.450E-03  0.173E-01  0.106E-04  1557
      0  0.18472E+01  0.413E-03  0.178E-01  0.114E-04  1695
      1  0.18477E+01  0.462E-03  0.174E-01  0.115E-04  1501
      2  0.18484E+01  0.515E-03  0.166E-01  0.881E-05  1123
      3  0.18503E+01  0.514E-03  0.163E-01  0.114E-04   752
      4  0.18516E+01  0.863E-03  0.173E-01  0.214E-04   384
      5  0.18544E+01  0.136E-02  0.168E-01  0.267E-04   198
      6  0.18602E+01  0.204E-02  0.134E-01  0.310E-04    65
      7  0.18621E+01  0.294E-02  0.138E-01  0.487E-04    23
#     8  0.18613E+01  jk failed  0.609E-02  jk failed     7
#     9  0.18669E+01  jk failed  0.000E+00  jk failed     1
&-----------------------------------------------------------
#beta =   2.00   kappa =   0.2449
#  Re(op_pbp_e)                                                    
#
#    -9  0.18502E+01  jk failed  0.180E-01  jk failed     3
#    -8  0.18457E+01  jk failed  0.208E-01  jk failed     3
     -7  0.18549E+01  0.323E-02  0.129E-01  0.807E-04    17
     -6  0.18512E+01  0.217E-02  0.145E-01  0.386E-04    55
     -5  0.18411E+01  0.115E-02  0.162E-01  0.195E-04   202
     -4  0.18403E+01  0.104E-02  0.186E-01  0.204E-04   370
     -3  0.18384E+01  0.680E-03  0.185E-01  0.179E-04   744
     -2  0.18359E+01  0.446E-03  0.196E-01  0.157E-04  1157
     -1  0.18331E+01  0.487E-03  0.200E-01  0.120E-04  1493
      0  0.18333E+01  0.463E-03  0.200E-01  0.151E-04  1713
      1  0.18341E+01  0.528E-03  0.192E-01  0.167E-04  1599
      2  0.18344E+01  0.536E-03  0.189E-01  0.122E-04  1164
      3  0.18370E+01  0.780E-03  0.190E-01  0.159E-04   751
      4  0.18398E+01  0.866E-03  0.176E-01  0.215E-04   415
      5  0.18429E+01  0.161E-02  0.182E-01  0.269E-04   210
      6  0.18439E+01  0.211E-02  0.168E-01  0.471E-04    69
      7  0.18523E+01  0.248E-02  0.135E-01  0.606E-04    28
#     8  0.18523E+01  jk failed  0.125E-01  jk failed     5
#     9  0.18545E+01  jk failed  0.000E+00  jk failed     1
#    10  0.18687E+01  jk failed  0.000E+00  jk failed     1
&-----------------------------------------------------------
#beta =   2.00   kappa =   0.2480
#  Re(op_pbp_e)                                                    
#
#    -9  0.18638E+01  jk failed  0.000E+00  jk failed     1
#    -8  0.18370E+01  jk failed  0.238E-01  jk failed     4
     -7  0.18350E+01  0.425E-02  0.175E-01  0.809E-04    18
     -6  0.18367E+01  0.344E-02  0.247E-01  0.101E-03    47
     -5  0.18309E+01  0.156E-02  0.208E-01  0.533E-04   161
     -4  0.18247E+01  0.123E-02  0.204E-01  0.260E-04   347
     -3  0.18211E+01  0.719E-03  0.213E-01  0.239E-04   767
     -2  0.18190E+01  0.625E-03  0.215E-01  0.206E-04  1180
     -1  0.18177E+01  0.491E-03  0.223E-01  0.161E-04  1457
      0  0.18175E+01  0.527E-03  0.221E-01  0.155E-04  1797
      1  0.18169E+01  0.697E-03  0.228E-01  0.134E-04  1602
      2  0.18199E+01  0.633E-03  0.222E-01  0.198E-04  1223
      3  0.18215E+01  0.711E-03  0.211E-01  0.249E-04   763
      4  0.18251E+01  0.105E-02  0.211E-01  0.296E-04   384
      5  0.18292E+01  0.190E-02  0.204E-01  0.436E-04   156
      6  0.18302E+01  0.264E-02  0.205E-01  0.827E-04    64
      7  0.18385E+01  0.390E-02  0.156E-01  0.847E-04    17
#     8  0.18338E+01  jk failed  0.192E-01  jk failed     9
#     9  0.18492E+01  jk failed  0.159E-01  jk failed     2
#    10  0.18779E+01  jk failed  0.000E+00  jk failed     1
&-----------------------------------------------------------
#beta =   2.00   kappa =   0.2500
#  Re(op_pbp_e)                                                    
#
#    -8  0.18439E+01  jk failed  0.360E-01  jk failed     2
     -7  0.18240E+01  0.495E-02  0.192E-01  0.133E-03    16
     -6  0.18259E+01  0.309E-02  0.190E-01  0.833E-04    53
     -5  0.18143E+01  0.184E-02  0.218E-01  0.604E-04   173
     -4  0.18150E+01  0.122E-02  0.220E-01  0.473E-04   349
     -3  0.18092E+01  0.103E-02  0.232E-01  0.277E-04   668
     -2  0.18071E+01  0.773E-03  0.244E-01  0.273E-04  1227
     -1  0.18045E+01  0.629E-03  0.245E-01  0.182E-04  1549
      0  0.18049E+01  0.539E-03  0.248E-01  0.215E-04  1829
      1  0.18058E+01  0.553E-03  0.243E-01  0.195E-04  1583
      2  0.18075E+01  0.737E-03  0.240E-01  0.209E-04  1213
      3  0.18124E+01  0.926E-03  0.239E-01  0.330E-04   703
      4  0.18144E+01  0.853E-03  0.220E-01  0.329E-04   400
      5  0.18199E+01  0.135E-02  0.211E-01  0.559E-04   163
      6  0.18246E+01  0.351E-02  0.213E-01  0.126E-03    49
      7  0.18283E+01  0.443E-02  0.166E-01  0.115E-03    15
#     8  0.18301E+01  jk failed  0.196E-01  jk failed     8
&-----------------------------------------------------------
#beta =   2.00   kappa =   0.2515
#  Re(op_pbp_e)                                                    
#
#    -8  0.18355E+01  jk failed  0.257E-01  jk failed     3
     -7  0.18251E+01  0.542E-02  0.188E-01  0.126E-03    13
     -6  0.18257E+01  0.278E-02  0.203E-01  0.725E-04    52
     -5  0.18118E+01  0.180E-02  0.206E-01  0.543E-04   166
     -4  0.18076E+01  0.129E-02  0.234E-01  0.330E-04   324
     -3  0.18018E+01  0.107E-02  0.242E-01  0.317E-04   737
     -2  0.17983E+01  0.790E-03  0.257E-01  0.331E-04  1173
     -1  0.17964E+01  0.732E-03  0.264E-01  0.201E-04  1563
      0  0.17958E+01  0.704E-03  0.269E-01  0.213E-04  1805
      1  0.17957E+01  0.659E-03  0.275E-01  0.235E-04  1628
      2  0.17980E+01  0.651E-03  0.262E-01  0.253E-04  1196
      3  0.18024E+01  0.110E-02  0.246E-01  0.276E-04   735
      4  0.18068E+01  0.124E-02  0.232E-01  0.448E-04   394
      5  0.18123E+01  0.146E-02  0.223E-01  0.442E-04   148
      6  0.18120E+01  0.342E-02  0.205E-01  0.965E-04    47
      7  0.18244E+01  0.565E-02  0.196E-01  0.178E-03    13
#     8  0.18392E+01  jk failed  0.155E-01  jk failed     2
#    10  0.18305E+01  jk failed  0.000E+00  jk failed     1
&-----------------------------------------------------------
#beta =   2.00   kappa =   0.2530
#  Re(op_pbp_e)                                                    
#
#    -9  0.18537E+01  jk failed  0.000E+00  jk failed     1
#    -8  0.18189E+01  jk failed  0.118E-01  jk failed     3
     -7  0.18254E+01  0.385E-02  0.144E-01  0.722E-04    15
     -6  0.18183E+01  0.387E-02  0.224E-01  0.118E-03    48
     -5  0.18023E+01  0.244E-02  0.227E-01  0.472E-04   135
     -4  0.17996E+01  0.139E-02  0.235E-01  0.541E-04   315
     -3  0.17942E+01  0.113E-02  0.263E-01  0.324E-04   712
     -2  0.17895E+01  0.629E-03  0.283E-01  0.303E-04  1187
     -1  0.17853E+01  0.707E-03  0.281E-01  0.305E-04  1603
      0  0.17853E+01  0.807E-03  0.289E-01  0.197E-04  1853
      1  0.17861E+01  0.551E-03  0.279E-01  0.281E-04  1628
      2  0.17883E+01  0.111E-02  0.277E-01  0.292E-04  1207
      3  0.17944E+01  0.128E-02  0.263E-01  0.354E-04   720
      4  0.17989E+01  0.115E-02  0.255E-01  0.415E-04   365
      5  0.18007E+01  0.258E-02  0.230E-01  0.612E-04   153
      6  0.18129E+01  0.443E-02  0.211E-01  0.144E-03    39
      7  0.18247E+01  0.478E-02  0.166E-01  0.977E-04    13
#     8  0.18484E+01  jk failed  0.204E-01  jk failed     2
#     9  0.18201E+01  jk failed  0.000E+00  jk failed     1
&-----------------------------------------------------------
#beta =   2.00   kappa =   0.2545
#  Re(op_pbp_e)                                                    
#
#    -8  0.18334E+01  jk failed  0.229E-01  jk failed     4
#    -7  0.18072E+01  jk failed  0.213E-01  jk failed     9
     -6  0.18045E+01  0.462E-02  0.264E-01  0.152E-03    40
     -5  0.17934E+01  0.272E-02  0.271E-01  0.839E-04   134
     -4  0.17891E+01  0.164E-02  0.286E-01  0.493E-04   318
     -3  0.17827E+01  0.963E-03  0.281E-01  0.426E-04   699
     -2  0.17794E+01  0.677E-03  0.286E-01  0.257E-04  1153
     -1  0.17748E+01  0.684E-03  0.298E-01  0.343E-04  1607
      0  0.17744E+01  0.651E-03  0.299E-01  0.282E-04  1890
      1  0.17752E+01  0.736E-03  0.304E-01  0.306E-04  1747
      2  0.17783E+01  0.932E-03  0.300E-01  0.330E-04  1187
      3  0.17817E+01  0.949E-03  0.283E-01  0.387E-04   706
      4  0.17908E+01  0.119E-02  0.282E-01  0.442E-04   341
      5  0.17970E+01  0.232E-02  0.250E-01  0.825E-04   115
      6  0.18040E+01  0.566E-02  0.276E-01  0.198E-03    37
      7  0.17995E+01  0.524E-02  0.174E-01  0.840E-04    12
#     8  0.18015E+01  jk failed  0.000E+00  jk failed     1
&-----------------------------------------------------------
#beta =   2.00   kappa =   0.2560
#  Re(op_pbp_e)                                                    
#
#    -9  0.18102E+01  jk failed  0.000E+00  jk failed     1
#    -8  0.18196E+01  jk failed  0.136E-01  jk failed     5
#    -7  0.18270E+01  jk failed  0.236E-01  jk failed     6
     -6  0.17985E+01  0.603E-02  0.308E-01  0.217E-03    36
     -5  0.17832E+01  0.247E-02  0.276E-01  0.665E-04   122
     -4  0.17815E+01  0.177E-02  0.285E-01  0.727E-04   313
     -3  0.17745E+01  0.129E-02  0.291E-01  0.348E-04   659
     -2  0.17671E+01  0.970E-03  0.294E-01  0.372E-04  1179
     -1  0.17633E+01  0.101E-02  0.318E-01  0.310E-04  1671
      0  0.17619E+01  0.587E-03  0.332E-01  0.277E-04  1884
      1  0.17633E+01  0.831E-03  0.319E-01  0.461E-04  1762
      2  0.17660E+01  0.112E-02  0.311E-01  0.239E-04  1189
      3  0.17734E+01  0.130E-02  0.304E-01  0.495E-04   715
      4  0.17794E+01  0.153E-02  0.285E-01  0.594E-04   294
      5  0.17825E+01  0.192E-02  0.232E-01  0.704E-04   110
      6  0.17914E+01  0.626E-02  0.277E-01  0.399E-03    37
      7  0.18070E+01  0.630E-02  0.209E-01  0.110E-03    12
#     8  0.18063E+01  jk failed  0.166E-01  jk failed     3
#     9  0.18327E+01  jk failed  0.518E-02  jk failed     2
&-----------------------------------------------------------
#beta =   2.00   kappa =   0.2575
#  Re(op_pbp_e)                                                    
#
#    -7  0.18030E+01  jk failed  0.231E-01  jk failed     9
     -6  0.17878E+01  0.487E-02  0.229E-01  0.131E-03    32
     -5  0.17721E+01  0.332E-02  0.299E-01  0.163E-03   127
     -4  0.17704E+01  0.166E-02  0.309E-01  0.695E-04   287
     -3  0.17609E+01  0.106E-02  0.311E-01  0.474E-04   652
     -2  0.17567E+01  0.860E-03  0.330E-01  0.343E-04  1177
     -1  0.17508E+01  0.774E-03  0.336E-01  0.343E-04  1724
      0  0.17499E+01  0.839E-03  0.346E-01  0.410E-04  1923
      1  0.17501E+01  0.821E-03  0.340E-01  0.361E-04  1743
      2  0.17546E+01  0.105E-02  0.321E-01  0.321E-04  1237
      3  0.17621E+01  0.981E-03  0.314E-01  0.467E-04   658
      4  0.17668E+01  0.160E-02  0.296E-01  0.607E-04   291
      5  0.17758E+01  0.269E-02  0.289E-01  0.105E-03   101
      6  0.17823E+01  0.532E-02  0.226E-01  0.146E-03    27
      7  0.18025E+01  0.746E-02  0.224E-01  0.208E-03    10
#     8  0.18458E+01  jk failed  0.000E+00  jk failed     1
#     9  0.18238E+01  jk failed  0.000E+00  jk failed     1
&-----------------------------------------------------------
#beta =   2.00   kappa =   0.2590
#  Re(op_pbp_e)                                                    
#
#    -8  0.17746E+01  jk failed  0.360E-02  jk failed     2
#    -7  0.18147E+01  jk failed  0.166E-01  jk failed     6
     -6  0.17865E+01  0.667E-02  0.307E-01  0.208E-03    31
     -5  0.17712E+01  0.277E-02  0.278E-01  0.111E-03    87
     -4  0.17628E+01  0.179E-02  0.332E-01  0.761E-04   281
     -3  0.17520E+01  0.138E-02  0.337E-01  0.677E-04   605
     -2  0.17442E+01  0.119E-02  0.350E-01  0.422E-04  1178
     -1  0.17388E+01  0.104E-02  0.370E-01  0.407E-04  1733
      0  0.17365E+01  0.931E-03  0.371E-01  0.482E-04  2014
      1  0.17389E+01  0.761E-03  0.361E-01  0.420E-04  1774
      2  0.17427E+01  0.912E-03  0.355E-01  0.572E-04  1239
      3  0.17502E+01  0.142E-02  0.330E-01  0.503E-04   626
      4  0.17564E+01  0.197E-02  0.313E-01  0.804E-04   287
      5  0.17684E+01  0.309E-02  0.280E-01  0.110E-03    94
      6  0.17810E+01  0.583E-02  0.284E-01  0.205E-03    33
#     7  0.17867E+01  jk failed  0.273E-01  jk failed     7
#     8  0.18006E+01  jk failed  0.302E-01  jk failed     3
&-----------------------------------------------------------
#beta =   2.00   kappa =   0.2605
#  Re(op_pbp_e)                                                    
#
#    -8  0.18026E+01  jk failed  0.000E+00  jk failed     1
#    -7  0.17846E+01  jk failed  0.311E-01  jk failed     9
     -6  0.17655E+01  0.869E-02  0.357E-01  0.417E-03    25
     -5  0.17601E+01  0.409E-02  0.329E-01  0.209E-03    91
     -4  0.17443E+01  0.260E-02  0.331E-01  0.104E-03   253
     -3  0.17365E+01  0.151E-02  0.350E-01  0.690E-04   595
     -2  0.17286E+01  0.103E-02  0.374E-01  0.503E-04  1173
     -1  0.17219E+01  0.764E-03  0.387E-01  0.447E-04  1756
      0  0.17222E+01  0.892E-03  0.394E-01  0.445E-04  2095
      1  0.17222E+01  0.862E-03  0.380E-01  0.437E-04  1795
      2  0.17296E+01  0.137E-02  0.384E-01  0.514E-04  1186
      3  0.17393E+01  0.164E-02  0.342E-01  0.679E-04   652
      4  0.17480E+01  0.175E-02  0.325E-01  0.814E-04   245
      5  0.17526E+01  0.279E-02  0.289E-01  0.915E-04    85
      6  0.17722E+01  0.744E-02  0.349E-01  0.293E-03    29
      7  0.17820E+01  0.617E-02  0.185E-01  0.116E-03    10
&-----------------------------------------------------------
#beta =   2.00   kappa =   0.2620
#  Re(op_pbp_e)                                                    
#
#    -9  0.17759E+01  jk failed  0.000E+00  jk failed     1
#    -7  0.17330E+01  jk failed  0.339E-01  jk failed     2
     -6  0.17543E+01  0.110E-01  0.396E-01  0.365E-03    14
     -5  0.17539E+01  0.439E-02  0.377E-01  0.207E-03    81
     -4  0.17371E+01  0.194E-02  0.329E-01  0.100E-03   254
     -3  0.17241E+01  0.164E-02  0.348E-01  0.808E-04   575
     -2  0.17129E+01  0.105E-02  0.402E-01  0.603E-04  1174
     -1  0.17068E+01  0.946E-03  0.412E-01  0.612E-04  1813
      0  0.17049E+01  0.843E-03  0.422E-01  0.409E-04  2173
      1  0.17061E+01  0.858E-03  0.414E-01  0.577E-04  1836
      2  0.17158E+01  0.113E-02  0.390E-01  0.386E-04  1162
      3  0.17273E+01  0.159E-02  0.377E-01  0.871E-04   580
      4  0.17305E+01  0.293E-02  0.358E-01  0.101E-03   245
      5  0.17448E+01  0.592E-02  0.415E-01  0.356E-03    58
      6  0.17586E+01  0.741E-02  0.312E-01  0.357E-03    26
#     7  0.17583E+01  jk failed  0.376E-01  jk failed     4
#     8  0.17943E+01  jk failed  0.289E-01  jk failed     2
&-----------------------------------------------------------
#beta =   2.00   kappa =   0.2625
#  Re(op_pbp_e)                                                    
#
#    -7  0.17938E+01  jk failed  0.115E-01  jk failed     3
     -6  0.17692E+01  0.112E-01  0.449E-01  0.781E-03    17
     -5  0.17446E+01  0.371E-02  0.294E-01  0.183E-03    54
     -4  0.17296E+01  0.243E-02  0.381E-01  0.177E-03   237
     -3  0.17186E+01  0.155E-02  0.378E-01  0.828E-04   545
     -2  0.17111E+01  0.105E-02  0.401E-01  0.661E-04  1215
     -1  0.17018E+01  0.108E-02  0.430E-01  0.538E-04  1825
      0  0.17008E+01  0.865E-03  0.420E-01  0.560E-04  2270
      1  0.17022E+01  0.107E-02  0.416E-01  0.598E-04  1800
      2  0.17101E+01  0.120E-02  0.402E-01  0.622E-04  1171
      3  0.17201E+01  0.145E-02  0.395E-01  0.978E-04   586
      4  0.17277E+01  0.258E-02  0.366E-01  0.135E-03   189
      5  0.17489E+01  0.404E-02  0.348E-01  0.139E-03    68
      6  0.17491E+01  0.930E-02  0.348E-01  0.404E-03    15
#     7  0.17656E+01  jk failed  0.000E+00  jk failed     1
#     8  0.17648E+01  jk failed  0.383E-01  jk failed     4
&-----------------------------------------------------------
#beta =   2.00   kappa =   0.2630
#  Re(op_pbp_e)                                                    
#
#    -7  0.17704E+01  jk failed  0.660E-02  jk failed     3
     -6  0.17337E+01  0.108E-01  0.373E-01  0.599E-03    13
     -5  0.17402E+01  0.447E-02  0.358E-01  0.281E-03    61
     -4  0.17263E+01  0.207E-02  0.369E-01  0.136E-03   200
     -3  0.17125E+01  0.175E-02  0.381E-01  0.971E-04   543
     -2  0.17037E+01  0.125E-02  0.398E-01  0.697E-04  1266
     -1  0.16964E+01  0.903E-03  0.420E-01  0.662E-04  1918
      0  0.16922E+01  0.106E-02  0.427E-01  0.554E-04  2190
      1  0.16951E+01  0.118E-02  0.421E-01  0.722E-04  1768
      2  0.17042E+01  0.128E-02  0.412E-01  0.652E-04  1219
      3  0.17143E+01  0.209E-02  0.383E-01  0.886E-04   507
      4  0.17292E+01  0.242E-02  0.390E-01  0.107E-03   228
      5  0.17307E+01  0.500E-02  0.344E-01  0.247E-03    65
      6  0.17580E+01  0.841E-02  0.291E-01  0.265E-03    13
#     7  0.17711E+01  jk failed  0.312E-01  jk failed     4
#     8  0.17916E+01  jk failed  0.000E+00  jk failed     1
#     9  0.17545E+01  jk failed  0.000E+00  jk failed     1
&-----------------------------------------------------------
#beta =   2.00   kappa =   0.2635
#  Re(op_pbp_e)                                                    
#
#    -7  0.17588E+01  jk failed  0.315E-01  jk failed     6
     -6  0.17624E+01  0.102E-01  0.380E-01  0.642E-03    15
     -5  0.17326E+01  0.424E-02  0.335E-01  0.201E-03    58
     -4  0.17238E+01  0.263E-02  0.359E-01  0.130E-03   200
     -3  0.17094E+01  0.164E-02  0.382E-01  0.755E-04   547
     -2  0.16980E+01  0.137E-02  0.416E-01  0.726E-04  1185
     -1  0.16883E+01  0.113E-02  0.437E-01  0.500E-04  1900
      0  0.16863E+01  0.969E-03  0.431E-01  0.597E-04  2253
      1  0.16900E+01  0.957E-03  0.418E-01  0.729E-04  1893
      2  0.16970E+01  0.139E-02  0.408E-01  0.740E-04  1138
      3  0.17100E+01  0.190E-02  0.393E-01  0.845E-04   501
      4  0.17259E+01  0.228E-02  0.370E-01  0.143E-03   223
      5  0.17403E+01  0.597E-02  0.351E-01  0.246E-03    59
      6  0.17531E+01  0.763E-02  0.296E-01  0.213E-03    16
#     7  0.17765E+01  jk failed  0.302E-01  jk failed     5
#     8  0.18026E+01  jk failed  0.000E+00  jk failed     1
&-----------------------------------------------------------
#beta =   2.00   kappa =   0.2650
#  Re(op_pbp_e)                                                    
#
#    -9  0.17323E+01  jk failed  0.000E+00  jk failed     1
#    -7  0.17396E+01  jk failed  0.381E-01  jk failed     4
     -6  0.17384E+01  0.130E-01  0.390E-01  0.575E-03    10
     -5  0.17196E+01  0.534E-02  0.415E-01  0.314E-03    51
     -4  0.17108E+01  0.281E-02  0.387E-01  0.143E-03   174
     -3  0.16958E+01  0.191E-02  0.401E-01  0.101E-03   482
     -2  0.16783E+01  0.127E-02  0.438E-01  0.813E-04  1112
     -1  0.16711E+01  0.876E-03  0.444E-01  0.658E-04  1997
      0  0.16677E+01  0.846E-03  0.472E-01  0.593E-04  2251
      1  0.16713E+01  0.805E-03  0.450E-01  0.668E-04  1934
      2  0.16801E+01  0.124E-02  0.434E-01  0.842E-04  1232
      3  0.16949E+01  0.192E-02  0.380E-01  0.771E-04   486
      4  0.17141E+01  0.335E-02  0.407E-01  0.166E-03   186
      5  0.17285E+01  0.570E-02  0.428E-01  0.350E-03    61
      6  0.17385E+01  0.849E-02  0.329E-01  0.431E-03    16
#     7  0.17611E+01  jk failed  0.200E-01  jk failed     3
&-----------------------------------------------------------
#beta =   2.00   kappa =   0.2675
#  Re(op_pbp_e)                                                    
#
#    -7  0.17572E+01  jk failed  0.465E-01  jk failed     3
#    -6  0.16939E+01  jk failed  0.351E-01  jk failed     9
     -5  0.17112E+01  0.958E-02  0.486E-01  0.628E-03    34
     -4  0.16839E+01  0.398E-02  0.422E-01  0.190E-03   146
     -3  0.16644E+01  0.200E-02  0.405E-01  0.115E-03   440
     -2  0.16509E+01  0.155E-02  0.461E-01  0.114E-03  1144
     -1  0.16379E+01  0.812E-03  0.477E-01  0.746E-04  2039
      0  0.16294E+01  0.936E-03  0.486E-01  0.574E-04  2523
      1  0.16370E+01  0.118E-02  0.471E-01  0.697E-04  1957
      2  0.16519E+01  0.153E-02  0.453E-01  0.837E-04  1127
      3  0.16689E+01  0.243E-02  0.448E-01  0.173E-03   422
      4  0.16923E+01  0.384E-02  0.465E-01  0.267E-03   123
      5  0.17068E+01  0.985E-02  0.472E-01  0.491E-03    24
#     6  0.17348E+01  jk failed  0.478E-01  jk failed     8
#     8  0.17307E+01  jk failed  0.000E+00  jk failed     1
&-----------------------------------------------------------
#beta =   2.00   kappa =   0.2700
#  Re(op_pbp_e)                                                    
#
#    -6  0.17039E+01  jk failed  0.300E-01  jk failed     3
     -5  0.16805E+01  0.103E-01  0.384E-01  0.489E-03    15
     -4  0.16600E+01  0.448E-02  0.405E-01  0.241E-03   104
     -3  0.16396E+01  0.326E-02  0.471E-01  0.201E-03   370
     -2  0.16161E+01  0.150E-02  0.462E-01  0.834E-04  1021
     -1  0.15995E+01  0.835E-03  0.479E-01  0.899E-04  2079
      0  0.15914E+01  0.895E-03  0.519E-01  0.140E-03  2815
      1  0.16014E+01  0.101E-02  0.485E-01  0.833E-04  2124
      2  0.16172E+01  0.137E-02  0.442E-01  0.912E-04  1003
      3  0.16381E+01  0.302E-02  0.486E-01  0.204E-03   346
      4  0.16609E+01  0.372E-02  0.444E-01  0.316E-03    98
      5  0.16670E+01  0.959E-02  0.371E-01  0.402E-03    16
#     6  0.16876E+01  jk failed  0.300E-01  jk failed     4
#     7  0.17219E+01  jk failed  0.162E-01  jk failed     2
&-----------------------------------------------------------
#beta =   2.00   kappa =   0.2725
#  Re(op_pbp_e)                                                    
#
#    -6  0.17679E+01  jk failed  0.000E+00  jk failed     1
#    -5  0.16317E+01  jk failed  0.140E-01  jk failed     7
     -4  0.16264E+01  0.508E-02  0.356E-01  0.202E-03    64
     -3  0.16043E+01  0.206E-02  0.462E-01  0.194E-03   312
     -2  0.15812E+01  0.176E-02  0.439E-01  0.104E-03   869
     -1  0.15606E+01  0.965E-03  0.487E-01  0.853E-04  2116
      0  0.15487E+01  0.123E-02  0.519E-01  0.847E-04  3249
      1  0.15601E+01  0.118E-02  0.463E-01  0.955E-04  2136
      2  0.15843E+01  0.179E-02  0.485E-01  0.150E-03   889
      3  0.16015E+01  0.294E-02  0.446E-01  0.176E-03   292
      4  0.16353E+01  0.761E-02  0.545E-01  0.617E-03    57
#     5  0.16779E+01  jk failed  0.224E-01  jk failed     8
&-----------------------------------------------------------
#beta =   2.00   kappa =   0.2750
#  Re(op_pbp_e)                                                    
#
#    -6  0.16301E+01  jk failed  0.000E+00  jk failed     1
#    -5  0.16237E+01  jk failed  0.445E-01  jk failed     5
     -4  0.15862E+01  0.799E-02  0.470E-01  0.556E-03    42
     -3  0.15681E+01  0.313E-02  0.439E-01  0.186E-03   185
     -2  0.15428E+01  0.166E-02  0.435E-01  0.130E-03   794
     -1  0.15202E+01  0.985E-03  0.451E-01  0.669E-04  2144
      0  0.15035E+01  0.704E-03  0.490E-01  0.659E-04  3592
      1  0.15235E+01  0.109E-02  0.453E-01  0.764E-04  2175
      2  0.15430E+01  0.188E-02  0.437E-01  0.163E-03   813
      3  0.15693E+01  0.347E-02  0.410E-01  0.178E-03   206
      4  0.15883E+01  0.943E-02  0.498E-01  0.112E-02    34
#     5  0.16273E+01  jk failed  0.481E-01  jk failed     9
&-----------------------------------------------------------
#beta =   2.00   kappa =   0.2780
#  Re(op_pbp_e)                                                    
#
#    -5  0.15446E+01  jk failed  0.192E-01  jk failed     2
     -4  0.15510E+01  0.984E-02  0.443E-01  0.340E-03    28
     -3  0.15211E+01  0.427E-02  0.461E-01  0.347E-03   116
     -2  0.14999E+01  0.200E-02  0.498E-01  0.286E-03   609
     -1  0.14733E+01  0.984E-03  0.438E-01  0.989E-04  2191
      0  0.14507E+01  0.632E-03  0.458E-01  0.806E-04  4109
      1  0.14726E+01  0.897E-03  0.440E-01  0.958E-04  2191
      2  0.15003E+01  0.168E-02  0.442E-01  0.148E-03   603
      3  0.15325E+01  0.308E-02  0.462E-01  0.267E-03   129
      4  0.15517E+01  0.798E-02  0.348E-01  0.327E-03    20
#     5  0.15530E+01  jk failed  0.142E-01  jk failed     2
&-----------------------------------------------------------
