# pion mass (\sigma_1)
"*"
   12  64  3.00  0.2350  0.6697833794715080E+00  0.6068029752793763E-03  10000
   12  64  3.00  0.2375  0.6338315786553272E+00  0.5139586511708419E-03  10000
   12  64  3.00  0.2400  0.5935363385086062E+00  0.1439038376707965E-02  10000
   12  64  3.00  0.2425  0.5586669164033792E+00  0.1122843319274213E-02  10000
   12  64  3.00  0.2450  0.5239382785224075E+00  0.9301123061047038E-03  10000
   12  64  3.00  0.2475  0.4840872676623431E+00  0.1807762846082799E-02  10000
   12  64  3.00  0.2500  0.4507654797025207E+00  0.1848760339427305E-02  10000
   12  64  3.00  0.2525  0.4133872587401744E+00  0.1018481348060992E-02  10000
   12  64  3.00  0.2550  0.3781285890173700E+00  0.1677332067370134E-02  10000
   12  64  3.00  0.2575  0.3439305656209832E+00  0.1667763890918180E-02  10000
   12  64  3.00  0.2590  0.3234953083123198E+00  0.5698602052878809E-02  10000
   12  64  3.00  0.2600  0.3118228632887599E+00  0.3088955714931638E-02  10000
   12  64  3.00  0.2605  0.3095799438784876E+00  0.3612842977163742E-02  10000
   12  64  3.00  0.2620  0.2972527721249870E+00  0.3625242073453397E-02  10000
   12  64  3.00  0.2625  0.2978896689795376E+00  0.9910170788582298E-02  10000
   12  64  3.00  0.2630  0.2989059359595168E+00  0.8147461474999987E-02  10000
   12  64  3.00  0.2635  0.2916980772687471E+00  0.1346250308507515E-01  10000
   12  64  3.00  0.2650  0.2839685150883029E+00  0.1292301960626837E-01  10000
   12  64  3.00  0.2675  0.3019997847081862E+00  0.7275126518105323E+02  10000
   12  64  3.00  0.2700  0.2922556328944921E+00  0.2683920718667316E-01  10000


# pseudoscalar mass (\sigma_3)
"*"
   12  64  3.00  0.2350  0.6698524705671982E+00  0.6034366252100115E-03  10000
   12  64  3.00  0.2375  0.6337459701911736E+00  0.4893376489977427E-03  10000
   12  64  3.00  0.2400  0.5937436764696642E+00  0.1130612054836304E-02  10000
   12  64  3.00  0.2425  0.5588688754839517E+00  0.9876118900366162E-03  10000
   12  64  3.00  0.2450  0.5238276743930551E+00  0.7923234335326664E-03  10000
   12  64  3.00  0.2475  0.4843629547629685E+00  0.1667882952313329E-02  10000
   12  64  3.00  0.2500  0.4508166670689949E+00  0.1661555457274169E-02  10000
   12  64  3.00  0.2525  0.4130728563109453E+00  0.1159401620897195E-02  10000
   12  64  3.00  0.2550  0.3784564587085070E+00  0.1110600735120581E-02  10000
   12  64  3.00  0.2575  0.3431662993849009E+00  0.2028329198423811E-02  10000
   12  64  3.00  0.2590  0.3258688012323450E+00  0.1492079217657987E-02  10000
   12  64  3.00  0.2600  0.3116935422726801E+00  0.3343249478028117E-02  10000
   12  64  3.00  0.2605  0.3127003326022049E+00  0.1456240733203520E-02  10000
   12  64  3.00  0.2620  0.2982029685062624E+00  0.2932941199292931E-02  10000
   12  64  3.00  0.2625  0.2963198812450076E+00  0.1396339981169574E-02  10000
   12  64  3.00  0.2630  0.2957213704308473E+00  0.3402175580848370E-02  10000
   12  64  3.00  0.2635  0.2893113645958982E+00  0.2167808450796885E-02  10000
   12  64  3.00  0.2650  0.2878301773682165E+00  0.2046221475788467E-02  10000
   12  64  3.00  0.2675  0.2985456965792178E+00  0.5050482562924312E-02  10000
   12  64  3.00  0.2700  0.2981670528859928E+00  0.5773661592822410E-02  10000


# eta mass (\sigma_1)
"*"
   12  64  3.00  0.2350                     NaN                     NaN  10000
   12  64  3.00  0.2375  0.6958010099650457E+00  0.3529151799781113E+02  10000
   12  64  3.00  0.2400  0.6609790858621101E+00  0.9111429915285346E+02  10000
   12  64  3.00  0.2425  0.6449245263847523E+00  0.3773938079204115E+02  10000
   12  64  3.00  0.2450  0.6142417994367545E+00  0.4955256411366562E+02  10000
   12  64  3.00  0.2475  0.5686644157285456E+00  0.7395025155756468E+02  10000
   12  64  3.00  0.2500  0.5439971243228846E+00  0.7605073575967123E+02  10000
   12  64  3.00  0.2525  0.5229019749972571E+00  0.6766720600166090E+02  10000
   12  64  3.00  0.2550  0.4891882584121015E+00  0.2913763296248753E+00  10000
   12  64  3.00  0.2575  0.3894560051201409E+00  0.1121434693114534E+03  10000
   12  64  3.00  0.2590  0.7787393177887873E-01  0.4328390491278230E+02  10000
   12  64  3.00  0.2600  0.5569286385767992E-01  0.1202617224668209E+03  10000
   12  64  3.00  0.2605  0.4632306820400370E+00  0.5073656424527422E+02  10000
   12  64  3.00  0.2620  0.3992200989291634E+00  0.1190614776838628E+03  10000
   12  64  3.00  0.2625  0.5514847935617991E-01  0.1333199541833631E+03  10000
   12  64  3.00  0.2630  0.4376501797371353E+00  0.1347029653373780E+03  10000
   12  64  3.00  0.2635  0.4385312795581734E+00  0.4434479473413778E+02  10000
   12  64  3.00  0.2650  0.5852810160060820E+00  0.1153437690729889E+03  10000
   12  64  3.00  0.2675  0.1129761039084882E-01  0.1270257472299445E+03  10000
   12  64  3.00  0.2700  0.5748874188953208E+00  0.1480525248966774E+03  10000

