# pion mass (\sigma_1)
"*"
   12  64  3.00  0.2350  0.6698650344188316E+00  0.5750635758804548E-03  10000
   12  64  3.00  0.2375  0.6338315786553272E+00  0.5139586511708419E-03  10000
   12  64  3.00  0.2400  0.5945566406472699E+00  0.9781784213229137E-03  10000
   12  64  3.00  0.2425  0.5591451303233358E+00  0.7950213933980661E-03  10000
   12  64  3.00  0.2450  0.5237638760323479E+00  0.6848145931460593E-03  10000
   12  64  3.00  0.2475  0.4858615648169948E+00  0.1175164603421287E-02  10000
   12  64  3.00  0.2500  0.4501425641258094E+00  0.9538707338611166E-03  10000
   12  64  3.00  0.2525  0.4135474449169677E+00  0.9330100596245675E-03  10000
   12  64  3.00  0.2550  0.3784841999083920E+00  0.1204715119359543E-02  10000
   12  64  3.00  0.2575  0.3441420315571520E+00  0.1569987638839810E-02  10000
   12  64  3.00  0.2590  0.3253639738537656E+00  0.1838958670035173E-02  10000
   12  64  3.00  0.2600  0.3142215353894520E+00  0.2770883151505641E-02  10000
   12  64  3.00  0.2605  0.3119704657733672E+00  0.2590808260849778E-02  10000
   12  64  3.00  0.2620  0.2975093429543673E+00  0.3562090749625595E-02  10000
   12  64  3.00  0.2625  0.2962546012195404E+00  0.3877624038295539E-02  10000
   12  64  3.00  0.2630  0.2935440091118711E+00  0.5292580420017600E-02  10000
   12  64  3.00  0.2635  0.2879433536256841E+00  0.5857158479052951E-02  10000
   12  64  3.00  0.2650  0.2892323219106493E+00  0.1192746860264146E-01  10000
   12  64  3.00  0.2675  0.2956842513030621E+00  0.1304421444242575E+00  10000
   12  64  3.00  0.2700  0.2840676473375329E+00  0.1468090650262440E-01  10000


# pseudoscalar mass (\sigma_3)
"*"
   12  64  3.00  0.2350  0.6698925408143790E+00  0.5733616129571093E-03  10000
   12  64  3.00  0.2375  0.6338662440270382E+00  0.4863834017236183E-03  10000
   12  64  3.00  0.2400  0.5941276867777394E+00  0.9241304947196090E-03  10000
   12  64  3.00  0.2425  0.5592203441706234E+00  0.7379960042796864E-03  10000
   12  64  3.00  0.2450  0.5237954366223180E+00  0.6586067011124141E-03  10000
   12  64  3.00  0.2475  0.4859360112937636E+00  0.1033124937152369E-02  10000
   12  64  3.00  0.2500  0.4500824024073820E+00  0.9162600266595243E-03  10000
   12  64  3.00  0.2525  0.4137088515768758E+00  0.8952183317820525E-03  10000
   12  64  3.00  0.2550  0.3785162741820400E+00  0.1070530648471512E-02  10000
   12  64  3.00  0.2575  0.3442059925203461E+00  0.1702364200034525E-02  10000
   12  64  3.00  0.2590  0.3261200039445995E+00  0.1418045914758293E-02  10000
   12  64  3.00  0.2600  0.3155468825228291E+00  0.2121325017398653E-02  10000
   12  64  3.00  0.2605  0.3129462035700220E+00  0.1393034864415708E-02  10000
   12  64  3.00  0.2620  0.2992433569611749E+00  0.1975120060850237E-02  10000
   12  64  3.00  0.2625  0.2965302843649214E+00  0.1297688698599349E-02  10000
   12  64  3.00  0.2630  0.2945106390700685E+00  0.2378854517516394E-02  10000
   12  64  3.00  0.2635  0.2898348191206532E+00  0.1881603981926854E-02  10000
   12  64  3.00  0.2650  0.2882814785252217E+00  0.1895392387787179E-02  10000
   12  64  3.00  0.2675  0.2975177314956340E+00  0.4366123649778669E-02  10000
   12  64  3.00  0.2700  0.2980858437104188E+00  0.2675112053452269E-02  10000


# eta mass (\sigma_1)
"*"
   12  64  3.00  0.2350                     NaN                     NaN  10000
   12  64  3.00  0.2375  0.7642579754814334E+00  0.3528861328467477E+02  10000
   12  64  3.00  0.2400  0.6639522412208667E+00  0.8438430083386632E+02  10000
   12  64  3.00  0.2425  0.6827950909490524E+00  0.3701706755938654E+00  10000
   12  64  3.00  0.2450  0.6530258465580461E+00  0.5319554435940461E+00  10000
   12  64  3.00  0.2475  0.6262209616709731E+00  0.4817822281083563E+02  10000
   12  64  3.00  0.2500  0.5922972830548386E+00  0.2042880040173586E+00  10000
   12  64  3.00  0.2525  0.5652552043550436E+00  0.5619072104622279E+02  10000
   12  64  3.00  0.2550  0.4988900153913672E+00  0.2086926950510948E+00  10000
   12  64  3.00  0.2575  0.5176017044149109E+00  0.1442565926241321E+00  10000
   12  64  3.00  0.2590  0.4880267104126825E+00  0.2476643700701199E+00  10000
   12  64  3.00  0.2600  0.4832254489406534E+00  0.1770181629983689E+00  10000
   12  64  3.00  0.2605  0.4958820016901653E+00  0.4045249280836497E+00  10000
   12  64  3.00  0.2620  0.4892847665137623E+00  0.1523184816086693E+00  10000
   12  64  3.00  0.2625  0.4755311408589197E+00  0.5000662904666437E+00  10000
   12  64  3.00  0.2630  0.4864226906297159E+00  0.9066616337115930E+02  10000
   12  64  3.00  0.2635  0.4779114910455203E+00  0.2081920658555809E+00  10000
   12  64  3.00  0.2650  0.5124290915754671E+00  0.6628275799471155E+00  10000
   12  64  3.00  0.2675  0.5496448419216833E+00  0.2702123934008387E+00  10000
   12  64  3.00  0.2700  0.6073574444211697E+00  0.5674931141548193E+02  10000

