# fermion mass from PCAC relation
"m"
   12  64  3.00  0.2350  0.2388511715022769E+00  0.3008893831575043E-02  10000
   12  64  3.00  0.2375  0.2201455459895829E+00  0.2118398360840677E-02  10000
   12  64  3.00  0.2400  0.2015168273148204E+00  0.2862168153001977E-02  10000
   12  64  3.00  0.2425  0.1832726327292919E+00  0.2526501526618043E-02  10000
   12  64  3.00  0.2450  0.1651733712105083E+00  0.2317910182210357E-02  10000
   12  64  3.00  0.2475  0.1469527826798165E+00  0.1942113521796980E-02  10000
   12  64  3.00  0.2500  0.1290499164816860E+00  0.2109581176987575E-02  10000
   12  64  3.00  0.2525  0.1109670746413899E+00  0.1847495687422222E-02  10000
   12  64  3.00  0.2550  0.9314401835442647E-01  0.2121068410052220E-02  10000
   12  64  3.00  0.2575  0.7512607320406288E-01  0.1975387342939206E-02  10000
   12  64  3.00  0.2590  0.6455842270897612E-01  0.1819527751415301E-02  10000
   12  64  3.00  0.2600  0.5757521882884187E-01  0.1562890275126680E-02  10000
   12  64  3.00  0.2605  0.5442102747139886E-01  0.1896780389356456E-02  10000
   12  64  3.00  0.2620  0.4442604876257977E-01  0.1837048920276835E-02  10000
   12  64  3.00  0.2625  0.4116460087168084E-01  0.1526071756148384E-02  10000
   12  64  3.00  0.2630  0.3786996710629868E-01  0.1589937989702477E-02  10000
   12  64  3.00  0.2635  0.3447842790019934E-01  0.1528942987383988E-02  10000
   12  64  3.00  0.2650  0.2462730864363180E-01  0.1204007333588092E-02  10000
   12  64  3.00  0.2675  0.5076723146416448E-02  0.2058251187126102E-02  10000
   12  64  3.00  0.2700 -0.1752728344573487E-01  0.3486401894078845E-02  10000

