#  Re(op_pbp_e)                                                    
  12  64  3.00  0.2350    NaN  0.506  0.291
#  Re(op_pbp_e)                                                    
  12  64  3.00  0.2375  3.969  0.512  0.586
#  Re(op_pbp_e)                                                    
  12  64  3.00  0.2400    NaN  0.500  0.525
#  Re(op_pbp_e)                                                    
  12  64  3.00  0.2425    NaN  0.504  0.650
#  Re(op_pbp_e)                                                    
  12  64  3.00  0.2450  0.813  0.506  0.404
#  Re(op_pbp_e)                                                    
  12  64  3.00  0.2475    NaN  0.505  0.475
#  Re(op_pbp_e)                                                    
  12  64  3.00  0.2500    NaN  0.506  0.544
#  Re(op_pbp_e)                                                    
  12  64  3.00  0.2525    NaN  0.510  0.566
#  Re(op_pbp_e)                                                    
  12  64  3.00  0.2550    NaN  0.515  0.370
#  Re(op_pbp_e)                                                    
  12  64  3.00  0.2575    NaN  0.532  0.504
#  Re(op_pbp_e)                                                    
  12  64  3.00  0.2590  0.441  0.561  0.773
#  Re(op_pbp_e)                                                    
  12  64  3.00  0.2600  0.713  0.603  0.352
#  Re(op_pbp_e)                                                    
  12  64  3.00  0.2605    NaN  0.572  0.413
#  Re(op_pbp_e)                                                    
  12  64  3.00  0.2620  1.799  0.665  0.634
#  Re(op_pbp_e)                                                    
  12  64  3.00  0.2625  0.614  0.664  0.315
#  Re(op_pbp_e)                                                    
  12  64  3.00  0.2630  0.363  0.670  0.674
#  Re(op_pbp_e)                                                    
  12  64  3.00  0.2635  0.626  0.712  0.925
#  Re(op_pbp_e)                                                    
  12  64  3.00  0.2650  0.727  0.704  0.657
#  Re(op_pbp_e)                                                    
  12  64  3.00  0.2675  1.342  0.714  0.658
#  Re(op_pbp_e)                                                    
  12  64  3.00  0.2700  3.352  1.149  3.037
