# pion mass (\sigma_1)
"*"
   11  64  4.00  0.2100  0.9656866344593004E+00  0.8161269642198318E-03  10000
   11  64  4.00  0.2150  0.8910605919472944E+00  0.5835689520969180E-03  10000
   11  64  4.00  0.2200  0.8162205074839127E+00  0.6112246496308273E-03  10000
   11  64  4.00  0.2231  0.7699122631030041E+00  0.5162857735230319E-03  10000
   11  64  4.00  0.2250  0.7428111063942162E+00  0.6113789562533227E-03  10000
   11  64  4.00  0.2262  0.7239034509673972E+00  0.5859240738786019E-03  10000
   11  64  4.00  0.2293  0.6783880214665119E+00  0.4513375406765519E-03  10000
   11  64  4.00  0.2300  0.6689329118664353E+00  0.5724227848363306E-03  10000
   11  64  4.00  0.2324  0.6340068727236916E+00  0.6699563580431646E-03  10000
   11  64  4.00  0.2350  0.5956336176561968E+00  0.7061477102689002E-03  10000
   11  64  4.00  0.2356  0.5882564176376565E+00  0.1345572387308981E-02  10000
   11  64  4.00  0.2387  0.5425060714101244E+00  0.7131880462839177E-03  10000
   11  64  4.00  0.2400  0.5249524647091500E+00  0.1197042418544969E-02  10000
   11  64  4.00  0.2418  0.4997163974976246E+00  0.1591494675172035E-02  10000
   11  64  4.00  0.2449  0.4568953155723373E+00  0.1881379870716617E-02  10000
   11  64  4.00  0.2480  0.4145427004032116E+00  0.1697593078081639E-02  10000
   11  64  4.00  0.2500  0.3918383374460679E+00  0.2925671650753680E-02  10000
   11  64  4.00  0.2515  0.3722220132539331E+00  0.1739067411252307E-02  10000
   11  64  4.00  0.2530  0.3548657642963269E+00  0.1559244777958032E-02  10000
   11  64  4.00  0.2545  0.3352855173151537E+00  0.5192181659295489E-02  10000
   11  64  4.00  0.2560  0.3245924075670913E+00  0.4907991200031361E-02  10000
   11  64  4.00  0.2575  0.3159229961010468E+00  0.8077936007801954E-02  10000
   11  64  4.00  0.2590  0.3167363454507467E+00  0.1280169092121360E-01  10000
   11  64  4.00  0.2605  0.2849964991222522E+00  0.4225203477872767E-01  10000
   11  64  4.00  0.2620  0.3927206682361458E+00  0.6460130777096323E+02  10000
   11  64  4.00  0.2625  0.2519257069322037E+00  0.9060164245648256E-01  10000
   11  64  4.00  0.2630  0.1730224822008561E+01  0.1080789626093854E+03  10000
   11  64  4.00  0.2635  0.1992290976217105E+00  0.6404556560564795E+02  10000


# pseudoscalar mass (\sigma_3)
"*"
   11  64  4.00  0.2100  0.9659566294936701E+00  0.1117890822493041E-02  10000
   11  64  4.00  0.2150  0.8911902807740464E+00  0.6713144118063706E-03  10000
   11  64  4.00  0.2200  0.8163109220981404E+00  0.6376244461770042E-03  10000
   11  64  4.00  0.2231  0.7699777764248553E+00  0.5409509736400525E-03  10000
   11  64  4.00  0.2250  0.7428468287702732E+00  0.6010479899722560E-03  10000
   11  64  4.00  0.2262  0.7240018602219582E+00  0.5694765609307035E-03  10000
   11  64  4.00  0.2293  0.6784168231871479E+00  0.4541162780520162E-03  10000
   11  64  4.00  0.2300  0.6689786439399399E+00  0.6445344840864004E-03  10000
   11  64  4.00  0.2324  0.6339369602755504E+00  0.5614141020924699E-03  10000
   11  64  4.00  0.2350  0.5957456316675073E+00  0.6708701630952510E-03  10000
   11  64  4.00  0.2356  0.5879129979279121E+00  0.1020103158058690E-02  10000
   11  64  4.00  0.2387  0.5424896334637809E+00  0.6662684260469737E-03  10000
   11  64  4.00  0.2400  0.5250575887746033E+00  0.1215540960674403E-02  10000
   11  64  4.00  0.2418  0.4999973927065668E+00  0.1326305077554524E-02  10000
   11  64  4.00  0.2449  0.4573768599228943E+00  0.1222547343691220E-02  10000
   11  64  4.00  0.2480  0.4148768950459352E+00  0.1561418495090841E-02  10000
   11  64  4.00  0.2500  0.3916727888164606E+00  0.2058571606662638E-02  10000
   11  64  4.00  0.2515  0.3716290022877001E+00  0.1957227440644430E-02  10000
   11  64  4.00  0.2530  0.3551723786539245E+00  0.1175646826717622E-02  10000
   11  64  4.00  0.2545  0.3363316945433260E+00  0.3715882714854502E-02  10000
   11  64  4.00  0.2560  0.3250011674779371E+00  0.4030079029191511E-02  10000
   11  64  4.00  0.2575  0.3157953141453523E+00  0.3961567533397694E-02  10000
   11  64  4.00  0.2590  0.3117286373472996E+00  0.7310634370073061E-02  10000
   11  64  4.00  0.2605  0.2976542528751839E+00  0.1238379303311903E-01  10000
   11  64  4.00  0.2620  0.3193497142155958E+00  0.9040345351285601E-02  10000
   11  64  4.00  0.2625  0.3151942313555328E+00  0.1034493676005083E-01  10000
   11  64  4.00  0.2630  0.3233149735106040E+00  0.2078736555592053E-01  10000
   11  64  4.00  0.2635  0.3219260791460605E+00  0.5335158142682551E-02  10000


# eta mass (\sigma_1)
"*"
   11  64  4.00  0.2100  0.1023769611109208E+01  0.9132370394263612E+02  10000
   11  64  4.00  0.2150                     NaN                     NaN  10000
   11  64  4.00  0.2200                     NaN                     NaN  10000
   11  64  4.00  0.2231                     NaN                     NaN  10000
   11  64  4.00  0.2250  0.8013790714932796E+00  0.8832910984903663E+02  10000
   11  64  4.00  0.2262                     NaN                     NaN  10000
   11  64  4.00  0.2293  0.7946562028791286E+00  0.4103748944043176E+02  10000
   11  64  4.00  0.2300  0.7126795680860333E+00  0.5313875141635965E+02  10000
   11  64  4.00  0.2324  0.7615462271384469E+00  0.1018362509479180E+01  10000
   11  64  4.00  0.2350  0.6441549091926234E+00  0.3452739023362737E+02  10000
   11  64  4.00  0.2356                     NaN                     NaN  10000
   11  64  4.00  0.2387                     NaN                     NaN  10000
   11  64  4.00  0.2400  0.5606661411923540E+00  0.1231702984048343E+03  10000
   11  64  4.00  0.2418  0.2583326862882891E+00  0.9884752681766747E+02  10000
   11  64  4.00  0.2449  0.5216407093439390E+00  0.4447383782616766E+02  10000
   11  64  4.00  0.2480  0.4807277835479558E+00  0.4833136602235591E+02  10000
   11  64  4.00  0.2500  0.4519671728227692E+00  0.5957032790880566E+02  10000
   11  64  4.00  0.2515  0.3819624718059588E-01  0.8578659357066367E+02  10000
   11  64  4.00  0.2530  0.4116746734033683E+00  0.5606533372841636E+02  10000
   11  64  4.00  0.2545  0.4058392601606614E+00  0.3173302708351982E+00  10000
   11  64  4.00  0.2560  0.4021414788402774E+00  0.4055180678723769E+00  10000
   11  64  4.00  0.2575  0.3893743128988110E+00  0.5797020027705191E+02  10000
   11  64  4.00  0.2590 -0.7716211199685746E+02  0.1797623395046631E+03  10000
   11  64  4.00  0.2605  0.3905312290877374E+00  0.4228391956694140E+00  10000
   11  64  4.00  0.2620  0.4439070610690320E+00  0.1156078228880849E+03  10000
   11  64  4.00  0.2625  0.2648101755733747E+00  0.5069616039821426E+02  10000
   11  64  4.00  0.2630  0.4052056888007727E+00  0.7815553544491110E+02  10000
   11  64  4.00  0.2635  0.3219409455895878E+00  0.5668178960021202E+02  10000

