# pion mass (\sigma_1)
"*"
   11  64  4.00  0.2100  0.9656866344593004E+00  0.8161269642198318E-03  10000
   11  64  4.00  0.2150  0.8910605919472944E+00  0.5835689520969180E-03  10000
   11  64  4.00  0.2200  0.8162733485303546E+00  0.5699623222722879E-03  10000
   11  64  4.00  0.2231  0.7699122631030041E+00  0.5162857735230319E-03  10000
   11  64  4.00  0.2250  0.7429068085268942E+00  0.5883112025687699E-03  10000
   11  64  4.00  0.2262  0.7239663970731598E+00  0.5615179736464767E-03  10000
   11  64  4.00  0.2293  0.6784085648947267E+00  0.4470433242954019E-03  10000
   11  64  4.00  0.2300  0.6689618342145375E+00  0.5630674278747302E-03  10000
   11  64  4.00  0.2324  0.6339742779123718E+00  0.5402064440323914E-03  10000
   11  64  4.00  0.2350  0.5957492482406528E+00  0.6389109653589863E-03  10000
   11  64  4.00  0.2356  0.5880367126507118E+00  0.8462981286983840E-03  10000
   11  64  4.00  0.2387  0.5425636467430136E+00  0.6640907957007071E-03  10000
   11  64  4.00  0.2400  0.5256373569351409E+00  0.9266031154861698E-03  10000
   11  64  4.00  0.2418  0.5007039572800520E+00  0.8232800742366920E-03  10000
   11  64  4.00  0.2449  0.4576719336957455E+00  0.1031632711898608E-02  10000
   11  64  4.00  0.2480  0.4153085178751161E+00  0.1330040623908789E-02  10000
   11  64  4.00  0.2500  0.3913010409169516E+00  0.1136700298056476E-02  10000
   11  64  4.00  0.2515  0.3725249464861783E+00  0.1701021497077396E-02  10000
   11  64  4.00  0.2530  0.3551213396307792E+00  0.1414881619548821E-02  10000
   11  64  4.00  0.2545  0.3387869810138186E+00  0.2178834247722923E-02  10000
   11  64  4.00  0.2560  0.3243231267903161E+00  0.2148379517737779E-02  10000
   11  64  4.00  0.2575  0.3105535876181239E+00  0.3322866359159051E-02  10000
   11  64  4.00  0.2590  0.3075228232607302E+00  0.6352581846315635E-02  10000
   11  64  4.00  0.2605  0.3063967304796910E+00  0.1753351642702419E-01  10000
   11  64  4.00  0.2620  0.3313739646035904E+00  0.3243913515302113E-01  10000
   11  64  4.00  0.2625  0.2988502567863898E+00  0.6325006430515441E-01  10000
   11  64  4.00  0.2630  0.1730224822008561E+01  0.1080789626093854E+03  10000
   11  64  4.00  0.2635  0.2004595581684896E+00  0.4325129973069729E+00  10000


# pseudoscalar mass (\sigma_3)
"*"
   11  64  4.00  0.2100  0.9661771381351040E+00  0.1101201777690354E-02  10000
   11  64  4.00  0.2150  0.8911902807740464E+00  0.6713144118063706E-03  10000
   11  64  4.00  0.2200  0.8164262577944040E+00  0.6356749489569519E-03  10000
   11  64  4.00  0.2231  0.7699777764248553E+00  0.5409509736400525E-03  10000
   11  64  4.00  0.2250  0.7428875447864061E+00  0.5835930420880482E-03  10000
   11  64  4.00  0.2262  0.7240204139868700E+00  0.5462628839560006E-03  10000
   11  64  4.00  0.2293  0.6784284293109381E+00  0.4398013345634924E-03  10000
   11  64  4.00  0.2300  0.6689711541270799E+00  0.5705322631022458E-03  10000
   11  64  4.00  0.2324  0.6339610588061189E+00  0.5427883163257588E-03  10000
   11  64  4.00  0.2350  0.5958299727341794E+00  0.6313002457401573E-03  10000
   11  64  4.00  0.2356  0.5880287998486297E+00  0.8498791915078349E-03  10000
   11  64  4.00  0.2387  0.5424896334637809E+00  0.6662684260469737E-03  10000
   11  64  4.00  0.2400  0.5257355071837329E+00  0.9054021076157487E-03  10000
   11  64  4.00  0.2418  0.5006003161090785E+00  0.7926369935405560E-03  10000
   11  64  4.00  0.2449  0.4578260625694878E+00  0.9472852798604595E-03  10000
   11  64  4.00  0.2480  0.4155896807920357E+00  0.1157605651678539E-02  10000
   11  64  4.00  0.2500  0.3908444794096309E+00  0.1092261163185849E-02  10000
   11  64  4.00  0.2515  0.3721930326923564E+00  0.1636458198801343E-02  10000
   11  64  4.00  0.2530  0.3553717975948581E+00  0.1129491369238834E-02  10000
   11  64  4.00  0.2545  0.3392388893194220E+00  0.1496851917850029E-02  10000
   11  64  4.00  0.2560  0.3242565737256028E+00  0.1535948639643782E-02  10000
   11  64  4.00  0.2575  0.3124498527767269E+00  0.1995220329572597E-02  10000
   11  64  4.00  0.2590  0.3079752388682538E+00  0.2488434439185566E-02  10000
   11  64  4.00  0.2605  0.3046663728556574E+00  0.6009947382990427E-02  10000
   11  64  4.00  0.2620  0.3188119491958740E+00  0.2818162480818036E-02  10000
   11  64  4.00  0.2625  0.3181914689556947E+00  0.3803953916843222E-02  10000
   11  64  4.00  0.2630  0.3243519292675637E+00  0.4491540773149099E-02  10000
   11  64  4.00  0.2635  0.3236488343553377E+00  0.4050337196802289E-02  10000


# eta mass (\sigma_1)
"*"
   11  64  4.00  0.2100  0.1091685567857966E+01  0.8043425536279962E+02  10000
   11  64  4.00  0.2150                     NaN                     NaN  10000
   11  64  4.00  0.2200                     NaN                     NaN  10000
   11  64  4.00  0.2231                     NaN                     NaN  10000
   11  64  4.00  0.2250  0.8620328868820604E+00  0.8179979189385327E+02  10000
   11  64  4.00  0.2262                     NaN                     NaN  10000
   11  64  4.00  0.2293  0.7946562028791286E+00  0.4103748944043176E+02  10000
   11  64  4.00  0.2300  0.7769129730878471E+00  0.3566738118101478E+00  10000
   11  64  4.00  0.2324  0.7615462271384469E+00  0.1018362509479180E+01  10000
   11  64  4.00  0.2350  0.6990235328816391E+00  0.2378866014540926E+00  10000
   11  64  4.00  0.2356                     NaN                     NaN  10000
   11  64  4.00  0.2387                     NaN                     NaN  10000
   11  64  4.00  0.2400  0.6282133192902322E+00  0.4046390695798425E+02  10000
   11  64  4.00  0.2418  0.6136837793573001E+00  0.2524960753655167E+02  10000
   11  64  4.00  0.2449  0.5885531786208492E+00  0.1585357864131152E+00  10000
   11  64  4.00  0.2480  0.5432229969795808E+00  0.1590360790220965E+00  10000
   11  64  4.00  0.2500  0.5097548683414375E+00  0.2212752787429992E+00  10000
   11  64  4.00  0.2515  0.5026505515732931E+00  0.3918505759328508E+00  10000
   11  64  4.00  0.2530  0.4728995981052096E+00  0.8625067411914834E-01  10000
   11  64  4.00  0.2545  0.4660048572007234E+00  0.9423322414759491E-01  10000
   11  64  4.00  0.2560  0.4550172623590872E+00  0.9466686467012424E-01  10000
   11  64  4.00  0.2575  0.4524446139028170E+00  0.1354882117722571E+00  10000
   11  64  4.00  0.2590  0.4406198631928077E+00  0.1197455751778295E+00  10000
   11  64  4.00  0.2605  0.4509906806565799E+00  0.1380801773994974E+00  10000
   11  64  4.00  0.2620  0.4691242672982581E+00  0.3044119011205129E+00  10000
   11  64  4.00  0.2625  0.4738901925611106E+00  0.1386273861692242E+00  10000
   11  64  4.00  0.2630  0.4692151236546904E+00  0.2163413666953025E+00  10000
   11  64  4.00  0.2635  0.4395849722119711E+00  0.1944801253355388E+00  10000

