# fermion mass from PCAC relation
"m"
   11  64  4.00  0.2100  0.4099508477200464E+00  0.2568915576737697E-01  10000
   11  64  4.00  0.2150  0.3682125721494078E+00  0.1731271950967396E-01  10000
   11  64  4.00  0.2200  0.3273997349257087E+00  0.6385335407854673E-02  10000
   11  64  4.00  0.2231  0.3025766196121628E+00  0.3821199079879318E-02  10000
   11  64  4.00  0.2250  0.2876322101876308E+00  0.3229045241712061E-02  10000
   11  64  4.00  0.2262  0.2780962570468186E+00  0.2957055590837548E-02  10000
   11  64  4.00  0.2293  0.2539365018411789E+00  0.2376824033901098E-02  10000
   11  64  4.00  0.2300  0.2485188661116729E+00  0.2959775664876291E-02  10000
   11  64  4.00  0.2324  0.2301385644598748E+00  0.2613517438823563E-02  10000
   11  64  4.00  0.2350  0.2103669101123692E+00  0.2953608391386507E-02  10000
   11  64  4.00  0.2356  0.2060457695836985E+00  0.3552642053071119E-02  10000
   11  64  4.00  0.2387  0.1824446800487563E+00  0.2159601967329272E-02  10000
   11  64  4.00  0.2400  0.1729119040707176E+00  0.2825298691641212E-02  10000
   11  64  4.00  0.2418  0.1594986425097194E+00  0.2396809544261709E-02  10000
   11  64  4.00  0.2449  0.1366505624162521E+00  0.2574695434755207E-02  10000
   11  64  4.00  0.2480  0.1138909944226023E+00  0.2429214618638308E-02  10000
   11  64  4.00  0.2500  0.9927473146551634E-01  0.2039133979336721E-02  10000
   11  64  4.00  0.2515  0.8829526953335144E-01  0.2686239262376352E-02  10000
   11  64  4.00  0.2530  0.7755305529248244E-01  0.2053900591159552E-02  10000
   11  64  4.00  0.2545  0.6657142083250302E-01  0.2034822854107848E-02  10000
   11  64  4.00  0.2560  0.5571696172548418E-01  0.1800077780091129E-02  10000
   11  64  4.00  0.2575  0.4548235664073909E-01  0.1694754523409043E-02  10000
   11  64  4.00  0.2590  0.3518409663602351E-01  0.1767572857604856E-02  10000
   11  64  4.00  0.2605  0.2493306232064237E-01  0.2851382479166773E-02  10000
   11  64  4.00  0.2620  0.1410267521229893E-01  0.1418064620919682E-02  10000
   11  64  4.00  0.2625  0.9796647716722598E-02  0.2922971758976820E-02  10000
   11  64  4.00  0.2630  0.5639306971738100E-02  0.6561713081763199E-02  10000
   11  64  4.00  0.2635  0.1425737098316447E-02  0.2214686886929220E-02  10000

