#  Re(op_pbp_e)                                                    
  11  64  4.00  0.2100    NaN  0.505  0.489
#  Re(op_pbp_e)                                                    
  11  64  4.00  0.2150    NaN  0.500  0.560
#  Re(op_pbp_e)                                                    
  11  64  4.00  0.2200    NaN  0.500  0.549
#  Re(op_pbp_e)                                                    
  11  64  4.00  0.2231    NaN  0.507  0.398
#  Re(op_pbp_e)                                                    
  11  64  4.00  0.2250    NaN  0.505  0.363
#  Re(op_pbp_e)                                                    
  11  64  4.00  0.2262    NaN  0.506  0.522
#  Re(op_pbp_e)                                                    
  11  64  4.00  0.2293    NaN  0.500  0.399
#  Re(op_pbp_e)                                                    
  11  64  4.00  0.2300    NaN  0.500  0.544
#  Re(op_pbp_e)                                                    
  11  64  4.00  0.2324    NaN  0.503  0.497
#  Re(op_pbp_e)                                                    
  11  64  4.00  0.2350    NaN  0.500  0.394
#  Re(op_pbp_e)                                                    
  11  64  4.00  0.2356    NaN  0.500  0.281
#  Re(op_pbp_e)                                                    
  11  64  4.00  0.2387  2.434  0.524  0.519
#  Re(op_pbp_e)                                                    
  11  64  4.00  0.2400    NaN  0.513  0.375
#  Re(op_pbp_e)                                                    
  11  64  4.00  0.2418    NaN  0.505  0.343
#  Re(op_pbp_e)                                                    
  11  64  4.00  0.2449    NaN  0.517  0.520
#  Re(op_pbp_e)                                                    
  11  64  4.00  0.2480    NaN  0.502  0.386
#  Re(op_pbp_e)                                                    
  11  64  4.00  0.2500  2.159  0.534  0.723
#  Re(op_pbp_e)                                                    
  11  64  4.00  0.2515  0.579  0.523  0.297
#  Re(op_pbp_e)                                                    
  11  64  4.00  0.2530  0.997  0.533  0.597
#  Re(op_pbp_e)                                                    
  11  64  4.00  0.2545    NaN  0.546  0.746
#  Re(op_pbp_e)                                                    
  11  64  4.00  0.2560  0.216  0.563  0.430
#  Re(op_pbp_e)                                                    
  11  64  4.00  0.2575  0.590  0.634  0.416
#  Re(op_pbp_e)                                                    
  11  64  4.00  0.2590  0.640  0.662  0.592
#  Re(op_pbp_e)                                                    
  11  64  4.00  0.2605  0.778  0.704  1.052
#  Re(op_pbp_e)                                                    
  11  64  4.00  0.2620  0.340  0.690  0.613
#  Re(op_pbp_e)                                                    
  11  64  4.00  0.2625  0.757  0.682  0.667
#  Re(op_pbp_e)                                                    
  11  64  4.00  0.2630  1.125  0.705  0.435
#  Re(op_pbp_e)                                                    
  11  64  4.00  0.2635  0.895  0.657  0.384
