#-----------------------------------------------------------
#beta =   4.00   kappa =   0.2100
#  Re(op_pbp_e)                                                    
#
#    -8  0.19119E+01  jk failed  0.429E-03  jk failed     3
#    -7  0.19095E+01  jk failed  0.722E-03  jk failed     6
     -6  0.19088E+01  0.415E-03  0.176E-02  0.934E-06    19
     -5  0.19087E+01  0.213E-03  0.151E-02  0.613E-06    52
     -4  0.19084E+01  0.127E-03  0.170E-02  0.288E-06   182
     -3  0.19080E+01  0.812E-04  0.179E-02  0.179E-06   470
     -2  0.19078E+01  0.434E-04  0.175E-02  0.160E-06   900
     -1  0.19077E+01  0.383E-04  0.179E-02  0.146E-06  1326
      0  0.19077E+01  0.512E-04  0.175E-02  0.100E-06  1687
      1  0.19078E+01  0.427E-04  0.180E-02  0.117E-06  1729
      2  0.19079E+01  0.477E-04  0.182E-02  0.111E-06  1453
      3  0.19081E+01  0.494E-04  0.181E-02  0.138E-06  1088
      4  0.19084E+01  0.669E-04  0.182E-02  0.161E-06   627
      5  0.19087E+01  0.992E-04  0.176E-02  0.293E-06   292
      6  0.19090E+01  0.173E-03  0.168E-02  0.381E-06   110
      7  0.19094E+01  0.208E-03  0.132E-02  0.419E-06    46
      8  0.19099E+01  0.548E-03  0.164E-02  0.100E-05    10
&-----------------------------------------------------------
#beta =   4.00   kappa =   0.2150
#  Re(op_pbp_e)                                                    
#
#    -8  0.18993E+01  jk failed  0.236E-03  jk failed     3
#    -7  0.18979E+01  jk failed  0.136E-02  jk failed     6
     -6  0.18973E+01  0.524E-03  0.216E-02  0.127E-05    18
     -5  0.18967E+01  0.251E-03  0.218E-02  0.725E-06    78
     -4  0.18961E+01  0.919E-04  0.203E-02  0.316E-06   225
     -3  0.18956E+01  0.777E-04  0.213E-02  0.237E-06   459
     -2  0.18955E+01  0.795E-04  0.224E-02  0.251E-06   848
     -1  0.18953E+01  0.680E-04  0.220E-02  0.163E-06  1378
      0  0.18954E+01  0.351E-04  0.232E-02  0.213E-06  1715
      1  0.18955E+01  0.524E-04  0.231E-02  0.174E-06  1798
      2  0.18956E+01  0.521E-04  0.231E-02  0.192E-06  1444
      3  0.18958E+01  0.750E-04  0.212E-02  0.211E-06  1071
      4  0.18963E+01  0.100E-03  0.213E-02  0.202E-06   555
      5  0.18965E+01  0.132E-03  0.219E-02  0.313E-06   279
      6  0.18970E+01  0.240E-03  0.214E-02  0.624E-06    94
      7  0.18980E+01  0.483E-03  0.216E-02  0.192E-05    25
#     8  0.18987E+01  jk failed  0.000E+00  jk failed     1
#     9  0.19003E+01  jk failed  0.351E-02  jk failed     2
#    10  0.18977E+01  jk failed  0.000E+00  jk failed     1
&-----------------------------------------------------------
#beta =   4.00   kappa =   0.2200
#  Re(op_pbp_e)                                                    
#
#    -7  0.18823E+01  jk failed  0.238E-02  jk failed     5
     -6  0.18839E+01  0.651E-03  0.306E-02  0.301E-05    28
     -5  0.18832E+01  0.303E-03  0.273E-02  0.192E-05    74
     -4  0.18823E+01  0.184E-03  0.280E-02  0.846E-06   202
     -3  0.18819E+01  0.122E-03  0.290E-02  0.577E-06   452
     -2  0.18817E+01  0.737E-04  0.287E-02  0.362E-06   897
     -1  0.18815E+01  0.721E-04  0.276E-02  0.224E-06  1373
      0  0.18813E+01  0.744E-04  0.284E-02  0.245E-06  1707
      1  0.18815E+01  0.588E-04  0.291E-02  0.244E-06  1749
      2  0.18815E+01  0.767E-04  0.290E-02  0.301E-06  1441
      3  0.18819E+01  0.665E-04  0.271E-02  0.245E-06  1061
      4  0.18824E+01  0.129E-03  0.283E-02  0.475E-06   583
      5  0.18829E+01  0.139E-03  0.247E-02  0.562E-06   266
      6  0.18839E+01  0.240E-03  0.233E-02  0.102E-05   115
      7  0.18849E+01  0.482E-03  0.272E-02  0.178E-05    36
#     8  0.18840E+01  jk failed  0.436E-02  jk failed     7
#     9  0.18871E+01  jk failed  0.227E-02  jk failed     3
#    10  0.18886E+01  jk failed  0.000E+00  jk failed     1
&-----------------------------------------------------------
#beta =   4.00   kappa =   0.2231
#  Re(op_pbp_e)                                                    
#
#    -7  0.18765E+01  jk failed  0.430E-02  jk failed     6
     -6  0.18741E+01  0.755E-03  0.302E-02  0.273E-05    17
     -5  0.18739E+01  0.385E-03  0.283E-02  0.138E-05    76
     -4  0.18727E+01  0.242E-03  0.316E-02  0.140E-05   189
     -3  0.18725E+01  0.131E-03  0.308E-02  0.573E-06   464
     -2  0.18720E+01  0.850E-04  0.327E-02  0.486E-06   904
     -1  0.18717E+01  0.894E-04  0.330E-02  0.399E-06  1404
      0  0.18716E+01  0.744E-04  0.330E-02  0.343E-06  1669
      1  0.18718E+01  0.868E-04  0.334E-02  0.427E-06  1758
      2  0.18721E+01  0.790E-04  0.315E-02  0.319E-06  1540
      3  0.18726E+01  0.926E-04  0.314E-02  0.421E-06  1061
      4  0.18732E+01  0.160E-03  0.300E-02  0.474E-06   538
      5  0.18740E+01  0.133E-03  0.317E-02  0.780E-06   248
      6  0.18748E+01  0.417E-03  0.316E-02  0.137E-05    83
      7  0.18766E+01  0.631E-03  0.287E-02  0.292E-05    31
      8  0.18760E+01  0.733E-03  0.232E-02  0.162E-05    11
#     9  0.18809E+01  jk failed  0.000E+00  jk failed     1
&-----------------------------------------------------------
#beta =   4.00   kappa =   0.2250
#  Re(op_pbp_e)                                                    
#
#    -7  0.18699E+01  jk failed  0.317E-02  jk failed     6
     -6  0.18693E+01  0.733E-03  0.344E-02  0.418E-05    23
     -5  0.18676E+01  0.513E-03  0.349E-02  0.267E-05    54
     -4  0.18667E+01  0.180E-03  0.317E-02  0.101E-05   195
     -3  0.18662E+01  0.132E-03  0.344E-02  0.827E-06   445
     -2  0.18658E+01  0.124E-03  0.376E-02  0.703E-06   887
     -1  0.18654E+01  0.764E-04  0.360E-02  0.554E-06  1395
      0  0.18654E+01  0.823E-04  0.377E-02  0.563E-06  1821
      1  0.18654E+01  0.100E-03  0.373E-02  0.538E-06  1801
      2  0.18659E+01  0.892E-04  0.358E-02  0.387E-06  1448
      3  0.18663E+01  0.103E-03  0.342E-02  0.548E-06   981
      4  0.18671E+01  0.138E-03  0.350E-02  0.775E-06   547
      5  0.18678E+01  0.184E-03  0.330E-02  0.729E-06   254
      6  0.18691E+01  0.291E-03  0.307E-02  0.167E-05   107
      7  0.18697E+01  0.596E-03  0.255E-02  0.228E-05    27
#     8  0.18720E+01  jk failed  0.300E-02  jk failed     7
#     9  0.18770E+01  jk failed  0.390E-02  jk failed     2
&-----------------------------------------------------------
#beta =   4.00   kappa =   0.2262
#  Re(op_pbp_e)                                                    
#
#    -8  0.18717E+01  jk failed  0.000E+00  jk failed     1
#    -7  0.18668E+01  jk failed  0.235E-02  jk failed     3
     -6  0.18647E+01  0.756E-03  0.305E-02  0.328E-05    29
     -5  0.18643E+01  0.444E-03  0.333E-02  0.217E-05    73
     -4  0.18628E+01  0.228E-03  0.366E-02  0.147E-05   202
     -3  0.18621E+01  0.176E-03  0.377E-02  0.112E-05   515
     -2  0.18615E+01  0.155E-03  0.400E-02  0.751E-06   930
     -1  0.18614E+01  0.884E-04  0.386E-02  0.548E-06  1378
      0  0.18613E+01  0.105E-03  0.388E-02  0.459E-06  1766
      1  0.18613E+01  0.969E-04  0.386E-02  0.517E-06  1772
      2  0.18615E+01  0.943E-04  0.384E-02  0.466E-06  1501
      3  0.18623E+01  0.139E-03  0.366E-02  0.615E-06   983
      4  0.18630E+01  0.183E-03  0.371E-02  0.101E-05   497
      5  0.18643E+01  0.318E-03  0.357E-02  0.108E-05   235
      6  0.18655E+01  0.410E-03  0.333E-02  0.205E-05    91
      7  0.18662E+01  0.853E-03  0.352E-02  0.275E-05    18
#     8  0.18671E+01  jk failed  0.366E-02  jk failed     6
&-----------------------------------------------------------
#beta =   4.00   kappa =   0.2293
#  Re(op_pbp_e)                                                    
#
#    -7  0.18557E+01  jk failed  0.712E-02  jk failed     3
     -6  0.18547E+01  0.726E-03  0.281E-02  0.331E-05    16
     -5  0.18528E+01  0.605E-03  0.383E-02  0.313E-05    66
     -4  0.18522E+01  0.346E-03  0.407E-02  0.202E-05   175
     -3  0.18508E+01  0.188E-03  0.462E-02  0.136E-05   456
     -2  0.18502E+01  0.135E-03  0.451E-02  0.936E-06   881
     -1  0.18501E+01  0.119E-03  0.469E-02  0.738E-06  1433
      0  0.18499E+01  0.134E-03  0.472E-02  0.696E-06  1829
      1  0.18500E+01  0.877E-04  0.461E-02  0.791E-06  1784
      2  0.18504E+01  0.128E-03  0.442E-02  0.615E-06  1485
      3  0.18510E+01  0.132E-03  0.439E-02  0.845E-06  1004
      4  0.18521E+01  0.190E-03  0.420E-02  0.122E-05   536
      5  0.18535E+01  0.272E-03  0.408E-02  0.167E-05   241
      6  0.18543E+01  0.595E-03  0.401E-02  0.297E-05    64
      7  0.18563E+01  0.915E-03  0.409E-02  0.436E-05    21
#     8  0.18573E+01  jk failed  0.200E-02  jk failed     5
#    10  0.18615E+01  jk failed  0.000E+00  jk failed     1
&-----------------------------------------------------------
#beta =   4.00   kappa =   0.2300
#  Re(op_pbp_e)                                                    
#
#    -7  0.18538E+01  jk failed  0.187E-02  jk failed     5
     -6  0.18508E+01  0.105E-02  0.349E-02  0.608E-05    12
     -5  0.18503E+01  0.616E-03  0.435E-02  0.288E-05    63
     -4  0.18493E+01  0.352E-03  0.460E-02  0.203E-05   203
     -3  0.18484E+01  0.242E-03  0.465E-02  0.157E-05   449
     -2  0.18477E+01  0.216E-03  0.480E-02  0.940E-06   899
     -1  0.18471E+01  0.115E-03  0.490E-02  0.957E-06  1392
      0  0.18472E+01  0.104E-03  0.475E-02  0.693E-06  1780
      1  0.18472E+01  0.111E-03  0.483E-02  0.713E-06  1841
      2  0.18476E+01  0.116E-03  0.482E-02  0.688E-06  1510
      3  0.18485E+01  0.155E-03  0.467E-02  0.107E-05   997
      4  0.18495E+01  0.195E-03  0.438E-02  0.936E-06   538
      5  0.18504E+01  0.325E-03  0.414E-02  0.147E-05   206
      6  0.18522E+01  0.521E-03  0.401E-02  0.329E-05    76
      7  0.18540E+01  0.775E-03  0.338E-02  0.369E-05    20
#     8  0.18534E+01  jk failed  0.284E-02  jk failed     8
#     9  0.18602E+01  jk failed  0.000E+00  jk failed     1
&-----------------------------------------------------------
#beta =   4.00   kappa =   0.2324
#  Re(op_pbp_e)                                                    
#
#    -8  0.18498E+01  jk failed  0.000E+00  jk failed     1
#    -7  0.18423E+01  jk failed  0.243E-02  jk failed     4
     -6  0.18446E+01  0.143E-02  0.574E-02  0.992E-05    17
     -5  0.18420E+01  0.651E-03  0.467E-02  0.436E-05    60
     -4  0.18402E+01  0.453E-03  0.537E-02  0.263E-05   203
     -3  0.18389E+01  0.197E-03  0.556E-02  0.192E-05   479
     -2  0.18381E+01  0.143E-03  0.532E-02  0.169E-05   925
     -1  0.18371E+01  0.156E-03  0.529E-02  0.131E-05  1358
      0  0.18374E+01  0.141E-03  0.559E-02  0.111E-05  1852
      1  0.18376E+01  0.134E-03  0.557E-02  0.116E-05  1807
      2  0.18385E+01  0.127E-03  0.532E-02  0.124E-05  1511
      3  0.18392E+01  0.152E-03  0.531E-02  0.154E-05   997
      4  0.18406E+01  0.278E-03  0.519E-02  0.160E-05   451
      5  0.18425E+01  0.358E-03  0.455E-02  0.165E-05   231
      6  0.18437E+01  0.543E-03  0.408E-02  0.219E-05    77
      7  0.18464E+01  0.839E-03  0.394E-02  0.617E-05    23
#     8  0.18495E+01  jk failed  0.691E-02  jk failed     4
&-----------------------------------------------------------
#beta =   4.00   kappa =   0.2350
#  Re(op_pbp_e)                                                    
#
#    -8  0.18389E+01  jk failed  0.000E+00  jk failed     1
#    -7  0.18345E+01  jk failed  0.311E-02  jk failed     8
     -6  0.18329E+01  0.139E-02  0.503E-02  0.117E-04    14
     -5  0.18308E+01  0.981E-03  0.559E-02  0.569E-05    49
     -4  0.18293E+01  0.482E-03  0.605E-02  0.456E-05   202
     -3  0.18275E+01  0.332E-03  0.600E-02  0.200E-05   456
     -2  0.18271E+01  0.231E-03  0.648E-02  0.169E-05   937
     -1  0.18259E+01  0.160E-03  0.654E-02  0.144E-05  1392
      0  0.18256E+01  0.175E-03  0.671E-02  0.134E-05  1856
      1  0.18261E+01  0.158E-03  0.643E-02  0.144E-05  1924
      2  0.18271E+01  0.142E-03  0.648E-02  0.149E-05  1493
      3  0.18280E+01  0.178E-03  0.617E-02  0.179E-05   911
      4  0.18303E+01  0.184E-03  0.568E-02  0.216E-05   479
      5  0.18319E+01  0.382E-03  0.491E-02  0.168E-05   189
      6  0.18359E+01  0.683E-03  0.520E-02  0.454E-05    64
      7  0.18383E+01  0.107E-02  0.467E-02  0.609E-05    20
#     8  0.18411E+01  jk failed  0.473E-02  jk failed     5
&-----------------------------------------------------------
#beta =   4.00   kappa =   0.2356
#  Re(op_pbp_e)                                                    
#
#    -7  0.18338E+01  jk failed  0.185E-02  jk failed     3
     -6  0.18301E+01  0.156E-02  0.561E-02  0.120E-04    14
     -5  0.18302E+01  0.669E-03  0.451E-02  0.540E-05    51
     -4  0.18274E+01  0.505E-03  0.592E-02  0.441E-05   184
     -3  0.18249E+01  0.304E-03  0.649E-02  0.282E-05   455
     -2  0.18245E+01  0.164E-03  0.656E-02  0.219E-05   867
     -1  0.18235E+01  0.143E-03  0.671E-02  0.176E-05  1506
      0  0.18231E+01  0.171E-03  0.675E-02  0.184E-05  1893
      1  0.18237E+01  0.132E-03  0.681E-02  0.239E-05  1841
      2  0.18242E+01  0.151E-03  0.677E-02  0.159E-05  1504
      3  0.18258E+01  0.185E-03  0.638E-02  0.158E-05   959
      4  0.18274E+01  0.225E-03  0.564E-02  0.171E-05   443
      5  0.18303E+01  0.339E-03  0.622E-02  0.459E-05   199
      6  0.18323E+01  0.793E-03  0.507E-02  0.422E-05    60
      7  0.18323E+01  0.106E-02  0.448E-02  0.839E-05    19
#     8  0.18363E+01  jk failed  0.000E+00  jk failed     1
#    10  0.18410E+01  jk failed  0.000E+00  jk failed     1
&-----------------------------------------------------------
#beta =   4.00   kappa =   0.2387
#  Re(op_pbp_e)                                                    
#
#    -8  0.18338E+01  jk failed  0.000E+00  jk failed     1
     -6  0.18182E+01  0.163E-02  0.652E-02  0.831E-05    17
     -5  0.18175E+01  0.937E-03  0.684E-02  0.829E-05    55
     -4  0.18121E+01  0.482E-03  0.754E-02  0.597E-05   186
     -3  0.18110E+01  0.343E-03  0.750E-02  0.383E-05   446
     -2  0.18095E+01  0.246E-03  0.834E-02  0.270E-05   906
     -1  0.18078E+01  0.246E-03  0.849E-02  0.334E-05  1560
      0  0.18077E+01  0.215E-03  0.837E-02  0.215E-05  1916
      1  0.18081E+01  0.168E-03  0.828E-02  0.218E-05  1898
      2  0.18093E+01  0.257E-03  0.833E-02  0.234E-05  1465
      3  0.18112E+01  0.245E-03  0.727E-02  0.231E-05   886
      4  0.18136E+01  0.424E-03  0.746E-02  0.399E-05   444
      5  0.18162E+01  0.499E-03  0.639E-02  0.480E-05   157
      6  0.18205E+01  0.691E-03  0.409E-02  0.389E-05    52
      7  0.18210E+01  0.225E-02  0.676E-02  0.239E-04    10
#     8  0.18228E+01  jk failed  0.000E+00  jk failed     1
&-----------------------------------------------------------
#beta =   4.00   kappa =   0.2400
#  Re(op_pbp_e)                                                    
#
#    -7  0.18178E+01  jk failed  0.427E-02  jk failed     3
     -6  0.18167E+01  0.152E-02  0.481E-02  0.554E-05    11
     -5  0.18128E+01  0.125E-02  0.752E-02  0.123E-04    45
     -4  0.18073E+01  0.599E-03  0.705E-02  0.596E-05   191
     -3  0.18043E+01  0.332E-03  0.783E-02  0.284E-05   454
     -2  0.18021E+01  0.249E-03  0.885E-02  0.330E-05   914
     -1  0.18013E+01  0.185E-03  0.937E-02  0.298E-05  1575
      0  0.18009E+01  0.173E-03  0.937E-02  0.263E-05  1962
      1  0.18012E+01  0.217E-03  0.912E-02  0.263E-05  1901
      2  0.18029E+01  0.164E-03  0.903E-02  0.255E-05  1457
      3  0.18050E+01  0.366E-03  0.838E-02  0.319E-05   848
      4  0.18079E+01  0.356E-03  0.809E-02  0.380E-05   413
      5  0.18107E+01  0.635E-03  0.773E-02  0.661E-05   168
      6  0.18148E+01  0.109E-02  0.624E-02  0.946E-05    44
      7  0.18169E+01  0.140E-02  0.483E-02  0.971E-05    13
#     8  0.18213E+01  jk failed  0.000E+00  jk failed     1
&-----------------------------------------------------------
#beta =   4.00   kappa =   0.2418
#  Re(op_pbp_e)                                                    
#
#    -7  0.18083E+01  jk failed  0.873E-02  jk failed     4
     -6  0.18054E+01  0.119E-02  0.358E-02  0.521E-05    10
     -5  0.18027E+01  0.113E-02  0.718E-02  0.855E-05    58
     -4  0.17986E+01  0.776E-03  0.854E-02  0.609E-05   154
     -3  0.17949E+01  0.560E-03  0.953E-02  0.604E-05   426
     -2  0.17929E+01  0.242E-03  0.993E-02  0.426E-05   915
     -1  0.17909E+01  0.223E-03  0.103E-01  0.348E-05  1583
      0  0.17906E+01  0.283E-03  0.106E-01  0.407E-05  2008
      1  0.17910E+01  0.229E-03  0.104E-01  0.324E-05  1951
      2  0.17927E+01  0.287E-03  0.103E-01  0.325E-05  1459
      3  0.17958E+01  0.297E-03  0.968E-02  0.442E-05   872
      4  0.17984E+01  0.482E-03  0.909E-02  0.531E-05   383
      5  0.18023E+01  0.877E-03  0.746E-02  0.694E-05   130
      6  0.18052E+01  0.162E-02  0.782E-02  0.288E-04    36
#     7  0.18132E+01  jk failed  0.354E-02  jk failed     8
#     8  0.18204E+01  jk failed  0.742E-02  jk failed     3
&-----------------------------------------------------------
#beta =   4.00   kappa =   0.2449
#  Re(op_pbp_e)                                                    
#
#    -8  0.18023E+01  jk failed  0.000E+00  jk failed     1
#    -7  0.17983E+01  jk failed  0.565E-02  jk failed     3
     -6  0.17951E+01  0.193E-02  0.640E-02  0.123E-04    12
     -5  0.17870E+01  0.167E-02  0.972E-02  0.275E-04    39
     -4  0.17813E+01  0.670E-03  0.984E-02  0.119E-04   170
     -3  0.17779E+01  0.607E-03  0.116E-01  0.671E-05   416
     -2  0.17741E+01  0.356E-03  0.123E-01  0.766E-05   937
     -1  0.17713E+01  0.300E-03  0.134E-01  0.705E-05  1552
      0  0.17709E+01  0.363E-03  0.138E-01  0.646E-05  2085
      1  0.17717E+01  0.368E-03  0.130E-01  0.637E-05  1990
      2  0.17741E+01  0.337E-03  0.125E-01  0.475E-05  1490
      3  0.17780E+01  0.453E-03  0.118E-01  0.583E-05   843
      4  0.17830E+01  0.719E-03  0.111E-01  0.711E-05   319
      5  0.17891E+01  0.854E-03  0.995E-02  0.114E-04   103
      6  0.17944E+01  0.136E-02  0.802E-02  0.227E-04    35
#     7  0.18089E+01  jk failed  0.590E-02  jk failed     5
&-----------------------------------------------------------
#beta =   4.00   kappa =   0.2480
#  Re(op_pbp_e)                                                    
#
#    -6  0.17769E+01  jk failed  0.489E-02  jk failed     5
     -5  0.17753E+01  0.266E-02  0.125E-01  0.434E-04    23
     -4  0.17666E+01  0.126E-02  0.125E-01  0.214E-04   101
     -3  0.17580E+01  0.651E-03  0.145E-01  0.150E-04   409
     -2  0.17538E+01  0.429E-03  0.157E-01  0.945E-05   934
     -1  0.17479E+01  0.477E-03  0.170E-01  0.752E-05  1707
      0  0.17473E+01  0.388E-03  0.179E-01  0.990E-05  2254
      1  0.17494E+01  0.425E-03  0.170E-01  0.103E-04  2068
      2  0.17528E+01  0.445E-03  0.157E-01  0.869E-05  1409
      3  0.17590E+01  0.536E-03  0.148E-01  0.933E-05   710
      4  0.17663E+01  0.847E-03  0.127E-01  0.126E-04   292
      5  0.17732E+01  0.132E-02  0.108E-01  0.182E-04    69
      6  0.17891E+01  0.278E-02  0.100E-01  0.366E-04    14
#     7  0.17882E+01  jk failed  0.616E-02  jk failed     4
#     8  0.18063E+01  jk failed  0.000E+00  jk failed     1
&-----------------------------------------------------------
#beta =   4.00   kappa =   0.2500
#  Re(op_pbp_e)                                                    
#
#    -6  0.17666E+01  jk failed  0.724E-02  jk failed     4
     -5  0.17658E+01  0.328E-02  0.143E-01  0.597E-04    20
     -4  0.17567E+01  0.141E-02  0.138E-01  0.263E-04   108
     -3  0.17450E+01  0.951E-03  0.173E-01  0.211E-04   355
     -2  0.17376E+01  0.769E-03  0.183E-01  0.117E-04   982
     -1  0.17316E+01  0.473E-03  0.205E-01  0.132E-04  1761
      0  0.17294E+01  0.527E-03  0.209E-01  0.133E-04  2309
      1  0.17314E+01  0.394E-03  0.206E-01  0.117E-04  2103
      2  0.17377E+01  0.602E-03  0.181E-01  0.114E-04  1387
      3  0.17464E+01  0.708E-03  0.167E-01  0.131E-04   674
      4  0.17553E+01  0.107E-02  0.144E-01  0.161E-04   235
      5  0.17657E+01  0.204E-02  0.126E-01  0.365E-04    47
      6  0.17752E+01  0.270E-02  0.811E-02  0.289E-04    10
#     7  0.17909E+01  jk failed  0.766E-02  jk failed     4
#     8  0.18181E+01  jk failed  0.000E+00  jk failed     1
&-----------------------------------------------------------
#beta =   4.00   kappa =   0.2515
#  Re(op_pbp_e)                                                    
#
#    -6  0.17685E+01  jk failed  0.155E-01  jk failed     6
     -5  0.17633E+01  0.384E-02  0.144E-01  0.959E-04    15
     -4  0.17441E+01  0.150E-02  0.150E-01  0.357E-04    85
     -3  0.17328E+01  0.986E-03  0.177E-01  0.219E-04   307
     -2  0.17237E+01  0.536E-03  0.205E-01  0.171E-04   932
     -1  0.17168E+01  0.489E-03  0.235E-01  0.203E-04  1886
      0  0.17140E+01  0.449E-03  0.241E-01  0.202E-04  2384
      1  0.17179E+01  0.486E-03  0.229E-01  0.132E-04  2174
      2  0.17251E+01  0.482E-03  0.202E-01  0.146E-04  1387
      3  0.17348E+01  0.569E-03  0.184E-01  0.220E-04   571
      4  0.17464E+01  0.140E-02  0.164E-01  0.307E-04   200
      5  0.17568E+01  0.210E-02  0.126E-01  0.331E-04    45
#     6  0.17843E+01  jk failed  0.122E-01  jk failed     7
#     7  0.17843E+01  jk failed  0.000E+00  jk failed     1
&-----------------------------------------------------------
#beta =   4.00   kappa =   0.2530
#  Re(op_pbp_e)                                                    
#
#    -7  0.18062E+01  jk failed  0.000E+00  jk failed     1
#    -6  0.17827E+01  jk failed  0.243E-01  jk failed     3
     -5  0.17510E+01  0.422E-02  0.133E-01  0.620E-04    11
     -4  0.17369E+01  0.173E-02  0.163E-01  0.462E-04    68
     -3  0.17268E+01  0.934E-03  0.203E-01  0.280E-04   307
     -2  0.17108E+01  0.705E-03  0.230E-01  0.185E-04   946
     -1  0.17013E+01  0.550E-03  0.256E-01  0.178E-04  1908
      0  0.16966E+01  0.600E-03  0.284E-01  0.195E-04  2596
      1  0.17018E+01  0.640E-03  0.263E-01  0.209E-04  2235
      2  0.17117E+01  0.618E-03  0.224E-01  0.202E-04  1251
      3  0.17258E+01  0.966E-03  0.202E-01  0.175E-04   516
      4  0.17383E+01  0.158E-02  0.171E-01  0.301E-04   128
      5  0.17583E+01  0.329E-02  0.157E-01  0.619E-04    26
#     6  0.17679E+01  jk failed  0.724E-02  jk failed     4
&-----------------------------------------------------------
#beta =   4.00   kappa =   0.2545
#  Re(op_pbp_e)                                                    
#
#    -5  0.17451E+01  jk failed  0.223E-01  jk failed     9
     -4  0.17343E+01  0.423E-02  0.229E-01  0.123E-03    38
     -3  0.17125E+01  0.125E-02  0.210E-01  0.291E-04   258
     -2  0.16957E+01  0.940E-03  0.252E-01  0.331E-04   882
     -1  0.16822E+01  0.592E-03  0.291E-01  0.229E-04  2058
      0  0.16755E+01  0.631E-03  0.324E-01  0.299E-04  2757
      1  0.16837E+01  0.539E-03  0.294E-01  0.240E-04  2235
      2  0.16991E+01  0.721E-03  0.265E-01  0.340E-04  1215
      3  0.17162E+01  0.116E-02  0.237E-01  0.473E-04   423
      4  0.17356E+01  0.243E-02  0.215E-01  0.624E-04   111
      5  0.17526E+01  0.707E-02  0.255E-01  0.256E-03    14
&-----------------------------------------------------------
#beta =   4.00   kappa =   0.2560
#  Re(op_pbp_e)                                                    
#
#    -5  0.17210E+01  jk failed  0.114E-01  jk failed     2
     -4  0.17308E+01  0.527E-02  0.245E-01  0.155E-03    31
     -3  0.17069E+01  0.200E-02  0.251E-01  0.639E-04   173
     -2  0.16832E+01  0.992E-03  0.278E-01  0.425E-04   761
     -1  0.16623E+01  0.622E-03  0.312E-01  0.312E-04  2001
      0  0.16520E+01  0.712E-03  0.375E-01  0.431E-04  3098
      1  0.16632E+01  0.593E-03  0.323E-01  0.244E-04  2469
      2  0.16826E+01  0.103E-02  0.280E-01  0.351E-04  1110
      3  0.17044E+01  0.159E-02  0.263E-01  0.636E-04   300
      4  0.17285E+01  0.457E-02  0.313E-01  0.189E-03    48
#     5  0.17619E+01  jk failed  0.212E-01  jk failed     6
#     6  0.17777E+01  jk failed  0.000E+00  jk failed     1
&-----------------------------------------------------------
#beta =   4.00   kappa =   0.2575
#  Re(op_pbp_e)                                                    
#
#    -6  0.17521E+01  jk failed  0.000E+00  jk failed     1
#    -5  0.17492E+01  jk failed  0.543E-01  jk failed     2
     -4  0.17225E+01  0.712E-02  0.302E-01  0.320E-03    19
     -3  0.16942E+01  0.267E-02  0.303E-01  0.854E-04   168
     -2  0.16680E+01  0.111E-02  0.311E-01  0.653E-04   695
     -1  0.16425E+01  0.733E-03  0.344E-01  0.492E-04  2015
      0  0.16237E+01  0.774E-03  0.414E-01  0.389E-04  3523
      1  0.16416E+01  0.744E-03  0.346E-01  0.434E-04  2389
      2  0.16688E+01  0.106E-02  0.314E-01  0.543E-04   910
      3  0.16975E+01  0.180E-02  0.302E-01  0.719E-04   223
      4  0.17248E+01  0.382E-02  0.292E-01  0.154E-03    48
#     5  0.17490E+01  jk failed  0.398E-01  jk failed     6
#     6  0.17520E+01  jk failed  0.000E+00  jk failed     1
&-----------------------------------------------------------
#beta =   4.00   kappa =   0.2590
#  Re(op_pbp_e)                                                    
#
     -4  0.17259E+01  0.137E-01  0.435E-01  0.113E-02    11
     -3  0.16889E+01  0.369E-02  0.366E-01  0.234E-03   100
     -2  0.16485E+01  0.110E-02  0.327E-01  0.697E-04   504
     -1  0.16170E+01  0.842E-03  0.354E-01  0.641E-04  1993
      0  0.15895E+01  0.496E-03  0.410E-01  0.432E-04  4267
      1  0.16180E+01  0.676E-03  0.351E-01  0.487E-04  2331
      2  0.16528E+01  0.154E-02  0.335E-01  0.985E-04   633
      3  0.16952E+01  0.337E-02  0.394E-01  0.166E-03   142
      4  0.17216E+01  0.925E-02  0.370E-01  0.437E-03    17
#     5  0.17496E+01  jk failed  0.460E-01  jk failed     2
&-----------------------------------------------------------
#beta =   4.00   kappa =   0.2605
#  Re(op_pbp_e)                                                    
#
#    -4  0.17298E+01  jk failed  0.394E-01  jk failed     3
     -3  0.16758E+01  0.568E-02  0.433E-01  0.418E-03    48
     -2  0.16339E+01  0.163E-02  0.427E-01  0.173E-03   380
     -1  0.15897E+01  0.760E-03  0.346E-01  0.719E-04  1864
      0  0.15535E+01  0.484E-03  0.376E-01  0.368E-04  5058
      1  0.15914E+01  0.872E-03  0.348E-01  0.640E-04  2125
      2  0.16308E+01  0.230E-02  0.381E-01  0.107E-03   456
      3  0.16795E+01  0.544E-02  0.404E-01  0.489E-03    61
#     4  0.16826E+01  jk failed  0.285E-01  jk failed     5
&-----------------------------------------------------------
#beta =   4.00   kappa =   0.2620
#  Re(op_pbp_e)                                                    
#
#    -4  0.17654E+01  jk failed  0.124E-01  jk failed     2
     -3  0.16555E+01  0.135E-01  0.605E-01  0.866E-03    21
     -2  0.16055E+01  0.278E-02  0.387E-01  0.163E-03   205
     -1  0.15633E+01  0.514E-03  0.336E-01  0.513E-04  1610
      0  0.15185E+01  0.430E-03  0.294E-01  0.433E-04  6256
      1  0.15628E+01  0.860E-03  0.324E-01  0.612E-04  1660
      2  0.16126E+01  0.319E-02  0.509E-01  0.613E-03   222
      3  0.16736E+01  0.108E-01  0.494E-01  0.783E-03    22
#     4  0.17300E+01  jk failed  0.000E+00  jk failed     1
#     5  0.17592E+01  jk failed  0.000E+00  jk failed     1
&-----------------------------------------------------------
#beta =   4.00   kappa =   0.2625
#  Re(op_pbp_e)                                                    
#
#    -4  0.16335E+01  jk failed  0.000E+00  jk failed     1
     -3  0.16485E+01  0.849E-02  0.340E-01  0.410E-03    17
     -2  0.16037E+01  0.455E-02  0.439E-01  0.236E-03   155
     -1  0.15526E+01  0.997E-03  0.326E-01  0.562E-04  1432
      0  0.15072E+01  0.322E-03  0.270E-01  0.495E-04  6700
      1  0.15521E+01  0.657E-03  0.324E-01  0.583E-04  1501
      2  0.16021E+01  0.309E-02  0.458E-01  0.280E-03   174
      3  0.16445E+01  0.925E-02  0.403E-01  0.394E-03    20
&-----------------------------------------------------------
#beta =   4.00   kappa =   0.2630
#  Re(op_pbp_e)                                                    
#
#    -3  0.16401E+01  jk failed  0.450E-01  jk failed     8
     -2  0.15952E+01  0.511E-02  0.469E-01  0.390E-03   122
     -1  0.15439E+01  0.110E-02  0.322E-01  0.744E-04  1338
      0  0.14963E+01  0.284E-03  0.244E-01  0.295E-04  7007
      1  0.15423E+01  0.749E-03  0.295E-01  0.389E-04  1390
      2  0.15895E+01  0.406E-02  0.436E-01  0.265E-03   125
      3  0.16651E+01  0.169E-01  0.507E-01  0.906E-03    10
&-----------------------------------------------------------
#beta =   4.00   kappa =   0.2635
#  Re(op_pbp_e)                                                    
#
#    -3  0.16404E+01  jk failed  0.153E-01  jk failed     3
     -2  0.15837E+01  0.616E-02  0.460E-01  0.482E-03    81
     -1  0.15349E+01  0.858E-03  0.334E-01  0.692E-04  1151
      0  0.14857E+01  0.219E-03  0.230E-01  0.224E-04  7457
      1  0.15335E+01  0.792E-03  0.318E-01  0.580E-04  1191
      2  0.15796E+01  0.411E-02  0.420E-01  0.302E-03   110
#     3  0.16259E+01  jk failed  0.492E-01  jk failed     7
&-----------------------------------------------------------
