# triplet j1 / nf 0 / mode 2 / nplat  4 / jkb  20 / start     1 / nmeas 10000
 0.0010  0.12105138784855897        2.4420270558389158E-003   3.3951426890259913        1.6763040875124636E-002  0.68072898110874480        1.3835110150762008E-002
 0.0020  0.13192581546389162        2.8304828767376912E-003   1.7673063364602597        8.7723867611887857E-003  0.63731791346114630        1.3764906347698147E-002
 0.0030  0.14054141075733217        3.1099069257753309E-003   1.2145743903729107        6.0133824244136790E-003  0.60741201227976560        1.3524688421686788E-002
 0.0040  0.14753857942576551        3.0680102242138874E-003  0.93467892666640751        4.5953762804976910E-003  0.58609851571443949        1.2272568680402999E-002
 0.0050  0.15348369376076221        3.0233997235648556E-003  0.76511427866124826        3.7301672320580147E-003  0.56990295784321010        1.1311868288951909E-002
 0.0060  0.15875264233090683        2.9926743838852130E-003  0.65121308064951244        3.1470014548337600E-003  0.55684101726792212        1.0582986493022530E-002
 0.0070  0.16357092428672992        2.9724348166694980E-003  0.56936816284246483        2.7270338005313285E-003  0.54582635264147761        1.0004595468609852E-002
 0.0080  0.16807124549325356        2.9552088770726467E-003  0.50769771525137797        2.4099507956349313E-003  0.53625231173083743        9.5144749099251354E-003
 0.0090  0.17233412767540973        2.9352702448915465E-003  0.45956148225571836        2.1619161274033503E-003  0.52776036707352370        9.0743563109568735E-003
 0.0100  0.17641105606511640        2.9099600610626585E-003  0.42095360269753007        1.9624600393724693E-003  0.52012330484319780        8.6648484951806493E-003
 0.0200  0.21145245950557343        2.6514981818722143E-003  0.24730792541651603        1.0398855121742962E-003  0.47036637930700109        5.9804641051586054E-003
 0.0400  0.26729202231545135        2.6123756518202719E-003  0.16635922971532219        5.1492788512054661E-004  0.43160100476075275        4.2708063926436852E-003
 0.0600  0.31514998764878754        2.6015805686951917E-003  0.14607747129941742        3.1946813016028777E-004  0.42011186739932121        3.4983402895174326E-003
 0.0800  0.35971649708963777        2.4836937161530617E-003  0.14080548565862125        2.2451687500579703E-004  0.41726256473118667        2.9001680920255316E-003
 0.1000  0.40258692438639337        2.3312191444067620E-003  0.14119019963288473        1.7135358396805134E-004  0.41740496305653335        2.4302597604282630E-003
 0.1200  0.44442962458109736        2.1756028349082940E-003  0.14409837854011504        1.3759250407880405E-004  0.41843901163305713        2.0580904703591742E-003
 0.1400  0.48559318107975419        2.0262165131107778E-003  0.14820612582298187        1.1388490420667145E-004  0.41950729126413727        1.7578672819309059E-003
 0.1600  0.52628892902625135        1.8853356948319944E-003  0.15287460847452455        9.6075324855846044E-005  0.42026036533932870        1.5112881299866199E-003
 0.1800  0.56665814139934534        1.7534628577381731E-003  0.15776937598714846        8.2136730401530573E-005  0.42057308048162645        1.3060149268585193E-003
 0.2000  0.60680159541743883        1.6307605878935088E-003  0.16270634279707366        7.0955409659464379E-005  0.42042208666075892        1.1335841981470094E-003
 0.2200  0.64679452889069666        1.5172940011077402E-003  0.16758138556142671        6.1842749998394425E-005  0.41982943939137707        9.8790589948029111E-004
 0.2400  0.68668400393487972        1.3360812044524396E-003  0.17233520747750225        5.4331006285077844E-005  0.41884245219576549        8.1761190563100171E-004
 0.2600  0.72651911894011367        1.1572188049712845E-003  0.17693462216481795        4.8081661358082268E-005  0.41750437973632060        6.6742715374762114E-004
 0.2800  0.76633675029965820        1.0015412510505509E-003  0.18136207746749197        4.2839986547132419E-005  0.41586043303028802        5.4571132558043506E-004
 0.3000  0.80618307545510570        9.4330616611892340E-004  0.18560956172817664        3.8409889746662209E-005  0.41394450443905628        4.8624206749579927E-004
 0.3200  0.84608556666037926        8.9127902641466183E-004  0.18967495020711947        3.4638289374006287E-005  0.41179464037664137        4.3541711585971230E-004
 0.3400  0.88606553067394067        8.4466842678540587E-004  0.19355976102658551        3.1404571289516310E-005  0.40944554756103474        3.9172696818079092E-004
 0.3600  0.92614181860602951        8.0277979788902687E-004  0.19726775007781780        2.8613142394798147E-005  0.40692727416629715        3.5395704016037081E-004
 0.3800  0.96633147053361013        7.6500663578367412E-004  0.20080401782837720        2.6187763806130420E-005  0.40426567832117088        3.2112505945686387E-004
 0.4000   1.0066501835441781        7.3082210351472262E-004  0.20417443503964197        2.4067295419479439E-005  0.40148294180201111        2.9243317009191048E-004


# triplet j3 / nf 0 / mode 2 / nplat  4 / jkb  20 / start     1 / nmeas 10000
 0.0010  0.12103702460323738        7.3681070443654684E-003   3.3951426890259913        1.6763040875124636E-002  0.68080976198868814        4.1478236543883065E-002
 0.0020  0.13209368680568634        4.5827235240968435E-003   1.7673063364602597        8.7723867611887857E-003  0.63650797760524191        2.2138790540771999E-002
 0.0030  0.14175085367763213        3.5514068734519206E-003   1.2145743903729107        6.0133824244136790E-003  0.60222946742096983        1.5161649761179027E-002
 0.0040  0.14933633528298021        2.8478631941230722E-003  0.93467892666640751        4.5953762804976910E-003  0.57904288496299605        1.1133789991132525E-002
 0.0050  0.15600824402763047        3.2153483266053550E-003  0.76511427866124826        3.7301672320580147E-003  0.56068069735768555        1.1636240293167493E-002
 0.0060  0.16193581369026150        3.0380959277474038E-003  0.65121308064951244        3.1470014548337600E-003  0.54589519659065355        1.0326190797453302E-002
 0.0070  0.16731932868929317        2.8714168358000046E-003  0.56936816284246483        2.7270338005313285E-003  0.53359836966244201        9.2459704710951985E-003
 0.0080  0.17227078795171435        2.7231934333478134E-003  0.50769771525137797        2.4099507956349313E-003  0.52317978574812340        8.3629327130428227E-003
 0.0090  0.17687570647392517        2.5960063047225290E-003  0.45956148225571836        2.1619161274033503E-003  0.51420923932636087        7.6433567381422396E-003
 0.0100  0.18120045113920774        2.4895033329923664E-003  0.42095360269753007        1.9624600393724693E-003  0.50637567905929537        7.0564877010505858E-003
 0.0200  0.21629297024649544        2.1090018352741906E-003  0.24730792541651603        1.0398855121742962E-003  0.45983985360156832        4.5867898569936982E-003
 0.0400  0.27062502188110532        2.0136038294882009E-003  0.16635922971532219        5.1492788512054661E-004  0.42628543581814626        3.2396917474586686E-003
 0.0600  0.31787495997357573        1.6874605680592474E-003  0.14607747129941742        3.1946813016028777E-004  0.41651047264940633        2.2574945486780805E-003
 0.0800  0.36199067064055895        1.4613829705923610E-003  0.14080548565862125        2.2451687500579703E-004  0.41464115051953854        1.7062664677346213E-003
 0.1000  0.40440507611368998        1.3182247515924092E-003  0.14119019963288473        1.7135358396805134E-004  0.41552836555717343        1.3777531561179003E-003
 0.1200  0.44581560596878317        1.2255912718690954E-003  0.14409837854011504        1.3759250407880405E-004  0.41713814043375308        1.1639186401282248E-003
 0.1400  0.48458525328833907        9.7041697018261273E-004  0.14820612582298187        1.1388490420667145E-004  0.42037985817511342        8.5719501810600351E-004
 0.1600  0.52532140917196080        8.0015981317499267E-004  0.15287460847452455        9.6075324855846044E-005  0.42103438718640729        6.5481631196930923E-004
 0.1800  0.56560273955758789        7.7426447250306357E-004  0.15776937598714846        8.2136730401530573E-005  0.42135786027968947        5.8714056043372796E-004
 0.2000  0.60570077406504697        7.5042236515569089E-004  0.16270634279707366        7.0955409659464379E-005  0.42118617617464094        5.2984122741222878E-004
 0.2200  0.64568258638811593        7.8634330745155955E-004  0.16758138556142671        6.1842749998394425E-005  0.42055243580995061        5.1801408250248566E-004
 0.2400  0.68559872366764463        7.5957825952279443E-004  0.17233520747750225        5.4331006285077844E-005  0.41950546604447386        4.6945291092190987E-004
 0.2600  0.72547749468961609        6.8154148593239385E-004  0.17693462216481795        4.8081661358082268E-005  0.41810382312333888        3.9686983425600390E-004
 0.2800  0.76536585333084839        6.5947051844744481E-004  0.18136207746749197        4.2839986547132419E-005  0.41638796849861331        3.6213166469381683E-004
 0.3000  0.80618730258172522        8.7036947026048546E-004  0.18560956172817664        3.8409889746662209E-005  0.41394233398086611        4.4894483785322203E-004
 0.3200  0.84606826737235441        9.5375253161910777E-004  0.18967495020711947        3.4638289374006287E-005  0.41180306021031876        4.6573612322254118E-004
 0.3400  0.88605521105458451        9.0498348181434248E-004  0.19355976102658551        3.1404571289516310E-005  0.40945031625055339        4.1951421402166352E-004
 0.3600  0.92613749196109985        8.6048093783551796E-004  0.19726775007781780        2.8613142394798147E-005  0.40692917521213839        3.7923085786478099E-004
 0.3800  0.96633212992753137        8.1981266834412099E-004  0.20080401782837720        2.6187763806130420E-005  0.40426540246329284        3.4398051217190116E-004
 0.4000   1.0066542958603877        7.4182657853212163E-004  0.20417443503964197        2.4067295419479439E-005  0.40148130169098573        2.9680549539478956E-004


