# triplet j1 / nf 5 / mode 2 / nplat  4 / jkb  20 / start     1 / nmeas 10000
 0.0010   1.0620140300259496E-002   2.6002176162305576E-003   9.8091848974130751E-004   1.0756395143621708E-005  0.13188676145994402        3.2299032442498384E-002
 0.0020  0.37297152677947021        7.4351142392032429E-002   1.9617836752760021E-003   2.1517121004905187E-005   7.5106906637869312E-003   1.4978079042389540E-003
 0.0030  0.41455572350270270        4.7738465190754975E-002   2.9425537167718364E-003   3.2292234458580211E-005   1.0135727115219052E-002   1.1685112936407819E-003
 0.0040  0.43106707462692723        3.5152774604756666E-002   3.9231991874713514E-003   4.3098056713672705E-005   1.2996317737121052E-002   1.0622286071321106E-003
 0.0050  0.43942149678452436        2.9465713745843784E-002   4.9037029037333384E-003   5.3957238891684306E-005   1.5936053386051249E-002   1.0721938153156897E-003
 0.0060  0.44763662637113999        3.4187321403994372E-002   5.8840596826398852E-003   6.4898905882509293E-005   1.8771697349901403E-002   1.4373823126903479E-003
 0.0070  0.45203951344194088        3.1412189264638186E-002   6.8642760285827472E-003   7.5958901701907430E-005   2.1686276395789982E-002   1.5117468916740334E-003
 0.0080  0.45697408767978792        3.7591469344984300E-002   7.8443697505359688E-003   8.7180149499401874E-005   2.4515877634257586E-002   2.0213140324649584E-003
 0.0090  0.46033818999805742        3.5743364595439711E-002   8.8243695119726642E-003   9.8613125905691322E-005   2.7377960306913043E-002   2.1312829638492842E-003
 0.0100  0.46281361138333044        3.4548965448213918E-002   9.8043143156028682E-003   1.1031643399704289E-004   3.0256416342332899E-002   2.2650420101369218E-003
 0.0200  0.47901720105495482        4.1879035308465498E-002   1.9615384056078405E-002   2.6198839715862982E-004   5.8475951165006909E-002   5.1272697249033494E-003
 0.0400  0.47546786890770482        4.0970227747062465E-002   3.9569077525412943E-002   1.1405717988333456E-003  0.11833188499077084        1.0338091817133755E-002
 0.0600  0.46503672493595083        3.7581597290333557E-002   5.9916807186333153E-002   2.6321714043626532E-003  0.18233821672020270        1.5270120638618547E-002
 0.0800  0.46324330971671390        3.2084018273425989E-002   7.9032400565294258E-002   3.0583353269887726E-003  0.24274674898894574        1.7456264199972267E-002
 0.1000  0.47184916571521779        2.4591629944091354E-002   9.5490087722953074E-002   2.3872000970822892E-003  0.29288083394893533        1.5697111746505482E-002
 0.1200  0.48788888754985049        1.1631242035037567E-002  0.10940185738997842        1.6317895894012837E-003  0.33212153927532040        8.2961355770346263E-003
 0.1400  0.51076903456669853        8.0058395328840709E-003  0.12137507521832247        1.1373012957595775E-003  0.36092686683104103        5.9045137436300925E-003
 0.1600  0.53751895822773721        5.7090575085372913E-003  0.13186377881464481        8.3277201713121481E-004  0.38215888517309010        4.2345448327262628E-003
 0.1800  0.56728538638216175        4.8508767612265927E-003  0.14115460547066219        6.2387323520955967E-004  0.39737192536526417        3.5095796426686606E-003
 0.2000  0.59943765884904820        3.4185766874833298E-003  0.14944595094355387        4.6931705718090131E-004  0.40787590335998425        2.4126608072453323E-003
 0.2200  0.63350020582568489        3.0946448119836588E-003  0.15689335886543454        3.5306879252384261E-004  0.41474566776629995        2.0790805362293600E-003
 0.2400  0.66913057586308777        2.9078953038265904E-003  0.16362764787812298        2.6605522788831538E-004  0.41883029438286618        1.8517211396738985E-003
 0.2600  0.70599163580386504        2.7214091543075443E-003  0.16975997732322753        2.0142096136925125E-004  0.42084267291154032        1.6413357142977681E-003
 0.2800  0.74384434099945262        2.5397534418709743E-003  0.17538293180982006        1.5370168422113815E-004  0.42131373062677513        1.4503154422490863E-003
 0.3000  0.78248427617195715        2.3613710656282729E-003  0.18057174436928172        1.1859754170263952E-004  0.42065388345668508        1.2769379981670368E-003
 0.3200  0.82175265788037444        2.1884833869050858E-003  0.18538649203325244        9.2793717797375863E-005  0.41916779962780160        1.1212418233998000E-003
 0.3400  0.86152772320664206        2.0239423697666773E-003  0.18987480621333888        7.3784508800503571E-005  0.41707952565271816        9.8316873742585256E-004
 0.3600  0.90171728715762800        1.8699901810753543E-003  0.19407452973434805        5.9707450612959120E-005  0.41455305854093361        8.6206602152489350E-004
 0.3800  0.94229449305880919        1.7983529939639201E-003  0.19801600132554237        4.9196716830095717E-005  0.41168996983462475        7.8736596055667841E-004
 0.4000  0.98312329433955714        1.6627120390509387E-003  0.20172387548094695        4.1261388667591848E-005  0.40861627329344818        6.9233664274510789E-004


# triplet j3 / nf 5 / mode 2 / nplat  4 / jkb  20 / start     1 / nmeas 10000
 0.0010  0.45122777269926651        3.3684576561562055E-002   9.8091848974130751E-004   1.0756395143621708E-005   3.1040995151354949E-003   2.3234809753699427E-004
 0.0020  0.45124281729187410        3.3675032815377801E-002   1.9617836752760021E-003   2.1517121004905187E-005   6.2079077088755003E-003   4.6452860581329809E-004
 0.0030  0.45126785395270919        3.3657057186766537E-002   2.9425537167718364E-003   3.2292234458580211E-005   9.3111522362413334E-003   6.9633356013406754E-004
 0.0040  0.45130283879853716        3.3628968866309041E-002   3.9231991874713514E-003   4.3098056713672705E-005   1.2413581715500119E-002   9.2751145039086339E-004
 0.0050  0.45134771562248083        3.3589113248240238E-002   4.9037029037333384E-003   5.3957238891684306E-005   1.5514965932815141E-002   1.1577683330786217E-003
 0.0060  0.45140241394724373        3.3535876605718065E-002   5.8840596826398852E-003   6.4898905882509293E-005   1.8615096006004070E-002   1.3867695946688523E-003
 0.0070  0.45146684482255039        3.3467703243138552E-002   6.8642760285827472E-003   7.5958901701907430E-005   2.1713784617281146E-002   1.6141425022451091E-003
 0.0080  0.45154089844806788        3.3383116813615096E-002   7.8443697505359688E-003   8.7180149499401874E-005   2.4810866200800318E-002   1.8394797346510305E-003
 0.0090  0.45162444215790859        3.3280738292386654E-002   8.8243695119726642E-003   9.8613125905691322E-005   2.7906197090006885E-002   2.0623436287175684E-003
 0.0100  0.45171731666833709        3.3159308219334313E-002   9.8043143156028682E-003   1.1031643399704289E-004   3.0999655754163045E-002   2.2822715165177429E-003
 0.0200  0.50146283922210610        4.4736407748774881E-002   1.9615384056078405E-002   2.6198839715862982E-004   5.5858548760143144E-002   4.9971847631168024E-003
 0.0400  0.48834511033040823        4.5663101181290223E-002   3.9569077525412943E-002   1.1405717988333456E-003  0.11521157474542251        1.0900167427635917E-002
 0.0600  0.47322306304749623        4.5962740024162722E-002   5.9916807186333153E-002   2.6321714043626532E-003  0.17918392774046632        1.7843090520085817E-002
 0.0800  0.46807262582605980        4.1107563794447959E-002   7.9032400565294258E-002   3.0583353269887726E-003  0.24024222144193363        2.1604784635978841E-002
 0.1000  0.47453918679275026        3.2066306939190277E-002   9.5490087722953074E-002   2.3872000970822892E-003  0.29122057987834366        2.0012661590795941E-002
 0.1200  0.49000236335912534        2.2567369617827768E-002  0.10940185738997842        1.6317895894012837E-003  0.33068903426823115        1.5428477195980990E-002
 0.1400  0.51177099662205872        1.4964763899498384E-002  0.12137507521832247        1.1373012957595775E-003  0.36022023236423512        1.0667590863045711E-002
 0.1600  0.53796632719479576        9.7572195454538081E-003  0.13186377881464481        8.3277201713121481E-004  0.38184108456537619        7.0297162048802162E-003
 0.1800  0.56743655490989731        6.2487523468670245E-003  0.14115460547066219        6.2387323520955967E-004  0.39726606308268625        4.4620114474668137E-003
 0.2000  0.59951381637611634        4.5088109059819650E-003  0.14944595094355387        4.6931705718090131E-004  0.40782409000839487        3.1332892298111068E-003
 0.2200  0.63355900744107874        3.4420957235845209E-003  0.15689335886543454        3.5306879252384261E-004  0.41470717456368456        2.3008967032848173E-003
 0.2400  0.66894405795433465        3.0118275244832445E-003  0.16362764787812298        2.6605522788831538E-004  0.41894707447785590        1.9167552308098125E-003
 0.2600  0.70586034127696762        2.8089452435311468E-003  0.16975997732322753        2.0142096136925125E-004  0.42092095233369653        1.6935505104886501E-003
 0.2800  0.74314914417246414        2.0941678789497854E-003  0.17538293180982006        1.5370168422113815E-004  0.42170785873819827        1.2026390354206275E-003
 0.3000  0.78189023253104495        1.9266263225300210E-003  0.18057174436928172        1.1859754170263952E-004  0.42097347660940110        1.0464765989030786E-003
 0.3200  0.82123694666457292        1.7503065314106233E-003  0.18538649203325244        9.2793717797375863E-005  0.41943102394625059        9.0007759446695255E-004
 0.3400  0.86109215812255879        1.5995070036730530E-003  0.18987480621333888        7.3784508800503571E-005  0.41729049642622562        7.7935969385474133E-004
 0.3600  0.90171145907809902        1.8612234165582267E-003  0.19407452973434805        5.9707450612959120E-005  0.41455573794371797        8.5805776806303707E-004
 0.3800  0.94225139968110072        1.7240345436913187E-003  0.19801600132554237        4.9196716830095717E-005  0.41170879826127910        7.5503652177796334E-004
 0.4000  0.98308597287742594        1.5988912020241640E-003  0.20172387548094695        4.1261388667591848E-005  0.40863178582967657        6.6591149032081568E-004


