# triplet j1 / nf 1 / mode 2 / nplat  4 / jkb  20 / start     1 / nmeas 10000
 0.0010   8.8220782780787516E-002   1.1198353699806712E-002   8.2964255977028112E-002   6.8926564785293850E-003  0.14601235386632838        1.9501369108601861E-002
 0.0020  0.12234611167858229        1.2751247956122093E-002   8.3269958995333015E-002   6.5817441533711054E-003  0.14917086208802902        1.6627200634855489E-002
 0.0030  0.14477723462352990        1.2540200429362922E-002   8.3587155604016555E-002   6.2889668467784651E-003  0.15468390298290055        1.4607392358368337E-002
 0.0040  0.16096973206517293        1.1756963525553003E-002   8.3915154546101919E-002   6.0130161977830594E-003  0.16096111496152679        1.3094602300320243E-002
 0.0050  0.17332321593221167        1.0814451437769209E-002   8.4253301026199837E-002   5.7526928772231173E-003  0.16746988579273858        1.1911088315889298E-002
 0.0060  0.18314042747225590        9.8737054349812992E-003   8.4600974666418735E-002   5.5068966521350897E-003  0.17397789932671956        1.0956334203970311E-002
 0.0070  0.19120499415613432        8.9984842818210450E-003   8.4957587597231585E-002   5.2746174219876207E-003  0.18037065078112458        1.0168931082156052E-002
 0.0080  0.19801714259713282        8.2108663405157517E-003   8.5322582672193059E-002   5.0549271229466328E-003  0.18659035820741529        9.5085526110313106E-003
 0.0090  0.20390891887260160        7.5143970678269107E-003   8.5695431796514829E-002   4.8469724089162435E-003  0.19261001552446130        8.9471891325974447E-003
 0.0100  0.20910737221370962        6.9045596462536602E-003   8.6075634360444131E-002   4.6499680289219221E-003  0.19842014809499767        8.4645650526729028E-003
 0.0200  0.24303494476873413        3.0997947230743737E-003   9.0188920647846810E-002   3.1476308835341141E-003  0.24713705510063025        5.3417496245216850E-003
 0.0400  0.28511402177709599        2.0541894776197325E-003   9.9226231399130588E-002   1.5907595694694273E-003  0.31249254848054792        3.3680049107000067E-003
 0.0600  0.32453341542350617        1.6716131923863323E-003  0.10833141799298639        8.7704875244949080E-004  0.35132448360642327        2.3015685023113370E-003
 0.0800  0.36345622444045250        1.4048371391133991E-003  0.11703976898329149        5.1664704986269087E-004  0.37650834673166206        1.6758378708138589E-003
 0.1000  0.40447961605455746        2.4262455071001107E-003  0.12523211433625306        3.2300592357236124E-004  0.39126969725120797        2.4006361656955045E-003
 0.1200  0.44340590773638039        2.2687233980599169E-003  0.13290530410950818        2.1415944657340698E-004  0.40278686761464777        2.0862864812924947E-003
 0.1400  0.48248348456494072        2.2208515013122125E-003  0.14009183363636379        1.5074297082135686E-004  0.41049037036475805        1.9023333659907746E-003
 0.1600  0.52168932807234381        2.0692930979063018E-003  0.14683224575613804        1.1248716838726291E-004  0.41550261089630908        1.6557680058905113E-003
 0.1800  0.56103043114360751        1.9254820157733018E-003  0.15316591538673655        8.8425597177070836E-005  0.41854860336504462        1.4415497628930570E-003
 0.2000  0.60051293106761106        1.8690952061767138E-003  0.15912829439905307        7.2487784970882348E-005  0.42012771876673644        1.3111431479295469E-003
 0.2200  0.64009736879576473        1.7424132062461846E-003  0.16475045456068607        6.1305836397058339E-005  0.42062357187555105        1.1476535801648756E-003
 0.2400  0.67978541174520823        1.6245431496090671E-003  0.17005942129922910        5.3014908387933150E-005  0.42029006760169790        1.0065384311084729E-003
 0.2600  0.71957227966981574        1.5154222825508041E-003  0.17507873105806626        4.6573758357083967E-005  0.41931842166873701        8.8484583474851292E-004
 0.2800  0.75945655315277449        1.4148807848455565E-003  0.17982899792165888        4.1386324118222963E-005  0.41785051497410142        7.7994631082290550E-004
 0.3000  0.79839582243482710        7.0336031446192253E-004  0.18432841492666707        3.7097145496737895E-005  0.41653693169406231        3.6934137175924754E-004
 0.3200  0.83856612945769904        6.7196072169514102E-004  0.18859317198295378        3.3482950339072677E-005  0.41430068627547351        3.3401877460489336E-004
 0.3400  0.87884178969402915        6.4328824027929949E-004  0.19263779437803769        3.0395357638248598E-005  0.41182670496856405        3.0319176867936258E-004
 0.3600  0.91921921434691822        6.5160636448149760E-004  0.19647541323340070        2.7730289164324830E-005  0.40916762179671262        2.9148012618949841E-004
 0.3800  0.95971785742959226        6.2535587612799943E-004  0.20011798053261390        2.5411224631183284E-005  0.40635562526883440        2.6603686280984097E-004
 0.4000   1.0003462342647469        6.0112541332257689E-004  0.20357644020728799        2.3379730780518019E-005  0.40342091478595915        2.4352693557843239E-004


# triplet j3 / nf 1 / mode 2 / nplat  4 / jkb  20 / start     1 / nmeas 10000
 0.0010  0.27667916506145290        5.8475752722564577E-003   8.2964255977028112E-002   6.8926564785293850E-003   4.6556899761106982E-002   2.1698946446511618E-003
 0.0020  0.19860178048418911        7.3413579191729693E-003   8.3269958995333015E-002   6.5817441533711054E-003   9.1894820417611184E-002   4.9727740426419491E-003
 0.0030  0.19964824822708113        7.2517155208015344E-003   8.3587155604016555E-002   6.2889668467784651E-003  0.11217081999721257        5.8657152417519089E-003
 0.0040  0.20167589071362732        7.1845984747673872E-003   8.3915154546101919E-002   6.0130161977830594E-003  0.12847280583012061        6.4910503437742842E-003
 0.0050  0.20404977928948551        7.0952015721144302E-003   8.4253301026199837E-002   5.7526928772231173E-003  0.14225165681859359        6.9318694149736191E-003
 0.0060  0.20655300891316111        6.9820234100392157E-003   8.4600974666418735E-002   5.5068966521350897E-003  0.15425767468154428        7.2384094829119868E-003
 0.0070  0.20910291905638706        6.8513590581668442E-003   8.4957587597231585E-002   5.2746174219876207E-003  0.16493203148083760        7.4443079093148030E-003
 0.0080  0.21166326575000835        6.7104111500524352E-003   8.5322582672193059E-002   5.0549271229466328E-003  0.17456070819603892        7.5739730054166197E-003
 0.0090  0.21787122735072584        4.9359502201831050E-003   8.5695431796514829E-002   4.8469724089162435E-003  0.18026657538585289        6.5321114180821541E-003
 0.0100  0.22012485931386352        4.8027770621241949E-003   8.6075634360444131E-002   4.6499680289219221E-003  0.18848900524788179        6.5447621144501316E-003
 0.0200  0.24390466207747707        3.5088626420493830E-003   9.0188920647846810E-002   3.1476308835341141E-003  0.24625581169748242        5.5692627726596560E-003
 0.0400  0.28539514177578906        3.1814587406846194E-003   9.9226231399130588E-002   1.5907595694694273E-003  0.31218473698707316        4.2863934778055732E-003
 0.0600  0.32564875636937912        2.4854754112174503E-003  0.10833141799298639        8.7704875244949080E-004  0.35012120377135625        3.0248416430855023E-003
 0.0800  0.36511215472749209        2.3144451038867252E-003  0.11703976898329149        5.1664704986269087E-004  0.37480073013603954        2.5157582250922672E-003
 0.1000  0.40427465888226810        2.2737275044320002E-003  0.12523211433625306        3.2300592357236124E-004  0.39146806123220257        2.2588397298168544E-003
 0.1200  0.44332839046579697        2.0565478466008208E-003  0.13290530410950818        2.1415944657340698E-004  0.40285729608094006        1.8967841081541457E-003
 0.1400  0.48241908899020491        1.8851928511747580E-003  0.14009183363636379        1.5074297082135686E-004  0.41054516455496826        1.6194582766160767E-003
 0.1600  0.52166073978087368        1.9011161154269022E-003  0.14683224575613804        1.1248716838726291E-004  0.41552538146123963        1.5226630771077122E-003
 0.1800  0.56099148995996273        1.7592140628257481E-003  0.15316591538673655        8.8425597177070836E-005  0.41857765688603310        1.3181676096152247E-003
 0.2000  0.60043699522713290        1.6331172475191494E-003  0.15912829439905307        7.2487784970882348E-005  0.42018085132133637        1.1468420736454391E-003
 0.2200  0.63854577590527950        8.3435778887919318E-004  0.16475045456068607        6.1305836397058339E-005  0.42164563884133333        5.5650185027148380E-004
 0.2400  0.67835534256707897        7.9466028088671285E-004  0.17005942129922910        5.3014908387933150E-005  0.42117609861499622        4.9773575887806631E-004
 0.2600  0.71825455693303553        7.5881265665722804E-004  0.17507873105806626        4.6573758357083967E-005  0.42008771079172297        4.4731252217731647E-004
 0.2800  0.75824357842902712        7.2605762647827432E-004  0.17982899792165888        4.1386324118222963E-005  0.41851895731556976        4.0363699994472649E-004
 0.3000  0.79832474900337858        6.9591888560564591E-004  0.18432841492666707        3.7097145496737895E-005  0.41657401523568804        3.6554904829078669E-004
 0.3200  0.83850237175980125        6.6807489679485165E-004  0.18859317198295378        3.3482950339072677E-005  0.41433218870037303        3.3216088815592469E-004
 0.3400  0.87878244497994740        6.4229040498914173E-004  0.19263779437803769        3.0395357638248598E-005  0.41185451587693755        3.0276753059545474E-004
 0.3600  0.91917239115715776        6.1837961002888533E-004  0.19647541323340070        2.7730289164324830E-005  0.40918846503937695        2.7679473257289570E-004
 0.3800  0.95967497732961704        6.3035449181292509E-004  0.20011798053261390        2.5411224631183284E-005  0.40637378200965668        2.6816728894204177E-004
 0.4000   1.0003073049230369        6.0796783368146257E-004  0.20357644020728799        2.3379730780518019E-005  0.40343661487189014        2.4629306681523045E-004


