# triplet j1 / nf 2 / mode 2 / nplat  4 / jkb  20 / start     1 / nmeas 10000
 0.0010   3.3060176108292968E-002   1.0675260335584715E-002   1.7639897584644873E-003   1.8734587063934025E-004   5.6814326771131719E-002   1.8591992976356567E-002
 0.0020   6.5179341703249419E-002   2.0089051899809689E-002   3.5268656716403567E-003   3.7397648773296283E-004   5.7625470621930880E-002   1.8021718953032399E-002
 0.0030   9.5484042686478726E-002   2.7439530245472896E-002   5.2875188915948515E-003   5.5918315737940377E-004   5.8988967269127099E-002   1.7236416112956711E-002
 0.0040  0.12336923955204511        3.2407022084378331E-002   7.0448505121785783E-003   7.4227019430212122E-004   6.0851879524334018E-002   1.6303059123513455E-002
 0.0050  0.14848834833902172        3.5141099835583292E-002   8.7977764085808118E-003   9.2256115249988069E-004   6.3167557397470903E-002   1.5311655733747941E-002
 0.0060  0.17073617605827734        3.6057746225040078E-002   1.0545231922021819E-002   1.0994047357667839E-003   6.5885999776479964E-002   1.4332057714963813E-002
 0.0070  0.30481885838910772        7.7503187241375849E-003   1.2286176342441319E-002   1.2721802947888202E-003   4.3025958879517573E-002   2.4817090783175615E-003
 0.0080  0.30611614263558329        7.6829626369841492E-003   1.4019597145722746E-002   1.4403028283590873E-003   4.8926204511664580E-002   2.7971662135207243E-003
 0.0090  0.30711362166221595        7.6556037313846442E-003   1.5744513946386492E-002   1.6032274189582336E-003   5.4815300848473657E-002   3.1074060384666180E-003
 0.0100  0.30793066892781390        7.6396454378722086E-003   1.7459982131689162E-002   1.7604530471042712E-003   6.0685362409637199E-002   3.4097847382454334E-003
 0.0200  0.31538137293839058        5.7407253865641586E-003   3.3918182140890263E-002   2.9446861970038431E-003  0.11679123213740271        5.4974353413103369E-003
 0.0400  0.33354496820306317        6.4075077617763753E-003   6.1727769647161534E-002   3.2291643884816033E-003  0.21068367865988757        6.8373231030086738E-003
 0.0600  0.35849073406369525        4.3441269387678597E-003   8.2881002073286206E-002   2.2988411428398843E-003  0.27818914822188945        5.1233047707241325E-003
 0.0800  0.38642672890892238        4.0110205622652054E-003   9.9290927978276031E-002   1.4452286361222298E-003  0.32617270663166759        4.1348773388504862E-003
 0.1000  0.41704798481204663        3.1937813010000245E-003  0.11256374546417526        8.9503870260497335E-004  0.35977272741280764        3.1043227658217529E-003
 0.1200  0.45028554985155711        2.7777161149175572E-003  0.12368584792587842        5.6746033004062590E-004  0.38262876499474219        2.5182726081769695E-003
 0.1400  0.48534269713597994        2.4954163305955703E-003  0.13326128104903465        3.7218882385726623E-004  0.39799948337727176        2.1204708547191385E-003
 0.1600  0.52172969755676279        2.3940895290652962E-003  0.14168191953315568        2.5244938498085039E-004  0.40811884337077475        1.9077264051052675E-003
 0.1800  0.55908808649839736        2.2263398947510249E-003  0.14921394694471102        1.7665515199886850E-004  0.41454885645970979        1.6689111015484822E-003
 0.2000  0.59717463287443129        2.0856918984229508E-003  0.15604318968268346        1.2744835355240814E-004  0.41836086667159172        1.4711213866877785E-003
 0.2200  0.63581025290687598        1.9594943869104316E-003  0.16230176361810447        9.4929743160890925E-005  0.42030100725929004        1.3011384290282418E-003
 0.2400  0.67486835802775769        1.8419331964618850E-003  0.16808516526917602        7.3146879116478650E-005  0.42088771073628239        1.1523829097976697E-003
 0.2600  0.71425928122736626        1.7307947977393064E-003  0.17346368726951808        5.8350605117547970E-005  0.42048457258580302        1.0213706647350951E-003
 0.2800  0.75391966255910536        1.6255374840120458E-003  0.17849014433634255        4.8110431208523822E-005  0.41934943654570361        9.0593018217204632E-004
 0.3000  0.79380517327704059        1.5262581334503224E-003  0.18320512092884214        4.0836993666508776E-005  0.41766732874801604        8.0440168390211446E-004
 0.3200  0.83289537535967317        7.8973421446084486E-004  0.18764054424054144        3.5498416550867331E-005  0.41606662331678834        3.9646405023548978E-004
 0.3400  0.87323808307497641        7.4956615608023078E-004  0.19182212718026131        3.1434267080056351E-005  0.41359105755371189        3.5663013768399244E-004
 0.3600  0.91373958762802032        7.1299905939100890E-004  0.19577104964924066        2.8226936351755914E-005  0.41088287590087785        3.2198095843389505E-004
 0.3800  0.95439320063075250        6.7962517938147105E-004  0.19950512562025663        2.5613350141507341E-005  0.40799654786955086        2.9171316868512953E-004
 0.4000  0.99519702971425128        6.4911691635439962E-004  0.20303962169382547        2.3426524548331714E-005  0.40497323391534973        2.6517481964428470E-004


# triplet j3 / nf 2 / mode 2 / nplat  4 / jkb  20 / start     1 / nmeas 10000
 0.0010  0.30794555811393387        1.3237223915803446E-002   1.7639897584644873E-003   1.8734587063934025E-004   6.0994276391958448E-003   4.1671535216464148E-004
 0.0020  0.30799111666447476        1.3226684984081770E-002   3.5268656716403567E-003   3.7397648773296283E-004   1.2195125239826854E-002   8.3206237633907281E-004
 0.0030  0.30806700752921734        1.3209148617544230E-002   5.2875188915948515E-003   5.5918315737940377E-004   1.8283376444400451E-002   1.2446840767977810E-003
 0.0040  0.30817317084289586        1.3184657384672522E-002   7.0448505121785783E-003   7.4227019430212122E-004   2.4360492127515170E-002   1.6532459396029747E-003
 0.0050  0.30830952311738918        1.3153270551041820E-002   8.7977764085808118E-003   9.2256115249988069E-004   3.0422823699122321E-002   2.0564467279468161E-003
 0.0060  0.30847595754483220        1.3115063806268609E-002   1.0545231922021819E-002   1.0994047357667839E-003   3.6466776040326644E-002   2.4530287600081271E-003
 0.0070  0.30867234441909908        1.3070128823370223E-002   1.2286176342441319E-002   1.2721802947888202E-003   4.2488819953834973E-002   2.8417875091773714E-003
 0.0080  0.30889853167222081        1.3018572772028458E-002   1.4019597145722746E-002   1.4403028283590873E-003   4.8485504019174078E-002   3.2215803953092466E-003
 0.0090  0.30915434540079550        1.2960517766495941E-002   1.5744513946386492E-002   1.6032274189582336E-003   5.4453465773718880E-002   3.5913346535590973E-003
 0.0100  0.30943959050272835        1.2896100218952680E-002   1.7459982131689162E-002   1.7604530471042712E-003   6.0389442122021006E-002   3.9500541832374935E-003
 0.0200  0.31385434161512893        1.1940668526325712E-002   3.3918182140890263E-002   2.9446861970038431E-003  0.11735946983912880        6.7741466606082617E-003
 0.0400  0.33010412517457294        9.0292693538239453E-003   6.1727769647161534E-002   3.2291643884816033E-003  0.21287974169469570        8.0566967834949967E-003
 0.0600  0.35363725218496556        6.1412906498303473E-003   8.2881002073286206E-002   2.2988411428398843E-003  0.28200714528360171        6.2673569366957400E-003
 0.0800  0.38194729910423575        4.0507961846040028E-003   9.9290927978276031E-002   1.4452286361222298E-003  0.32999801904253628        4.2446167031635722E-003
 0.1000  0.41348034017370444        2.7557252344843778E-003  0.11256374546417526        8.9503870260497335E-004  0.36287696506879108        2.8160861959208271E-003
 0.1200  0.44715449377682798        1.8873626892885111E-003  0.12368584792587842        5.6746033004062590E-004  0.38530800032766682        1.8509886065338815E-003
 0.1400  0.48271884066884463        1.5505968734340738E-003  0.13326128104903465        3.7218882385726623E-004  0.40016284107205119        1.4016234422202099E-003
 0.1600  0.51942663495496699        1.3060547392771411E-003  0.14168191953315568        2.5244938498085039E-004  0.40992838331732928        1.0935176725760294E-003
 0.1800  0.55702723890855987        1.1667272029659511E-003  0.14921394694471102        1.7665515199886850E-004  0.41608257321901737        9.0564567080333980E-004
 0.2000  0.59530653740651396        1.0582877970077900E-003  0.15604318968268346        1.2744835355240814E-004  0.41967369962381829        7.6549397563665698E-004
 0.2200  0.63410968145600199        9.7840997935160347E-004  0.16230176361810447        9.4929743160890925E-005  0.42142818117670688        6.6182629658122932E-004
 0.2400  0.67331880648509546        9.1526731123495859E-004  0.16808516526917602        7.3146879116478650E-005  0.42185632648736110        5.8074503410373017E-004
 0.2600  0.71284865401505837        8.6251588893987571E-004  0.17346368726951808        5.8350605117547970E-005  0.42131665240682020        5.1467645649219641E-004
 0.2800  0.75263802238005939        8.1669509955622122E-004  0.17849014433634255        4.8110431208523822E-005  0.42006353159665211        4.5931732969990572E-004
 0.3000  0.79263756502432259        8.1673760373612392E-004  0.18320512092884214        4.0836993666508776E-005  0.41828258071367563        4.3351425727292044E-004
 0.3200  0.83282378275851621        7.7830135157254865E-004  0.18764054424054144        3.5498416550867331E-005  0.41610238993685195        3.9084831837097727E-004
 0.3400  0.87317736892973785        7.4302556080649046E-004  0.19182212718026131        3.1434267080056351E-005  0.41361981554542260        3.5359540235155258E-004
 0.3600  0.91368638346124742        7.1048893348912335E-004  0.19577104964924066        2.8226936351755914E-005  0.41090680170457727        3.2089423816496481E-004
 0.3800  0.95434489746249540        6.8039822352116265E-004  0.19950512562025663        2.5613350141507341E-005  0.40801719818785032        2.9207175137185842E-004
 0.4000  0.99515158411436244        6.5253047335870154E-004  0.20303962169382547        2.3426524548331714E-005  0.40499172783310861        2.6658276993657919E-004


