# triplet j1 / nf 6 / mode 2 / nplat  4 / jkb  20 / start     1 / nmeas 10000
 0.0010   1.0381579545648247E-002   2.2603419649881171E-003   9.7950056671299132E-004   8.1696789061607027E-006  0.13481987113051966        2.9359203641697477E-002
 0.0020  0.38050945583887058        5.9920984987376677E-002   1.9589399622278922E-003   1.6339723696516526E-005   7.3565654803184324E-003   1.1588863479074676E-003
 0.0030  0.42089320277763281        3.6473733620558890E-002   2.9382576899102007E-003   2.4510780585989480E-005   9.9758211362132761E-003   8.6548477611322135E-004
 0.0040  0.43677661406901880        2.6434648031324368E-002   3.9173945957120477E-003   3.2684058232550273E-005   1.2816937783037200E-002   7.7754881547986905E-004
 0.0050  0.44808860178651311        2.9689247297874456E-002   4.8962935231688723E-003   4.0861614335667719E-005   1.5616000915458816E-002   1.0367275613040318E-003
 0.0060  0.45442277221545485        2.6040614720630535E-002   5.8748999490099013E-003   4.9046651200701663E-005   1.8476970850815747E-002   1.0616248555353183E-003
 0.0070  0.46102335170770947        3.1635022085737242E-002   6.8531625931963318E-003   5.7243827213367311E-005   2.1246461560273381E-002   1.4606116386747313E-003
 0.0080  0.46544596993709203        2.9787182660546641E-002   7.8310339974339230E-003   6.5459594221223779E-005   2.4049179933592860E-002   1.5423559345257149E-003
 0.0090  0.47149588954846466        3.6404619983739124E-002   8.8084710664863546E-003   7.3702573966683379E-005   2.6705985425958662E-002   2.0650177819050092E-003
 0.0100  0.47524969917631521        3.4771271098739190E-002   9.7854355669434751E-003   8.1983989836830547E-005   2.9436300516744583E-002   2.1572110700405472E-003
 0.0200  0.49382270568037162        3.6469831742214916E-002   1.9524888202371474E-002   1.7258727192948802E-004   5.6591762376889489E-002   4.1868965420763706E-003
 0.0400  0.49906687009144529        4.1039069428473351E-002   3.8925665052303285E-002   7.0605023633453739E-004  0.11181608270931290        9.2505678185118550E-003
 0.0600  0.48910770900485651        4.3910251341087322E-002   5.8451999199202874E-002   2.2577789183093502E-003  0.17123234326339068        1.5724285102624060E-002
 0.0800  0.47018635141539833        1.6987899672946519E-002   7.7235894152428791E-002   3.2618164787357640E-003  0.23642835602242454        9.8940957561105512E-003
 0.1000  0.48604898930049184        3.7929187165334471E-002   9.3716108133447523E-002   2.7633870019379376E-003  0.28167096122591440        2.2369254821137174E-002
 0.1200  0.50839997415514138        2.3396775764242643E-002  0.10766024511064501        1.8830608262703611E-003  0.31617518633077146        1.4810909318851219E-002
 0.1400  0.52789273504654255        1.7929147861122863E-002  0.11966642059644916        1.2704746527563663E-003  0.34675240415972852        1.1919946404158279E-002
 0.1600  0.55026759659056179        1.3347122741073653E-002  0.13023213789483526        9.3036306136881468E-004  0.37098823287692140        9.0956258833308941E-003
 0.1800  0.57172602270212136        9.2835915026259971E-003  0.13964670260602222        7.2303970912586087E-004  0.39217385122605780        6.4484781276717531E-003
 0.2000  0.60223776794636330        4.9215305310540657E-003  0.14809167918854935        5.6846395748328294E-004  0.40413581201288029        3.3924900707667902E-003
 0.2200  0.63507010313604584        4.8094629808712536E-003  0.15570271211234690        4.4363934495781065E-004  0.41214758439641586        3.1759910736470654E-003
 0.2400  0.66955881014005292        3.8955596343708855E-003  0.16259455957893276        3.4359937739914193E-004  0.41723899895264960        2.4672451036427856E-003
 0.2600  0.70549078324589465        3.4811657055857626E-003  0.16886870973901136        2.6539699775541371E-004  0.42003445830090941        2.0987305125844831E-003
 0.2800  0.74260048205238960        3.2822670489058956E-003  0.17461399251919416        2.0549604101494060E-004  0.42109327723732703        1.8776382015858364E-003
 0.3000  0.78066333708596081        3.0643301588344058E-003  0.17990583001729338        1.6020620073923462E-004  0.42085690797703990        1.6625792742276568E-003
 0.3200  0.81949010269391054        2.8474314833955719E-003  0.18480644306442276        1.2618427024679629E-004  0.41966700775297572        1.4652125656542888E-003
 0.3400  0.85893646654321931        2.6348762630458559E-003  0.18936621318271774        1.0065097065194231E-004  0.41777713020666879        1.2863748265173750E-003
 0.3600  0.89892460223951209        2.5191412447218464E-003  0.19362563658079926        8.1418459261149644E-005  0.41535975146908743        1.1672730915970096E-003
 0.3800  0.93930159044302719        2.3200197548685275E-003  0.19761733200193540        6.6825576829615538E-005  0.41258577865685508        1.0214475107426422E-003
 0.4000  0.98003172524345139        2.1349183410862959E-003  0.20136780651064179        5.5640947246293355E-005  0.40954334999262276        8.9394886192048593E-004


# triplet j3 / nf 6 / mode 2 / nplat  4 / jkb  20 / start     1 / nmeas 10000
 0.0010  0.52218612911821993        4.3711700658696201E-002   9.7950056671299132E-004   8.1696789061607027E-006   2.6803531124792944E-003   2.2464805805623629E-004
 0.0020  0.52219352465390800        4.3713161951312439E-002   1.9589399622278922E-003   1.6339723696516526E-005   5.3605466088730777E-003   4.4929143292071777E-004
 0.0030  0.52220560605089528        4.3715668203399879E-002   2.9382576899102007E-003   2.4510780585989480E-005   8.0404255712804244E-003   6.7392725433211760E-004
 0.0040  0.52222200790453588        4.3719324690493014E-002   3.9173945957120477E-003   3.2684058232550273E-005   1.0719844439477596E-002   8.9855625398408952E-004
 0.0050  0.52224222129122633        4.3724277143400457E-002   4.8962935231688723E-003   4.0861614335667719E-005   1.3398671594196524E-002   1.1231845093427008E-003
 0.0060  0.52226559645680126        4.3730710145286164E-002   5.8748999490099013E-003   4.9046651200701663E-005   1.6076793825086543E-002   1.3478251208388051E-003
 0.0070  0.52229134628395169        4.3738845152594449E-002   6.8531625931963318E-003   5.7243827213367311E-005   1.8754120645761149E-002   1.5724998040619342E-003
 0.0080  0.52231855055557497        4.3748938290553492E-002   7.8310339974339230E-003   6.5459594221223779E-005   2.1430588418650802E-002   1.7972403854074376E-003
 0.0090  0.52234616106679133        4.3761277834132570E-002   8.8084710664863546E-003   7.3702573966683379E-005   2.4106164251239955E-002   2.0220901852126905E-003
 0.0100  0.52237300753682370        4.3776181597627070E-002   9.7854355669434751E-003   8.1983989836830547E-005   2.6780849629678281E-002   2.2471052862032704E-003
 0.0200  0.52227106216972141        4.4152357066286223E-002   1.9524888202371474E-002   1.7258727192948802E-004   5.3509181803173635E-002   4.5297989653313867E-003
 0.0400  0.51462653401135683        4.4063498079592492E-002   3.8925665052303285E-002   7.0605023633453739E-004  0.10843533851364041        9.3364184971294756E-003
 0.0600  0.50042401636680600        5.1060423218427006E-002   5.8451999199202874E-002   2.2577789183093502E-003  0.16736019132163607        1.7379691476984857E-002
 0.0800  0.48991198405728020        5.3173376705637029E-002   7.7235894152428791E-002   3.2618164787357640E-003  0.22690889324382646        2.5089674931623656E-002
 0.1000  0.47679930444344915        3.0200771314909808E-002   9.3716108133447523E-002   2.7633870019379376E-003  0.28713524693363190        1.8673515483549209E-002
 0.1200  0.50194387058488954        3.6667498237586214E-002  0.10766024511064501        1.8830608262703611E-003  0.32024189551663435        2.3561033025183874E-002
 0.1400  0.52071525223647008        2.5864793694544263E-002  0.11966642059644916        1.2704746527563663E-003  0.35153200185639349        1.7560610231213771E-002
 0.1600  0.54465667725781464        1.7350382664469501E-002  0.13023213789483526        9.3036306136881468E-004  0.37481006254501797        1.2014636101183852E-002
 0.1800  0.57225800742553978        1.1530482231002536E-002  0.13964670260602222        7.2303970912586087E-004  0.39180927703911889        7.9594981429015488E-003
 0.2000  0.60261219287805279        7.8845324845154621E-003  0.14809167918854935        5.6846395748328294E-004  0.40388470769472251        5.3409501343610515E-003
 0.2200  0.63524824940510716        5.5706644860941011E-003  0.15570271211234690        4.4363934495781065E-004  0.41203200351204250        3.6605910429006500E-003
 0.2400  0.66966459780406817        4.2585150031354867E-003  0.16259455957893276        3.4359937739914193E-004  0.41717308724225011        2.6892477290440062E-003
 0.2600  0.70558254929140307        3.6693493211181123E-003  0.16886870973901136        2.6539699775541371E-004  0.41997982982227955        2.2088788392372900E-003
 0.2800  0.74265122288486896        3.2765440457082086E-003  0.17461399251919416        2.0549604101494060E-004  0.42106450649975857        1.8741675016220765E-003
 0.3000  0.77994260205969645        2.6232041417199336E-003  0.17990583001729338        1.6020620073923462E-004  0.42124581648623444        1.4291495873878562E-003
 0.3200  0.81950714401621483        2.7718773894409069E-003  0.18480644306442276        1.2618427024679629E-004  0.41965828094590418        1.4266521494037991E-003
 0.3400  0.85838465211725712        2.1993714122415060E-003  0.18936621318271774        1.0065097065194231E-004  0.41804569913636308        1.0768718342309459E-003
 0.3600  0.89841600744036409        2.0004211624859041E-003  0.19362563658079926        8.1418459261149644E-005  0.41559488731664923        9.2948346653314745E-004
 0.3800  0.93925577088242196        2.3177885584396009E-003  0.19761733200193540        6.6825576829615538E-005  0.41260590576139478        1.0205690865331095E-003
 0.4000  0.97999759557226973        2.0596768056530732E-003  0.20136780651064179        5.5640947246293355E-005  0.40955761286421860        8.6263163078220554E-004


