# triplet j1 / nf 3 / mode 2 / nplat  4 / jkb  20 / start     1 / nmeas 10000
 0.0010   1.4579087609761222E-002   5.3160837273196360E-003   1.0130537334470523E-003   2.2031001176042353E-005   9.7633957363464710E-002   3.5616838768360123E-002
 0.0020   2.7779787470263762E-002   9.9520192200015477E-003   2.0371466096413414E-003   4.8040741470795062E-005  0.10275719000933974        3.6832365865144275E-002
 0.0030   4.2321449840727922E-002   1.5014259141159596E-002   3.0722094335254302E-003   7.8171222663285658E-005  0.10144730099247549        3.6013301925318646E-002
 0.0040   5.7112171271768958E-002   2.0061520158892732E-002   4.1181542582875187E-003   1.1250729667346382E-004  0.10050036229933330        3.5328966189661706E-002
 0.0050   7.2095379561102804E-002   2.5000245759815579E-002   5.1748734824774911E-003   1.5108930838320298E-004   9.9779755546995585E-002   3.4630900756476700E-002
 0.0060  0.38864513658613170        2.5721810949988835E-002   6.2422390077180425E-003   1.9392110421060185E-004   2.2269352114955392E-002   1.5139065697936784E-003
 0.0070  0.39089778194767771        2.4064225645606049E-002   7.3201014676133568E-003   2.4097508199606525E-004   2.5897590668927689E-002   1.6502953976792226E-003
 0.0080  0.39205856989556881        2.3050548703607589E-002   8.4082895386087073E-003   2.9219537301718461E-004   2.9584407030200245E-002   1.8137430826981598E-003
 0.0090  0.39256614348191021        2.2370299942630685E-002   9.5066093435514139E-003   3.4749986016383532E-004   3.3322397051083551E-002   1.9941460240230167E-003
 0.0100  0.39266814430995622        2.1874001072208923E-002   1.0614843958543067E-002   4.0678148951761790E-004   3.7106170428184662E-002   2.1858998065772428E-003
 0.0200  0.38994334715448836        2.0408412382397309E-002   2.2177941006892261E-002   1.1785300481114546E-003   7.6381659957723350E-002   4.4832231300900227E-003
 0.0400  0.38776151175177498        1.4148919107617198E-002   4.6537382643025732E-002   2.7907027757838160E-003  0.15735526207840422        7.4314905377784882E-003
 0.0600  0.39565047743804882        8.9806421586583873E-003   6.9233536773777235E-002   3.0244983406407604E-003  0.23037597585974257        7.2571105938216687E-003
 0.0800  0.41387807206377297        6.7562915467895245E-003   8.8233169756131907E-002   2.2841870162167367E-003  0.28708038148243836        5.9808745505720486E-003
 0.1000  0.43626615927052853        5.6956270517644564E-003  0.10380258080704780        1.5233029477518764E-003  0.33026879888015748        4.9461240032568745E-003
 0.1200  0.46287709352081585        4.3102566455706466E-003  0.11678502322591658        1.0001370240866776E-003  0.36168750629868418        3.7070110649270538E-003
 0.1400  0.49289851670274026        3.4005834067069554E-003  0.12784517340835830        6.6804375938429536E-004  0.38385188065134707        2.8317910554338968E-003
 0.1600  0.52556331753670971        3.0787392927754177E-003  0.13743459174541778        4.5649918722299126E-004  0.39902303917102483        2.4295929593729049E-003
 0.1800  0.56021556573387876        2.6997141489191381E-003  0.14587194346083562        3.1866937687472413E-004  0.40905524278728245        2.0212656668384880E-003
 0.2000  0.59635004449727658        2.5870898398148885E-003  0.15339374105318068        2.2666040955470742E-004  0.41536754472189474        1.8278952837629352E-003
 0.2200  0.63361336327088691        2.3975304041136199E-003  0.16017903395913663        1.6404960465893801E-004  0.41899114543811661        1.5998734953143801E-003
 0.2400  0.67170918051977946        2.2446151678753431E-003  0.16636336140950142        1.2091133989019567E-004  0.42069580173819737        1.4141051454920727E-003
 0.2600  0.71043955749441856        2.1084396745321542E-003  0.17204892919856218        9.0972860323430872E-005  0.42101786415487091        1.2544432170011363E-003
 0.2800  0.74966197957129777        1.9809439245378558E-003  0.17731283999075087        7.0097305343255756E-005  0.42033796859914863        1.1138251142114150E-003
 0.3000  0.78927410744505033        1.8596225784469234E-003  0.18221365758586319        5.5471455172290617E-005  0.41892688484941215        9.8909865850570536E-004
 0.3200  0.82818774719353450        9.7611529759784898E-004  0.18679642891913570        4.5147386006545439E-005  0.41748941676228213        4.9463942041232665E-004
 0.3400  0.86846871054786146        9.1574909673463570E-004  0.19109639204712919        3.7767740540065697E-005  0.41507494970030723        4.3958987267250440E-004
 0.3600  0.90897917965029340        8.6137573869222029E-004  0.19514165080383541        3.2391207524538158E-005  0.41237022506082138        3.9227013602900431E-004
 0.3800  0.94969279410344054        8.1224948140627446E-004  0.19895507992761066        2.8373811425188726E-005  0.40945027734301292        3.5140801036746919E-004
 0.4000  0.99058147539394881        8.0910875826231709E-004  0.20255567591147136        2.5282524032355344E-005  0.40637501640421719        3.3289533086018001E-004


# triplet j3 / nf 3 / mode 2 / nplat  4 / jkb  20 / start     1 / nmeas 10000
 0.0010  0.40284209157813977        1.6204893750082765E-002   1.0130537334470523E-003   2.2031001176042353E-005   3.5334292216421541E-003   1.4723841923354160E-004
 0.0020  0.40216842844795542        1.9682155761967302E-002   2.0371466096413414E-003   4.8040741470795062E-005   7.0979537367398763E-003   3.5731437675994162E-004
 0.0030  0.40253154581395195        1.3183123817469260E-002   3.0722094335254302E-003   7.8171222663285658E-005   1.0665988554384422E-002   3.7474747873630774E-004
 0.0040  0.40211066379841132        1.2799265450447250E-002   4.1181542582875187E-003   1.1250729667346382E-004   1.4274164853762410E-002   4.9442117691494828E-004
 0.0050  0.40168909579934342        1.2460060634978896E-002   5.1748734824774911E-003   1.5108930838320298E-004   1.7908525334399825E-002   6.1395186261391102E-004
 0.0060  0.40126832753069924        1.2162290849058314E-002   6.2422390077180425E-003   1.9392110421060185E-004   2.1568797736071888E-002   7.3458983142239654E-004
 0.0070  0.40084977846866221        1.1902774181523969E-002   7.3201014676133568E-003   2.4097508199606525E-004   2.5254624784741230E-002   8.5741236304166075E-004
 0.0080  0.40637889528941556        2.8993419463075897E-002   8.4082895386087073E-003   2.9219537301718461E-004   2.8541886515066818E-002   2.0958620610342783E-003
 0.0090  0.40525704588205386        2.8754839072408431E-002   9.5066093435514139E-003   3.4749986016383532E-004   3.2278883328098917E-002   2.3650952798426809E-003
 0.0100  0.40417738289355665        2.8529405963252132E-002   1.0614843958543067E-002   4.0678148951761790E-004   3.6049545821126461E-002   2.6366923755618502E-003
 0.0200  0.39558577330184125        2.6655876999556113E-002   2.2177941006892261E-002   1.1785300481114546E-003   7.5292192377212477E-002   5.4536021536000494E-003
 0.0400  0.38927075401345157        2.2568847792556409E-002   4.6537382643025732E-002   2.7907027757838160E-003  0.15674517974065502        1.0230993241878142E-002
 0.0600  0.39538759163816001        1.6454484800310320E-002   6.9233536773777235E-002   3.0244983406407604E-003  0.23052914852871312        1.0834878455990302E-002
 0.0800  0.41116583843491827        1.1287976875490414E-002   8.8233169756131907E-002   2.2841870162167367E-003  0.28897409198087110        8.7709588933652730E-003
 0.1000  0.43374983562756358        5.5221600745235218E-003  0.10380258080704780        1.5233029477518764E-003  0.33218479542676915        4.8812248150083429E-003
 0.1200  0.46119268614797987        3.2499946868384715E-003  0.11678502322591658        1.0001370240866776E-003  0.36300849234328220        2.9933224953046077E-003
 0.1400  0.49173808191606411        2.5320768074440837E-003  0.12784517340835830        6.6804375938429536E-004  0.38475771872169390        2.2216516373447467E-003
 0.1600  0.52466883150675647        2.1393637270845775E-003  0.13743459174541778        4.5649918722299126E-004  0.39970331692478989        1.7598130851107924E-003
 0.1800  0.55948848452264499        1.9477301818668692E-003  0.14587194346083562        3.1866937687472413E-004  0.40958682903010041        1.4944216462136775E-003
 0.2000  0.59565369437595950        1.8007312801163072E-003  0.15339374105318068        2.2666040955470742E-004  0.41585313096586374        1.2941717332684670E-003
 0.2200  0.63290342614528916        1.6809661621601569E-003  0.16017903395913663        1.6404960465893801E-004  0.41946113399743745        1.1345901336547713E-003
 0.2400  0.67098811533453517        1.5759603560409350E-003  0.16636336140950142        1.2091133989019567E-004  0.42114789483683684        1.0009261620806580E-003
 0.2600  0.70902545918594118        1.1191076999236573E-003  0.17204892919856218        9.0972860323430872E-005  0.42185755283152820        6.7512541738653793E-004
 0.2800  0.74895719905778102        1.3916211256910134E-003  0.17731283999075087        7.0097305343255756E-005  0.42073351324406633        7.8616696470202425E-004
 0.3000  0.78859685300912885        1.3091891752928797E-003  0.18221365758586319        5.5471455172290617E-005  0.41928666322033570        6.9899853150820848E-004
 0.3200  0.82856233351599784        1.2326441545845656E-003  0.18679642891913570        4.5147386006545439E-005  0.41730067317719932        6.2285901084232294E-004
 0.3400  0.86840504532793439        9.0275298146061313E-004  0.19109639204712919        3.7767740540065697E-005  0.41510538001401975        4.3346927587326956E-004
 0.3600  0.90892254385781102        8.5357956776786217E-004  0.19514165080383541        3.2391207524538158E-005  0.41239592022555271        3.8879517118348058E-004
 0.3800  0.94964027697164299        8.0876409606002876E-004  0.19895507992761066        2.8373811425188726E-005  0.40947292081623243        3.4994910813281125E-004
 0.4000  0.99054213156554272        7.6777804077362969E-004  0.20255567591147136        2.5282524032355344E-005  0.40639115741266546        3.1601680308772731E-004


