# triplet j1 / nf 4 / mode 2 / nplat  4 / jkb  20 / start     1 / nmeas 10000
 0.0010   1.1456079743580736E-002   3.6008476914071138E-003   9.8718554662336985E-004   1.4319445324343547E-005  0.12265305330524422        3.8562277137090858E-002
 0.0020   2.1042688262465258E-002   6.3020037984943709E-003   1.9746218233579831E-003   2.8776444839374775E-005  0.13355825634783003        4.0010749235823914E-002
 0.0030   3.1871897955715309E-002   9.3749545460137546E-003   2.9625586018397379E-003   4.3510381081065624E-005  0.13228212833814421        3.8922230065087458E-002
 0.0040  0.41711936692366663        4.0876551555237832E-002   3.9512437359762965E-003   5.8664093822665436E-005   1.3478809923494192E-002   1.3246707800837467E-003
 0.0050  0.42593721123609152        3.4088299005694135E-002   4.9409222012064269E-003   7.4385129685157551E-005   1.6502829955083100E-002   1.3265717394822776E-003
 0.0060  0.43099592488300725        3.0611394079596791E-002   5.9318351317108001E-003   9.0826469947559058E-005   1.9575460847802973E-002   1.3983967867686221E-003
 0.0070  0.43535004254474013        3.4960132516463696E-002   6.9242188552244323E-003   1.0814664535963324E-004   2.2615740887917520E-002   1.8246905418060025E-003
 0.0080  0.43834411183893568        3.2880608937496357E-002   7.9183039253841511E-003   1.2650920607015697E-004   2.5677982450988030E-002   1.9370217056992724E-003
 0.0090  0.44033717838682052        3.1555757300800097E-002   8.9143141518918112E-003   1.4608157498212154E-004   2.8767019312655222E-002   2.0749538596789257E-003
 0.0100  0.44263375908900565        3.6103908332511793E-002   9.9124656291824237E-003   1.6703336592442550E-004   3.1809827290208835E-002   2.6084089317731473E-003
 0.0200  0.44820965712303451        3.4416759560288709E-002   2.0051841734769812E-002   4.8671644704777114E-004   6.3186735750502931E-002   4.9121605060038617E-003
 0.0400  0.43853019982948316        3.0647097263097299E-002   4.1362760019937501E-002   1.8299341404611784E-003  0.13117474897605233        9.6155332724706267E-003
 0.0600  0.43331810671602988        2.4423339560304402E-002   6.2881148867127312E-002   2.9674621730825415E-003  0.20046752106567142        1.2249221263711526E-002
 0.0800  0.43922357137672696        1.8168883133863917E-002   8.2231667676221309E-002   2.7737998554843621E-003  0.26115232784263220        1.1666211433515339E-002
 0.1000  0.45398086101662899        1.1414328169130000E-002   9.8527624361542179E-002   2.0010534275861466E-003  0.30921208511912662        8.3845957584755167E-003
 0.1200  0.47543726567717265        6.5610762428299279E-003  0.11223257575149120        1.3598011519324502E-003  0.34520085790982047        5.2025941455370265E-003
 0.1400  0.50146387057541342        4.5794551059622863E-003  0.12397305574282468        9.4130677959706327E-004  0.37153781286795678        3.6744577754299710E-003
 0.1600  0.53222664024842703        5.0844270979715812E-003  0.13419305241147209        6.6688055847141572E-004  0.38935288397449885        3.8432958398209069E-003
 0.1800  0.56382659726303685        4.0678993911201916E-003  0.14319338467320805        4.7921391215757032E-004  0.40268659144387070        2.9824206885136297E-003
 0.2000  0.59766387377806396        3.4694191424256052E-003  0.15119611159805213        3.4778431594392534E-004  0.41147485553209112        2.4350272743585643E-003
 0.2200  0.63322842306516525        3.2806162542680316E-003  0.15837731463940355        2.5465591894979300E-004  0.41688131050423133        2.1856196005694225E-003
 0.2400  0.67010169204725656        3.0047886883427010E-003  0.16487956805906614        1.8824937622223471E-004  0.41982019367533385        1.8977011945481245E-003
 0.2600  0.70795852349412247        2.7897823966273418E-003  0.17081716907704242        1.4074828272849551E-004  0.42097820988206275        1.6679490155898959E-003
 0.2800  0.74656801894145874        2.6016840160418835E-003  0.17628022016716677        1.0671870859388404E-004  0.42084912029542515        1.4721218479624427E-003
 0.3000  0.78464577734092122        1.3759221680354921E-003  0.18133894287387115        8.2306664809961091E-005  0.42038530182768713        7.4331793865171122E-004
 0.3200  0.82475207071759660        1.6387804749224881E-003  0.18604791762971759        6.4751363105517852E-005  0.41838776812132822        8.3451760470405019E-004
 0.3400  0.86446813744999529        1.2196712895186559E-003  0.19044979955904259        5.2069165960745647E-005  0.41628975759597087        5.9009034551148329E-004
 0.3600  0.90488599779918644        1.1308076251707949E-003  0.19457831405305084        4.2836271873853476E-005  0.41363720821692418        5.1891081284798329E-004
 0.3800  0.94557410351614068        1.0512899016993688E-003  0.19846054677833791        3.6035160347943321E-005  0.41072233302573580        4.5816125205438361E-004
 0.4000  0.98648321440579789        1.0294742377082542E-003  0.20211864020205497        3.0944355446618930E-005  0.40762280904264131        4.2652995030491894E-004


# triplet j3 / nf 4 / mode 2 / nplat  4 / jkb  20 / start     1 / nmeas 10000
 0.0010  0.47485585773088734        4.3779070638952158E-002   9.8718554662336985E-004   1.4319445324343547E-005   2.9590519661544428E-003   2.7365097819901057E-004
 0.0020  0.47475946414494702        4.3753864431770276E-002   1.9746218233579831E-003   2.8776444839374775E-005   5.9196813659469650E-003   5.4726076665973650E-004
 0.0030  0.47459933412560640        4.3712194620239592E-002   2.9625586018397379E-003   4.3510381081065624E-005   8.8834564075522902E-003   8.2079265696820497E-004
 0.0040  0.47437625160782593        4.3654562710539829E-002   3.9512437359762965E-003   5.8664093822665436E-005   1.1851926910583102E-002   1.0942187226762345E-003
 0.0050  0.47409130415509504        4.3581652662052085E-002   4.9409222012064269E-003   7.4385129685157551E-005   1.4826615267914711E-002   1.3675237687124267E-003
 0.0060  0.44293628524399609        2.9374223516978708E-002   5.9318351317108001E-003   9.0826469947559058E-005   1.9047759540545117E-002   1.2715805315565852E-003
 0.0070  0.44281217015952723        2.9030395115885170E-002   6.9242188552244323E-003   1.0814664535963324E-004   2.2234627729831098E-002   1.4679888281742229E-003
 0.0080  0.44267115856010281        2.8643986149072646E-002   7.9183039253841511E-003   1.2650920607015697E-004   2.5426983876488288E-002   1.6577982036544000E-003
 0.0090  0.44251412902970999        2.8218926858489469E-002   8.9143141518918112E-003   1.4608157498212154E-004   2.8625499806093899E-002   1.8404418735211950E-003
 0.0100  0.44234203682802947        2.7759379624404588E-002   9.9124656291824237E-003   1.6703336592442550E-004   3.1830805705023092E-002   2.0154797446523412E-003
 0.0200  0.43944115972425291        2.7457375791975529E-002   2.0051841734769812E-002   4.8671644704777114E-004   6.4447547842873737E-002   4.1021025923085189E-003
 0.0400  0.43030516540252167        2.7194019193897152E-002   4.1362760019937501E-002   1.8299341404611784E-003  0.13368207845527624        8.9508977339275760E-003
 0.0600  0.43726403323028251        3.2180181777308879E-002   6.2881148867127312E-002   2.9674621730825415E-003  0.19865847653764152        1.5353224628529160E-002
 0.0800  0.44108581952321840        2.4981094867429707E-002   8.2231667676221309E-002   2.7737998554843621E-003  0.26004975229621685        1.5367220806532803E-002
 0.1000  0.45481317850790121        1.7534156534302729E-002   9.8527624361542179E-002   2.0010534275861466E-003  0.30864622062988356        1.2304924150743947E-002
 0.1200  0.47564913754581251        1.1448449369173202E-002  0.11223257575149120        1.3598011519324502E-003  0.34504709257094318        8.5639878012776314E-003
 0.1400  0.50136206641442538        6.8475975923413283E-003  0.12397305574282468        9.4130677959706327E-004  0.37161325554271846        5.2679170036225688E-003
 0.1600  0.53080793391743586        4.5897721713466684E-003  0.13419305241147209        6.6688055847141572E-004  0.39039351913872417        3.5122553524987374E-003
 0.1800  0.56287211540423299        3.1516875508018679E-003  0.14319338467320805        4.7921391215757032E-004  0.40336944112819145        2.3572822539029126E-003
 0.2000  0.59693733631192925        2.5554238001184457E-003  0.15119611159805213        3.4778431594392534E-004  0.41197566504882105        1.8261623605143346E-003
 0.2200  0.63258264274095966        2.2929976960966865E-003  0.15837731463940355        2.5465591894979300E-004  0.41730688928186926        1.5494203525061154E-003
 0.2400  0.66859604344978685        1.8001403795256184E-003  0.16487956805906614        1.8824937622223471E-004  0.42076561010725777        1.1580620334722452E-003
 0.2600  0.70657684253848108        1.5991272888909005E-003  0.17081716907704242        1.4074828272849551E-004  0.42180141486178491        9.7031035981975217E-004
 0.2800  0.74526471557056984        1.4706229353236807E-003  0.17628022016716677        1.0671870859388404E-004  0.42158509244821485        8.4164011875075765E-004
 0.3000  0.78454216677072186        1.3476263424144080E-003  0.18133894287387115        8.2306664809961091E-005  0.42044082001736593        7.2847674838683214E-004
 0.3200  0.82472889543835126        1.6228067670592046E-003  0.18604791762971759        6.4751363105517852E-005  0.41839952501915573        8.2649178436484938E-004
 0.3400  0.86478226669200797        1.5132828143167635E-003  0.19044979955904259        5.2069165960745647E-005  0.41613854174540599        7.3041956419957806E-004
 0.3600  0.90515493369878353        1.4126444096499398E-003  0.19457831405305084        4.2836271873853476E-005  0.41351431003611877        6.4696086296488805E-004
 0.3800  0.94579896620326942        1.3206536736462121E-003  0.19846054677833791        3.6035160347943321E-005  0.41062468423273840        5.7458088799855857E-004
 0.4000  0.98668072074350299        1.2369095170180198E-003  0.20211864020205497        3.0944355446618930E-005  0.40754121416956179        5.1184800352555265E-004


