 # triplet j1
 0.0010  0.16087548859889025        3.1493767381390245E-002   5.9596519488504376E-002   2.4636943592305522E-003   6.7863392685905480E-002   1.3359115279819098E-002
 0.0020  0.21643857056235366        3.0952442077802716E-002   6.0230896261952528E-002   2.4234408757511355E-003   7.1714174146119816E-002   1.0356681903958626E-002
 0.0030  0.24876574097410414        2.7710971438829723E-002   6.0863967059387437E-002   2.3839854273186140E-003   7.6818386735250155E-002   8.6883402084431648E-003
 0.0040  0.26919884396061672        2.4370948210120376E-002   6.1495715999296922E-002   2.3453119131549068E-003   8.2393743310204701E-002   7.6228941847245046E-003
 0.0050  0.28311867391056322        2.1340488484298686E-002   6.2126127551553015E-002   2.3074044983121562E-003   8.8037687538681242E-002   6.8343959758610604E-003
 0.0060  0.29325429906396638        1.8691918867875374E-002   6.2755186534957763E-002   2.2702476112839544E-003   9.3577415844302500E-002   6.2001094214892173E-003
 0.0070  0.30105664503616453        1.6415139746989153E-002   6.3382878114716892E-002   2.2338259419951629E-003   9.8946805653937930E-002   5.6698408838369296E-003
 0.0080  0.30734123502524840        1.4473903616663508E-002   6.4009187799859812E-002   2.1981244394166538E-003  0.10412627145493404        5.2194786382359065E-003
 0.0090  0.31259217476425127        1.2825378455092162E-002   6.4634101440596614E-002   2.1631283094567101E-003  0.10911614351598715        4.8349690661101900E-003
 0.0100  0.31711123998365331        1.1427871501381892E-002   6.5257605225621504E-002   2.1288230126509521E-003  0.11392497138312824        4.5065093477301421E-003
 0.0300  0.36575953004522199        3.7366090372520275E-003   7.7413215756054324E-002   1.5675578128102577E-003  0.18633203570949872        2.6800415916866244E-003
 0.0500  0.39957569670547383        3.0996439726996170E-003   8.8921614655312647E-002   1.1850133772817063E-003  0.23599597972823683        2.4133420551810491E-003
 0.0700  0.43144918375043584        2.5996173731948624E-003   9.9743437018729716E-002   9.1781702590224197E-004  0.27389022375055583        2.0763806820261201E-003
 0.0900  0.46323800282952460        2.5784935300900477E-003  0.10987160366088983        7.2578774608162658E-004  0.30358115133713576        1.9649019869222026E-003
 0.1100  0.49528981631242419        2.3903756641255481E-003  0.11932153629763705        5.8404807790706404E-004  0.32712321065496058        1.7701563096598919E-003
 0.1300  0.52782856940722134        2.2354486920775512E-003  0.12812309987578704        4.7708682337478615E-004  0.34578607463070016        1.5997289290843298E-003
 0.1500  0.56091556114990770        2.1074194361812909E-003  0.13631447177422742        3.9492132693923676E-004  0.36052395052474034        1.4517165195843079E-003
 0.1700  0.59456437907814830        2.0006045627918309E-003  0.14393775536205428        3.3085272848101468E-004  0.37207281048661306        1.3229745112363935E-003
 0.1900  0.62877329265533366        1.7877208380532874E-003  0.15103600327087391        2.8021219823543491E-004  0.38101138591360373        1.1394867626656599E-003
 0.2100  0.66352717800125449        1.7184243416908638E-003  0.15765130157663509        2.3965669894758401E-004  0.38780616542755952        1.0467147690686976E-003
 0.2300  0.69879068164861147        1.6580319192089866E-003  0.16382361451788555        2.0675346391219911E-004  0.39284394411581386        9.6450779792722817E-004
 0.2500  0.73453897853676620        1.6046203576410365E-003  0.16959015499106503        1.7971640418051177E-004  0.39643361616256922        8.9112998200649061E-004
 0.2700  0.77074749623361571        1.5567559669197562E-003  0.17498510736735151        1.5722712297935409E-004  0.39882768851467992        8.2523860079489490E-004
 0.2900  0.80731692891968054        1.6035433996932134E-003  0.18003957885437646        1.3830767515054146E-004  0.40027082055237795        8.0977215950380919E-004
 0.3100  0.84436740988558223        1.5591213912095499E-003  0.18478169311686535        1.2222816562240836E-004  0.40086104413537532        7.5196828036734424E-004
 0.3300  0.88181466069184822        1.5180503819896983E-003  0.18923676709099829        1.0843930745561079E-004  0.40077203778165399        6.9942238531806684E-004
 0.3500  0.91964139062496719        1.4797819430959075E-003  0.19342753126729778        9.6523373362415661E-005  0.40011944246723996        6.5152069624097400E-004
 0.3700  0.95783259102021745        1.4438937956754378E-003  0.19737436727849322        8.6158745363237383E-005  0.39899883266664576        6.0774640070470720E-004
 0.3900  0.99637548628316897        1.4100601858777976E-003  0.20109554604757934        7.7094377664214982E-005  0.39748934643590039        5.6765945936073411E-004
 0.4100   1.0352594448207399        1.3780295200905204E-003  0.20460745623103535        6.9131517674420230E-005  0.39565663485103658        5.3088153610204836E-004


 # triplet j3
 0.0010  0.40144076864895634        1.9379372879147486E-002   5.9596519488504376E-002   2.4636943592305522E-003   2.7195933519822347E-002   1.4281548365974713E-003
 0.0020  0.39686445293937617        2.0951141961492607E-002   6.0230896261952528E-002   2.4234408757511355E-003   3.9110868273246238E-002   2.2095710701620472E-003
 0.0030  0.39338605234019380        2.2033233836535118E-002   6.0863967059387437E-002   2.3839854273186140E-003   4.8577682871440417E-002   2.8823327447178408E-003
 0.0040  0.39070704005706047        2.2719388621121932E-002   6.1495715999296922E-002   2.3453119131549068E-003   5.6769646243015233E-002   3.4740882661527979E-003
 0.0050  0.34394351689385061        2.1924784095185581E-002   6.2126127551553015E-002   2.3074044983121562E-003   7.2468623846154503E-002   4.8115677430277688E-003
 0.0060  0.34320938162929882        2.0693872206858394E-002   6.2755186534957763E-002   2.2702476112839544E-003   7.9956962019407649E-002   5.0332824080793603E-003
 0.0070  0.34303989052706685        1.9490640213674398E-002   6.3382878114716892E-002   2.2338259419951629E-003   8.6837111863145092E-002   5.1657079662621123E-003
 0.0080  0.34325822149288432        1.8343961525962075E-002   6.4009187799859812E-002   2.1981244394166538E-003   9.3230969759007215E-002   5.2331823345881127E-003
 0.0090  0.34375191066414090        1.7265309002385598E-002   6.4634101440596614E-002   2.1631283094567101E-003   9.9225201505501640E-002   5.2530101298379622E-003
 0.0100  0.34444737954281762        1.6257622905216363E-002   6.5257605225621504E-002   2.1288230126509521E-003  0.10488362253867908        5.2376802532337636E-003
 0.0300  0.37057653007749919        6.0501284989948724E-003   7.7413215756054324E-002   1.5675578128102577E-003  0.18390996806846591        3.5330562129739433E-003
 0.0500  0.40067094381030516        3.5012108661331741E-003   8.8921614655312647E-002   1.1850133772817063E-003  0.23535087701354745        2.5862691484014816E-003
 0.0700  0.43152273001621999        2.7796996338075425E-003   9.9743437018729716E-002   9.1781702590224197E-004  0.27384354346747808        2.1677354762932202E-003
 0.0900  0.46299059470579673        2.4679225479541040E-003  0.10987160366088983        7.2578774608162658E-004  0.30374337589182498        1.9046960157397311E-003
 0.1100  0.49503077396337097        2.2570337121449644E-003  0.11932153629763705        5.8404807790706404E-004  0.32729438943691680        1.6936520192941317E-003
 0.1300  0.52763519765051581        2.0893015252994090E-003  0.12812309987578704        4.7708682337478615E-004  0.34591280093894000        1.5135810259802095E-003
 0.1500  0.56080217949907607        1.9511893252787270E-003  0.13631447177422742        3.9492132693923676E-004  0.36059684039958240        1.3590126576391137E-003
 0.1700  0.59452472533700218        1.8368048221819781E-003  0.14393775536205428        3.3085272848101468E-004  0.37209762708092070        1.2265737013585699E-003
 0.1900  0.62878907597883416        1.7419058601659799E-003  0.15103600327087391        2.8021219823543491E-004  0.38100182209293476        1.1130741962793907E-003
 0.2100  0.66357633656435422        1.6629072388771092E-003  0.15765130157663509        2.3965669894758401E-004  0.38777743626287542        1.0154773168126799E-003
 0.2300  0.69886456644035089        1.5967243367418559E-003  0.16382361451788555        2.0675346391219911E-004  0.39280241218761075        9.3105211255535341E-004
 0.2500  0.73463057075510407        1.5407470811791796E-003  0.16959015499106503        1.7971640418051177E-004  0.39638418964021432        8.5745973530030738E-004
 0.2700  0.77085123659867993        1.4928196407084794E-003  0.17498510736735151        1.5722712297935409E-004  0.39877401469534901        7.9276818198582020E-004
 0.2900  0.80750444854957237        1.4512038592447924E-003  0.18003957885437646        1.3830767515054146E-004  0.40017786919308662        7.3542103170300458E-004
 0.3100  0.84456966921697685        1.4145274020327652E-003  0.18478169311686535        1.2222816562240836E-004  0.40076504508435074        6.8418338541409516E-004
 0.3300  0.88202827524152638        1.3817274464971885E-003  0.18923676709099829        1.0843930745561079E-004  0.40067497656402934        6.3808312874325966E-004
 0.3500  0.91986372338697842        1.3519928975236875E-003  0.19342753126729778        9.6523373362415661E-005  0.40002273285850515        5.9635505658227794E-004
 0.3700  0.95806160193734613        1.3247133536400098E-003  0.19737436727849322        8.6158745363237383E-005  0.39890345770493407        5.5839392391191401E-004
 0.3900  0.99660961002663295        1.2994345051920439E-003  0.20109554604757934        7.7094377664214982E-005  0.39739596815333283        5.2371626053636833E-004
 0.4100   1.0354974913874149        1.2758218668864334E-003  0.20460745623103535        6.9131517674420230E-005  0.39556567885713817        4.9193095180809253E-004


