 # triplet j1
 0.0010  -74.890000857863186        222.34996323065130        6.3090700315277979E-004   3.9080110191970274E-006  -1.4999398253157748E-005   4.4533548223314186E-005
 0.0020  0.93759173412534624        157.37006507518583        1.2618055551892385E-003   7.8158941239069283E-006   2.3961414023524518E-003  0.40218030381156866     
 0.0030  0.83012017526878712        157.40049022206256        1.8926872954050484E-003   1.1723536228585341E-005   4.0595144307216712E-003  0.76973139622521491     
 0.0040  0.83691718372438106        139.66415087161886        2.5235439623436193E-003   1.5630840435082799E-005   5.3686852831486961E-003  0.89592242348315154     
 0.0050  0.84883807852434245        151.89549936970724        3.1543673944179965E-003   1.9537726001995693E-005   6.6165452030939763E-003   1.1839990020521807     
 0.0060  0.84565898710412468        139.73952340430918        3.7851495304714483E-003   2.3444128340120017E-005   7.9696064299836708E-003   1.3169244594148561     
 0.0070  0.83358817650703765        157.38395535220727        4.4158824102768848E-003   2.7349998946518781E-005   9.4323785473841258E-003   1.7808614447805526     
 0.0080  0.83176780230615199        167.32145621344347        5.0465581749746680E-003   3.1255305350388398E-005   1.0803277417819418E-002   2.1732268364196607     
 0.0090  0.83116977745756704        161.77362638690801        5.6771690674496241E-003   3.5160031035645037E-005   1.2162207907232925E-002   2.3671751928853801     
 0.0100  0.83076616260248326        158.71660369404407        6.3077074326467258E-003   3.9064175369327245E-005   1.3519852990988289E-002   2.5829472191455247     
 0.0300  0.82933615574133068        94.200062574670724        1.8892361763257114E-002   1.1715819591899853E-004   4.0596458840136386E-002   4.6111446341771956     
 0.0500  0.82924471048724557       0.99234676610000938        3.1394350768487497E-002   1.9649958265840196E-004   6.7568307914620304E-002   8.0858424885141000E-002
 0.0700  0.82915376573702604       0.20782033263111624        4.3776285848803637E-002   2.7996365323845193E-004   9.4416608468805813E-002   2.3666644934562713E-002
 0.0900  0.82918849168941489       0.10377630095718052        5.6011283191105453E-002   3.7063057985136847E-004  0.12109347654438919        1.5160634158490449E-002
 0.1100  0.82946555945051614        5.8520158355436717E-002   6.8077144032130790E-002   4.6987034831504179E-004  0.14754131372986706        1.0421727595888492E-002
 0.1300  0.83047821586925252        2.5017848111283939E-002   7.9950030175934023E-002   5.7528735128388757E-004  0.17360720490559137        5.2670188192359343E-003
 0.1500  0.83192542608792930        1.6617170644086608E-002   9.1598633551605135E-002   6.7942515746982862E-004  0.19926027577609670        4.0481196076367952E-003
 0.1700  0.83497913642956312        9.4717299232705190E-003  0.10297966172462616        7.7029983512160794E-004  0.22409881756803846        2.6767095045136147E-003
 0.1900  0.83958374591965712        7.7771910968149728E-003  0.11403552922347444        8.3422306999604492E-004  0.24794072530849195        2.4692827492512111E-003
 0.2100  0.84658689320097069        6.4808541137709990E-003  0.12469533962632083        8.6019878112414655E-004  0.27032002313669629        2.2697258399153111E-003
 0.2300  0.85634770526189585        5.4320501804597547E-003  0.13488005856476940        8.4402186673362403E-004  0.29087249119238257        2.0573232940091532E-003
 0.2500  0.86911693301522175        4.4780094229080920E-003  0.14451168707189993        7.8993048464546167E-004  0.30928458601451930        1.8038673102929073E-003
 0.2700  0.88488017436220234        3.7193208978509224E-003  0.15352443494009141        7.0885086476348230E-004  0.32538772749523448        1.5603833017353874E-003
 0.2900  0.90363197208423041        3.1379252836163628E-003  0.16187452166300800        6.1431076549564383E-004  0.33908740381606928        1.3418272991070931E-003
 0.3100  0.92519929865074901        2.6914898270862103E-003  0.16954551013297223        5.1834485322828513E-004  0.35043195100036778        1.1516116846830911E-003
 0.3300  0.94932639782302541        2.3293930112885525E-003  0.17654799009181094        4.2919888897082349E-004  0.35957360082653372        9.8462237774636337E-004
 0.3500  0.97576395104411129        2.0791557084527384E-003  0.18291467305247386        3.5110610541771986E-004  0.36671487219381593        8.5700149523461431E-004
 0.3700   1.0042640998773342        1.8972737748117262E-003  0.18869320842393505        2.8528690305410284E-004  0.37208833616792353        7.5714367275928442E-004
 0.3900   1.0345803066722903        1.7662857456652893E-003  0.19393895780330872        2.3119285123957334E-004  0.37593747726289539        6.7980970569702704E-004
 0.4100   1.0664903414567970        1.6719988305390855E-003  0.19870912142289746        1.8746215513945085E-004  0.37849391439907965        6.1966356913892154E-004


 # triplet j3
 0.0010  0.82955447018764861        1.4348679150163173E-002   6.3090700315277979E-004   3.9080110191970274E-006   1.3541063166018733E-003   2.3794282630232927E-005
 0.0020  0.82955779997597279        1.4348175820259585E-002   1.2618055551892385E-003   7.8158941239069283E-006   2.7081926933918824E-003   4.7586398047735270E-005
 0.0030  0.82956326400557101        1.4347327895321192E-002   1.8926872954050484E-003   1.1723536228585341E-005   4.0622397072710946E-003   7.1374154513219288E-005
 0.0040  0.82957079136177081        1.4346128087092715E-002   2.5235439623436193E-003   1.5630840435082799E-005   5.4162285054656705E-003   9.5155334575912486E-005
 0.0050  0.82958031191995896        1.4344569142301833E-002   3.1543673944179965E-003   1.9537726001995693E-005   6.7701408000695601E-003   1.1892769528045294E-004
 0.0060  0.82959175520120099        1.4342644036661700E-002   3.7851495304714483E-003   2.3444128340120017E-005   8.1239588736799363E-003   1.4268897063286204E-004
 0.0070  0.82960505090421333        1.4340345641032967E-002   4.4158824102768848E-003   2.7349998946518781E-005   9.4776655769732866E-003   1.6643686970988151E-004
 0.0080  0.82962012842027877        1.4337666886122541E-002   5.0465581749746680E-003   3.1255305350388398E-005   1.0831244334239678E-002   1.9016907823526843E-004
 0.0090  0.82963691764188263        1.4334601088068586E-002   5.6771690674496241E-003   3.5160031035645037E-005   1.2184679134554855E-002   2.1388326356752243E-004
 0.0100  0.82965534852995582        1.4331141368000807E-002   6.3077074326467258E-003   3.9064175369327245E-005   1.3537954535186735E-002   2.3757706869459495E-004
 0.0300  0.83026356876102547        1.4170302747480525E-002   1.8892361763257114E-002   1.1715819591899853E-004   4.0551112174452827E-002   7.0342409063922813E-004
 0.0500  0.83099297849669584        1.3817184988530431E-002   3.1394350768487497E-002   1.9649958265840196E-004   6.7426155677192831E-002   1.1408013914490350E-003
 0.0700  0.83149110502324275        1.3283739493168611E-002   4.3776285848803637E-002   2.7996365323845193E-004   9.4151201362328935E-002   1.5339752942408608E-003
 0.0900  0.83165822675532419        1.2622631529592695E-002   5.6011283191105453E-002   3.7063057985136847E-004  0.12073387112517588        1.8754909123867144E-003
 0.1100  0.83167331959138358        1.1884930051640329E-002   6.8077144032130790E-002   4.6987034831504179E-004  0.14714965053241827        2.1632727126307777E-003
 0.1300  0.83194498772406511        1.1080283236368480E-002   7.9950030175934023E-002   5.7528735128388757E-004  0.17330112437658329        2.3908479161991376E-003
 0.1500  0.83301692503042246        1.0183986543724920E-002   9.1598633551605135E-002   6.7942515746982862E-004  0.19899918578649947        2.5423308303684916E-003
 0.1700  0.83547251294820324        9.1792145687470059E-003  0.10297966172462616        7.7029983512160794E-004  0.22396647916943224        2.5993526477253782E-003
 0.1900  0.83987041524926631        8.0896895398547466E-003  0.11403552922347444        8.3422306999604492E-004  0.24785609677507003        2.5537088793576635E-003
 0.2100  0.84670284072470825        6.9797104842752146E-003  0.12469533962632083        8.6019878112414655E-004  0.27028300550100187        2.4152269515116103E-003
 0.2300  0.85634978198171785        5.9269027952936898E-003  0.13488005856476940        8.4402186673362403E-004  0.29087178580227113        2.2093097486234827E-003
 0.2500  0.86903470890153167        4.9903458559553476E-003  0.14451168707189993        7.8993048464546167E-004  0.30931384911609916        1.9671246827335253E-003
 0.2700  0.88481184752441355        4.1967223597823367E-003  0.15352443494009141        7.0885086476348230E-004  0.32541285454855912        1.7165733594505326E-003
 0.2900  0.90359237973488982        3.5462747505616574E-003  0.16187452166300800        6.1431076549564383E-004  0.33910226147451122        1.4782396516798402E-003
 0.3100  0.92518969406338680        3.0253605861882854E-003  0.16954551013297223        5.1834485322828513E-004  0.35043558890760940        1.2649483292401847E-003
 0.3300  0.94936319451075124        2.6157845216189753E-003  0.17654799009181094        4.2919888897082349E-004  0.35955966399226358        1.0828189306490534E-003
 0.3500  0.97585163699211097        2.2992138670219187E-003  0.18291467305247386        3.5110610541771986E-004  0.36668192072865979        9.3287094897102972E-004
 0.3700   1.0043953098773946        2.0586183229496040E-003  0.18869320842393505        2.8528690305410284E-004  0.37203972810481239        8.1274858500139549E-004
 0.3900   1.0347495889293843        1.8786180720623193E-003  0.19393895780330872        2.3119285123957334E-004  0.37587597490004532        7.1824935456201756E-004
 0.4100   1.0666926258258036        1.7456230042624359E-003  0.19870912142289746        1.8746215513945085E-004  0.37842213795590063        6.4449337548468663E-004


