 # triplet j1
 0.0010  0.16534421560360374        1.7353718059656131E-002   4.8833369962943074        4.4979042062874945E-002  0.59770149143888107        6.2792180289341179E-002
 0.0020  0.17120420581584087        1.0994792863957588E-002   2.5028155315037015        2.1391679083431255E-002  0.58442661678643393        3.7615085842009850E-002
 0.0030  0.17178525326870833        6.2220910502491259E-003   1.7049161207402810        1.3803565104901577E-002  0.58876400961997788        2.1457910800806525E-002
 0.0040  0.17339224353019528        4.8476563086287828E-003   1.3040783840496177        1.0156959256960852E-002  0.58907036617708641        1.6628082076689112E-002
 0.0050  0.17639854349075365        4.8408347725868699E-003   1.0624503267413590        8.0417980921425672E-003  0.58433153168702590        1.6187345732732488E-002
 0.0060  0.18025675067910699        4.9426544310159437E-003  0.90063579106322644        6.6666310284508104E-003  0.57673151766057706        1.5957429200416023E-002
 0.0070  0.18451642774558910        4.9540837054594588E-003  0.78456528423632355        5.7010136072241993E-003  0.56799370628486356        1.5389063759965621E-002
 0.0080  0.18890716903739702        4.9036880458037824E-003  0.69717875664313755        4.9846600399257139E-003  0.55909244583433126        1.4650007575304033E-002
 0.0090  0.19328292740809852        4.8269247479644263E-003  0.62898134666309535        4.4311383781572332E-003  0.55050547285052531        1.3884056660290968E-002
 0.0100  0.19756995496142174        4.7427138002515143E-003  0.57426421754173129        3.9899451693962661E-003  0.54243783644694388        1.3156995740994640E-002
 0.0300  0.26237085526038073        3.6807177369573164E-003  0.24499572219401231        1.3534002235135827E-003  0.46210352869568710        6.6071611072748664E-003
 0.0500  0.31171450031476033        3.4130772330724858E-003  0.18426432247908617        8.3208810044958456E-004  0.43547539533248697        4.8685028994580387E-003
 0.0700  0.35653060229926364        3.1889169183298496E-003  0.16320043716446253        6.0181876465196832E-004  0.42396290948677129        3.8717847901964383E-003
 0.0900  0.39896253785740116        2.9460485860101989E-003  0.15531602400518729        4.6771478895566148E-004  0.41909479480977446        3.1583900571999072E-003
 0.1100  0.43998789878543892        2.7230466409169387E-003  0.15323386779461254        3.7912978206632752E-004  0.41729962100912493        2.6337208141022674E-003
 0.1300  0.48015769671342395        2.5300260861301077E-003  0.15408689301144862        3.1613999618638154E-004  0.41685558861179051        2.2377178690295664E-003
 0.1500  0.51979773187545064        2.3647156633081704E-003  0.15653551236886609        2.6898857674708049E-004  0.41690075994630160        1.9301353100068582E-003
 0.1700  0.55931474841618123        2.0331435690200683E-003  0.15987647705277602        2.3229429282344694E-004  0.41684584042404316        1.5452249194857653E-003
 0.1900  0.59842094739100482        1.9226658511034111E-003  0.16371042895894222        2.0285516041291764E-004  0.41679565623246689        1.3637924448233008E-003
 0.2100  0.63742564782818711        1.8271160322060960E-003  0.16779793630491935        1.7865668293126424E-004  0.41647450321253621        1.2141960356875682E-003
 0.2300  0.67639359823450940        1.7435391378005330E-003  0.17199002461044888        1.5837468265923326E-004  0.41584459075683322        1.0888870835735615E-003
 0.2500  0.71537299737788584        1.6697084354323733E-003  0.17619177266472724        1.4110700386523240E-004  0.41490175468033980        9.8254540641666815E-004
 0.2700  0.75440085308297267        1.6039270829089557E-003  0.18034195710574269        1.2622004271266380E-004  0.41365959106564948        8.9131288238926908E-004
 0.2900  0.79350639425006086        1.5448830473505366E-003  0.18440106255837549        1.1325662637733253E-004  0.41214048292734778        8.1231964758423216E-004
 0.3100  0.83271333264010783        1.4915471327735116E-003  0.18834391435151210        1.0187857188430990E-004  0.41037048974844387        7.4338325736844570E-004
 0.3300  0.87204141167551363        1.4431015464841568E-003  0.19215499238109277        9.1829740226729580E-005  0.40837645484515445        6.8281211297920139E-004
 0.3500  0.91150749572343281        1.3988900433727785E-003  0.19582536465524578        8.2911708130454766E-005  0.40618440728428717        6.2927370594835345E-004
 0.3700  0.95097270933229416        1.4493930837746662E-003  0.19935063353403568        7.4967424582837857E-005  0.40388396956760025        6.2023293214910136E-004
 0.3900  0.99075722087481899        1.4059797249231796E-003  0.20272953390291290        6.7870072860685325E-005  0.40136413844423374        5.7352301203890659E-004
 0.4100   1.0307191039251917        1.3658752030447686E-003  0.20596296157734109        6.1515332474495522E-005  0.39871370561871572        5.3170673388103044E-004


 # triplet j3
 0.0010  0.21005629639133758        5.7208447377065812E-002   4.8833369962943074        4.4979042062874945E-002  0.47047618169441041       0.12815164394582709     
 0.0020  0.19728154891927047        4.7475303718478606E-002   2.5028155315037015        2.1391679083431255E-002  0.50717512779415674       0.12206964996868098     
 0.0030  0.19072143298106209        4.0505318749374089E-002   1.7049161207402810        1.3803565104901577E-002  0.53030733319894385       0.11264685358347670     
 0.0040  0.18923202302180134        3.5396513421380733E-002   1.3040783840496177        1.0156959256960852E-002  0.53976187939834663       0.10098623073040296     
 0.0050  0.19056227602725920        3.1320785415139468E-002   1.0624503267413590        8.0417980921425672E-003  0.54090050378369758        8.8925885643840935E-002
 0.0060  0.19325605479719676        2.7944333935631224E-002  0.90063579106322644        6.6666310284508104E-003  0.53793786433662405        7.7809922445243443E-002
 0.0070  0.19653360808027340        2.5090854865703092E-002  0.78456528423632355        5.7010136072241993E-003  0.53326334711594736        6.8107691569698953E-002
 0.0080  0.20001744739399482        2.2643219209590632E-002  0.69717875664313755        4.9846600399257139E-003  0.52803679153406047        5.9806846745614123E-002
 0.0090  0.20353669858522033        2.0519119786860131E-002  0.62898134666309535        4.4311383781572332E-003  0.52277210982754652        5.2734320411516655E-002
 0.0100  0.20701986876010878        1.8660238447902093E-002  0.57426421754173129        3.9899451693962661E-003  0.51767697254402145        4.6696713462102385E-002
 0.0300  0.26607375558926977        5.2100845376580850E-003  0.24499572219401231        1.3534002235135827E-003  0.45567251747250787        9.0110157245695769E-003
 0.0500  0.31439995094361634        3.1851836269123938E-003  0.18426432247908617        8.3208810044958456E-004  0.43175577746760802        4.4814288616224799E-003
 0.0700  0.35847118950009282        2.5397909429784472E-003  0.16320043716446253        6.0181876465196832E-004  0.42166778223561430        3.0870495271455313E-003
 0.0900  0.40041481067902862        2.2095742776535392E-003  0.15531602400518729        4.6771478895566148E-004  0.41757477116440622        2.3885047424711593E-003
 0.1100  0.44113509562140807        2.0014333318337544E-003  0.15323386779461254        3.7912978206632752E-004  0.41621440967675877        1.9573074477179245E-003
 0.1300  0.48110794850203470        1.8577408293811981E-003  0.15408689301144862        3.1613999618638154E-004  0.41603224372650210        1.6621842762908035E-003
 0.1500  0.52061225259336319        1.7529857646091899E-003  0.15653551236886609        2.6898857674708049E-004  0.41624850041034522        1.4464855765021940E-003
 0.1700  0.55982472660732563        1.6730054239802372E-003  0.15987647705277602        2.3229429282344694E-004  0.41646611034499892        1.2808332226409605E-003
 0.1900  0.59886434404008093        1.6091405399833556E-003  0.16371042895894222        2.0285516041291764E-004  0.41648706247636480        1.1484585076641646E-003
 0.2100  0.63781497164455747        1.5559305250091751E-003  0.16779793630491935        1.7865668293126424E-004  0.41622028615865680        1.0392527739708491E-003
 0.2300  0.67673787735435731        1.5099182351392512E-003  0.17199002461044888        1.5837468265923326E-004  0.41563303674975005        9.4688750042181140E-004
 0.2500  0.71567916475811844        1.4689233965338678E-003  0.17619177266472724        1.4110700386523240E-004  0.41472425980618438        8.6726554953879380E-004
 0.2700  0.75467445884220008        1.4315773897928374E-003  0.18034195710574269        1.2622004271266380E-004  0.41350961958437149        7.9764173936485892E-004
 0.2900  0.79375199221587567        1.3970223967646571E-003  0.18440106255837549        1.1325662637733253E-004  0.41201296089876766        7.3610817301763827E-004
 0.3100  0.83293470698788952        1.3647191126307098E-003  0.18834391435151210        1.0187857188430990E-004  0.41026142297675722        6.8128792628693868E-004
 0.3300  0.87224172241019682        1.3343246716444421E-003  0.19215499238109277        9.1829740226729580E-005  0.40828267099419246        6.3214974299677514E-004
 0.3500  0.91168938119409781        1.3056168262541034E-003  0.19582536465524578        8.2911708130454766E-005  0.40610337196280638        5.8789462609644980E-004
 0.3700  0.95129200885207932        1.2784474712445812E-003  0.19935063353403568        7.4967424582837857E-005  0.40374840661076694        5.4788517259454306E-004
 0.3900  0.99106247200496500        1.2527131210290493E-003  0.20272953390291290        6.7870072860685325E-005  0.40124051671470506        5.1159999752570923E-004
 0.4100   1.0310125954671707        1.2283385626930287E-003  0.20596296157734109        6.1515332474495522E-005  0.39860020642308547        4.7860456849665431E-004


