 # triplet j1
 0.0010  -100.00000000000000        178.53950684282196        6.4163379225327184E-004   4.4250781707326661E-006  -1.1328140114363627E-005   2.0225243217223349E-005
 0.0020  -100.00000000000000        186.66053317935692        1.2832679355146523E-003   8.8511357969164521E-006  -2.2656283327277246E-005   4.2290411436033711E-005
 0.0030  -83.176069992791113        188.21838411724613        1.9249027786973005E-003   1.3279151878783145E-005  -4.0858425652644514E-005   9.2458273018299525E-005
 0.0040  0.82077416683733706        104.20039049792861        2.5665386665251711E-003   1.7710104519098418E-005   5.5207136338846765E-003  0.70087551476807752     
 0.0050  0.81574115803484493        81.947412416213339        3.2081759374393863E-003   2.2144970454954156E-005   6.9434723988821756E-003  0.69752468782909427     
 0.0060  0.81235194465531846        62.456601571910674        3.8498149215061418E-003   2.6584724611378063E-005   8.3669336359799978E-003  0.64328059340056065     
 0.0070  0.79664782621055041        124.61312375291853        4.4914559383264462E-003   3.1030339634161994E-005   9.9538528042895195E-003   1.5570000329027429     
 0.0080  0.79551140116747265        116.81727832331160        5.1330992949479761E-003   3.5482785421722726E-005   1.1392090220320087E-002   1.6728773118361171     
 0.0090  0.79463733830272898        105.78374392754876        5.7747452837799626E-003   3.9943028657543027E-005   1.2830208121352264E-002   1.7079834856529770     
 0.0100  0.79389699971669903        95.767251729005395        6.4163941805109844E-003   4.4412032307874489E-005   1.4269092565466619E-002   1.7212708710469342     
 0.0300  0.78065177968999599        77.993328612006508        1.9250171627669871E-002   1.3705955566874970E-004   4.3534701798557361E-002   4.3494633508738909     
 0.0500  0.77559671241574912       0.15486809727380682        3.2083623598983091E-002   2.4033099238902650E-004   7.3030747655548262E-002   1.4585057200371255E-002
 0.0700  0.77142833629414120        5.6882518547399626E-002   4.4905827392282799E-002   3.5810001266118398E-004  0.10278264314530816        7.5899169301998567E-003
 0.0900  0.76853648061471913        1.7605197759172343E-002   5.7690690087441827E-002   4.8883127336561889E-004  0.13259423202859016        3.0889041823657149E-003
 0.1100  0.76649445839521702        1.1251567307239550E-002   7.0392536900385369E-002   6.2392815439788352E-004  0.16235498566305484        2.4894963641542895E-003
 0.1300  0.76650557160062971        8.1876758977347062E-003   8.2943340696359266E-002   7.4840622532950198E-004  0.19158527189496125        2.2215252730518453E-003
 0.1500  0.76904466012510742        6.4800269305979093E-003   9.5252501774265821E-002   8.4450000498957037E-004  0.21980990670603295        2.0928142894716759E-003
 0.1700  0.77452653111182357        5.3614808071246597E-003  0.10721057858172980        8.9729198201208562E-004  0.24650286965261514        1.9939273500973465E-003
 0.1900  0.78324117489097911        4.5344906952607608E-003  0.11869816100024980        8.9999433392930098E-004  0.27115541598006748        1.8764570500956505E-003
 0.2100  0.79541320624729617        3.8711142551622899E-003  0.12959947158494442        8.5618499591269125E-004  0.29331445301871439        1.7252479538294630E-003
 0.2300  0.81064985751489216        3.2462906542389349E-003  0.13981774338104330        7.7783115456860074E-004  0.31284322148922189        1.5253694154840759E-003
 0.2500  0.82901015937367439        2.7899391679591366E-003  0.14928776475681940        6.8045833570146879E-004  0.32956209664846348        1.3394879260306667E-003
 0.2700  0.85023502412544794        2.4664052088928840E-003  0.15798177941229533        5.7827547418124641E-004  0.34352740551050887        1.1782818356681889E-003
 0.2900  0.87406944646957896        2.1904783343276468E-003  0.16590779033800709        4.8137428535851759E-004  0.35489627976686677        1.0276680202383492E-003
 0.3100  0.90019556190218886        1.9974790278353889E-003  0.17310222551510424        3.9530910198028190E-004  0.36392366959707900        9.0816874972931465E-004
 0.3300  0.92834945993738793        1.8536538178227646E-003  0.17962022079190251        3.2210289630497989E-004  0.37088399438488984        8.1178884477451653E-004
 0.3500  0.95828214060444694        1.7464551311243226E-003  0.18552634206461541        2.6159426901975789E-004  0.37606110396038328        7.3485898288318979E-004
 0.3700  0.98977299786351558        1.6657740911108128E-003  0.19088731834316194        2.1252369363765691E-004  0.37972465544745915        6.7312307005494164E-004
 0.3900   1.0226301455496778        1.6038103084676980E-003  0.19576718716841018        1.7322252597182778E-004  0.38211902491325178        6.2267344542658257E-004
 0.4100   1.0566889832915052        1.5548056410154961E-003  0.20022455182973031        1.4198707427144901E-004  0.38345853761811360        5.8036919913297797E-004


 # triplet j3
 0.0010  0.78302502452033218        1.3161274277377649E-002   6.4163379225327184E-004   4.4250781707326661E-006   1.4467149528590167E-003   2.4823188076310659E-005
 0.0020  0.78301674213646821        1.3160154443680542E-002   1.2832679355146523E-003   8.8511357969164521E-006   2.8934609067820661E-003   4.9643579744095923E-005
 0.0030  0.78300294488601718        1.3158288668339416E-002   1.9249027786973005E-003   1.3279151878783145E-005   4.3402688253928959E-003   7.4458380304875818E-005
 0.0040  0.78298364293111589        1.3155677803340541E-002   2.5665386665251711E-003   1.7710104519098418E-005   5.7871695968466953E-003   9.9264797963969604E-005
 0.0050  0.78295885008714572        1.3152323136457474E-002   3.2081759374393863E-003   2.2144970454954156E-005   7.2341939998720236E-003   1.2406004626920727E-004
 0.0060  0.78292858438670165        1.3148226277917745E-002   3.8498149215061418E-003   2.6584724611378063E-005   8.6813726635292261E-003   1.4884134511810717E-004
 0.0070  0.78289286794750590        1.3143389194497595E-002   4.4914559383264462E-003   3.1030339634161994E-005   1.0128736029676970E-002   1.7360592249586574E-004
 0.0080  0.78285172669069181        1.3137814153868065E-002   5.1330992949479761E-003   3.5482785421722726E-005   1.1576314319063570E-002   1.9835101541452576E-004
 0.0090  0.78280519048294595        1.3131503779738259E-002   5.7747452837799626E-003   3.9943028657543027E-005   1.3024137493431114E-002   2.2307387192962015E-004
 0.0100  0.78275329286257211        1.3124461075126855E-002   6.4163941805109844E-003   4.4412032307874489E-005   1.4472235223662857E-002   2.4777175338636093E-004
 0.0300  0.78067360801974361        1.2836847321389080E-002   1.9250171627669871E-002   1.3705955566874970E-004   4.3533484529500795E-002   7.3241808680129432E-004
 0.0500  0.77708180968072693        1.2304325159214461E-002   3.2083623598983091E-002   2.4033099238902650E-004   7.2891177069476884E-002   1.1860089775147015E-003
 0.0700  0.77290424702574878        1.1580517908803621E-002   4.4905827392282799E-002   3.5810001266118398E-004  0.10258637302954038        1.5905584446058855E-003
 0.0900  0.76915580827893582        1.0708788165719151E-002   5.7690690087441827E-002   4.8883127336561889E-004  0.13248746656556309        1.9281050792556555E-003
 0.1100  0.76675391259115866        9.7273531244840335E-003   7.0392536900385369E-002   6.2392815439788352E-004  0.16230004798152417        2.1810228454913652E-003
 0.1300  0.76645139072082880        8.6821320778216592E-003   8.2943340696359266E-002   7.4840622532950198E-004  0.19159881516556371        2.3361773196170282E-003
 0.1500  0.76883067053679977        7.6295556593991851E-003   9.5252501774265821E-002   8.4450000498957037E-004  0.21987108666833743        2.3897125039069262E-003
 0.1700  0.77455793160301611        5.9558115834674775E-003  0.10721057858172980        8.9729198201208562E-004  0.24649287645408002        2.1578654392622994E-003
 0.1900  0.78316456834098869        5.0995835619423221E-003  0.11869816100024980        8.9999433392930098E-004  0.27118193949986030        2.0432840612843364E-003
 0.2100  0.79517112850112182        4.3602167121913589E-003  0.12959947158494442        8.5618499591269125E-004  0.29340374813917602        1.8782066593917505E-003
 0.2300  0.81048542325702921        3.7367640232995247E-003  0.13981774338104330        7.7783115456860074E-004  0.31290669227040668        1.6848852880766232E-003
 0.2500  0.82891391832313344        3.2202864228325478E-003  0.14928776475681940        6.8045833570146879E-004  0.32960036045571633        1.4845459275055614E-003
 0.2700  0.85020315812226921        2.7992918456803276E-003  0.15798177941229533        5.7827547418124641E-004  0.34354028107476831        1.2941103769682251E-003
 0.2900  0.87407262421272769        2.4618072024858956E-003  0.16590779033800709        4.8137428535851759E-004  0.35489498952027826        1.1243601405695953E-003
 0.3100  0.90023864047599822        2.1958912105239977E-003  0.17310222551510424        3.9530910198028190E-004  0.36390625497838031        9.8009396258356800E-004
 0.3300  0.92843027197323036        1.9898086968281503E-003  0.17962022079190251        3.2210289630497989E-004  0.37085171205680084        8.6155989907543619E-004
 0.3500  0.95839883640620138        1.8323211447322813E-003  0.18552634206461541        2.6159426901975789E-004  0.37601531430542101        7.6620709481824264E-004
 0.3700  0.98992273293967314        1.7130889272009555E-003  0.19088731834316194        2.1252369363765691E-004  0.37966721854020324        6.9018152692853130E-004
 0.3900   1.0228089553486761        1.6230469999160069E-003  0.19576718716841018        1.7322252597182778E-004  0.38205222199206024        6.2938233197290007E-004
 0.4100   1.0568922954348057        1.5546407486403057E-003  0.20022455182973031        1.4198707427144901E-004  0.38338477250743319        5.8009390952877082E-004


