 # triplet j1
 0.0010   8.3514604968175365E-002   174.48968254406236        6.2480938085729041E-004   3.6378916628131338E-006   1.3385245385878170E-002   27.966212844430494     
 0.0020  0.18120249544145853        174.64342096437025        1.2496100436199631E-003   7.2756160393477414E-006   1.2338236056058325E-002   11.891622950645001     
 0.0030  0.29613515414208519        169.91260963721066        1.8743932724310157E-003   1.0913006171578616E-005   1.1324421304934450E-002   6.4975804110517545     
 0.0040  0.42942459387059867        161.91226535344836        2.4991503559072398E-003   1.4549895781044314E-005   1.0412482213323110E-002   3.9259711884827526     
 0.0050  0.76551810239508411        158.37154454563685        3.1238725893715617E-003   1.8186119576186197E-005   7.3011486581119767E-003   1.5104726935120696     
 0.0060  0.79238651417204620        152.74316843136432        3.7485512770805002E-003   2.1821513609631994E-005   8.4641875021858257E-003   1.6315860937881816     
 0.0070  0.80790673101715360        145.86482406925168        4.3731777344444686E-003   2.5455915581327811E-005   9.6850385907562894E-003   1.7486009165309697     
 0.0080  0.81570808686481555        145.90231581451283        4.9977432902396516E-003   2.9089165192012628E-005   1.0962565363292339E-002   1.9608285117432012     
 0.0090  0.82343940204038524        142.39982846340436        5.6222392888094497E-003   3.2721104447482348E-005   1.2216850827904184E-002   2.1126964026644086     
 0.0100  0.82971488696638984        136.44278038036802        6.2466570922538791E-003   3.6351577973946567E-005   1.3471313671209953E-002   2.2152953042508576     
 0.0300  0.85741471403020075        94.015401311759575        1.8705536912482730E-002   1.0845000642338840E-004   3.9072372464735328E-002   4.2842800789968720     
 0.0500  0.86128098177152668        47.919894821694150        3.1064473560964180E-002   1.7920779584405320E-004   6.4712345566272408E-002   3.6004612466769044     
 0.0700  0.86359911539378320       0.45404154207222458        4.3267064107106325E-002   2.4905644464305880E-004   9.0121942206396272E-002   4.7382770554531883E-002
 0.0900  0.86633690118445361       0.20492206329485468        5.5269229736186407E-002   3.1968529700576980E-004  0.11513070000688565        2.7234882817044545E-002
 0.1100  0.86938861677405455       0.12073448362920461        6.7039295227956472E-002   3.9346393177985497E-004  0.13968896865185931        1.9403337273205545E-002
 0.1300  0.87264774546356760        7.5330163828684196E-002   7.8555293700927134E-002   4.7228401303376103E-004  0.16377040813261379        1.4145833319746146E-002
 0.1500  0.87619444959359516        4.8296434784462793E-002   8.9800461492804476E-002   5.5600404380188651E-004  0.18732658412819514        1.0341841291271366E-002
 0.1700  0.88061497592464366        2.2519337205899402E-002  0.10075803329178880        6.4096978412711710E-004  0.21018089283582012        5.4162227802042832E-003
 0.1900  0.88519570877735154        1.6066664380765226E-002  0.11140632385378285        7.1943664199327479E-004  0.23243815540990259        4.2850846188629485E-003
 0.2100  0.89126952400147630        9.8777997047080190E-003  0.12171495430866643        7.8067358796757964E-004  0.25368077677994982        2.9268439165397223E-003
 0.2300  0.89855521440599606        8.2923044036508319E-003  0.13164309047464434        8.1386539261643154E-004  0.27386288676836079        2.6653537324307988E-003
 0.2500  0.90798069873813370        6.9651828204009966E-003  0.14114057529919458        8.1189269739540915E-004  0.29257305540088313        2.3969169890665034E-003
 0.2700  0.91989567999017552        5.8332913995313811E-003  0.15015247565301559        7.7423810362326406E-004  0.30954553866653900        2.1189396614566219E-003
 0.2900  0.93457247687778977        4.7821235574627627E-003  0.15862654662447540        7.0738443885246254E-004  0.32455547865257972        1.8115431667752159E-003
 0.3100  0.95200747057903434        3.9277973235691899E-003  0.16652175704855837        6.2240947895938169E-004  0.33751336951918326        1.5287113163031535E-003
 0.3300  0.97224613077850952        3.2716266988614250E-003  0.17381522699665083        5.3117629928457386E-004  0.34836912223363165        1.2874636022748261E-003
 0.3500  0.99515297541112235        2.7719353209718976E-003  0.18050543549298431        4.4316178114430752E-004  0.35719413248652299        1.0872765598057578E-003
 0.3700   1.0204815527712316        2.3697214048824331E-003  0.18661113111583713        3.6412412795923307E-004  0.36414929553291542        9.1721297072177763E-004
 0.3900   1.0480387213138485        2.0942485612871881E-003  0.19216699175668528        2.9644667723681417E-004  0.36941061316811263        7.9126047418776675E-004
 0.4100   1.0775825855515606        1.8980462815527453E-003  0.19721785419557070        2.4025378902588175E-004  0.37318955198958664        6.9552730671074571E-004


 # triplet j3
 0.0010  0.85949645719903089        1.6850291142085683E-002   6.2480938085729041E-004   3.6378916628131338E-006   1.3006027790348964E-003   2.5777700088254113E-005
 0.0020  0.85950072861341997        1.6849671038186412E-002   1.2496100436199631E-003   7.2756160393477414E-006   2.6011835572382785E-003   5.1552839307426765E-005
 0.0030  0.85950784589756701        1.6848637396016160E-002   1.8743932724310157E-003   1.0913006171578616E-005   3.9017203446288749E-003   7.7322856786794889E-005
 0.0040  0.85951780669828814        1.6847189636342207E-002   2.4991503559072398E-003   1.4549895781044314E-005   5.2021911713699626E-003   1.0308518934542896E-004
 0.0050  0.85953060710014340        1.6845327641088693E-002   3.1238725893715617E-003   1.8186119576186197E-005   6.5025741025311803E-003   1.2883727570110360E-004
 0.0060  0.85954624250531819        1.6843050576241688E-002   3.7485512770805002E-003   2.1821513609631994E-005   7.8028472448521324E-003   1.5457654980260776E-004
 0.0070  0.85956470730283219        1.6840357670211210E-002   4.3731777344444686E-003   2.5455915581327811E-005   9.1029887583276674E-003   1.8030044425979127E-004
 0.0080  0.85958599464136631        1.6837248253053692E-002   4.9977432902396516E-003   2.9089165192012628E-005   1.0402976869524898E-002   2.0600639198820400E-004
 0.0090  0.85961009693367119        1.6833721126081086E-002   5.6222392888094497E-003   3.2721104447482348E-005   1.1702789876980981E-002   2.3169181886999136E-004
 0.0100  0.85963700530806808        1.6829775376350012E-002   6.2466570922538791E-003   3.6351577973946567E-005   1.3002406167927964E-002   2.5735415282191599E-004
 0.0300  0.86074223792403015        1.6660249232923290E-002   1.8705536912482730E-002   1.0845000642338840E-004   3.8921323466281868E-002   7.6175078553048154E-004
 0.0500  0.86279803209272798        1.6304919871084487E-002   3.1064473560964180E-002   1.7920779584405320E-004   6.4598562408481844E-002   1.2349043021764327E-003
 0.0700  0.86553467758572422        1.5748372329488426E-002   4.3267064107106325E-002   2.4905644464305880E-004   8.9920405943879844E-002   1.6564411409693903E-003
 0.0900  0.86864313350643962        1.5004472942395103E-002   5.5269229736186407E-002   3.1968529700576980E-004  0.11482503001265344        2.0110335499273465E-003
 0.1100  0.87186856194946838        1.4136648555348737E-002   6.7039295227956472E-002   3.9346393177985497E-004  0.13929163699088956        2.2951945050044692E-003
 0.1300  0.87508948814373233        1.3240625746897192E-002   7.8555293700927134E-002   4.7228401303376103E-004  0.16331344321565008        2.5193254230292672E-003
 0.1500  0.87836248047959842        1.2383398678495623E-002   8.9800461492804476E-002   5.5600404380188651E-004  0.18686421257979105        2.6972298730113275E-003
 0.1700  0.88193257167047778        1.1550225980718054E-002  0.10075803329178880        6.4096978412711710E-004  0.20986688532645742        2.8284208573004710E-003
 0.1900  0.88620196454169675        1.0664578258053390E-002  0.11140632385378285        7.1943664199327479E-004  0.23217422885242092        2.8928154965384288E-003
 0.2100  0.89165911547000209        9.6626379289566026E-003  0.12171495430866643        7.8067358796757964E-004  0.25356993636498881        2.8656616826043669E-003
 0.2300  0.89880464681877226        8.5454482758757135E-003  0.13164309047464434        8.1386539261643154E-004  0.27378688551396335        2.7371746443691663E-003
 0.2500  0.90809833434005238        7.3760763032690597E-003  0.14114057529919458        8.1189269739540915E-004  0.29253515531211988        2.5207008521486033E-003
 0.2700  0.91991525226923532        6.2430745630655564E-003  0.15015247565301559        7.7423810362326406E-004  0.30953895272109511        2.2471885534873807E-003
 0.2900  0.93450259295386295        5.2213760694030291E-003  0.15862654662447540        7.0738443885246254E-004  0.32457974954337365        1.9526085460143882E-003
 0.3100  0.95195527007376346        4.3515274231978093E-003  0.16652175704855837        6.2240947895938169E-004  0.33753187707828652        1.6668743445203489E-003
 0.3300  0.97222678488761283        3.6411913801710923E-003  0.17381522699665083        5.3117629928457386E-004  0.34837605426958795        1.4091516031985594E-003
 0.3500  0.99516649312332583        3.0779324123078487E-003  0.18050543549298431        4.4316178114430752E-004  0.35718928058735122        1.1885774245435428E-003
 0.3700   1.0205624523861043        2.6412129939975479E-003  0.18661113111583713        3.6412412795923307E-004  0.36412042955053886        1.0070790672203208E-003
 0.3900   1.0481761692443277        2.3091776053110404E-003  0.19216699175668528        2.9644667723681417E-004  0.36936217214668243        8.6215362818409485E-004
 0.4100   1.0777660388610919        2.0613740806413689E-003  0.19721785419557070        2.4025378902588175E-004  0.37312602905796105        7.4896984538527984E-004


