 # triplet j1
 0.0010  -100.00000000000000        109.13385419880596        6.6281246317636319E-004   5.2341294587068349E-006  -1.1513578619841559E-005   1.2565294340997089E-005
 0.0020  -99.999999999999986        129.05436113003424        1.3266497408893243E-003   1.0563638873304794E-005  -2.3036056441060607E-005   2.9729176937810394E-005
 0.0030  -91.245407993206896        137.57445942191069        1.9915038481562422E-003   1.5989056402850488E-005  -3.7883943718136091E-005   5.7119384582623011E-005
 0.0040  0.73891904407189057        97.509670036319292        2.6573666197414170E-003   2.1510835364870501E-005   6.2398460009365966E-003  0.82342623294976125     
 0.0050  0.72353489521742109        108.05216879442423        3.3242297092366075E-003   2.7129353908344149E-005   7.9686734806535351E-003   1.1900358338099410     
 0.0060  0.71805733211918343        97.334757905325915        3.9920845881672440E-003   3.2844914747202931E-005   9.6389864407166719E-003   1.3065926216824655     
 0.0070  0.71421169445193633        75.874677858890365        4.6609225451244990E-003   3.8657744870555114E-005   1.1310270812575613E-002   1.2015529313243030     
 0.0080  0.70649719308976899        97.450110859519199        5.3307346849229276E-003   4.4567995302529558E-005   1.3072031463992335E-002   1.8030799391276933     
 0.0090  0.70455908540719248        83.850902072453550        6.0015119277839644E-003   5.0575740848651167E-005   1.4751941102001601E-002   1.7556562609407165     
 0.0100  0.70292941897883587        71.190627948073882        6.6732450085454720E-003   5.6680979898234501E-005   1.6435079651477578E-002   1.6644966197228033     
 0.0300  0.68738415967534905       0.27867546341565907        2.0292693711481121E-002   1.9857470169743621E-004   5.0762845162852101E-002   2.0581489071178578E-002
 0.0500  0.67766834947383836        2.1952360585069251E-002   3.4196473609028707E-002   3.7136217430622920E-004   8.6292581077261746E-002   2.8343555033282777E-003
 0.0700  0.67444873394251137        1.7773465319848279E-002   4.8261864653823289E-002   5.5668938941820837E-004  0.12187569990380968        3.2877566013407569E-003
 0.0900  0.67367652446867510        9.1785833306915771E-003   6.2336215163618917E-002   7.2866209572128987E-004  0.15723711027515055        2.3310879455837041E-003
 0.1100  0.67649079031623172        5.8375564744915162E-003   7.6241942475351210E-002   8.6087740017477333E-004  0.19144605792517977        1.9741839268597517E-003
 0.1300  0.68302009829273214        4.3274285597950440E-003   8.9787474487722077E-002   9.3463038966037351E-004  0.22369746817683395        1.8341847260455828E-003
 0.1500  0.69324837478863932        3.5187026557671917E-003  0.10278465071716132        9.4456363013004140E-004  0.25330041390206331        1.7342343626693697E-003
 0.1700  0.70701484533102721        3.0083440604124598E-003  0.11506966212484437        8.9890814713393288E-004  0.27976368810133878        1.6158930399088741E-003
 0.1900  0.72406013985239415        2.6477035057783328E-003  0.12652151905747649        8.1463164667867612E-004  0.30283032123387232        1.4753754635844151E-003
 0.2100  0.74407593395182803        2.3779374560659659E-003  0.13707215094517294        7.1069323564255037E-004  0.32246456732768619        1.3269670805771162E-003
 0.2300  0.76674243825788968        2.1717462502389394E-003  0.14670583309473023        6.0286390710406973E-004  0.33880756998817840        1.1855524968075741E-003
 0.2500  0.79175437132658821        2.0017062085382954E-003  0.15545002578071029        5.0158411051637222E-004  0.35211938247984848        1.0560400296959083E-003
 0.2700  0.81882097321037306        1.8898348405048807E-003  0.16336208579486461        4.1226674131588053E-004  0.36273006750000980        9.5412685680416724E-004
 0.2900  0.84769530120061409        1.7933250833137267E-003  0.17051604809024523        3.3669558288771268E-004  0.37098542723527556        8.6608996295447246E-004
 0.3100  0.87815075750763749        1.7163895696186522E-003  0.17699197565368036        2.7449085345883888E-004  0.37722768028561737        7.9321591529807735E-004
 0.3300  0.90999237028554836        1.6537482790676690E-003  0.18286864140220108        2.2420619406333811E-004  0.38177179148238105        7.3221159633484248E-004
 0.3500  0.94305242868300010        1.6015322556085000E-003  0.18821921579759132        1.8401404958307027E-004  0.38489756354268162        6.8018961975624642E-004
 0.3700  0.97718798801540230        1.5569465205635491E-003  0.19310920462074585        1.5208233296125056E-004  0.38684699495831948        6.3490523506439683E-004
 0.3900   1.0122780920317929        1.5179786686513946E-003  0.19759586485927555        1.2675621495517600E-004  0.38782552527521230        5.9472494986544957E-004
 0.4100   1.0482209571442129        1.4831755207606475E-003  0.20172848448794703        1.0662806398163775E-004  0.38800533828860057        5.5850102034149410E-004


 # triplet j3
 0.0010  0.70251542936405864        1.1803123181731639E-002   6.6281246317636319E-004   5.2341294587068349E-006   1.6389075796191480E-003   2.8285824996234963E-005
 0.0020  0.70181867132684783        1.1745885395781051E-002   1.3266497408893243E-003   1.0563638873304794E-005   3.2823373589518476E-003   5.6467312965398795E-005
 0.0030  0.70112930200609691        1.1689383009717931E-002   1.9915038481562422E-003   1.5989056402850488E-005   4.9302402439357126E-003   8.4547182149694906E-005
 0.0040  0.70044735895064536        1.1633588170633209E-002   2.6573666197414170E-003   2.1510835364870501E-005   6.5825661032905105E-003   1.1252791702198573E-004
 0.0050  0.69977287947444722        1.1578473781826660E-002   3.3242297092366075E-003   2.7129353908344149E-005   8.2392637682338673E-003   1.4041177310029386E-004
 0.0060  0.69910590061575761        1.1524013600624584E-002   3.9920845881672440E-003   3.2844914747202931E-005   9.9002810330420955E-003   1.6820078328734625E-004
 0.0070  0.69844645850574738        1.1470182150044703E-002   4.6609225451244990E-003   3.8657744870555114E-005   1.1565564666247693E-002   1.9589676305740782E-004
 0.0080  0.69779458948204587        1.1416954672964668E-002   5.3307346849229276E-003   4.4567995302529558E-005   1.3235060398142214E-002   2.2350131456839379E-004
 0.0090  0.69715032890472861        1.1364307235764612E-002   6.0015119277839644E-003   5.0575740848651167E-005   1.4908712941634992E-002   2.5101583445557836E-004
 0.0100  0.69651371207360258        1.1312216606613024E-002   6.6732450085454720E-003   5.6680979898234501E-005   1.6586465980533656E-002   2.7844151695656738E-004
 0.0300  0.68543799928051863        1.0357428795483525E-002   2.0292693711481121E-002   1.9857470169743621E-004   5.0906975833880777E-002   8.0855846889575742E-004
 0.0500  0.67824559577204291        7.7539592808037730E-003   3.4196473609028707E-002   3.7136217430622920E-004   8.6219138546562130E-002   1.0912165816535950E-003
 0.0700  0.67366431163007834        6.9178698229357830E-003   4.8261864653823289E-002   5.5668938941820837E-004  0.12201761334155230        1.4370930336122403E-003
 0.0900  0.67285815423307382        6.1821090349045748E-003   6.2336215163618917E-002   7.2866209572128987E-004  0.15742835143076647        1.7142768806332057E-003
 0.1100  0.67590468575783880        5.1378326786176969E-003   7.6241942475351210E-002   8.6087740017477333E-004  0.19161206862106731        1.8143081821701144E-003
 0.1300  0.68258469144482070        4.5431101052972661E-003   8.9787474487722077E-002   9.3463038966037351E-004  0.22384016022768918        1.8912527683235727E-003
 0.1500  0.69296019444203216        4.0105902817998366E-003  0.10278465071716132        9.4456363013004140E-004  0.25340575357620260        1.8726213589369660E-003
 0.1700  0.70682751979236125        3.5361285533897025E-003  0.11506966212484437        8.9890814713393288E-004  0.27983783190885231        1.7761319863571897E-003
 0.1900  0.72393037104638425        3.1204348895266520E-003  0.12652151905747649        8.1463164667867612E-004  0.30288460536226619        1.6295012896138542E-003
 0.2100  0.74397920413573193        2.7643547029760226E-003  0.13707215094517294        7.1069323564255037E-004  0.32250649314781898        1.4611539490069836E-003
 0.2300  0.76667139747442903        2.4665219699540560E-003  0.14670583309473023        6.0286390710406973E-004  0.33883896434473543        1.2934566705167334E-003
 0.2500  0.79170877377860349        2.2228764188305895E-003  0.15545002578071029        5.0158411051637222E-004  0.35213966238701983        1.1403008515981179E-003
 0.2700  0.81881045684807729        2.0272630611073007E-003  0.16336208579486461        4.1226674131588053E-004  0.36273472621042746        1.0079906522787513E-003
 0.2900  0.84772073484195243        1.8724206646927968E-003  0.17051604809024523        3.3669558288771268E-004  0.37097429678876143        8.9752764994626257E-004
 0.3100  0.87821273616540918        1.7509160311085783E-003  0.17699197565368036        2.7449085345883888E-004  0.37720105796014242        8.0691425541270275E-004
 0.3300  0.91008906714868498        1.6558241670240849E-003  0.18286864140220108        2.2420619406333811E-004  0.38173122827158890        7.3288904420908997E-004
 0.3500  0.94318045994871180        1.5811205251835411E-003  0.18821921579759132        1.8401404958307027E-004  0.38484531593543964        6.7201244992203132E-004
 0.3700  0.97734326808406569        1.5218315266062649E-003  0.19310920462074585        1.5208233296125056E-004  0.38678553279870681        6.2122746312889864E-004
 0.3900   1.0124564534906462        1.4740162059016083E-003  0.19759586485927555        1.2675621495517600E-004  0.38775720319950213        5.7806625182159994E-004
 0.4100   1.0484185147149685        1.4346507318431006E-003  0.20172848448794703        1.0662806398163775E-004  0.38793222493644525        5.4065453486376494E-004


