# triplet j1 / nf 2 / mode 2 / nplat  5 / jkb  20 / start     1 / nmeas 10000
 0.0010  0.78434939407608173        9.6059405040164969E-002   5.7671327415931121E-004   1.8890692298362921E-005   1.3692583760076618E-003   1.6918614471684069E-004
 0.0020  0.80602988480298154        9.5034300844689373E-003   1.1534216344835783E-003   3.7778902211728811E-005   2.6648507955348180E-003   5.3775624423149579E-005
 0.0030  0.80610374608996593        9.5017159324730059E-003   1.7301201672120200E-003   5.6662147979341780E-005   3.9968957430812913E-003   8.0642830957357940E-005
 0.0040  0.80613941012119517        9.5020774637500968E-003   2.3068039587329139E-003   7.5537949086306702E-005   5.3289320715779230E-003   1.0750810327604742E-004
 0.0050  0.80616713902049009        9.5017756096408331E-003   2.8834680956578464E-003   9.4403826889614801E-005   6.6608934069251544E-003   1.3436030052006679E-004
 0.0060  0.80619418199912574        9.5008833991267923E-003   3.4601076648962796E-003   1.1325730523691207E-004   7.9927415421444051E-003   1.6119476055181535E-004
 0.0070  0.80622298906951673        9.4995330882792720E-003   4.0367177537296286E-003   1.3209591109143015E-004   9.3244458776506195E-003   1.8800771321848703E-004
 0.0080  0.80625457612987661        9.4978034876321612E-003   4.6132934498857251E-003   1.5091717514739841E-004   1.0655978586833705E-002   2.1479556590838484E-004
 0.0090  0.80628942648264712        9.4957390715717759E-003   5.1898298416128835E-003   1.6971863245150248E-004   1.1987313058247422E-002   2.4155477017732754E-004
 0.0100  0.80632779412128364        9.4933657138573258E-003   5.7663220177542121E-003   1.8849782301843458E-004   1.3318423285448570E-002   2.6828179214398679E-004
 0.0200  0.80692072805853243        9.4544836809800532E-003   1.1527732040186343E-002   3.7452863642659161E-004   2.6611604500967223E-002   5.3301105431903604E-004
 0.0400  0.80928338023496416        9.3004974772667726E-003   2.3016212393690824E-002   7.2968790861269877E-004   5.3022634220489397E-002   1.0381414135019053E-003
 0.0600  0.81323130138391386        9.0542377352754427E-003   3.4426422200339507E-002   1.0479993176790859E-003   7.9035550385647732E-002   1.4904704998968540E-003
 0.0800  0.81878065642856734        8.7299433365215819E-003   4.5719794816928727E-002   1.3154710422381055E-003  0.10445868484905842        1.8704948270268638E-003
 0.1000  0.82595044547638163        8.3445199255244573E-003   5.6858418506476487E-002   1.5226735377745250E-003  0.12910955789309206        2.1656661243770782E-003
 0.1200  0.83476657922884068        7.6492618910934231E-003   6.7805235230070163E-002   1.6651853148958585E-003  0.15281717994241437        2.3413732088290919E-003
 0.1400  0.84543992790920597        7.1126695990728671E-003   7.8524263621925813E-002   1.7434236634263738E-003  0.17538732217475844        2.4429533483249300E-003
 0.1600  0.85777864106332302        6.5758356448249100E-003   8.8980882239664535E-002   1.7619748492042494E-003  0.19671981843717234        2.4632942029858751E-003
 0.1800  0.87177814204859472        6.0553775910648687E-003   9.9142205792577529E-002   1.7285948393275245E-003  0.21670780994170072        2.4155511427053503E-003
 0.2000  0.88742516606204702        5.5624758947519608E-003  0.10897757145333786        1.6530635800962976E-003  0.23527014378907615        2.3149028985685804E-003
 0.2200  0.90464202176845554        4.7838044796713825E-003  0.11845912712165187        1.5460541456739194E-003  0.25236774370511461        2.1197116946489901E-003
 0.2400  0.92371832376034224        4.3128848336042276E-003  0.12756248407973211        1.4181379590848303E-003  0.26788139003894940        1.9446427520099158E-003
 0.2600  0.94446881945796113        3.6898226932401803E-003  0.13626737018743335        1.2790020378720466E-003  0.28184477260785262        1.7210306426836128E-003
 0.2800  0.96670371755638751        3.3404643307632059E-003  0.14455820409052347        1.1369122655822835E-003  0.29432150587290096        1.5407426638322532E-003
 0.3000  0.97708618908636635        4.5514014564917204E-003  0.15242451116255007        9.9842194039377889E-004  0.30950677211082644        1.7624163519017646E-003
 0.3200   1.0034939178666253        4.1805079389176112E-003  0.15986111910127060        8.6829854679805105E-004  0.31874741167424453        1.5851291990821733E-003
 0.3400   1.0310423604754582        3.8454144773640317E-003  0.16686810131264207        7.4962417272614757E-004  0.32671164164829064        1.4224314389453820E-003
 0.3600   1.0596688917156905        3.5441415391828743E-003  0.17345047180383488        6.4401630797293922E-004  0.33349076030741892        1.2756932255003374E-003
 0.3800   1.0893149597508081        3.2743901652709634E-003  0.17961766769054346        5.5191544793260577E-004  0.33917814031072474        1.1449934422145488E-003
 0.4000   1.1199261587217617        3.0337294396876689E-003  0.18538287795434813        4.7289248387108598E-004  0.34386693266429030        1.0295769151569528E-003


# triplet j3 / nf 2 / mode 2 / nplat  5 / jkb  20 / start     1 / nmeas 10000
 0.0010  0.80924100419022948        1.1213624762124555E-002   5.7671327415931121E-004   1.8890692298362921E-005   1.3271410766312922E-003   2.8471762033208825E-005
 0.0020  0.80924672213523174        1.1213032237460183E-002   1.1534216344835783E-003   3.7778902211728811E-005   2.6542577448748976E-003   5.6939538176243877E-005
 0.0030  0.80925625212708663        1.1212044836789765E-002   1.7301201672120200E-003   5.6662147979341780E-005   3.9813255971272912E-003   8.5399343766013431E-005
 0.0040  0.80926959429037593        1.1210662771464026E-002   2.3068039587329139E-003   7.5537949086306702E-005   5.3083202273584212E-003   1.1384719659421227E-004
 0.0050  0.80928674880013163        1.1208886336392998E-002   2.8834680956578464E-003   9.4403826889614801E-005   6.6352172318930027E-003   1.4227911813169142E-004
 0.0060  0.80930771588117589        1.1206715910905383E-002   3.4601076648962796E-003   1.1325730523691207E-004   7.9619922101985940E-003   1.7069113475163858E-004
 0.0070  0.80933249580791233        1.1204151958371910E-002   4.0367177537296286E-003   1.3209591109143015E-004   9.2886207656743391E-003   1.9907927895388105E-004
 0.0080  0.80936108890525393        1.1201195025834583E-002   4.6132934498857251E-003   1.5091717514739841E-004   1.0615078506427169E-002   2.2743959057730683E-004
 0.0090  0.80939349554693119        1.1197845743919452E-002   5.1898298416128835E-003   1.6971863245150248E-004   1.1941341046076939E-002   2.5576811801790070E-004
 0.0100  0.80942971615711867        1.1194104826146809E-002   5.7663220177542121E-003   1.8849782301843458E-004   1.3267384004523909E-002   2.8406091943241355E-004
 0.0200  0.81000181914479863        1.1135371608079916E-002   1.1527732040186343E-002   3.7452863642659161E-004   2.6510379077170347E-002   5.6416617212471200E-004
 0.0400  0.81229393257185234        1.0906588298032965E-002   2.3016212393690824E-002   7.2968790861269877E-004   5.2826119869021748E-002   1.0974046986984788E-003
 0.0600  0.81612698938235195        1.0546106287950004E-002   3.4426422200339507E-002   1.0479993176790859E-003   7.8755125528145023E-002   1.5724544452310979E-003
 0.0800  0.82151917020860055        1.0081599226828150E-002   4.5719794816928727E-002   1.3154710422381055E-003  0.10411047441371259        1.9686602794374351E-003
 0.1000  0.82849351584462394        9.5453645396328946E-003   5.6858418506476487E-002   1.5226735377745250E-003  0.12871325462136390        2.2736562544057488E-003
 0.1200  0.83707533115741073        8.9693994235700621E-003   6.7805235230070163E-002   1.6651853148958585E-003  0.15239569223900440        2.4835962436535889E-003
 0.1400  0.81269730402434170        9.9873351874918762E-003   7.8524263621925813E-002   1.7434236634263738E-003  0.18245347226004238        3.0215674362273465E-003
 0.1600  0.82766031908538040        9.2418200752864780E-003   8.8980882239664535E-002   1.7619748492042494E-003  0.20387839629152754        3.0425807527212656E-003
 0.1800  0.84434833389595065        8.5061151519499941E-003   9.9142205792577529E-002   1.7285948393275245E-003  0.22374785895139415        2.9808749313726085E-003
 0.2000  0.86268050388310957        7.7977670496287331E-003  0.10897757145333786        1.6530635800962976E-003  0.24201850567119368        2.8556842451771466E-003
 0.2200  0.88257541448660015        7.1291784855976072E-003  0.11845912712165187        1.5460541456739194E-003  0.25867757264385544        2.6861869120890880E-003
 0.2400  0.90395245112493239        6.5080552109730693E-003  0.12756248407973211        1.4181379590848303E-003  0.27373889883857394        2.4898450721125226E-003
 0.2600  0.92673290161581212        5.9381801305077820E-003  0.13626737018743335        1.2790020378720466E-003  0.28723874936479776        2.2813720953060641E-003
 0.2800  0.95084079766719232        5.4203211985040436E-003  0.14455820409052347        1.1369122655822835E-003  0.29923168482271428        2.0722709303996160E-003
 0.3000  0.99029342001003262        3.3380572013851154E-003  0.15242451116255007        9.9842194039377889E-004  0.30537897793476815        1.4352371623232909E-003
 0.3200   1.0151950476045311        3.0111936360902401E-003  0.15986111910127060        8.6829854679805105E-004  0.31507353163865665        1.2671050983732572E-003
 0.3400   1.0304219914995694        4.1591471075534039E-003  0.16686810131264207        7.4962417272614757E-004  0.32690833947521231        1.5100678604735198E-003
 0.3600   1.0591521211461294        3.8251807885360698E-003  0.17345047180383488        6.4401630797293922E-004  0.33365347367663817        1.3548890149482937E-003
 0.3800   1.0888859919832004        3.5282319236000165E-003  0.17961766769054346        5.5191544793260577E-004  0.33931175989141699        1.2167742269269327E-003
 0.4000   1.1195711117887981        3.2647178465889386E-003  0.18538287795434813        4.7289248387108598E-004  0.34397598236957877        1.0947992247424536E-003


