# triplet j1 / nf 6 / mode 2 / nplat  5 / jkb  20 / start     1 / nmeas 10000
 0.0010   1.7334407645232588        1.2748777354436513        4.8024790986187302E-004   3.0490246613714506E-006   5.6537777722353764E-004   4.1581706692142670E-004
 0.0020   1.2683570232078940       0.16346339229755238        9.6049240076805185E-004   6.0979979024477773E-006   1.5453805579700749E-003   1.9922605498209726E-004
 0.0030   1.2685959536103539        7.9547074930374592E-002   1.4407300539636763E-003   9.1468683411590413E-006   2.3176273712396263E-003   1.4551249961711679E-004
 0.0040   1.2634585809956129        3.5388475331646400E-002   1.9209574510959690E-003   1.2195584662157937E-005   3.1027219412307024E-003   8.7461118845359574E-005
 0.0050   1.2651463015874407        3.2331017857787504E-002   2.4011711744149249E-003   1.5244095672476792E-005   3.8732079116137073E-003   9.9741118566373021E-005
 0.0060   1.2659544690960329        3.1278599141371891E-002   2.8813678069741365E-003   1.8292350308547507E-005   4.6448520643178485E-003   1.1570600970535865E-004
 0.0070   1.2663900191780761        3.0874931731015031E-002   3.3615439328312019E-003   2.1340297712508365E-005   5.4170885467939552E-003   1.3318471947087917E-004
 0.0080   1.2666522952247836        3.0709033341164555E-002   3.8416961372481325E-003   2.4387887220844591E-005   6.1896213571599997E-003   1.5134333478439966E-004
 0.0090   1.2668258157371350        3.0638973368614306E-002   4.3218210068912185E-003   2.7435068445192653E-005   6.9623000463130613E-003   1.6983143699979720E-004
 0.0100   1.2669502626075089        3.0610100649036097E-002   4.8019151300308779E-003   3.0481791287381313E-005   7.7350419245652549E-003   1.8848784353941246E-004
 0.0200   1.2675695357840597        3.0596394261026266E-002   9.6004162676045848E-003   6.0913064866080556E-005   1.5459777342221691E-002   3.7637484172073045E-004
 0.0400   1.2733130038487064        3.2954862261525691E-002   1.9173639784911708E-002   1.2144328257774103E-004   3.0758283896970905E-002   8.0199872010217076E-004
 0.0600   1.2791771636151736        3.4147869389113281E-002   2.8693101150874541E-002   1.8131510224653197E-004   4.5872105041535514E-002   1.2331115084179452E-003
 0.0800   1.2821118422932551        3.3545365951097250E-002   3.8133420848152640E-002   2.4043961353512945E-004   6.0923797081626783E-002   1.6055491699180410E-003
 0.1000   1.2861277362824399        3.2592610228523236E-002   4.7470872289581675E-002   2.9894668537495738E-004   7.5760790873388967E-002   1.9346674957019354E-003
 0.1200   1.2910615140662804        3.1367997995295473E-002   5.6683712431892845E-002   3.5716357238261876E-004   9.0341610570069841E-002   2.2133419292160858E-003
 0.1400   1.2967982161886675        2.9927054209353550E-002   6.5752372153106586E-002   4.1554489419536652E-004  0.10463146929722952        2.4371789153654357E-003
 0.1600   1.2920745266514815        2.5284484040947401E-002   7.4659518703985212E-002   4.7456511290084073E-004  0.11962722202400976        2.3716469577318858E-003
 0.1800   1.2976228046936353        2.3993313509926954E-002   8.3390018035390520E-002   5.3458709632827207E-004  0.13352414783890773        2.5057112990407361E-003
 0.2000   1.3034051093989540        2.2734545920269501E-002   9.1930833421496716E-002   5.9572301778564312E-004  0.14712320432702125        2.6100841811328322E-003
 0.2200   1.3093690053867335        2.1586164382757331E-002  0.10027089761329731        6.5770886426413174E-004  0.16041749608049211        2.6964554990804909E-003
 0.2400   1.3147331895808483        2.2159476745917193E-002  0.10840098897276516        7.1981862729960050E-004  0.17350005401792362        2.9804942274130686E-003
 0.2600   1.3208133661293000        2.0871305198441263E-002  0.11631362894672552        7.8084322643933997E-004  0.18619821768410061        3.0079264165020813E-003
 0.2800   1.3272432048463443        1.9756535463675829E-002  0.12400300131090057        8.3914868101386039E-004  0.19854529566344151        3.0308153983445970E-003
 0.3000   1.3341502173270883        1.8778235809526266E-002  0.13146487646289656        8.9280981506187752E-004  0.21051146941324708        3.0479660165703658E-003
 0.3200   1.3416831235887663        1.7870895568843415E-002  0.13869651096337254        9.3979613076786064E-004  0.22206125914137281        3.0519833098246502E-003
 0.3400   1.3758793376272711        1.4073318607571566E-002  0.14569648754381687        9.7817250701753432E-004  0.22876977690290942        2.4627883960770718E-003
 0.3600   1.3810504183736809        1.2198964015785742E-002  0.15246446652329354        1.0062739119723304E-003  0.23990595800178141        2.2621736997796636E-003
 0.3800   1.3864975743634782        1.2250171681328402E-002  0.15900083629520342        1.0228221119121218E-003  0.25071908045851254        2.3574049893165757E-003
 0.4000   1.3944650247911712        1.1577266039479176E-002  0.16530627589963257        1.0269721457499602E-003  0.26078465817407143        2.3116922519317035E-003


# triplet j3 / nf 6 / mode 2 / nplat  5 / jkb  20 / start     1 / nmeas 10000
 0.0010   1.2753716935112731        3.8426126073733566E-002   4.8024790986187302E-004   3.0490246613714506E-006   7.6844177378331241E-004   2.3280805676197934E-005
 0.0020   1.2753752637957965        3.8425177803197631E-002   9.6049240076805185E-004   6.0979979024477773E-006   1.5368765098960819E-003   4.6560130322036570E-005
 0.0030   1.2753812143062928        3.8423597323471288E-002   1.4407300539636763E-003   9.1468683411590413E-006   2.3052971708779580E-003   6.9836492925946493E-005
 0.0040   1.2753895450965986        3.8421384591244050E-002   1.9209574510959690E-003   1.2195584662157937E-005   3.0736967196907531E-003   9.3108412513076517E-005
 0.0050   1.2754002562425473        3.8418539546209322E-002   2.4011711744149249E-003   1.5244095672476792E-005   3.8420681199278460E-003   1.1637440816641906E-004
 0.0060   1.2754133478408480        3.8415062110668599E-002   2.8813678069741365E-003   1.8292350308547507E-005   4.6104043360277501E-003   1.3963299904269077E-004
 0.0070   1.2754288200092545        3.8410952190251230E-002   3.3615439328312019E-003   2.1340297712508365E-005   5.3786983334859536E-003   1.6288270439719472E-004
 0.0080   1.2754466728860547        3.8406209672971169E-002   3.8416961372481325E-003   2.4387887220844591E-005   6.1469430790694213E-003   1.8612204359612223E-004
 0.0090   1.2754669066298183        3.8400834430711073E-002   4.3218210068912185E-003   2.7435068445192653E-005   6.9151315410311085E-003   2.0934953614630932E-004
 0.0100   1.2754895214191240        3.8394826318584450E-002   4.8019151300308779E-003   3.0481791287381313E-005   7.6832566893254807E-003   2.3256370171218066E-004
 0.0200   1.2758466789304805        3.8299894043259987E-002   9.6004162676045848E-003   6.0913064866080556E-005   1.5359480972613526E-002   4.6364686084605390E-004
 0.0400   1.2772766162718516        3.7918984015142702E-002   1.9173639784911708E-002   1.2144328257774103E-004   3.0662835569947974E-002   9.1546381247130512E-004
 0.0600   1.2796625898249168        3.7280661158024107E-002   2.8693101150874541E-002   1.8131510224653197E-004   4.5854703952951457E-002   1.3437274280965047E-003
 0.0800   1.2830019429035839        3.6382452118503286E-002   3.8133420848152640E-002   2.4043961353512945E-004   6.0881530342074407E-002   1.7370713490845241E-003
 0.1000   1.2872779273604431        3.5226667981209332E-002   4.7470872289581675E-002   2.9894668537495738E-004   7.5693098121207850E-002   2.0850266021543978E-003
 0.1200   1.2924485852499312        3.3826386316505919E-002   5.6683712431892845E-002   3.5716357238261876E-004   9.0244654879811481E-002   2.3789632669751720E-003
 0.1400   1.2984364271057096        3.2212300296981466E-002   6.5752372153106586E-002   4.1554489419536652E-004  0.10449945789359773        2.6134232694477880E-003
 0.1600   1.3051226636372377        3.0438185774342697E-002   7.4659518703985212E-002   4.7456511290084073E-004  0.11843123300038445        2.7875922936759739E-003
 0.1800   1.3123493213102124        2.8581291668525560E-002   8.3390018035390520E-002   5.3458709632827207E-004  0.13202580776288222        2.9063284971156075E-003
 0.2000   1.3199303112431320        2.6733489326753769E-002   9.1930833421496716E-002   5.9572301778564312E-004  0.14528125810701475        2.9798984257103965E-003
 0.2200   1.3070015238090005        2.3129029208561636E-002  0.10027089761329731        6.5770886426413174E-004  0.16070807375756307        2.8923592768762504E-003
 0.2400   1.3130270845144272        2.1925593610851678E-002  0.10840098897276516        7.1981862729960050E-004  0.17372549439510654        2.9577431612176617E-003
 0.2600   1.3193109482814842        2.0904462685850601E-002  0.11631362894672552        7.8084322643933997E-004  0.18641025831473776        3.0192162070474572E-003
 0.2800   1.3252691528079585        2.1627180244769399E-002  0.12400300131090057        8.3914868101386039E-004  0.19884103841485612        3.3139182393621502E-003
 0.3000   1.3321690956852599        2.0317258993873561E-002  0.13146487646289656        8.9280981506187752E-004  0.21082452939133728        3.2940697829405190E-003
 0.3200   1.3397262230879710        1.9128996972244523E-002  0.13869651096337254        9.3979613076786064E-004  0.22238561779147026        3.2634494653099575E-003
 0.3400   1.3753080431560376        1.4782227915673249E-002  0.14569648754381687        9.7817250701753432E-004  0.22886480645601961        2.5770898256576922E-003
 0.3600   1.3806896294921716        1.3510358867329205E-002  0.15246446652329354        1.0062739119723304E-003  0.23996864797960557        2.4780851735186488E-003
 0.3800   1.3868422607964290        1.2970843725190438E-002  0.15900083629520342        1.0228221119121218E-003  0.25065676661939840        2.4790946593588308E-003
 0.4000   1.3949664330451075        1.2269879578251722E-002  0.16530627589963257        1.0269721457499602E-003  0.26069092145251965        2.4317788396229201E-003


