# triplet j1 / nf 0 / mode 2 / nplat  5 / jkb  20 / start     1 / nmeas 10000
 0.0010  0.15277052971374575        5.7443960517949734E-003   5.8676159954605502        4.9561328756499226E-002  0.70909799149436148        2.6830777598354519E-002
 0.0020  0.17191145212124673        5.5668186465842135E-003   3.0657658282438507        2.5362121496579435E-002  0.64416136939902513        2.1028652417452880E-002
 0.0030  0.18355323421880848        5.8958976884961349E-003   2.1068912871110266        1.6787585266360115E-002  0.61254027272671263        1.9826114293993398E-002
 0.0040  0.19149485680780887        6.3381423397942619E-003   1.6189876011965645        1.2380153826711468E-002  0.59430535125532091        1.9801269105670108E-002
 0.0050  0.19769235757645109        6.7334032590869401E-003   1.3223014040977554        9.7293606337295873E-003  0.58166823685585733        1.9926860447748055E-002
 0.0060  0.19746895067947715        2.8723084541451556E-003   1.1223700571039512        7.9834280880675037E-003  0.58770561577061120        8.8003652889013968E-003
 0.0070  0.20286539467226933        2.9827297668541934E-003  0.97828343326221257        6.7596865859188672E-003  0.57688387149022347        8.7129390646657149E-003
 0.0080  0.20785895955525541        2.9486060423753722E-003  0.86940236065407439        5.8607560295540449E-003  0.56741609395977877        8.2732347414346073E-003
 0.0090  0.21252614110315740        2.9052730793365663E-003  0.78417111378922333        5.1753501140912412E-003  0.55902253596938212        7.8614428219987726E-003
 0.0100  0.21692747802861378        2.8608826056672827E-003  0.71560865303158139        4.6366405240023979E-003  0.55149073697050166        7.4893964088813790E-003
 0.0200  0.25299998660325068        4.5354843294773319E-003  0.40260801145597358        2.3202130906870119E-003  0.50159211846905649        9.1073669551045150E-003
 0.0400  0.30808665008692648        6.5015014949516160E-003  0.24636649531655558        1.2458637011418486E-003  0.45568311480406459        9.6849848057031611E-003
 0.0600  0.35678296700122392        6.0993596515685634E-003  0.19860452562081926        9.1941880471871470E-004  0.43269420674209147        7.4645919371634653E-003
 0.0800  0.40163377022808799        5.7088493841179486E-003  0.17856063621392285        7.6052957709949159E-004  0.42084544558265263        6.0486918537499094E-003
 0.1000  0.44392265592827618        4.7869271332198135E-003  0.16958404663504892        6.6122607103591240E-004  0.41485868347738802        4.5460476250864254E-003
 0.1200  0.48463583387351356        4.5132794484641931E-003  0.16601942712219916        5.8923902128958942E-004  0.41187890898804064        3.9047348394670258E-003
 0.1400  0.52439461372902940        4.2632933931046639E-003  0.16541446567887552        5.3231882518817272E-004  0.41040017439473775        3.4012457149120013E-003
 0.1600  0.56356386986643903        4.0362776316220129E-003  0.16653691236027385        4.8498511291729108E-004  0.40962560961653804        2.9937798879131994E-003
 0.1800  0.60237384679891492        3.8304917065421474E-003  0.16870365591029055        4.4441209563001854E-004  0.40911687139990049        2.6567930756875822E-003
 0.2000  0.64097507613965854        3.6434595140076415E-003  0.17150881744884841        4.0894688182011545E-004  0.40863172340541126        2.3733024204551736E-003
 0.2200  0.67947156313320123        3.0661252256541814E-003  0.17469874873269481        3.7751832222641653E-004  0.40803737956355829        1.8933212093301230E-003
 0.2400  0.71796163129029822        2.5957295137420235E-003  0.17810892614682808        3.4937832003265046E-004  0.40725106212268541        1.5255994463113311E-003
 0.2600  0.75649868980042845        2.0662543517792988E-003  0.18162969538357776        3.2397705816099683E-004  0.40624396180433747        1.1672449809117193E-003
 0.2800  0.79510665432973426        2.0102876717422529E-003  0.18518656757458410        3.0089631381179007E-004  0.40501710628057397        1.0755809767401348E-003
 0.3000  0.83378247647675663        1.9565453500869920E-003  0.18872833598164748        2.7981015105197314E-004  0.40359094815522517        9.9319581231826722E-004
 0.3200  0.87255325037050091        1.9047597095085442E-003  0.19221962163143574        2.6045976652301384E-004  0.40197302062392970        9.1878605523705234E-004
 0.3400  0.91144189890540028        1.8548155960723548E-003  0.19563603979003918        2.4263640890545934E-004  0.40017494933831654        8.5134021900976477E-004
 0.3600  0.95046824862316359        1.8066757911938923E-003  0.19896097644445779        2.2616928884980065E-004  0.39821038938051156        7.9004327981487758E-004
 0.3800  0.98964979780011664        1.7603349649007196E-003  0.20218338622689941        2.1091679610107857E-004  0.39609374924378815        7.3421713376340032E-004
 0.4000   1.0290249944141812        1.6228395717096766E-003  0.20529625680014901        1.9676001657691896E-004  0.39383071625211508        6.4913732594023784E-004


# triplet j3 / nf 0 / mode 2 / nplat  5 / jkb  20 / start     1 / nmeas 10000
 0.0010  0.13988485458946920        6.1546773579792538E-003   5.8676159954605502        4.9561328756499226E-002  0.77441747426816865        3.4229559070578092E-002
 0.0020  0.15794717763888741        6.5187101065684785E-003   3.0657658282438507        2.5362121496579435E-002  0.70111234698335501        2.9080890007631560E-002
 0.0030  0.17042328840100179        6.3617138154953888E-003   2.1068912871110266        1.6787585266360115E-002  0.65973230069182376        2.4766940725763045E-002
 0.0040  0.18058671442860266        6.6316002555944879E-003   1.6189876011965645        1.2380153826711468E-002  0.63020371403759667        2.3267770319240211E-002
 0.0050  0.18856276173652842        6.1670472815477523E-003   1.3223014040977554        9.7293606337295873E-003  0.60983072167793695        2.0070631881762401E-002
 0.0060  0.19552877541099414        6.1402612345507228E-003   1.1223700571039512        7.9834280880675037E-003  0.59353724796116702        1.8758218370279741E-002
 0.0070  0.20164908591640385        6.1415569195508524E-003  0.97828343326221257        6.7596865859188672E-003  0.58036352477415665        1.7789292813805591E-002
 0.0080  0.20712034278633945        6.1545023976642852E-003  0.86940236065407439        5.8607560295540449E-003  0.56943956995597211        1.7029189026669510E-002
 0.0090  0.21078949508903833        6.0829586227790066E-003  0.78417111378922333        5.1753501140912412E-003  0.56362819365874606        1.6371164179259323E-002
 0.0100  0.21531572967580292        6.0261595168126436E-003  0.71560865303158139        4.6366405240023979E-003  0.55561892717862527        1.5654243699018012E-002
 0.0200  0.25335842109201773        5.5567883688575452E-003  0.40260801145597358        2.3202130906870119E-003  0.50088249960666331        1.1080018008701930E-002
 0.0400  0.30972396144182590        4.8390780758442338E-003  0.24636649531655558        1.2458637011418486E-003  0.45327421129323703        7.1740237254307162E-003
 0.0600  0.36125312171119872        1.9060362669458704E-003  0.19860452562081926        9.1941880471871470E-004  0.42734003834879175        2.4621571265222553E-003
 0.0800  0.40456957063241250        1.7753288685113371E-003  0.17856063621392285        7.6052957709949159E-004  0.41779153762964383        2.0378410180954334E-003
 0.1000  0.44385253587053713        4.0412738001895368E-003  0.16958404663504892        6.6122607103591240E-004  0.41492422307103238        3.8635135032986036E-003
 0.1200  0.48288935918590226        2.7880428838009653E-003  0.16601942712219916        5.8923902128958942E-004  0.41336855889484597        2.4968446126913462E-003
 0.1400  0.52297396951959163        2.5838001845016434E-003  0.16541446567887552        5.3231882518817272E-004  0.41151501502789911        2.1382338138004270E-003
 0.1600  0.56249031529453708        2.4330843113212178E-003  0.16653691236027385        4.8498511291729108E-004  0.41040741053650887        1.8731240771324015E-003
 0.1800  0.60162204289172982        2.3184391077882703E-003  0.16870365591029055        4.4441209563001854E-004  0.40962811540441768        1.6682202515445326E-003
 0.2000  0.64050045739217831        2.2270083799166372E-003  0.17150881744884841        4.0894688182011545E-004  0.40893452455801776        1.5031195722122847E-003
 0.2200  0.67922267749850684        2.1502680953269459E-003  0.17469874873269481        3.7751832222641653E-004  0.40818689554050669        1.3654199091695774E-003
 0.2400  0.71786252209106560        2.0829164653180009E-003  0.17810892614682808        3.4937832003265046E-004  0.40730728782804199        1.2475164733162561E-003
 0.2600  0.75647736986575742        2.0217881230559214E-003  0.18162969538357776        3.2397705816099683E-004  0.40625541104931318        1.1446311165672930E-003
 0.2800  0.79511270443070559        1.9650427825324596E-003  0.18518656757458410        3.0089631381179007E-004  0.40501402446038109        1.0536470926875323E-003
 0.3000  0.83380525177258791        1.9116274620242508E-003  0.18872833598164748        2.7981015105197314E-004  0.40357992411427612        9.7243475578414804E-004
 0.3200  0.87258521146954671        1.8609426746558379E-003  0.19221962163143574        2.6045976652301384E-004  0.40195829713405495        8.9946433727458878E-004
 0.3400  0.91149547200490788        2.0339741938931641E-003  0.19563603979003918        2.4263640890545934E-004  0.40015142907624196        9.2676372269961970E-004
 0.3600  0.95051396668044930        1.9826431685359578E-003  0.19896097644445779        2.2616928884980065E-004  0.39819123615811647        8.6085604590646831E-004
 0.3800  0.98968485156767638        1.7224517639018644E-003  0.20218338622689941        2.1091679610107857E-004  0.39607971995133623        7.1963132425260240E-004
 0.4000   1.0290356020978038        1.5917224057404268E-003  0.20529625680014901        1.9676001657691896E-004  0.39382665649788468        6.3773936138713746E-004


