# triplet j1 / nf 5 / mode 2 / nplat  5 / jkb  20 / start     1 / nmeas 10000
 0.0010   1.2587540004675530       0.45483452543763814        4.8258789676069530E-004   3.4641727140609844E-006   7.8048102117364300E-004   2.8203066426313723E-004
 0.0020   1.2289953955812019       0.11097088189875341        9.6517238430726150E-004   6.9282878559108153E-006   1.5987559858007790E-003   1.4447203588946060E-004
 0.0030   1.2256966446429480        3.3110949100400917E-002   1.4477500606114432E-003   1.0392290824474105E-005   2.4045810703219117E-003   6.5528124518622369E-005
 0.0040   1.2265037769212597        2.7629318376842110E-002   1.9303175315977291E-003   1.3856130263019466E-005   3.2039850509907254E-003   7.3086148709127326E-005
 0.0050   1.2270482897829522        2.6109064668892928E-002   2.4128714112659475E-003   1.7319758051058572E-005   4.0031829139577603E-003   8.6382719958030598E-005
 0.0060   1.2273674804203620        2.5615783442899207E-002   2.8954083218120453E-003   2.0783129315318769E-005   4.8025392161299965E-003   1.0170264490156971E-004
 0.0070   1.2275656101764709        2.5439056900170825E-002   3.3779248937464896E-003   2.4246202415833875E-005   5.6020154086839965E-003   1.1781963041349187E-004
 0.0080   1.2276983321867658        2.5373766793625963E-002   3.8604177660109032E-003   2.7708938929858742E-005   6.4015549576028749E-003   1.3428562844284493E-004
 0.0090   1.2277939711111290        2.5351365022837257E-002   4.3428835860921493E-003   3.1171303676912945E-005   7.2011167156256313E-003   1.5091710047301305E-004
 0.0100   1.2278675890014712        2.5346249062229532E-002   4.8253190101348068E-003   3.4633264684502064E-005   8.0006722048771364E-003   1.6763104398895685E-004
 0.0200   1.2283038079737270        2.5373534624668768E-002   9.6472722243423330E-003   6.9225912773243479E-005   1.5992872103872256E-002   3.3531674825857728E-004
 0.0400   1.2293112226878309        2.5280720919329213E-002   1.9268044078905401E-002   1.3827319370308204E-004   3.1937576861240227E-002   6.6671699974950901E-004
 0.0600   1.2307535880054283        2.5047511882709862E-002   2.8837264552375119E-002   2.0739240127038162E-004   4.7796549268480940E-002   9.8779233770234258E-004
 0.0800   1.2325212233660903        2.4679077828602423E-002   3.8331644292861469E-002   2.7720413711479160E-004   6.3539575593546269E-002   1.2928468098986035E-003
 0.1000   1.2344979366980571        2.4185238616495328E-002   4.7729747325090686E-002   3.4854593630242499E-004   7.9144218865165011E-002   1.5772251080779826E-003
 0.1200   1.2365996535386556        2.3593623228842956E-002   5.7011989759257663E-002   4.2228330482885792E-004   9.4593130759504374E-002   1.8384692106083735E-003
 0.1400   1.2387904616255154        2.2943000526326768E-002   6.6160577370769247E-002   4.9909661730470896E-004  0.10987042544547845        2.0766245450279698E-003
 0.1600   1.2407070355381300        2.3749382106572410E-002   7.5159414857446566E-002   5.7926081723772374E-004  0.12499638106932426        2.4406606507970264E-003
 0.1800   1.2427901767573897        2.2675418197380601E-002   8.3994015067748923E-002   6.6244742668482130E-004  0.13991929539079062        2.6118532084767280E-003
 0.2000   1.2452002351071705        2.1621074819350668E-002   9.2651427045791962E-002   7.4758844042978876E-004  0.15460262305605568        2.7559571285795796E-003
 0.2200   1.2481166046443730        2.0593840126602894E-002  0.10112018840602412        8.3283913719798218E-004  0.16900132606986606        2.8740475385392312E-003
 0.2400   1.2517278152413860        1.9580524560048638E-002  0.10939029237940731        9.1565940163030495E-004  0.18306280274154624        2.9643386906604815E-003
 0.2600   1.2845273187938726        1.4595603641963623E-002  0.11745314609116948        9.9300735446829691E-004  0.19239361451765838        2.3324812288488244E-003
 0.2800   1.2858440621069851        1.3324649971828343E-002  0.12530148821593562        1.0616147769898418E-003  0.20600787598796480        2.3062635973507307E-003
 0.3000   1.2882362733962116        1.2918795379209719E-002  0.13292923476760213        1.1182985318594059E-003  0.21922513890301260        2.3840161974868898E-003
 0.3200   1.2928814125559214        1.2440788253200118E-002  0.14033123339092085        1.1602590671951404E-003  0.23179734987338965        2.4276058388584898E-003
 0.3400   1.2990010018273717        1.1812406781900488E-002  0.14750292830399045        1.1853256074004631E-003  0.24380650646656671        2.4238220584298057E-003
 0.3600   1.3069753743018633        1.0658703856913098E-002  0.15443996597674997        1.1921246033790758E-003  0.25514008275952593        2.3019775160296129E-003
 0.3800   1.3164228879750934        9.6529787655448580E-003  0.16113779901371114        1.1801680080547412E-003  0.26583373012315298        2.1788494048899177E-003
 0.4000   1.3278645826676201        8.6501441068579203E-003  0.16759136449472206        1.1498738986952615E-003  0.27575095460440069        2.0301973977116155E-003


# triplet j3 / nf 5 / mode 2 / nplat  5 / jkb  20 / start     1 / nmeas 10000
 0.0010   1.2412898144138427        2.8777738507335046E-002   4.8258789676069530E-004   3.4641727140609844E-006   7.9146191025118923E-004   1.8567632646730681E-005
 0.0020   1.2412925372171650        2.8777350820045393E-002   9.6517238430726150E-004   6.9282878559108153E-006   1.5829175527084381E-003   3.7134545983543702E-005
 0.0030   1.2412970777249550        2.8776699628312741E-002   1.4477500606114432E-003   1.0392290824474105E-005   2.3743606607592223E-003   5.5700011469661198E-005
 0.0040   1.2413034378872378        2.8775780847619822E-002   1.9303175315977291E-003   1.3856130263019466E-005   3.1657849694897567E-003   7.4263290643641577E-005
 0.0050   1.2413116195644880        2.8774590431453140E-002   2.4128714112659475E-003   1.7319758051058572E-005   3.9571842161467930E-003   9.2823635284534385E-005
 0.0060   1.2413216245240100        2.8773124371204144E-002   2.8954083218120453E-003   2.0783129315318769E-005   4.7485521406120017E-003   1.1138028757637257E-004
 0.0070   1.2413334544354986        2.8771378696952569E-002   3.3779248937464896E-003   2.4246202415833875E-005   5.5398824858921038E-003   1.2993248027452458E-004
 0.0080   1.2413471108676437        2.8769349476291950E-002   3.8604177660109032E-003   2.7708938929858742E-005   6.3311689986193893E-003   1.4847943686605730E-004
 0.0090   1.2413625952830161        2.8767032814291483E-002   4.3428835860921493E-003   3.1171303676912945E-005   7.1224054295731132E-003   1.6702037173894495E-004
 0.0100   1.2413799090355584        2.8764424853325064E-002   4.8253190101348068E-003   3.4633264684502064E-005   7.9135855342026325E-003   1.8555449034361656E-004
 0.0200   1.2416538714211169        2.8721502227330168E-002   9.6472722243423330E-003   6.9225912773243479E-005   1.5820919305909068E-002   3.7033993431105519E-004
 0.0400   1.2427510440638012        2.8533198293838779E-002   1.9268044078905401E-002   1.3827319370308204E-004   3.1592185617960483E-002   7.3415161571231105E-004
 0.0600   1.2445628358719796        2.8189499169393128E-002   2.8837264552375119E-002   2.0739240127038162E-004   4.7266214939839478E-002   1.0839932795523063E-003
 0.0800   1.2470347664987900        2.7676371230333029E-002   3.8331644292861469E-002   2.7720413711479160E-004   6.2800073860487526E-002   1.4121456280267489E-003
 0.1000   1.2500700556050162        2.6992310831418499E-002   4.7729747325090686E-002   3.4854593630242499E-004   7.8158319569808912E-002   1.7116022850827202E-003
 0.1200   1.2535345618554192        2.6149451457433911E-002   5.7011989759257663E-002   4.2228330482885792E-004   9.3315203492435841E-002   1.9770477021895934E-003
 0.1400   1.2361502758820990        2.4867247038339823E-002   6.6160577370769247E-002   4.9909661730470896E-004  0.11010508812083744        2.2535474217709223E-003
 0.1600   1.2382584888722961        2.3947011636497522E-002   7.5159414857446566E-002   5.7926081723772374E-004  0.12524355035979068        2.4697351194946913E-003
 0.1800   1.2405715094020615        2.3034735802992708E-002   8.3994015067748923E-002   6.6244742668482130E-004  0.14016953035968305        2.6606943252406741E-003
 0.2000   1.2432378621322195        2.2147593374221956E-002   9.2651427045791962E-002   7.4758844042978876E-004  0.15484665359806427        2.8283620711010587E-003
 0.2200   1.2458549825034237        2.2576653660637401E-002  0.10112018840602412        8.3283913719798218E-004  0.16930811710594745        3.1463265968671283E-003
 0.2400   1.2788624456808337        1.7756639526523357E-002  0.10939029237940731        9.1565940163030495E-004  0.17917861526197967        2.5984106299022395E-003
 0.2600   1.2837484812648039        1.5529145465881486E-002  0.11745314609116948        9.9300735446829691E-004  0.19251033782407420        2.4668399602277157E-003
 0.2800   1.2858050354860961        1.4302528927244203E-002  0.12530148821593562        1.0616147769898418E-003  0.20601412871762009        2.4521381630708376E-003
 0.3000   1.2877084972915465        1.2744357820812421E-002  0.13292923476760213        1.1182985318594059E-003  0.21931498982043549        2.3584541724721848E-003
 0.3200   1.2935600657768167        1.3472876940351009E-002  0.14033123339092085        1.1602590671951404E-003  0.23167573973540809        2.5961065046801123E-003
 0.3400   1.2999434828920977        1.2299827278006156E-002  0.14750292830399045        1.1853256074004631E-003  0.24362974261581027        2.5044152586333737E-003
 0.3600   1.3078157501601075        1.1456238812772962E-002  0.15443996597674997        1.1921246033790758E-003  0.25497613492054688        2.4407271350469894E-003
 0.3800   1.3174463393486755        1.0210301973531901E-002  0.16113779901371114        1.1801680080547412E-003  0.26562721856506288        2.2768718174944139E-003
 0.4000   1.3286327117790344        9.1434284345448865E-003  0.16759136449472206        1.1498738986952615E-003  0.27559153331825131        2.1191637868711350E-003


