# triplet j1 / nf 4 / mode 2 / nplat  5 / jkb  20 / start     1 / nmeas 10000
 0.0010   1.1696902260403399       0.23941671967547909        4.8665896945513515E-004   4.2075470998519261E-006   8.4344448515385269E-004   1.7267797798203630E-004
 0.0020   1.1546927370653051        5.6924472656838115E-002   9.7331558904001174E-004   8.4154010400865052E-006   1.7087967177622917E-003   8.4564176165484827E-005
 0.0030   1.1600485560854690        2.7802040090690809E-002   1.4599675088916200E-003   1.2623868596047461E-005   2.5513559484176131E-003   6.2133427002623333E-005
 0.0040   1.1608235438940406        2.6447864175481998E-002   1.9466123791618058E-003   1.6833256422235932E-005   3.3995272443278842E-003   7.8836200783420477E-005
 0.0050   1.1611937365257510        2.6152484234174336E-002   2.4332478500245537E-003   2.1043870984402587E-005   4.2480389447445239E-003   9.7422135387785947E-005
 0.0060   1.1613838033355688        2.6081749575098071E-002   2.9198715716834663E-003   2.5256018500197248E-005   5.0967899161556453E-003   1.1656421944299267E-004
 0.0070   1.1614890038170778        2.6067858776068608E-002   3.4064811943792452E-003   2.9470004878945071E-005   5.9456852248732650E-003   1.3589768055111565E-004
 0.0080   1.1615495451795006        2.6068553418254467E-002   3.8930743683972188E-003   3.3686135654907238E-005   6.7946736492336271E-003   1.5529986749815655E-004
 0.0090   1.1615841363143831        2.6071697676462939E-002   4.3796487440748355E-003   3.7904715917316818E-005   7.6437279335319500E-003   1.7472262963907621E-004
 0.0100   1.1616023344680253        2.6073651085417794E-002   4.8662019718094572E-003   4.2126050270088998E-005   8.4928330489102144E-003   1.9414452967137061E-004
 0.0200   1.1614499774477400        2.5985980851003006E-002   9.7300542582472414E-003   8.4557393873860607E-005   1.6985843438764501E-002   3.8713742410443887E-004
 0.0400   1.1604888303938816        2.5478604552251857E-002   1.9441315747327766E-002   1.7151873883678711E-004   3.3983402208428486E-002   7.6101834181796003E-004
 0.0600   1.1590309615346801        2.4702590587260303E-002   2.9115019377040106E-002   2.6307418628074102E-004   5.0998115384399370E-002   1.1110813428660733E-003
 0.0800   1.1567252149259191        2.5093797038039978E-002   3.8732467361499337E-002   3.6095161094588761E-004   6.8056148971610081E-002   1.5100699980382312E-003
 0.1000   1.1544425749617233        2.3793461585379736E-002   4.8275091484598201E-002   4.6613186121758748E-004   8.5114630031852670E-002   1.8017276064794452E-003
 0.1200   1.1525150378954747        2.2474884823723670E-002   5.7724545591491372E-002   5.7856941380600229E-004  0.10212669592735241        2.0562577836201620E-003
 0.1400   1.1512454761379958        2.1192744016875622E-002   6.7062830151927447E-002   6.9698629233319977E-004  0.11902878971632162        2.2767752572389944E-003
 0.1600   1.1769430120676854        1.5059920630429238E-002   7.6272442133440893E-002   8.1880367989914393E-004  0.13274047901303815        1.8419086511741102E-003
 0.1800   1.1753456466637171        1.2913999503778148E-002   8.5336532969542703E-002   9.4024847008409922E-004  0.14912592294030017        1.8329319912249178E-003
 0.2000   1.1696561552301783        1.2180743252793023E-002   9.4239047715098043E-002   1.0566351942476507E-003  0.16599202745708158        1.9631969184423581E-003
 0.2200   1.1751671757319213        1.3005728371403064E-002  0.10296481332389999        1.1627894840553451E-003  0.18112195784028751        2.2503247462184678E-003
 0.2400   1.1775532558328481        1.2590577966952388E-002  0.11149954709230434        1.2535544273755488E-003  0.19646111872594915        2.3732113240558586E-003
 0.2600   1.1813347800478604        1.1710939024665825E-002  0.11982976970559341        1.3243089987043867E-003  0.21130561798622371        2.3981849229944663E-003
 0.2800   1.1865631788089301        1.0924395183966221E-002  0.12794262988522859        1.3714289415425460E-003  0.22558529326094681        2.4031881542765717E-003
 0.3000   1.1938606730356365        9.9670082678703885E-003  0.13582567466636009        1.3926335796002672E-003  0.23911835498440875        2.3426255246834101E-003
 0.3200   1.2027829520209703        9.0452191198398847E-003  0.14346662344784056        1.3871833331190199E-003  0.25192899934681079        2.2522873326457416E-003
 0.3400   1.2134655509650827        8.1106338119971387E-003  0.15085321715591082        1.3559167867930476E-003  0.26393944123773105        2.1258425849641936E-003
 0.3600   1.2263141436206253        7.2164582019685767E-003  0.15797321017982802        1.3011373329429115E-003  0.27501490553031366        1.9753103093357897E-003
 0.3800   1.2409495868404237        6.4661290042656193E-003  0.16481455054643537        1.2263738370435484E-003  0.28520059851574270        1.8260085078216979E-003
 0.4000   1.2575820464040448        5.6390683829128643E-003  0.17136575694209091        1.1360471601369459E-003  0.29442229026062833        1.6417547186126759E-003


# triplet j3 / nf 4 / mode 2 / nplat  5 / jkb  20 / start     1 / nmeas 10000
 0.0010   1.1759423011816776        2.9392385313233006E-002   4.8665896945513515E-004   4.2075470998519261E-006   8.3896018495185313E-004   2.1280915528176728E-005
 0.0020   1.1759423306103212        2.9389745557535391E-002   9.7331558904001174E-004   8.4154010400865052E-006   1.6779183024197124E-003   4.2558114156197944E-005
 0.0030   1.1759423793992902        2.9385347169458901E-002   1.4599675088916200E-003   1.2623868596047461E-005   2.5168722854718730E-003   6.3827881640571974E-005
 0.0040   1.1759424471605642        2.9379191955005546E-002   1.9466123791618058E-003   1.6833256422235932E-005   3.3558200682811241E-003   8.5086509049160739E-005
 0.0050   1.1759425333517808        2.9371282441182353E-002   2.4332478500245537E-003   2.1043870984402587E-005   4.1947595866737531E-003   1.0633029541032086E-004
 0.0060   1.1759426372771073        2.9361621871488001E-002   2.9198715716834663E-003   2.5256018500197248E-005   5.0336887786749636E-003   1.2755555034363688E-004
 0.0070   1.1759427580869548        2.9350214206690251E-002   3.4064811943792452E-003   2.9470004878945071E-005   5.8726055850563050E-003   1.4875859669703505E-004
 0.0080   1.1759428947798793        2.9337064118097261E-002   3.8930743683972188E-003   3.3686135654907238E-005   6.7115079498718333E-003   1.6993577314270436E-004
 0.0090   1.1759430462041764        2.9322176985675255E-002   4.3796487440748355E-003   3.7904715917316818E-005   7.5503938209880127E-003   1.9108343677363032E-004
 0.0100   1.1759432110580887        2.9305558892579759E-002   4.8662019718094572E-003   4.2126050270088998E-005   8.3892611506168908E-003   2.1219796567048370E-004
 0.0200   1.1759452085598556        2.9046004441254391E-002   9.7300542582472414E-003   8.4557393873860607E-005   1.6776468270187868E-002   4.2074402196363688E-004
 0.0400   1.1759424560753591        2.8058920849105006E-002   1.9441315747327766E-002   1.7151873883678711E-004   3.3536809967116901E-002   8.1377475930797573E-004
 0.0600   1.1561617294682986        2.7191402544599709E-002   2.9115019377040106E-002   2.6307418628074102E-004   5.1124676767860172E-002   1.2243686712737987E-003
 0.0800   1.1540553867813854        2.5996014742871811E-002   3.8732467361499337E-002   3.6095161094588761E-004   6.8213592213948501E-002   1.5690947392177296E-003
 0.1000   1.1794002310199903        2.2147799724601080E-002   4.8275091484598201E-002   4.6613186121758748E-004   8.3313492804649933E-002   1.6154101182514319E-003
 0.1200   1.1784827239609632        2.0006449856550999E-002   5.7724545591491372E-002   5.7856941380600229E-004   9.9876349846899443E-002   1.7678807213597962E-003
 0.1400   1.1773352277594893        1.8142424433356660E-002   6.7062830151927447E-002   6.9698629233319977E-004  0.11639111143550133        1.8927919549223975E-003
 0.1600   1.1761749384331350        1.6641161078138181E-002   7.6272442133440893E-002   8.1880367989914393E-004  0.13282716208953976        2.0100074354496345E-003
 0.1800   1.1756283495386315        1.4367741198282808E-002   8.5336532969542703E-002   9.4024847008409922E-004  0.14909006268977454        1.9986447507805848E-003
 0.2000   1.1728488355026974        1.3648720693920091E-002   9.4239047715098043E-002   1.0566351942476507E-003  0.16554017087043926        2.1383160544064116E-003
 0.2200   1.1764681888883168        1.4457395218395203E-002  0.10296481332389999        1.1627894840553451E-003  0.18092166168924156        2.4467824946984335E-003
 0.2400   1.1581789214016298        1.8229428306754968E-002  0.11149954709230434        1.2535544273755488E-003  0.19974757416611674        3.3384670208754632E-003
 0.2600   1.1645230037848142        1.6554999998693299E-002  0.11982976970559341        1.3243089987043867E-003  0.21435615692891816        3.2694232224608371E-003
 0.2800   1.1882585114960740        1.1808866814004728E-002  0.12794262988522859        1.3714289415425460E-003  0.22526344231882925        2.5434607732833805E-003
 0.3000   1.1952312075711677        1.0779765295917787E-002  0.13582567466636009        1.3926335796002672E-003  0.23884416538702408        2.4778107993626503E-003
 0.3200   1.2038712014867647        9.7625310200494201E-003  0.14346662344784056        1.3871833331190199E-003  0.25170126601568804        2.3763185383694724E-003
 0.3400   1.2146307549617426        8.6720415764026115E-003  0.15085321715591082        1.3559167867930476E-003  0.26368624223832315        2.2245510770489002E-003
 0.3600   1.2271424987521264        7.7559355276030136E-003  0.15797321017982802        1.3011373329429115E-003  0.27482926286170184        2.0732077695032186E-003
 0.3800   1.2415809004156571        6.7814362009701954E-003  0.16481455054643537        1.2263738370435484E-003  0.28505558097443917        1.8838404071206895E-003
 0.4000   1.2581138191901604        6.0025903667905479E-003  0.17136575694209091        1.1360471601369459E-003  0.29429784542964538        1.7097302042232473E-003


