# triplet j1 / nf 3 / mode 2 / nplat  4 / jkb  20 / start     1 / nmeas 10000
 0.0010  -100.00000000000000        146.42914978194912        9.6240103517229248E-004   3.0454840585148213E-005  -1.3873723618209297E-005   2.0316361478921675E-005
 0.0020  -100.00000000000000        152.17672163883253        1.9301406800703268E-003   6.3446494779691504E-005  -2.7785900597751562E-005   4.2286138708950502E-005
 0.0030  -100.00000000000000        150.91865148010945        2.9031736706439165E-003   9.8992601184951325E-005  -4.1736125867003392E-005   6.2991617401527507E-005
 0.0040  0.54073634828430661        112.26896212814866        3.8814493796287984E-003   1.3710084419944494E-004   1.0305199244184238E-002   2.1395898972298557     
 0.0050  -100.00000000000000        115.53897667932193        4.8649117609324902E-003   1.7776934035917548E-004  -6.9748919424837612E-005   8.0597262993426286E-005
 0.0060  -100.00000000000000        115.52803817843164        5.8534993012990212E-003   2.2098692324634832E-004  -8.3810495533428417E-005   9.6837545191071807E-005
 0.0070  -100.00000000000000        115.53080443905151        6.8471449795745069E-003   2.6673335312360328E-004  -9.7908135368846190E-005   1.1313013083875627E-004
 0.0080  -100.00000000000000        148.86303221937359        7.8457762338730603E-003   3.1497947286860252E-004  -1.1204125121666973E-004   1.6680316650995617E-004
 0.0090  -100.00000000000000        115.32975005308005        8.8493149369271891E-003   3.6568732801252411E-004  -1.2620921870635653E-004   1.4558013392734201E-004
 0.0100  -100.00000000000000        157.31606147831604        9.8576773798811947E-003   4.1881026561209892E-004  -1.4041137688863530E-004   2.2090978545771700E-004
 0.0200  0.40871041984258122        1.9842000213752591E-002   2.0184213006652896E-002   1.0665964059249301E-003   6.9521670030290472E-002   3.8425987577418177E-003
 0.0400  0.40147391497883522        1.7159624706018076E-002   4.1718568247684898E-002   2.6024807198117132E-003  0.14389720488140531        7.6139367003687656E-003
 0.0600  0.40459683027094878        1.3073399753560982E-002   6.3162051463384952E-002   3.4835708581288025E-003  0.21517720426487205        9.1406933853018686E-003
 0.0800  0.42203608278075344        7.2819215526421996E-003   8.2937793290564971E-002   3.2834002826913045E-003  0.27295222945266961        7.1674058583807128E-003
 0.1000  0.44032546833721325        5.8560544039011212E-003  0.10007125307749595        2.5239222941887368E-003  0.32128900318681036        5.8884597979601263E-003
 0.1200  0.46443172541672562        4.8281668154112204E-003  0.11443923794002578        1.7577620855479981E-003  0.35683810191194965        4.6121188224226587E-003
 0.1400  0.49296151072172623        4.1118652420770695E-003  0.12644128906029489        1.1804775108569514E-003  0.38168971811171787        3.6483983694757362E-003
 0.1600  0.52477951869071637        3.5844610755975301E-003  0.13659893997502820        7.8833532070995505E-004  0.39840224487311049        2.9541235081855456E-003
 0.1800  0.55898502538886041        3.2139783593918328E-003  0.14536165221697220        5.3145645500402190E-004  0.40923804560329313        2.4690469956712095E-003
 0.2000  0.59491604214101512        2.8838813254617995E-003  0.15306703521620543        3.6475970688611771E-004  0.41592512024362099        2.0762270710018038E-003
 0.2200  0.63210769857740556        2.6062923034697993E-003  0.15995687014391410        2.5619236559159864E-004  0.41969781419798863        1.7628258190010577E-003
 0.2400  0.67022332437467702        2.3679947641998596E-003  0.16620231083976020        1.8469068597401584E-004  0.42142433482560482        1.5072512357368485E-003
 0.2600  0.70902615464748331        2.1601771537892393E-003  0.17192505249042853        1.3684745252865222E-004  0.42170524131441323        1.2957172875439616E-003
 0.2800  0.74834931334414112        1.9768871582952078E-003  0.17721274517665905        1.0422036923445844E-004  0.42095640864564571        1.1188934772507300E-003
 0.3000  0.78807503380892041        1.8139881398614572E-003  0.18212967553009515        8.1490192369012844E-005  0.41946759191036570        9.7007847460149805E-004
 0.3200  0.82823722626469642        1.1317620800795720E-003  0.18672402738809304        6.5284187644556096E-005  0.41738356425234979        5.7499080349498414E-004
 0.3400  0.86853624044867717        1.2538290778884781E-003  0.19103278414378413        5.3445291399205019E-005  0.41497359622354257        6.0186660672739624E-004
 0.3600  0.90902726980271731        1.1647123480408336E-003  0.19508503921569073        4.4580782707247401E-005  0.41228859296509002        5.3035066928100178E-004
 0.3800  0.94972013795173915        1.0865034915873107E-003  0.19890424170402621        3.7782114594267545E-005  0.40938617420316131        4.6995916577924514E-004
 0.4000  0.99060394374300664        1.0681583557642083E-003  0.20250973140032832        3.2449487294887784E-005  0.40631970982905430        4.3933821685126118E-004


# triplet j3 / nf 3 / mode 2 / nplat  4 / jkb  20 / start     1 / nmeas 10000
 0.0010  0.43633549742425326        1.9712631424559427E-002   9.6240103517229248E-004   3.0454840585148213E-005   3.1796000325684574E-003   1.5220190778139227E-004
 0.0020  0.43512544783120710        1.9400697730343017E-002   1.9301406800703268E-003   6.3446494779691504E-005   6.3857218041933981E-003   3.0344504378915146E-004
 0.0030  0.43394052843732389        1.9106865134106022E-002   2.9031736706439165E-003   9.8992601184951325E-005   9.6179368212737804E-003   4.5412598723397669E-004
 0.0040  0.43278095852561826        1.8829757320240909E-002   3.8814493796287984E-003   1.3710084419944494E-004   1.2875787850339368E-002   6.0460336192974735E-004
 0.0050  0.43164694390598080        1.8568074891524684E-002   4.8649117609324902E-003   1.7776934035917548E-004   1.6158789123740438E-002   7.5519815948537337E-004
 0.0060  0.43053867605009088        1.8320594261905385E-002   5.8534993012990212E-003   2.2098692324634832E-004   1.9466426640768857E-002   9.0619424910774195E-004
 0.0070  0.42945633283624263        1.8086164991333479E-002   6.8471449795745069E-003   2.6673335312360328E-004   2.2798158481500342E-002   1.0578389914796158E-003
 0.0080  0.42840007946246511        1.7863708018825492E-002   7.8457762338730603E-003   3.1497947286860252E-004   2.6153415134108630E-002   1.2103440135046092E-003
 0.0090  0.42737006730224714        1.7652214074477628E-002   8.8493149369271891E-003   3.6568732801252411E-004   2.9531599979157670E-002   1.3638861479151794E-003
 0.0100  0.42636643640657151        1.7450739916656157E-002   9.8576773798811947E-003   4.1881026561209892E-004   3.2932089606308224E-002   1.5186083484224659E-003
 0.0200  0.41780426569979512        1.5821888725131874E-002   2.0184213006652896E-002   1.0665964059249301E-003   6.8008474970080585E-002   3.1403204637411026E-003
 0.0400  0.40885379361430607        1.3369695773941976E-002   4.1718568247684898E-002   2.6024807198117132E-003  0.14129983651991704        6.3854262437071053E-003
 0.0600  0.41053511088727701        1.1042513177662699E-002   6.3162051463384952E-002   3.4835708581288025E-003  0.21206472353600050        8.1691871767816029E-003
 0.0800  0.42167283115809728        8.8204429177939411E-003   8.2937793290564971E-002   3.2834002826913045E-003  0.27318736516199188        7.8674563895834056E-003
 0.1000  0.43465539816677390        6.6239220350235708E-003  0.10007125307749595        2.5239222941887368E-003  0.32548021121216369        6.4381731976666983E-003
 0.1200  0.46067739319175494        4.4053542116370657E-003  0.11443923794002578        1.7577620855479981E-003  0.35974618640861555        4.4122457253899881E-003
 0.1400  0.49076090490734298        3.0360479767091433E-003  0.12644128906029489        1.1804775108569514E-003  0.38340124118653479        2.9713642348710855E-003
 0.1600  0.52353227048573003        2.4390686585679805E-003  0.13659893997502820        7.8833532070995505E-004  0.39935138690846100        2.1884915121477434E-003
 0.1800  0.55840015656318720        1.8970341157385211E-003  0.14536165221697220        5.3145645500402190E-004  0.40966668189993377        1.5804419507272746E-003
 0.2000  0.59472369797529900        1.7343844571635317E-003  0.15306703521620543        3.6475970688611771E-004  0.41605963778601252        1.3107136211296391E-003
 0.2200  0.63210840310921834        1.4908161075993646E-003  0.15995687014391410        2.5619236559159864E-004  0.41969734641357004        1.0453534398474147E-003
 0.2400  0.67033427953872338        1.3281034777542972E-003  0.16620231083976020        1.8469068597401584E-004  0.42135457976811935        8.6701699288969458E-004
 0.2600  0.70915889952186628        1.3122993851636502E-003  0.17192505249042853        1.3684745252865222E-004  0.42162630384451377        7.9806044749261454E-004
 0.2800  0.74847388412513371        1.2054688848469354E-003  0.17721274517665905        1.0422036923445844E-004  0.42088634759248000        6.8907215372130510E-004
 0.3000  0.78818399562499564        1.1197218609053667E-003  0.18212967553009515        8.1490192369012844E-005  0.41940960297522750        6.0317056658432241E-004
 0.3200  0.82834436375502452        1.3496637104976679E-003  0.18672402738809304        6.5284187644556096E-005  0.41732958014919797        6.8387888995760746E-004
 0.3400  0.86858971591760481        1.2531728876821419E-003  0.19103278414378413        5.3445291399205019E-005  0.41494804801908658        6.0148082793886259E-004
 0.3600  0.90906855618485338        1.1688685825152337E-003  0.19508503921569073        4.4580782707247401E-005  0.41226986840984753        5.3218014835177102E-004
 0.3800  0.94975289359364456        1.0945055413244058E-003  0.19890424170402621        3.7782114594267545E-005  0.40937205504962809        4.7336424525731060E-004
 0.4000  0.99062494235385457        1.0284449636191175E-003  0.20250973140032832        3.2449487294887784E-005  0.40631109693319256        4.2307744374142078E-004


