# triplet j1 / nf 1 / mode 2 / nplat  4 / jkb  20 / start     1 / nmeas 10000
 0.0010   6.9887155325532871E-002   4.8860176027358841E-003   7.5765315961924526E-002   6.0501540502534094E-003  0.17613791606923521        1.4180996660035453E-002
 0.0020   9.8204464913908274E-002   6.0174154399053516E-003   7.6489246885941539E-002   5.8039122962063689E-003  0.17811436809347239        1.2836529521170648E-002
 0.0030  0.11804796018933865        6.4421014553844996E-003   7.7200615021361052E-002   5.5687118920619101E-003  0.18231714786006262        1.1925945133789860E-002
 0.0040  0.13328482570493022        6.5576074316038672E-003   7.7900070058742124E-002   5.3440998245155649E-003  0.18729802988561178        1.1233501025297649E-002
 0.0050  0.14560223595953092        6.5161729556074549E-003   7.8588226587479687E-002   5.1296329298686251E-003  0.19253544807047640        1.0664397361971528E-002
 0.0060  0.15590266131360492        6.3927996068889759E-003   7.9265665592246903E-002   4.9248788826103040E-003  0.19782430543230273        1.0176883735882150E-002
 0.0070  0.16472934009208112        6.2282020305997228E-003   7.9932935935618399E-002   4.7294169885975477E-003  0.20307475672611056        9.7490487242593155E-003
 0.0080  0.17243668359695177        6.0449399913729126E-003   8.0590555819466003E-002   4.5428388048050833E-003  0.20824395587536595        9.3670423659578204E-003
 0.0090  0.17926947591729067        5.8555663161744603E-003   8.1239014218946151E-002   4.3647486052424004E-003  0.21331049629154022        9.0211873866505796E-003
 0.0100  0.18540402981499035        5.6670520125563281E-003   8.1878772284003823E-002   4.1947637115637539E-003  0.21826368812035207        8.7044309075709602E-003
 0.0200  0.22682170250197409        4.1719128847629849E-003   8.7881998837687450E-002   2.8660027859027438E-003  0.26139384245534036        6.4251017687137349E-003
 0.0400  0.27699737294959320        2.7751388227796976E-003   9.8495832539547051E-002   1.4739198834252418E-003  0.32046327817943920        4.0071463302764768E-003
 0.0600  0.31872941312838066        2.2085956834632507E-003  0.10804499779674379        8.5280275467918389E-004  0.35724882777498185        2.8488490450634409E-003
 0.0800  0.35880928335822404        1.9327782943821242E-003  0.11686889742049983        5.4062711087725162E-004  0.38110600669761435        2.2341313333219650E-003
 0.1000  0.40203652553281621        1.1949931728382421E-003  0.12508692157219697        3.6708409577864939E-004  0.39341909861162783        1.3041044703511679E-003
 0.1200  0.44122486188949822        1.0883373016958356E-003  0.13276470521162329        2.6233990497302387E-004  0.40456374678243673        1.0749808340370956E-003
 0.1400  0.48047823553090330        1.0064737255149245E-003  0.13995352386933529        1.9473014292061499E-004  0.41199999870637505        9.0938207959363033E-004
 0.1600  0.51982761226547081        9.8218899826659216E-004  0.14669820019255539        1.4873023831144536E-004  0.41680031381946392        8.1537481050531662E-004
 0.1800  0.55929501910972845        9.2221921622760283E-004  0.15303836123303197        1.1616975560650704E-004  0.41967244199601189        7.1009166046520991E-004
 0.2000  0.59886535827281973        8.7058479473951572E-004  0.15900877049695045        9.2434091985550026E-005  0.42112530994667896        6.2431658298416255E-004
 0.2200  0.63853625340442355        8.2500960612656531E-004  0.16463975566852615        7.4738438394690682E-005  0.42151024516267993        5.5294465120319107E-004
 0.2400  0.67830437685790534        7.8409167594883900E-004  0.16995776091616302        6.1305688549126973E-005  0.42108182808936240        4.9264200331073120E-004
 0.2600  0.71816499533866529        8.0458277130553038E-004  0.17498592395365931        5.0951849259015760E-005  0.42002872914676609        4.7452807006251703E-004
 0.2800  0.75811425792849774        7.3978796398377095E-004  0.17974460969295750        4.2862615398686183E-005  0.41849212170984312        4.1141278680686993E-004
 0.3000  0.79816120390984002        7.0734546076286196E-004  0.18425187153572703        3.6464622126637751E-005  0.41657285318968212        3.7146889755652191E-004
 0.3200  0.83830770769410490        6.7752939398479949E-004  0.18852383521423172        3.1346773477084988E-005  0.41435221124906596        3.3665106825262348E-004
 0.3400  0.87855955540152586        6.5006219200170389E-004  0.19257501147537423        2.7209828653934472E-005  0.41189186631672814        3.0615231936121420E-004
 0.3600  0.91892130654780113        6.4975081590999521E-004  0.19641854805380149        2.3833008849023165E-005  0.40924103560381853        2.9042932734190232E-004
 0.3800  0.95942361277089339        6.7074604553799683E-004  0.20006643192030144        2.1051481653155039E-005  0.40642789384427880        2.8494267866875140E-004
 0.4000   1.0000400076006108        6.4803486796093752E-004  0.20352965176170645        1.8740642221040732E-005  0.40349807164141704        2.6212943709891099E-004


# triplet j3 / nf 1 / mode 2 / nplat  4 / jkb  20 / start     1 / nmeas 10000
 0.0010  0.21654158470555657        6.3961006946030010E-003   7.5765315961924526E-002   6.0501540502534094E-003   5.6847177486876670E-002   2.8233225103892617E-003
 0.0020  0.21202642374228597        5.7686302972614675E-003   7.6489246885941539E-002   5.8039122962063689E-003   8.2497388313067466E-002   3.8515113881353361E-003
 0.0030  0.21063763496181642        5.3381619332530895E-003   7.7200615021361052E-002   5.5687118920619101E-003  0.10217626786552127        4.5039379825810542E-003
 0.0040  0.21074551778282155        5.0683293943675142E-003   7.7900070058742124E-002   5.3440998245155649E-003  0.11845559293890455        4.9623391530258720E-003
 0.0050  0.21166326282828751        4.8976821699456639E-003   7.8588226587479687E-002   5.1296329298686251E-003  0.13244429555672993        5.2986530576835241E-003
 0.0060  0.21304862062074220        4.7842022517861878E-003   7.9265665592246903E-002   4.9248788826103040E-003  0.14476195902865538        5.5490166045679473E-003
 0.0070  0.21471571017225144        4.7025315245296196E-003   7.9932935935618399E-002   4.7294169885975477E-003  0.15579843057601889        5.7346844459025374E-003
 0.0080  0.21655786332833388        4.6378121210249980E-003   8.0590555819466003E-002   4.5428388048050833E-003  0.16581663938849842        5.8695887973115876E-003
 0.0090  0.21851109089137688        4.5814520178772472E-003   8.1239014218946151E-002   4.3647486052424004E-003  0.17500283725575716        5.9636076251547094E-003
 0.0100  0.22053547683180097        4.5285586708046898E-003   8.1878772284003823E-002   4.1947637115637539E-003  0.18349413854469795        6.0241564488585060E-003
 0.0200  0.24164425773796219        3.9550339897113781E-003   8.7881998837687450E-002   2.8660027859027438E-003  0.24535983980859438        5.6686574614412686E-003
 0.0400  0.28235641281626717        2.9167898694652337E-003   9.8495832539547051E-002   1.4739198834252418E-003  0.31438098145934962        4.0099893851576031E-003
 0.0600  0.32427955458243296        1.5301739633738832E-003  0.10804499779674379        8.5280275467918389E-004  0.35113440736078488        2.1600048809325241E-003
 0.0800  0.36315856203033370        1.3099374577639938E-003  0.11686889742049983        5.4062711087725162E-004  0.37654178489467538        1.6134601840143955E-003
 0.1000  0.40209067680247462        1.0998507038771255E-003  0.12508692157219697        3.6708409577864939E-004  0.39336611518045977        1.2210230446771566E-003
 0.1200  0.44116624320445036        1.0000888762759109E-003  0.13276470521162329        2.6233990497302387E-004  0.40461750201693103        1.0005635233977727E-003
 0.1400  0.48040258281121939        9.3133871031981065E-004  0.13995352386933529        1.9473014292061499E-004  0.41206487954075671        8.4873430311657077E-004
 0.1600  0.51974696062423620        9.0842715553812541E-004  0.14669820019255539        1.4873023831144536E-004  0.41686499073327649        7.5863346476288908E-004
 0.1800  0.55922222854313808        8.5962220244760175E-004  0.15303836123303197        1.1616975560650704E-004  0.41972706821306133        6.6456989448880708E-004
 0.2000  0.59881038662400077        8.1831294097136503E-004  0.15900877049695045        9.2434091985550026E-005  0.42116396985165772        5.8842195754711982E-004
 0.2200  0.63850153119162034        7.8162681358403022E-004  0.16463975566852615        7.4738438394690682E-005  0.42153316721958395        5.2481826998898562E-004
 0.2400  0.67826882251583265        7.7429703714586838E-004  0.16995776091616302        6.1305688549126973E-005  0.42110390088241950        4.8668561313400921E-004
 0.2600  0.71813138727135839        7.4016558708471872E-004  0.17498592395365931        5.0951849259015760E-005  0.42004838620959634        4.3723441384592047E-004
 0.2800  0.75808894795927118        7.0896359073925575E-004  0.17974460969295750        4.2862615398686183E-005  0.41850609371504194        3.9455434416797789E-004
 0.3000  0.79814246764219055        6.8017840256191244E-004  0.18425187153572703        3.6464622126637751E-005  0.41658263217124153        3.5739768426518376E-004
 0.3200  0.83828919172585026        6.7895826313848367E-004  0.18852383521423172        3.1346773477084988E-005  0.41436136337993612        3.3736844442072375E-004
 0.3400  0.87853745791930726        6.5294282221796049E-004  0.19257501147537423        2.7209828653934472E-005  0.41190222645915564        3.0751214693554334E-004
 0.3600  0.91889904307236325        6.2900432074638525E-004  0.19641854805380149        2.3833008849023165E-005  0.40925095086906232        2.8123839582220271E-004
 0.3800  0.95938191303140363        6.0692476447316685E-004  0.20006643192030144        2.1051481653155039E-005  0.40644555931937737        2.5801347508910724E-004
 0.4000   1.0000698053054355        6.5958517652967810E-004  0.20352965176170645        1.8740642221040732E-005  0.40348604916421366        2.6676240584339478E-004


