# triplet j1 / nf 2 / mode 2 / nplat  4 / jkb  20 / start     1 / nmeas 10000
 0.0010   4.0034001616164612E-002   1.8968561312697002E-002   1.5379259636222650E-003   1.3503109343374764E-004   4.3808028590716509E-002   2.0845642794897121E-002
 0.0020   7.8418440826818023E-002   3.5118226972210474E-002   3.0754150532453063E-003   2.6973877970723486E-004   4.4726370852514949E-002   2.0125673631626140E-002
 0.0030  0.11356378446189373        4.6556513115430673E-002   4.6120309096373650E-003   4.0380133272505965E-004   4.6321420925593805E-002   1.9097852251151660E-002
 0.0040  0.14464834161124301        5.3073041427437108E-002   6.1473382035171055E-003   5.3690037395180711E-004   4.8481392820741660E-002   1.7913894973701001E-002
 0.0050  0.17140762817161131        5.5481798371388988E-002   7.6809031515350677E-003   6.6872250994964573E-004   5.1130024295931532E-002   1.6698937120989334E-002
 0.0060  0.19401190585864556        5.4963748562359603E-002   9.2122940333701671E-003   7.9896092693673801E-004   5.4193367292119994E-002   1.5531844188795272E-002
 0.0070  0.21288669571162591        5.2619469583208019E-002   1.0741081710160822E-002   9.2731692888676749E-004   5.7602257842013518E-002   1.4453116987734329E-002
 0.0080  0.22856012751733099        4.9291396707841904E-002   1.2266840144367842E-002   1.0535014063975362E-003   6.1295116461948532E-002   1.3478431378056484E-002
 0.0090  0.24156298846870902        4.5551857544608908E-002   1.3789146921012596E-002   1.1772362244005391E-003   6.5219063482805678E-002   1.2609619245672225E-002
 0.0100  0.25237643751815053        4.1756736308724639E-002   1.5307583770064958E-002   1.2982555178067095E-003   6.9329730906319234E-002   1.1841656656345704E-002
 0.0200  0.31719602052641510        5.6706775794715730E-003   3.0191094653095499E-002   2.3114149582369480E-003  0.10955739453212868        4.6286472071426967E-003
 0.0400  0.33441040099539210        4.8780585081254794E-003   5.7294300105235015E-002   3.0187738524789982E-003  0.20245146609632331        6.0964854045689769E-003
 0.0600  0.35482439701577578        4.4240152938700992E-003   7.9650336803643890E-002   2.4977583930380033E-003  0.27553131054334057        5.5195941899349914E-003
 0.0800  0.38203107420066262        3.6448051048768165E-003   9.7385992273853098E-002   1.7252647922092086E-003  0.32674544991682730        4.2537799068707773E-003
 0.1000  0.41274110419040572        3.1598913264044562E-003  0.11152855833273415        1.1250145990905449E-003  0.36185145255482454        3.3174177481277455E-003
 0.1200  0.44815332471981900        2.2380499361630123E-003  0.12312367687344075        7.3172966942851823E-004  0.38357455194433054        2.2290060107799155E-003
 0.1400  0.48335354055841129        1.8953797779472359E-003  0.13293699817924018        4.8561129003520586E-004  0.39915083805462137        1.7266529812191606E-003
 0.1600  0.51961682104583040        1.3440068762523190E-003  0.14147431447723080        3.3185207972925526E-004  0.40947801248145382        1.1629250007462639E-003
 0.1800  0.55735245991487381        1.5432109619896706E-003  0.14906423250012360        2.3423762362649865E-004  0.41563111501468619        1.1962453921395854E-003
 0.2000  0.59554827478909556        1.3893527517322226E-003  0.15592365093710225        1.7075644062192953E-004  0.41934263745591538        1.0048691087830674E-003
 0.2200  0.63428449672061127        1.2672995617332582E-003  0.16219950100999031        1.2832132336771822E-004  0.42117928085549100        8.5784938259570083E-004
 0.2400  0.67339151688161814        1.0417128868757308E-003  0.16799418388270190        9.9137097173962978E-005  0.42169660132483983        6.6410999386814953E-004
 0.2600  0.71289336506792378        9.7205995066957545E-004  0.17338115439109597        7.8497577107678964E-005  0.42118999290279130        5.8217098078740910E-004
 0.2800  0.75267279993480496        1.0677203162173076E-003  0.17841464576434174        6.3506372419485101E-005  0.41995527690778761        6.0040687148435760E-004
 0.3000  0.79264603843218284        9.9991020578391759E-004  0.18313585973748880        5.2342299016697641E-005  0.41819903620216459        5.3092564393863236E-004
 0.3200  0.83278802946344033        8.5470498701688800E-004  0.18757698028936048        4.3834970943224463E-005  0.41604976693153040        4.2975757423438293E-004
 0.3400  0.87313531928898991        8.8811593172894343E-004  0.19176382106432435        3.7215902162486665E-005  0.41357686561609153        4.2258264132097393E-004
 0.3600  0.91362662498489544        8.7790169682359931E-004  0.19571760006070901        3.1969709796620011E-005  0.41087757771925337        3.9623488386609070E-004
 0.3800  0.95426671963220855        8.3236018153814268E-004  0.19945614809348436        2.7743469792787302E-005  0.40800053451074070        3.5700835967318042E-004
 0.4000  0.99505407592864292        7.9174255826512544E-004  0.20299474455329503        2.4290447947745662E-005  0.40498665031197945        3.2314864444682315E-004


# triplet j3 / nf 2 / mode 2 / nplat  4 / jkb  20 / start     1 / nmeas 10000
 0.0010  0.31587354784342675        7.5754600859299255E-003   1.5379259636222650E-003   1.3503109343374764E-004   5.5522556395607558E-003   2.7774643895082382E-004
 0.0020  0.31591100586601556        7.5723484366895339E-003   3.0754150532453063E-003   2.6973877970723486E-004   1.1102406060470750E-002   5.5486848013419914E-004
 0.0030  0.31597341692712849        7.5671673812615376E-003   4.6120309096373650E-003   4.0380133272505965E-004   1.6648349450156370E-002   8.3074499808650311E-004
 0.0040  0.31606075698975972        7.5599262793380030E-003   6.1473382035171055E-003   5.3690037395180711E-004   2.2187990490545827E-002   1.1047614256551323E-003
 0.0050  0.31617298975303704        7.5506377017951097E-003   7.6809031515350677E-003   6.6872250994964573E-004   2.7719243822086483E-002   1.3763129541651616E-003
 0.0060  0.31631006815182183        7.5393164443031341E-003   9.2122940333701671E-003   7.9896092693673801E-004   3.3240037330064441E-002   1.6448075898759871E-003
 0.0070  0.31647193596759637        7.5259816323026921E-003   1.0741081710160822E-002   9.2731692888676749E-004   3.8748315233774588E-002   1.9096692222814163E-003
 0.0080  0.31665852735033040        7.5106554411691053E-003   1.2266840144367842E-002   1.0535014063975362E-003   4.4242041267479520E-002   2.1703404432234434E-003
 0.0090  0.31686976582828075        7.4933631222973271E-003   1.3789146921012596E-002   1.1772362244005391E-003   4.9719201953065902E-002   2.4262852501557748E-003
 0.0100  0.31710556540221480        7.4741330460911005E-003   1.5307583770064958E-002   1.2982555178067095E-003   5.5177809566462614E-002   2.6769915572703966E-003
 0.0200  0.32078895719547124        7.1834978399562205E-003   3.0191094653095499E-002   2.3114149582369480E-003  0.10833031744187560        4.8042943337739293E-003
 0.0400  0.33628518672779872        5.8853638317506131E-003   5.7294300105235015E-002   3.0187738524789982E-003  0.20132280169146086        6.3674012402426036E-003
 0.0600  0.35809412400448010        4.7280334226219387E-003   7.9650336803643890E-002   2.4977583930380033E-003  0.27301545758199641        5.5963189073906681E-003
 0.0800  0.38129511005590605        2.7446168841540062E-003   9.7385992273853098E-002   1.7252647922092086E-003  0.32737612397809679        3.7366097277307200E-003
 0.1000  0.41290425099825512        1.9919112711404784E-003  0.11152855833273415        1.1250145990905449E-003  0.36170847773861164        2.5244679918396918E-003
 0.1200  0.44687118642994528        1.7230501729276399E-003  0.12312367687344075        7.3172966942851823E-004  0.38467508300339914        1.8725900786496635E-003
 0.1400  0.48247430991710510        1.4013681047082027E-003  0.13293699817924018        4.8561129003520586E-004  0.39987822527526107        1.3720180926693360E-003
 0.1600  0.51929246058821121        1.2082834765663568E-003  0.14147431447723080        3.3185207972925526E-004  0.40973378063830912        1.0676285423644079E-003
 0.1800  0.55696060425647853        1.1847204807055021E-003  0.14906423250012360        2.3423762362649865E-004  0.41592353678200505        9.4314199731594466E-004
 0.2000  0.59527484946149156        1.0794826772584517E-003  0.15592365093710225        1.7075644062192953E-004  0.41953525251117668        7.9471924339941026E-004
 0.2200  0.63410562564480799        1.0046922622966282E-003  0.16219950100999031        1.2832132336771822E-004  0.42129808880802422        6.8800346045504949E-004
 0.2400  0.67331451651659024        1.0081483087123631E-003  0.16799418388270190        9.9137097173962978E-005  0.42174482662139373        6.4361961148665851E-004
 0.2600  0.71282826294192281        9.4787788517324814E-004  0.17338115439109597        7.8497577107678964E-005  0.42122845990166580        5.6818382998333509E-004
 0.2800  0.75260287486928235        8.9649047120321794E-004  0.17841464576434174        6.3506372419485101E-005  0.41999429536125743        5.0584478617459513E-004
 0.3000  0.79259402026045411        8.5107003450161011E-004  0.18313585973748880        5.2342299016697641E-005  0.41822648272425011        4.5304204026765923E-004
 0.3200  0.83275954598924840        8.5205892492569262E-004  0.18757698028936048        4.3834970943224463E-005  0.41606399738119149        4.2847326850231843E-004
 0.3400  0.87309043031758293        8.0983043743967800E-004  0.19176382106432435        3.7215902162486665E-005  0.41359812920970174        3.8572437137424830E-004
 0.3600  0.91357857394884334        7.7137679740734875E-004  0.19571760006070901        3.1969709796620011E-005  0.41089918844203405        3.4856056806954408E-004
 0.3800  0.95430175069421885        8.4036461281059103E-004  0.19945614809348436        2.7743469792787302E-005  0.40798555739054337        3.6039358319553476E-004
 0.4000  0.99508297022505821        8.0158591405839056E-004  0.20299474455329503        2.4290447947745662E-005  0.40497489068522624        3.2712480028861639E-004


