# triplet j1 / nf 0 / mode 2 / nplat  4 / jkb  20 / start     1 / nmeas 10000
 0.0010  0.12759419208287429        6.7539415107032465E-003   3.5546265032243682        2.0283108532192923E-002  0.66081680497839623        3.5029779062927223E-002
 0.0020  0.13703641936128572        4.9964907618975990E-003   1.8318450081576514        1.0161665506144207E-002  0.62465231806204224        2.2841277799830285E-002
 0.0030  0.14241581332579420        3.8092937890609468E-003   1.2515064627016710        6.8692418807741393E-003  0.60846269834787425        1.6360412468667818E-002
 0.0040  0.14701173988690905        3.1811134483107281E-003  0.95915971335917349        5.2470090659135554E-003  0.59585205378482797        1.2995942245479199E-002
 0.0050  0.15143744595449321        2.9180880279458692E-003  0.78275379329765815        4.2866967786260946E-003  0.58422389250877782        1.1370659029540155E-002
 0.0060  0.15578524102270663        2.8798335339057452E-003  0.66462908679028765        3.6509015109946752E-003  0.57326309540249221        1.0713624653403524E-002
 0.0070  0.16005844846179954        2.9132422433823858E-003  0.57996408843348790        3.1957556656784583E-003  0.56297092563007822        1.0363426935743943E-002
 0.0080  0.16424827312555298        2.9477016866323196E-003  0.51630037746162649        2.8506285552835778E-003  0.55336336094345551        1.0047809750668624E-002
 0.0090  0.16834624910260804        2.9614410169787886E-003  0.46669285085044659        2.5773756758185533E-003  0.54443794018238356        9.6946826203837561E-003
 0.0100  0.17234710802124412        2.9531409064067421E-003  0.42696125942882246        2.3538502332068989E-003  0.53617336101800517        9.3053697482175374E-003
 0.0200  0.20745663471182013        2.5217277861217450E-003  0.24893814910601009        1.2396754496741254E-003  0.48100367565574320        5.9682184461316515E-003
 0.0400  0.26297444709009105        1.9698320115170208E-003  0.16642143251392938        5.9088341066586411E-004  0.43876913608786733        3.3776787569473657E-003
 0.0600  0.31103342072384238        1.7564124078159708E-003  0.14584681468821264        3.6870992617972986E-004  0.42533590014821454        2.4613180909300500E-003
 0.0800  0.35590480841505207        1.6447190880164062E-003  0.14052278645649202        2.5855874526305671E-004  0.42130781224450919        1.9851680193815079E-003
 0.1000  0.39903329466362580        1.5490008188072267E-003  0.14091904207388906        1.9294400771092881E-004  0.42071762385999040        1.6583793467978170E-003
 0.1200  0.44109147014537103        1.4513699676315687E-003  0.14385512510295614        1.4949447038154788E-004  0.42124972554973000        1.4032583852603448E-003
 0.1400  0.48524442993055189        8.6983370168593340E-004  0.14799274152251596        1.1878872428805049E-004  0.41950647118810214        7.7061050960098871E-004
 0.1600  0.52569290351158271        8.1102296185202652E-004  0.15268868581694262        9.6161325505282074E-005  0.42048092928472092        6.6207997059326384E-004
 0.1800  0.56586718758865151        7.6226791919078855E-004  0.15760745480162788        7.9008084922427150E-005  0.42094476860547791        5.7677835469328203E-004
 0.2000  0.60582926609095344        7.4524449497948573E-004  0.16256501502325310        6.5739200993735261E-005  0.42091392217645746        5.2472365251005938E-004
 0.2200  0.64572567951704607        7.0690233115450608E-004  0.16745762588632640        5.5317558950324318E-005  0.42036906150160142        4.6540350448531206E-004
 0.2400  0.68554008033484892        6.9891738170085936E-004  0.17222643129563131        4.7032634434224970E-005  0.41940892595119733        4.3141092391134784E-004
 0.2600  0.72535763139587850        6.6807210788877259E-004  0.17683865280118766        4.0379610791816221E-005  0.41805948969010104        3.8799006147709680E-004
 0.2800  0.76517294092725241        6.6788645985086206E-004  0.18127708925212255        3.4989760026010280E-005  0.41639534863473915        3.6566840863687644E-004
 0.3000  0.80504052729940812        6.4274855502939273E-004  0.18553402251132120        3.0588013943891891E-005  0.41444763077321334        3.3265612181940620E-004
 0.3200  0.84496590032994912        6.2056656813837101E-004  0.18960757072467743        2.6965733772843278E-005  0.41226706474877617        3.0419637106317629E-004
 0.3400  0.88497032389872665        6.2613726038860317E-004  0.19349945254931780        2.3962653088792270E-005  0.40988839182125597        2.9111410034538411E-004
 0.3600  0.92507128777748682        5.8261194649020850E-004  0.19721358972387121        2.1454369550360865E-005  0.40734225733616475        2.5750008283296761E-004
 0.3800  0.96528661424357465        5.6601535349998081E-004  0.20075522035767343        1.9343691928304669E-005  0.40465409153474591        2.3807665312075227E-004
 0.4000   1.0056314358885008        5.5063674599428682E-004  0.20413032993145552        1.7554104890752024E-005  0.40184625138978169        2.2070957241553346E-004


# triplet j3 / nf 0 / mode 2 / nplat  4 / jkb  20 / start     1 / nmeas 10000
 0.0010  0.12817786463888292        6.7337109063477585E-003   3.5546265032243682        2.0283108532192923E-002  0.65780770013254908        3.4608271250975875E-002
 0.0020  0.13414850427605871        6.6373174126858015E-003   1.8318450081576514        1.0161665506144207E-002  0.63809967524346212        3.1621072564896845E-002
 0.0030  0.14192841403223375        6.0955681984322168E-003   1.2515064627016710        6.8692418807741393E-003  0.61055223264835112        2.6275592689591062E-002
 0.0040  0.14886926322983610        5.5035260698418726E-003  0.95915971335917349        5.2470090659135554E-003  0.58841728132190818        2.1812570311387197E-002
 0.0050  0.15498827714360297        5.0272752524899962E-003  0.78275379329765815        4.2866967786260946E-003  0.57083913556344335        1.8581875000018087E-002
 0.0060  0.16050892826873564        4.6840209956080870E-003  0.66462908679028765        3.6509015109946752E-003  0.55639228577476807        1.6308566476714061E-002
 0.0070  0.16558970193191710        4.4472417893619423E-003  0.57996408843348790        3.1957556656784583E-003  0.54416580158168182        1.4691357355571744E-002
 0.0080  0.17033330352549761        4.2821352024968815E-003  0.51630037746162649        2.8506285552835778E-003  0.53359486703261905        1.3495073878216900E-002
 0.0090  0.17480865049281155        4.1595883436062464E-003  0.46669285085044659        2.5773756758185533E-003  0.52431092420465397        1.2559751923455350E-002
 0.0100  0.17906414481037530        4.0596419505767138E-003  0.42696125942882246        2.3538502332068989E-003  0.51606047803339672        1.1785996024827708E-002
 0.0200  0.21451227278224036        3.2399911373098495E-003  0.24893814910601009        1.2396754496741254E-003  0.46518272610376166        7.1209468592418829E-003
 0.0400  0.26874099172166471        2.3256993286446359E-003  0.16642143251392938        5.9088341066586411E-004  0.42935419053007084        3.7930283738855822E-003
 0.0600  0.31702322875950384        1.1457525533451088E-003  0.14584681468821264        3.6870992617972986E-004  0.41729964235558520        1.5977437858857254E-003
 0.0800  0.36093098089242126        1.0405151223739659E-003  0.14052278645649202        2.5855874526305671E-004  0.41544085750106163        1.2571659806970012E-003
 0.1000  0.40326571873291855        9.2115828974119332E-004  0.14091904207388906        1.9294400771092881E-004  0.41630203553972461        9.9272522442157233E-004
 0.1200  0.44461848890754452        8.7524456140483924E-004  0.14385512510295614        1.4949447038154788E-004  0.41790808384421990        8.5084001618900419E-004
 0.1400  0.48538581487333765        8.3325769183109307E-004  0.14799274152251596        1.1878872428805049E-004  0.41938427581977916        7.3936600479432367E-004
 0.1600  0.52577118884224916        7.9353238995485281E-004  0.15268868581694262        9.6161325505282074E-005  0.42041832127331491        6.4818956478365948E-004
 0.1800  0.56590497454785560        7.5645666287532892E-004  0.15760745480162788        7.9008084922427150E-005  0.42091666101937447        5.7245373335510755E-004
 0.2000  0.60592791191990147        6.9760399762316299E-004  0.16256501502325310        6.5739200993735261E-005  0.42084539685859035        4.9193404228349211E-004
 0.2200  0.64574658202281865        6.9128501852555330E-004  0.16745762588632640        5.5317558950324318E-005  0.42035545435759281        4.5532376134830850E-004
 0.2400  0.68556536212574826        6.6304668695921719E-004  0.17222643129563131        4.7032634434224970E-005  0.41939345928769156        4.0964011695726740E-004
 0.2600  0.72536924972835526        6.3739329841637634E-004  0.17683865280118766        4.0379610791816221E-005  0.41805279357753755        3.7043726831565555E-004
 0.2800  0.76518849343118789        6.1404840942444103E-004  0.18127708925212255        3.4989760026010280E-005  0.41638688537326313        3.3654984514842803E-004
 0.3000  0.80504418184613735        6.1382255536449634E-004  0.18553402251132120        3.0588013943891891E-005  0.41444574936313966        3.1784411027962594E-004
 0.3200  0.84496095975951369        5.9458503055819466E-004  0.18960757072467743        2.6965733772843278E-005  0.41226947531514385        2.9158468354601114E-004
 0.3400  0.88496015546817197        5.7702472312373991E-004  0.19349945254931780        2.3962653088792270E-005  0.40989310154928343        2.6846690996128810E-004
 0.3600  0.92505907960527034        5.6088927322849654E-004  0.19721358972387121        2.1454369550360865E-005  0.40734763310571098        2.4797816718881573E-004
 0.3800  0.96527364991974862        5.4597449249428251E-004  0.20075522035767343        1.9343691928304669E-005  0.40465952633210167        2.2971079289680845E-004
 0.4000   1.0056187438358712        5.3211562635043115E-004  0.20413032993145552        1.7554104890752024E-005  0.40185132314665067        2.1333747566024697E-004


