# triplet j1 / nf 4 / mode 2 / nplat  4 / jkb  20 / start     1 / nmeas 10000
 0.0010  -100.00000000000000        172.68907420350769        9.2366215808435735E-004   3.2628111500264418E-005  -1.3591630940283490E-005   2.3472489257066310E-005
 0.0020  -100.00000000000000        165.59562700365601        1.8473674049441565E-003   6.5352839962475327E-005  -2.7183578903037446E-005   4.5017385824539580E-005
 0.0030  -100.00000000000000        158.06162739153757        2.7711586956943304E-003   9.8270523919461559E-005  -4.0776159915036119E-005   6.4455517034595576E-005
 0.0040  -100.00000000000000        157.82138398058177        3.6950787183294208E-003   1.3147694351303035E-004  -5.4369688013299619E-005   8.5812445877263277E-005
 0.0050  -100.00000000000000        131.05024841555309        4.6191697606679559E-003   1.6506703752444413E-004  -6.7964474254333465E-005   8.9075890371121555E-005
 0.0060  -100.00000000000000        149.83220765781550        5.5434735779028056E-003   1.9913461609926683E-004  -8.1560825728307627E-005   1.2221316589173999E-004
 0.0070  -100.00000000000000        171.28042870285879        6.4680312609584015E-003   2.3377206806703563E-004  -9.5159044579807349E-005   1.6299789105119194E-004
 0.0080  -100.00000000000000        158.15700238344496        7.3928831058574533E-003   2.6907006202761752E-004  -1.0875942703679496E-004   1.7202203576876122E-004
 0.0090  -100.00000000000000        170.90629265863603        8.3180684842977439E-003   3.0511724069680167E-004  -1.2236226244940039E-004   2.0913684772348303E-004
 0.0100  -99.999999999999986        164.24523542482575        9.2436257156425089E-003   3.4199990833106147E-004  -1.3596783234017163E-004   2.2333485101375979E-004
 0.0200  0.74137304424098194        122.85945212096338        1.8527080869746835E-002   7.7343930925469814E-004   3.6719495265405591E-002   6.0851107836952805     
 0.0400  0.49872683157501435       0.11108972272650805        3.7298580325510436E-002   2.0807873658994338E-003  0.10952882040268053        2.4587724447814704E-002
 0.0600  0.46758585068388253        2.4985808522458387E-002   5.6214697008163152E-002   3.6210869743931490E-003  0.17565244499852156        1.0959240441114718E-002
 0.0800  0.46529880350866509        1.7526293055349720E-002   7.4712876042333676E-002   4.4285706076543675E-003  0.23497723165058623        1.1262131526763945E-002
 0.1000  0.47282593594563027        1.2183046344428902E-002   9.1983224543628783E-002   4.1267298182140139E-003  0.28685869737014508        9.7999230219534654E-003
 0.1200  0.48801498929046949        9.6044506513856612E-003  0.10738130705767444        3.2217797084356597E-003  0.32895523514029851        8.1403987618974358E-003
 0.1400  0.50950249225751054        7.5712375643872199E-003  0.12069334123732657        2.2954108290795081E-003  0.36080650438245360        6.3654241067349774E-003
 0.1600  0.53584459505685567        6.0328042062776852E-003  0.13207581997813925        1.5786773643530724E-003  0.38366112200157737        4.8903047956472354E-003
 0.1800  0.56586649156912572        4.8949535206447604E-003  0.14184697516623668        1.0763329103956633E-003  0.39934413679138719        3.7721273215340248E-003
 0.2000  0.59866567409498139        4.0465702527573604E-003  0.15033441336372957        7.3576374073516923E-004  0.40961404710910188        2.9445694424988936E-003
 0.2200  0.63352748382017565        3.4183204984032109E-003  0.15781402353734228        5.0760051464391383E-004  0.41594286051250967        2.3418690566797428E-003
 0.2400  0.66985967231800980        3.1647711202097018E-003  0.16449969096497957        3.5521938191876445E-004  0.41948779468431363        2.0329762434449241E-003
 0.2600  0.70742782662519510        2.8109933892917108E-003  0.17055128428434541        2.5315699572256558E-004  0.42096600905535159        1.7016530943429582E-003
 0.2800  0.74593698261546870        2.2839386685287316E-003  0.17608659999934848        1.8427873253847331E-004  0.42097376155974897        1.3076409033650146E-003
 0.3000  0.78504527989418127        2.0474979580511555E-003  0.18119234572627055        1.3727748698197457E-004  0.42000150070215553        1.1069115360145701E-003
 0.3200  0.82467277051409549        1.8515175871494241E-003  0.18593287064894876        1.0475915333057121E-004  0.41829860785822509        9.4650905028385271E-004
 0.3400  0.86471118076470455        1.6861428690566253E-003  0.19035664396571170        8.1894766318642208E-005  0.41607095683963835        8.1623892547512866E-004
 0.3600  0.90508289369712835        1.5445643972753745E-003  0.19450088546475938        6.5520457291778713E-005  0.41346493402223361        7.0902475528647046E-004
 0.3800  0.94574025032996467        1.5032349223051058E-003  0.19839480921273728        5.3552920630097830E-005  0.41058216069625869        6.5496044999913345E-004
 0.4000  0.98663608845679651        1.3879749046752557E-003  0.20206187513600224        4.4613193342292786E-005  0.40750241441210683        5.7502658421303740E-004


# triplet j3 / nf 4 / mode 2 / nplat  4 / jkb  20 / start     1 / nmeas 10000
 0.0010  0.50190353977844004        4.1349689901168787E-002   9.2366215808435735E-004   3.2628111500264418E-005   2.7080165535958104E-003   2.2817136962541531E-004
 0.0020  0.50183868398549669        4.1332569279535339E-002   1.8473674049441565E-003   6.5352839962475327E-005   5.4167962276545148E-003   4.5631199223319290E-004
 0.0030  0.50173082180827977        4.1304093315071337E-002   2.7711586956943304E-003   9.8270523919461559E-005   8.1270988631066011E-003   6.8439137730008398E-004
 0.0040  0.50158029782732061        4.1264348804495879E-002   3.6950787183294208E-003   1.3147694351303035E-004   1.0839677764220618E-002   9.1237953657793643E-004
 0.0050  0.50138759182756198        4.1213454864258349E-002   4.6191697606679559E-003   1.6506703752444413E-004   1.3555276469168770E-002   1.1402471849307450E-003
 0.0060  0.50115331572016997        4.1151561495877377E-002   5.5434735779028056E-003   1.9913461609926683E-004   1.6274625582612910E-002   1.3679659134218788E-003
 0.0070  0.50087820998596444        4.1078847123986330E-002   6.4680312609584015E-003   2.3377206806703563E-004   1.8998439677077168E-002   1.5955082995816577E-003
 0.0080  0.50056313945089770        4.0995515398305059E-002   7.3928831058574533E-003   2.6907006202761752E-004   2.1727414279065913E-002   1.8228479329646522E-003
 0.0090  0.50020908813680331        4.0901792600961301E-002   8.3180684842977439E-003   3.0511724069680167E-004   2.4462222968634918E-002   2.0499593978994370E-003
 0.0100  0.49981715361550177        4.0797923854571407E-002   9.2436257156425089E-003   3.4199990833106147E-004   2.7203514596613593E-002   2.2768181409647732E-003
 0.0200  0.49412295177500620        3.9261871456376926E-002   1.8527080869746835E-002   7.7343930925469814E-004   5.5093259461264019E-002   4.5261104123960408E-003
 0.0400  0.47890495561408447        3.8315860791219972E-002   3.7298580325510436E-002   2.0807873658994338E-003  0.11406221824439843        9.6645190053223674E-003
 0.0600  0.46751296551371496        3.0917078843244700E-002   5.6214697008163152E-002   3.6210869743931490E-003  0.17567982917669084        1.2922485849113242E-002
 0.0800  0.46515007686318510        2.3197847200680504E-002   7.4712876042333676E-002   4.4285706076543675E-003  0.23505236304831328        1.3636195059903759E-002
 0.1000  0.47238973785742067        1.6686410937481497E-002   9.1983224543628783E-002   4.1267298182140139E-003  0.28712357868604044        1.2014451892093709E-002
 0.1200  0.48777385606592322        1.1883221609529490E-002  0.10738130705767444        3.2217797084356597E-003  0.32911785565715135        9.4162343729370154E-003
 0.1400  0.50464563011096730        8.2835803063248583E-003  0.12069334123732657        2.2954108290795081E-003  0.36427901528674178        6.9104301018061516E-003
 0.1600  0.53234126573641571        5.5029083863287597E-003  0.13207581997813925        1.5786773643530724E-003  0.38618598968389328        4.6112410357716117E-003
 0.1800  0.56338317236513125        4.1245354501744163E-003  0.14184697516623668        1.0763329103956633E-003  0.40110439342051829        3.3073875912562490E-003
 0.2000  0.59696078165315647        3.0105841951461438E-003  0.15033441336372957        7.3576374073516923E-004  0.41078388592338327        2.3026616848443901E-003
 0.2200  0.63243445826190703        2.3297915109192994E-003  0.15781402353734228        5.0760051464391383E-004  0.41666172737907631        1.6748095903779249E-003
 0.2400  0.66917978519666355        2.0801439204008931E-003  0.16449969096497957        3.5521938191876445E-004  0.41991399457181322        1.3817979816599410E-003
 0.2600  0.70701567221910233        1.7751222184275914E-003  0.17055128428434541        2.5315699572256558E-004  0.42121141096405734        1.1027828253599020E-003
 0.2800  0.74561302362114590        1.7027970110861216E-003  0.17608659999934848        1.8427873253847331E-004  0.42115666908967497        9.8674202035544463E-004
 0.3000  0.78482535999664027        1.5281706114118373E-003  0.18119234572627055        1.3727748698197457E-004  0.42011919145440374        8.3337131572573610E-004
 0.3200  0.82473542576015679        1.8464911554493975E-003  0.18593287064894876        1.0475915333057121E-004  0.41826682966441425        9.4383707855832325E-004
 0.3400  0.86475924008105109        1.6871749207953018E-003  0.19035664396571170        8.1894766318642208E-005  0.41604783354148717        8.1664228994257095E-004
 0.3600  0.90512024156117254        1.5510497811783220E-003  0.19450088546475938        6.5520457291778713E-005  0.41344787327004417        7.1191470398755154E-004
 0.3800  0.94576273756805773        1.4330583227505826E-003  0.19839480921273728        5.3552920630097830E-005  0.41057239835477749        6.2457906790997007E-004
 0.4000  0.98664814981512439        1.3296729697516803E-003  0.20206187513600224        4.4613193342292786E-005  0.40749743286661810        5.5101019852975481E-004


