# triplet j1 / nf 6 / mode 2 / nplat  4 / jkb  20 / start     1 / nmeas 10000
 0.0010   1.2955397194015918E-002   95.012060459923802        9.0043204620657410E-004   3.1117755934213575E-005  0.10358329860473783        759.65734452702543     
 0.0020   2.6708582285003626E-002   95.024893631544330        1.8008133048640763E-003   6.2233656094021694E-005  0.10048783861135141        357.51976924591679     
 0.0030   4.0226091992337343E-002   95.037500743242163        2.7010930650045858E-003   9.3346136535837172E-005  0.10007775551193704        236.44205273318315     
 0.0040   5.3645449917990744E-002   95.050016894077132        3.6012207685286049E-003   1.2445421476155210E-004  0.10005458029000237        177.27858675591796     
 0.0050   6.6975463739081295E-002   95.062451736798423        4.5011460859117900E-003   1.5555777492207859E-004  0.10017188005228998        142.18019528253427     
 0.0060   8.0207217332476433E-002   95.074797739797461        5.4008189910423740E-003   1.8665784643059463E-004  0.10037070731884074        118.97588540937092     
 0.0070   9.3327306829430912E-002   95.087043013233966        6.3001898349060300E-003   2.1775687388581603E-004  0.10063107270611141        102.52852530866002     
 0.0080  0.10632106801672767        95.099174402638297        7.1992094178418321E-003   2.4885897621917811E-004  0.10094459368094948        90.290172026394188     
 0.0090  0.11917367556980246        95.111178544091302        8.0978290600991626E-003   2.7997019310737806E-004  0.10130717869759050        80.852127091786414     
 0.0100  0.13187063419294370        95.123042331201546        8.9960006704346597E-003   3.1109871674512072E-004  0.10171655495251332        73.371817952699431     
 0.0200  0.24767139899156429        95.231581001153089        1.7943040525609858E-002   6.2704879974906586E-004  0.10816883626404383        41.591759666472363     
 0.0400  0.44221184318134027        67.438962458553448        3.5532584238942296E-002   1.4111335163416591E-003  0.12056687961750422        18.386900899575235     
 0.0600  0.55585945852871910        7.0549856043936196E-002   5.2565261369970667E-002   2.7689885919032972E-003  0.14288118291477700        1.8520888343429017E-002
 0.0800  0.54894089652679745        7.2415441804770567E-002   6.8963391789321996E-002   4.6071777191275219E-003  0.19135671662261863        2.6040159912645997E-002
 0.1000  0.54238813153466525        6.4270980283762644E-002   8.4631342955373001E-002   5.8710772710758221E-003  0.23986696287890849        2.9616044610536529E-002
 0.1200  0.54206730745607379        4.9675918435815640E-002   9.9367196748451958E-002   5.8524173701177242E-003  0.28488784791353350        2.7422426362465366E-002
 0.1400  0.54962690928385183        3.5611115958560959E-002  0.11291681024915412        4.9029288928777882E-003  0.32351195124544196        2.2106236284052411E-002
 0.1600  0.56489640743518377        2.3724888753748338E-002  0.12510424150796928        3.6930836940242007E-003  0.35419481022369836        1.5767618809557054E-002
 0.1800  0.58646725266755284        1.5004735659637728E-002  0.13590624005687416        2.6464313806783863E-003  0.37716135063957773        1.0324746697441291E-002
 0.2000  0.61270566713090646        1.0559050216923636E-002  0.14542553183477067        1.8760363117012195E-003  0.39363927996485326        7.2433625744905035E-003
 0.2200  0.64226376559728826        8.1175794169825229E-003  0.15382439002090276        1.3357486814539053E-003  0.40506574484745939        5.4132884950877881E-003
 0.2400  0.67445208953641855        6.4336768015762699E-003  0.16127575668296962        9.5602203055721827E-004  0.41252859559724581        4.1207384736146480E-003
 0.2600  0.70875499019866395        5.2444093105033516E-003  0.16793952335684367        6.8711407156127661E-004  0.41694810107354685        3.2009309740817717E-003
 0.2800  0.74473345053179163        4.3833840311987846E-003  0.17395307973936369        4.9653262942053159E-004  0.41909184823539591        2.5381903754607207E-003
 0.3000  0.78202537998420796        3.7434143111370762E-003  0.17942887672351460        3.6174938017574600E-004  0.41956663664558447        2.0524409623168365E-003
 0.3200  0.82034214505355019        3.2544034317597403E-003  0.18445591238543715        2.6649583126323316E-004  0.41883334773159997        1.6888882088410681E-003
 0.3400  0.85950128884876698        2.9995573504722922E-003  0.18910324118598743        1.9902585068713217E-004  0.41721259478061390        1.4724823758055458E-003
 0.3600  0.89924532070107910        2.6844408980310681E-003  0.19342406293666872        1.5098651266206716E-004  0.41499542824921032        1.2493943026247671E-003
 0.3800  0.93949431039397768        2.4214113226729453E-003  0.19745950569990992        1.1652046911922822E-004  0.41233639017797785        1.0696786426245631E-003
 0.4000  0.98015399506697720        2.1979815044743506E-003  0.20124173036847703        9.1553926335838598E-005  0.40936404991466202        9.2270390924511050E-004


# triplet j3 / nf 6 / mode 2 / nplat  4 / jkb  20 / start     1 / nmeas 10000
 0.0010  0.57239986219353378        7.3310038458035978E-002   9.0043204620657410E-004   3.1117755934213575E-005   2.3444498587894547E-003   3.0298555051115074E-004
 0.0020  0.57240490658150156        7.3311350975253486E-002   1.8008133048640763E-003   6.2233656094021694E-005   4.6887922785674094E-003   6.0596260880105225E-004
 0.0030  0.57241324024853213        7.3313602625713736E-002   2.7010930650045858E-003   9.3346136535837172E-005   7.0329208280750424E-003   9.0892375768922078E-004
 0.0040  0.57242475257855141        7.3316889351135159E-002   3.6012207685286049E-003   1.2445421476155210E-004   9.3767310931865237E-003   1.2118637259348356E-003
 0.0050  0.57243928964200985        7.3321344093580543E-002   4.5011460859117900E-003   1.5555777492207859E-004   1.1720121664453600E-002   1.5147804263005507E-003
 0.0060  0.57245665409561697        7.3327136111297972E-002   5.4008189910423740E-003   1.8665784643059463E-004   1.4062995124853560E-002   1.8176759751782011E-003
 0.0070  0.57247660602291695        7.3334469738611061E-002   6.3001898349060300E-003   2.1775687388581603E-004   1.6405259010080966E-002   2.1205576704181493E-003
 0.0080  0.57249886353251045        7.3343582393821855E-002   7.1992094178418321E-003   2.4885897621917811E-004   1.8746826752545510E-002   2.4234389076903057E-003
 0.0090  0.57252310377131044        7.3354743035893316E-002   8.0978290600991626E-003   2.7997019310737806E-004   2.1087618591233606E-002   2.7263400530549344E-003
 0.0100  0.57254896396048405        7.3368249564794194E-002   8.9960006704346597E-003   3.1109871674512072E-004   2.3427562451121826E-002   3.0292892242654366E-003
 0.0200  0.57279101727881176        7.3712492053066556E-002   1.7943040525609858E-002   6.2704879974906586E-004   4.6771555762308209E-002   6.0742621287147788E-003
 0.0400  0.57115927024927138        7.6425490378347435E-002   3.5532584238942296E-002   1.4111335163416591E-003   9.3347170989644498E-002   1.2627353206382134E-002
 0.0600  0.56432521345472797        8.3210314124867887E-002   5.2565261369970667E-002   2.7689885919032972E-003  0.14073774319375204        2.1080388957426487E-002
 0.0800  0.55445251629336989        8.1616697517470027E-002   6.8963391789321996E-002   4.6071777191275219E-003  0.18945450600798491        2.8597144737241866E-002
 0.1000  0.54642398533444425        7.0723367273005225E-002   8.4631342955373001E-002   5.8710772710758221E-003  0.23809532030911212        3.1903990687118571E-002
 0.1200  0.54474730586825937        5.4059818460278415E-002   9.9367196748451958E-002   5.8524173701177242E-003  0.28348628250543606        2.9345224135517503E-002
 0.1400  0.55116093202055938        3.8274222134396074E-002  0.11291681024915412        4.9029288928777882E-003  0.32261153421663014        2.3472418467816152E-002
 0.1600  0.56581676947846238        2.4805656314451308E-002  0.12510424150796928        3.6930836940242007E-003  0.35361867413717579        1.6357845549903310E-002
 0.1800  0.58703540534029619        1.6175166214618283E-002  0.13590624005687416        2.6464313806783863E-003  0.37679632115843914        1.1011330707069269E-002
 0.2000  0.61299913666103345        1.1438465516727120E-002  0.14542553183477067        1.8760363117012195E-003  0.39345082760395755        7.7679808421361844E-003
 0.2200  0.64241521788427780        8.4164988863451827E-003  0.15382439002090276        1.3357486814539053E-003  0.40497024876995313        5.5894148875955917E-003
 0.2400  0.67250159088538841        5.7798643431448173E-003  0.16127575668296962        9.5602203055721827E-004  0.41372507822290688        3.7612959396895853E-003
 0.2600  0.70737899948127858        4.2828660722079546E-003  0.16793952335684367        6.8711407156127661E-004  0.41775914680310533        2.6698247733229485E-003
 0.2800  0.74375535343739874        3.5347606144721169E-003  0.17395307973936369        4.9653262942053159E-004  0.41964298715110027        2.0823754350827442E-003
 0.3000  0.78136448066375419        2.8663860101687958E-003  0.17942887672351460        3.6174938017574600E-004  0.41992151751348439        1.5975575851576013E-003
 0.3200  0.82038097145309175        3.2760828075602141E-003  0.18445591238543715        2.6649583126323316E-004  0.41881352548868328        1.6996205707537665E-003
 0.3400  0.85949221228827377        2.8914524500296369E-003  0.18910324118598743        1.9902585068713217E-004  0.41721700070227430        1.4206447003305039E-003
 0.3600  0.89923520171894766        2.5836244222725673E-003  0.19342406293666872        1.5098651266206716E-004  0.41500009814126421        1.2033027892038176E-003
 0.3800  0.93948286301380501        2.3307451147634435E-003  0.19745950569990992        1.1652046911922822E-004  0.41234141440098737        1.0301790624122503E-003
 0.4000  0.98014132196251991        2.1184061821589916E-003  0.20124173036847703        9.1553926335838598E-005  0.40936934294052407        8.8966793497193301E-004


