# triplet j1 / nf 5 / mode 2 / nplat  4 / jkb  20 / start     1 / nmeas 10000
 0.0010   2.2062234638572042E-002   95.020172786369770        9.0752099459148598E-004   3.2892718126626574E-005   6.1065207770596056E-002   263.00266898188192     
 0.0020   4.4858777682233959E-002   95.041053775299858        1.8149942350576191E-003   6.5786385127437560E-005   6.0064820691349941E-002   127.25767728174300     
 0.0030   6.7257177853306066E-002   95.061571772477492        2.7223737778536957E-003   9.8686422979776974E-005   6.0091197886073144E-002   84.933146223737765     
 0.0040   8.9313304251332271E-002   95.081788193694820        3.6296156665482256E-003   1.3160310133298223E-004   6.0333588514012049E-002   64.230357761072895     
 0.0050  0.11096444077748673        95.101650006283208        4.5366779394576629E-003   1.6455147961906338E-004   6.0699504519244982E-002   52.022278445147187     
 0.0060  0.13213615605192006        95.121092399310726        5.4435206312989717E-003   1.9755132477647291E-004   6.1165832483961645E-002   44.031557895099581     
 0.0070  0.15275707528284840        95.140052739050603        6.3501057689159344E-003   2.3062700504435806E-004   6.1723872100712875E-002   38.442818039968628     
 0.0080  0.17276325893299310        95.158474635865090        7.2563973611552944E-003   2.6380736035533668E-004   6.2369050419646348E-002   34.353043247203161     
 0.0090  0.19210010899861668        95.176309686224727        8.1623613829874785E-003   2.9712554994038574E-004   6.3098139040862478E-002   31.262075057298045     
 0.0100  0.21072328101603888        95.193518297568474        9.0679657539843930E-003   3.3061887777093447E-004   6.3908321857377076E-002   28.870364877185391     
 0.0200  0.35475613665788458        95.328313846232945        1.8098491719183693E-002   6.8590287424420953E-004   7.5844007176222111E-002   20.380426412186331     
 0.0400  0.52790260059736649        4.8401700110585887E-002   3.5975648312885383E-002   1.6932600107836490E-003  0.10162381782717080        9.6195900796901719E-003
 0.0600  0.51859984361285871        5.4007603016774416E-002   5.3564148060290771E-002   3.2751167014763664E-003  0.15459496399848793        1.6779094190517013E-002
 0.0800  0.50926815949524695        4.9905633013850210E-002   7.0740837882146246E-002   4.8150062858166092E-003  0.20890487126869331        2.1671005852659728E-002
 0.1000  0.50691607358308455        3.8401720097291862E-002   8.7180551962400196E-002   5.3385613215328614E-003  0.26048861263631629        2.1284263024943521E-002
 0.1200  0.51342210610660133        2.5955395351241584E-002  0.10243076547615045        4.7418779857471369E-003  0.30538399070984623        1.6979597294709700E-002
 0.1400  0.52824337287457668        1.5774353768722989E-002  0.11613009875039308        3.6478212255467530E-003  0.34136371487170852        1.1517695097389332E-002
 0.1600  0.54951550199456356        1.0832535866694117E-002  0.12816116934681848        2.6092737168008596E-003  0.36853035990581506        8.1762533645069729E-003
 0.1800  0.57532643016037288        8.2914989910406293E-003  0.13862837446047910        1.8220057872788988E-003  0.38829606556976326        6.1503656265285353E-003
 0.2000  0.60471120938006706        6.5149889348860412E-003  0.14774649410834817        1.2687011064441093E-003  0.40201343645130705        4.6624413769115339E-003
 0.2200  0.63690152451527104        5.2560824978259042E-003  0.15575032518625570        8.8612396896823947E-004  0.41102527714884651        3.5878858580176741E-003
 0.2400  0.67126936729318210        4.3487277918311459E-003  0.16285120827283187        6.2244685189379804E-004  0.41650410127932552        2.8132216665452672E-003
 0.2600  0.70733572326788252        3.7963610209145009E-003  0.16922330902167532        4.4113521608094269E-004  0.41937850879036132        2.3162810472344237E-003
 0.2800  0.74465428701136960        3.3044168751248620E-003  0.17500345662875430        3.1652775092538647E-004  0.42039992785628189        1.9038784709530120E-003
 0.3000  0.78296030922480853        2.9157503795712754E-003  0.18029630657765805        2.3065729367879677E-004  0.42007737692943198        1.5872812539925439E-003
 0.3200  0.82202691190179744        2.6009326611557909E-003  0.18518094841261440        1.7112200604908111E-004  0.41879559315479431        1.3391431040162792E-003
 0.3400  0.86168595448032792        2.3401164665550994E-003  0.18971712733116558        1.2947877612721719E-004  0.41682975430075841        1.1409033777711169E-003
 0.3600  0.90181406528938279        2.1199128500183177E-003  0.19395036615353631        1.0002489733793049E-004  0.41437595395710058        9.7992509587170292E-004
 0.3800  0.94232166995944855        1.9311858855488319E-003  0.19791587843819664        7.8916603054276141E-005  0.41157400492930396        8.4745805602192759E-004
 0.4000  0.98314463200864965        1.7675689855571092E-003  0.20164143067564336        6.3558642137698975E-005  0.40852389717731885        7.3729060714206203E-004


# triplet j3 / nf 5 / mode 2 / nplat  4 / jkb  20 / start     1 / nmeas 10000
 0.0010  0.54494194417581387        6.1540285910162931E-002   9.0752099459148598E-004   3.2892718126626574E-005   2.4722540749283674E-003   2.8276361059676808E-004
 0.0020  0.54494054215543153        6.1539552906183737E-002   1.8149942350576191E-003   6.5786385127437560E-005   4.9444558249585862E-003   5.6551666653023309E-004
 0.0030  0.54493669025595604        6.1538518154894611E-002   2.7223737778536957E-003   9.8686422979776974E-005   7.4165760094874762E-003   8.4825701638751411E-004
 0.0040  0.54492915049858603        6.1537329218184542E-002   3.6296156665482256E-003   1.3160310133298223E-004   9.8886105516585426E-003   1.1309915677000656E-003
 0.0050  0.54491669013620714        6.1536126398053045E-002   4.5366779394576629E-003   1.6455147961906338E-004   1.2360580427009766E-002   1.4137360882428586E-003
 0.0060  0.54489808498039294        6.1535039936715004E-002   5.4435206312989717E-003   1.9755132477647291E-004   1.4832531456661623E-002   1.6965149088391312E-003
 0.0070  0.54487212391645745        6.1534187002859307E-002   6.3501057689159344E-003   2.3062700504435806E-004   1.7304533969300966E-002   1.9793605140235549E-003
 0.0080  0.54483761243847839        6.1533669578526476E-002   7.2563973611552944E-003   2.6380736035533668E-004   1.9776682374825872E-002   2.2623130644692131E-003
 0.0090  0.54479337651964244        6.1533571362637485E-002   8.1623613829874785E-003   2.9712554994038574E-004   2.2249094628856093E-002   2.5454197995843559E-003
 0.0100  0.54473826737173525        6.1533955514301707E-002   9.0679657539843930E-003   3.3061887777093447E-004   2.4721911553949122E-002   2.8287343639734138E-003
 0.0200  0.54336281152601507        6.1558779813795227E-002   1.8098491719183693E-002   6.8590287424420953E-004   4.9517792538883054E-002   5.6879108760168320E-003
 0.0400  0.53522351494659337        6.5733302986886871E-002   3.5975648312885383E-002   1.6932600107836490E-003  0.10023378311199505        1.2534140050768179E-002
 0.0600  0.52260802335896084        6.4867399530957465E-002   5.3564148060290771E-002   3.2751167014763664E-003  0.15340928682582325        1.9610621625345714E-002
 0.0800  0.51196932793469085        5.3888553585168184E-002   7.0740837882146246E-002   4.8150062858166092E-003  0.20780268171489044        2.2987657808972835E-002
 0.1000  0.50865084029676833        4.3049814491828195E-002   8.7180551962400196E-002   5.3385613215328614E-003  0.25960020955369972        2.3364863707704013E-002
 0.1200  0.51444408947306852        2.8258098519161935E-002  0.10243076547615045        4.7418779857471369E-003  0.30477732155905374        1.8166900161658225E-002
 0.1400  0.52879230350972484        1.8015002711942524E-002  0.11613009875039308        3.6478212255467530E-003  0.34100935078664651        1.2792683057617582E-002
 0.1600  0.54974384275277455        1.2517192364899605E-002  0.12816116934681848        2.6092737168008596E-003  0.36837728770152572        9.1877386350849039E-003
 0.1800  0.57172516064289580        8.3804236232368941E-003  0.13862837446047910        1.8220057872788988E-003  0.39074192396634011        6.2768053870648046E-003
 0.2000  0.60203271513223378        6.1617162040408383E-003  0.14774649410834817        1.2687011064441093E-003  0.40380202808432153        4.4817734159199674E-003
 0.2200  0.63494502941016806        4.3907827322087842E-003  0.15575032518625570        8.8612396896823947E-004  0.41229179457250814        3.0828982271131579E-003
 0.2400  0.66994579068913562        3.2830663272823638E-003  0.16285120827283187        6.2244685189379804E-004  0.41732696648962209        2.1951209467761454E-003
 0.2600  0.70638860000407566        2.7896377891995002E-003  0.16922330902167532        4.4113521608094269E-004  0.41994080996851413        1.7464037022143694E-003
 0.2800  0.74402958529626584        2.3054552053422832E-003  0.17500345662875430        3.1652775092538647E-004  0.42075290381469993        1.3581398286453372E-003
 0.3000  0.78253960374608145        2.1414485995310626E-003  0.18029630657765805        2.3065729367879677E-004  0.42030321706981272        1.1811793219111233E-003
 0.3200  0.82173938148774595        1.8854597978776150E-003  0.18518094841261440        1.7112200604908111E-004  0.41894213167176880        9.8054770641003248E-004
 0.3400  0.86171142211623075        2.2296930319268028E-003  0.18971712733116558        1.2947877612721719E-004  0.41681743501596824        1.0878608116452284E-003
 0.3600  0.90182943868571952        2.0222044312680054E-003  0.19395036615353631        1.0002489733793049E-004  0.41436889013161504        9.3527773777271140E-004
 0.3800  0.94232894509714260        1.8465222355913244E-003  0.19791587843819664        7.8916603054276141E-005  0.41157082742152101        8.1064905647134332E-004
 0.4000  0.98314562454416010        1.6953441971239438E-003  0.20164143067564336        6.3558642137698975E-005  0.40852348475166728        7.0739728413487873E-004


