# pion mass (\sigma_1)
"*"
   11  64  3.00  0.2350  0.6718496848263399E+00  0.5345047117432159E-03  10000
   11  64  3.00  0.2375  0.6360551999912253E+00  0.7508949849115153E-03  10000
   11  64  3.00  0.2400  0.6000295200647044E+00  0.1809462552634790E-02  10000
   11  64  3.00  0.2425  0.5650150392295161E+00  0.1877905335885803E-02  10000
   11  64  3.00  0.2450  0.5260835763321305E+00  0.7355598677418666E-03  10000
   11  64  3.00  0.2475  0.4919182274348811E+00  0.1064319461085749E-02  10000
   11  64  3.00  0.2500  0.4541808291602270E+00  0.2480977174010244E-02  10000
   11  64  3.00  0.2525  0.4247086733534061E+00  0.2636675401015227E-02  10000
   11  64  3.00  0.2550  0.3901219307068028E+00  0.2340860704417132E-02  10000
   11  64  3.00  0.2575  0.3633116092978976E+00  0.2285176823808481E-02  10000
   11  64  3.00  0.2590  0.3413544462001938E+00  0.2873650319841537E-02  10000
   11  64  3.00  0.2600  0.3346522923748821E+00  0.2714524119909073E-02  10000
   11  64  3.00  0.2605  0.3309401711261298E+00  0.5827458815486138E-02  10000
   11  64  3.00  0.2620  0.3147891504173831E+00  0.4140146370759628E-02  10000
   11  64  3.00  0.2625  0.3103526091373308E+00  0.1787737981308155E-01  10000
   11  64  3.00  0.2630  0.3150135231286376E+00  0.7418607511101369E-02  10000
   11  64  3.00  0.2635  0.3148644832012035E+00  0.6106234221097457E-02  10000
   11  64  3.00  0.2650  0.3285204636025161E+00  0.4766818918428609E-01  10000
   11  64  3.00  0.2675  0.3166125323169635E+00  0.4326054955723327E+00  10000
   11  64  3.00  0.2700  0.3324496933118057E+00  0.3177577364408243E-01  10000


# pseudoscalar mass (\sigma_3)
"*"
   11  64  3.00  0.2350  0.6718771230304709E+00  0.5303177216022761E-03  10000
   11  64  3.00  0.2375  0.6360397284812574E+00  0.6816499502826441E-03  10000
   11  64  3.00  0.2400  0.5999410207239320E+00  0.1686329113716233E-02  10000
   11  64  3.00  0.2425  0.5641489787575535E+00  0.7952448621654596E-03  10000
   11  64  3.00  0.2450  0.5261247633770800E+00  0.6681204397835400E-03  10000
   11  64  3.00  0.2475  0.4922382976848193E+00  0.1237952981221169E-02  10000
   11  64  3.00  0.2500  0.4569031852136739E+00  0.1061606309774228E-02  10000
   11  64  3.00  0.2525  0.4244234800074592E+00  0.2127227021549055E-02  10000
   11  64  3.00  0.2550  0.3904791293777123E+00  0.2579956698641285E-02  10000
   11  64  3.00  0.2575  0.3635492167161182E+00  0.1898831477219933E-02  10000
   11  64  3.00  0.2590  0.3430029339485586E+00  0.2373153720711709E-02  10000
   11  64  3.00  0.2600  0.3341011289471145E+00  0.1678034183101057E-02  10000
   11  64  3.00  0.2605  0.3292962973990337E+00  0.5228324501618816E-02  10000
   11  64  3.00  0.2620  0.3116634385229822E+00  0.9111642245733919E-02  10000
   11  64  3.00  0.2625  0.3187501822291612E+00  0.5787501280095204E-02  10000
   11  64  3.00  0.2630  0.3185664728747714E+00  0.6039392458145092E-02  10000
   11  64  3.00  0.2635  0.3174250098922405E+00  0.4598459014125617E-02  10000
   11  64  3.00  0.2650  0.3145760919479975E+00  0.5932295861819817E-02  10000
   11  64  3.00  0.2675  0.3183276622782611E+00  0.8680484757866863E-02  10000
   11  64  3.00  0.2700  0.3309051573778788E+00  0.7424762611613120E-02  10000


# eta mass (\sigma_1)
"*"
   11  64  3.00  0.2350                     NaN                     NaN  10000
   11  64  3.00  0.2375                     NaN                     NaN  10000
   11  64  3.00  0.2400  0.7223682572014055E+00  0.5297803269597168E+00  10000
   11  64  3.00  0.2425  0.6825998051418022E+00  0.4451495515589320E+02  10000
   11  64  3.00  0.2450  0.5972538316173935E+00  0.5403305708638508E+02  10000
   11  64  3.00  0.2475  0.6217316055378215E+00  0.4955196782652536E+02  10000
   11  64  3.00  0.2500  0.5443354750414391E+00  0.7661809038074998E+02  10000
   11  64  3.00  0.2525  0.5280598555301843E+00  0.1017406864906705E+03  10000
   11  64  3.00  0.2550 -0.1003907241098623E-01  0.1153634896069729E+03  10000
   11  64  3.00  0.2575  0.5076427854523254E+00  0.5811962939395966E+02  10000
   11  64  3.00  0.2590  0.4631916649976455E+00  0.5307420756767115E+02  10000
   11  64  3.00  0.2600  0.4638482905521265E+00  0.7290255306920082E+02  10000
   11  64  3.00  0.2605  0.4532878477686695E+00  0.7012782307858241E+02  10000
   11  64  3.00  0.2620  0.9021415011766858E-01  0.1339036987162939E+03  10000
   11  64  3.00  0.2625 -0.2410497175047208E+00  0.1170469608725515E+03  10000
   11  64  3.00  0.2630  0.4942051624699783E+00  0.4482018302810276E+02  10000
   11  64  3.00  0.2635                     NaN                     NaN  10000
   11  64  3.00  0.2650  0.5164054986635632E+00  0.4956423961815894E+02  10000
   11  64  3.00  0.2675  0.1588334426491119E+00  0.1505849534137550E+03  10000
   11  64  3.00  0.2700  0.3813039963393513E+00  0.7165771904502560E+02  10000

