# pion mass (\sigma_1)
"*"
   11  64  3.00  0.2350  0.6718496848263399E+00  0.5345047117432159E-03  10000
   11  64  3.00  0.2375  0.6360847651657758E+00  0.6846384400624913E-03  10000
   11  64  3.00  0.2400  0.5996351256067551E+00  0.1044875085844569E-02  10000
   11  64  3.00  0.2425  0.5641072360502430E+00  0.7752657651732840E-03  10000
   11  64  3.00  0.2450  0.5261384947842861E+00  0.7154109983045253E-03  10000
   11  64  3.00  0.2475  0.4921336617312357E+00  0.8296742238944738E-03  10000
   11  64  3.00  0.2500  0.4566943664670334E+00  0.1150902832593581E-02  10000
   11  64  3.00  0.2525  0.4241636960430164E+00  0.1091375298705599E-02  10000
   11  64  3.00  0.2550  0.3904382650348658E+00  0.1280541641609165E-02  10000
   11  64  3.00  0.2575  0.3613952276508909E+00  0.2040950117451229E-02  10000
   11  64  3.00  0.2590  0.3422441695775476E+00  0.2539425702028400E-02  10000
   11  64  3.00  0.2600  0.3346522923748821E+00  0.2714524119909073E-02  10000
   11  64  3.00  0.2605  0.3293599585264350E+00  0.2568902264977760E-02  10000
   11  64  3.00  0.2620  0.3157719072825074E+00  0.3831415558788012E-02  10000
   11  64  3.00  0.2625  0.3155312626486237E+00  0.4416381018769765E-02  10000
   11  64  3.00  0.2630  0.3136652261382392E+00  0.4427895886689006E-02  10000
   11  64  3.00  0.2635  0.3142185366362541E+00  0.5556203503643537E-02  10000
   11  64  3.00  0.2650  0.3106001869406536E+00  0.1373517989163819E-01  10000
   11  64  3.00  0.2675  0.3307121866611523E+00  0.2488382341190480E+00  10000
   11  64  3.00  0.2700  0.3225232085294671E+00  0.2268834249235176E-01  10000


# pseudoscalar mass (\sigma_3)
"*"
   11  64  3.00  0.2350  0.6719283994620845E+00  0.5243130213366695E-03  10000
   11  64  3.00  0.2375  0.6360397284812574E+00  0.6816499502826441E-03  10000
   11  64  3.00  0.2400  0.5997951040733680E+00  0.9859442918909566E-03  10000
   11  64  3.00  0.2425  0.5641931635013743E+00  0.7448533149141559E-03  10000
   11  64  3.00  0.2450  0.5261765588361343E+00  0.6585079123188358E-03  10000
   11  64  3.00  0.2475  0.4922845438604151E+00  0.7496238057911269E-03  10000
   11  64  3.00  0.2500  0.4570265399971786E+00  0.1026055039987371E-02  10000
   11  64  3.00  0.2525  0.4240130339253940E+00  0.8912166122881395E-03  10000
   11  64  3.00  0.2550  0.3909522454864115E+00  0.1115658668728629E-02  10000
   11  64  3.00  0.2575  0.3605777094872870E+00  0.1631530369772227E-02  10000
   11  64  3.00  0.2590  0.3434209656137417E+00  0.1664006037663152E-02  10000
   11  64  3.00  0.2600  0.3343707056718529E+00  0.1566968164567378E-02  10000
   11  64  3.00  0.2605  0.3301413240089839E+00  0.1801677191600003E-02  10000
   11  64  3.00  0.2620  0.3196275932678355E+00  0.3631469484971756E-02  10000
   11  64  3.00  0.2625  0.3180263486086702E+00  0.2072658156449961E-02  10000
   11  64  3.00  0.2630  0.3158972097212087E+00  0.2136977015938310E-02  10000
   11  64  3.00  0.2635  0.3145161749377117E+00  0.2470606642548083E-02  10000
   11  64  3.00  0.2650  0.3136045355065765E+00  0.2797238036034893E-02  10000
   11  64  3.00  0.2675  0.3137745156959936E+00  0.3571501974996521E-02  10000
   11  64  3.00  0.2700  0.3236785297158994E+00  0.4007088685709513E-02  10000


# eta mass (\sigma_1)
"*"
   11  64  3.00  0.2350                     NaN                     NaN  10000
   11  64  3.00  0.2375                     NaN                     NaN  10000
   11  64  3.00  0.2400  0.7223682572014055E+00  0.5297803269597168E+00  10000
   11  64  3.00  0.2425  0.6825998051418022E+00  0.4451495515589320E+02  10000
   11  64  3.00  0.2450  0.6454604510301909E+00  0.4559485521454756E+00  10000
   11  64  3.00  0.2475  0.6217316055378215E+00  0.4955196782652536E+02  10000
   11  64  3.00  0.2500  0.5970601235086888E+00  0.4513514745179165E+02  10000
   11  64  3.00  0.2525  0.5699620119450929E+00  0.2712678438105470E+00  10000
   11  64  3.00  0.2550  0.5350774093456940E+00  0.4772303668996101E+00  10000
   11  64  3.00  0.2575  0.5076427854523254E+00  0.5811962939395966E+02  10000
   11  64  3.00  0.2590  0.4998630837962419E+00  0.2163472066231143E+00  10000
   11  64  3.00  0.2600  0.5152033830409968E+00  0.1782691317095129E+00  10000
   11  64  3.00  0.2605  0.5065780586898602E+00  0.2166600629114422E+00  10000
   11  64  3.00  0.2620  0.4999718785744981E+00  0.1964922528612196E+00  10000
   11  64  3.00  0.2625  0.4943304338541229E+00  0.1390529233684942E+01  10000
   11  64  3.00  0.2630  0.4942051624699783E+00  0.4482018302810276E+02  10000
   11  64  3.00  0.2635                     NaN                     NaN  10000
   11  64  3.00  0.2650  0.5164054986635632E+00  0.4956423961815894E+02  10000
   11  64  3.00  0.2675  0.5444096889890536E+00  0.2449016293124340E+00  10000
   11  64  3.00  0.2700  0.5143803979233483E+00  0.2978289501508594E+00  10000

