# fermion mass from PCAC relation
"m"
   11  64  3.00  0.2350  0.2386715656427712E+00  0.2535325039004384E-02  10000
   11  64  3.00  0.2375  0.2201873635157437E+00  0.2724950932497073E-02  10000
   11  64  3.00  0.2400  0.2017353592837841E+00  0.3971603725081165E-02  10000
   11  64  3.00  0.2425  0.1834067851581064E+00  0.3287892931629761E-02  10000
   11  64  3.00  0.2450  0.1650387355094351E+00  0.2312415735300978E-02  10000
   11  64  3.00  0.2475  0.1470999266481741E+00  0.2192325119063717E-02  10000
   11  64  3.00  0.2500  0.1291519361749371E+00  0.2298032572247035E-02  10000
   11  64  3.00  0.2525  0.1113233349055417E+00  0.2546769694134462E-02  10000
   11  64  3.00  0.2550  0.9320474205455950E-01  0.2306689883059929E-02  10000
   11  64  3.00  0.2575  0.7535079065727268E-01  0.1751380696596900E-02  10000
   11  64  3.00  0.2590  0.6497814125681586E-01  0.2557408256872199E-02  10000
   11  64  3.00  0.2600  0.5803905159959701E-01  0.2494775717130443E-02  10000
   11  64  3.00  0.2605  0.5487320864201959E-01  0.2178209675129532E-02  10000
   11  64  3.00  0.2620  0.4500205342939245E-01  0.3029852030458038E-02  10000
   11  64  3.00  0.2625  0.4170140958076478E-01  0.2065149559351241E-02  10000
   11  64  3.00  0.2630  0.3834686859482182E-01  0.1757190795656878E-02  10000
   11  64  3.00  0.2635  0.3510819046164047E-01  0.1871059563047470E-02  10000
   11  64  3.00  0.2650  0.2513340003024259E-01  0.2116476380781935E-02  10000
   11  64  3.00  0.2675  0.5659983949771215E-02  0.2047670931992856E-02  10000
   11  64  3.00  0.2700 -0.1657116093287528E-01  0.2900349775783825E-02  10000

