#  Re(op_pbp_e)                                                    
  11  64  3.00  0.2350    NaN  0.509  0.765
#  Re(op_pbp_e)                                                    
  11  64  3.00  0.2375    NaN  0.503  0.361
#  Re(op_pbp_e)                                                    
  11  64  3.00  0.2400    NaN  0.502  0.810
#  Re(op_pbp_e)                                                    
  11  64  3.00  0.2425    NaN  0.500  0.367
#  Re(op_pbp_e)                                                    
  11  64  3.00  0.2450    NaN  0.500  0.408
#  Re(op_pbp_e)                                                    
  11  64  3.00  0.2475    NaN  0.506  0.366
#  Re(op_pbp_e)                                                    
  11  64  3.00  0.2500    NaN  0.505  0.519
#  Re(op_pbp_e)                                                    
  11  64  3.00  0.2525    NaN  0.511  0.477
#  Re(op_pbp_e)                                                    
  11  64  3.00  0.2550  1.216  0.523  0.669
#  Re(op_pbp_e)                                                    
  11  64  3.00  0.2575    NaN  0.537  0.627
#  Re(op_pbp_e)                                                    
  11  64  3.00  0.2590  0.276  0.561  0.499
#  Re(op_pbp_e)                                                    
  11  64  3.00  0.2600  1.215  0.630  0.789
#  Re(op_pbp_e)                                                    
  11  64  3.00  0.2605  1.650  0.585  0.769
#  Re(op_pbp_e)                                                    
  11  64  3.00  0.2620  0.529  0.636  0.611
#  Re(op_pbp_e)                                                    
  11  64  3.00  0.2625  0.667  0.645  0.432
#  Re(op_pbp_e)                                                    
  11  64  3.00  0.2630  1.112  0.699  1.239
#  Re(op_pbp_e)                                                    
  11  64  3.00  0.2635  0.975  0.664  0.443
#  Re(op_pbp_e)                                                    
  11  64  3.00  0.2650  1.392  0.692  0.909
#  Re(op_pbp_e)                                                    
  11  64  3.00  0.2675  1.060  0.691  0.962
#  Re(op_pbp_e)                                                    
  11  64  3.00  0.2700  5.044  0.953  1.377
