#-----------------------------------------------------------
#beta =   3.00   kappa =   0.2350
#  Re(op_pbp_e)                                                    
#
#    -9  0.18479E+01  jk failed  0.490E-02  jk failed     2
#    -8  0.18543E+01  jk failed  0.260E-02  jk failed     8
     -7  0.18532E+01  0.114E-02  0.500E-02  0.107E-04    27
     -6  0.18513E+01  0.828E-03  0.494E-02  0.534E-05    60
     -5  0.18499E+01  0.433E-03  0.517E-02  0.345E-05   172
     -4  0.18491E+01  0.263E-03  0.544E-02  0.277E-05   355
     -3  0.18479E+01  0.224E-03  0.572E-02  0.195E-05   641
     -2  0.18476E+01  0.209E-03  0.583E-02  0.179E-05  1011
     -1  0.18473E+01  0.174E-03  0.601E-02  0.131E-05  1371
      0  0.18470E+01  0.142E-03  0.585E-02  0.122E-05  1597
      1  0.18472E+01  0.150E-03  0.593E-02  0.111E-05  1552
      2  0.18476E+01  0.194E-03  0.579E-02  0.157E-05  1231
      3  0.18484E+01  0.156E-03  0.567E-02  0.161E-05   899
      4  0.18493E+01  0.291E-03  0.587E-02  0.219E-05   570
      5  0.18508E+01  0.270E-03  0.561E-02  0.275E-05   314
      6  0.18515E+01  0.514E-03  0.546E-02  0.423E-05   126
      7  0.18534E+01  0.103E-02  0.596E-02  0.776E-05    44
      8  0.18539E+01  0.976E-03  0.365E-02  0.401E-05    15
#     9  0.18609E+01  jk failed  0.125E-02  jk failed     3
#    10  0.18552E+01  jk failed  0.803E-02  jk failed     2
&-----------------------------------------------------------
#beta =   3.00   kappa =   0.2375
#  Re(op_pbp_e)                                                    
#
#    -9  0.18465E+01  jk failed  0.000E+00  jk failed     1
     -8  0.18465E+01  0.121E-02  0.401E-02  0.417E-05    12
     -7  0.18454E+01  0.116E-02  0.499E-02  0.622E-05    28
     -6  0.18422E+01  0.929E-03  0.715E-02  0.112E-04    67
     -5  0.18407E+01  0.439E-03  0.669E-02  0.441E-05   153
     -4  0.18398E+01  0.336E-03  0.663E-02  0.365E-05   379
     -3  0.18385E+01  0.281E-03  0.675E-02  0.221E-05   601
     -2  0.18379E+01  0.210E-03  0.675E-02  0.160E-05   975
     -1  0.18375E+01  0.175E-03  0.676E-02  0.247E-05  1377
      0  0.18372E+01  0.178E-03  0.701E-02  0.260E-05  1598
      1  0.18375E+01  0.201E-03  0.662E-02  0.144E-05  1588
      2  0.18383E+01  0.203E-03  0.656E-02  0.182E-05  1251
      3  0.18387E+01  0.227E-03  0.674E-02  0.228E-05   947
      4  0.18400E+01  0.295E-03  0.599E-02  0.251E-05   530
      5  0.18405E+01  0.293E-03  0.629E-02  0.301E-05   290
      6  0.18433E+01  0.535E-03  0.658E-02  0.450E-05   125
      7  0.18458E+01  0.106E-02  0.649E-02  0.913E-05    44
      8  0.18476E+01  0.891E-03  0.418E-02  0.552E-05    23
      9  0.18500E+01  0.181E-02  0.543E-02  0.136E-04    10
#    10  0.18499E+01  jk failed  0.000E+00  jk failed     1
&-----------------------------------------------------------
#beta =   3.00   kappa =   0.2400
#  Re(op_pbp_e)                                                    
#
     -8  0.18384E+01  0.247E-02  0.740E-02  0.235E-04    10
     -7  0.18354E+01  0.127E-02  0.597E-02  0.981E-05    23
     -6  0.18330E+01  0.808E-03  0.554E-02  0.581E-05    58
     -5  0.18314E+01  0.454E-03  0.705E-02  0.547E-05   162
     -4  0.18294E+01  0.324E-03  0.734E-02  0.408E-05   381
     -3  0.18276E+01  0.292E-03  0.751E-02  0.257E-05   680
     -2  0.18273E+01  0.229E-03  0.766E-02  0.342E-05   997
     -1  0.18268E+01  0.262E-03  0.758E-02  0.181E-05  1382
      0  0.18265E+01  0.177E-03  0.775E-02  0.181E-05  1649
      1  0.18269E+01  0.197E-03  0.780E-02  0.259E-05  1575
      2  0.18276E+01  0.217E-03  0.741E-02  0.224E-05  1246
      3  0.18289E+01  0.228E-03  0.778E-02  0.262E-05   890
      4  0.18297E+01  0.310E-03  0.774E-02  0.308E-05   523
      5  0.18321E+01  0.373E-03  0.702E-02  0.394E-05   251
      6  0.18335E+01  0.826E-03  0.693E-02  0.565E-05   106
      7  0.18353E+01  0.105E-02  0.627E-02  0.100E-04    42
      8  0.18377E+01  0.183E-02  0.796E-02  0.197E-04    20
#     9  0.18382E+01  jk failed  0.251E-02  jk failed     3
#    10  0.18439E+01  jk failed  0.445E-02  jk failed     2
&-----------------------------------------------------------
#beta =   3.00   kappa =   0.2425
#  Re(op_pbp_e)                                                    
#
#    -9  0.18354E+01  jk failed  0.000E+00  jk failed     1
#    -8  0.18321E+01  jk failed  0.924E-03  jk failed     2
     -7  0.18268E+01  0.128E-02  0.526E-02  0.604E-05    18
     -6  0.18220E+01  0.739E-03  0.677E-02  0.923E-05    62
     -5  0.18203E+01  0.793E-03  0.844E-02  0.775E-05   155
     -4  0.18183E+01  0.456E-03  0.908E-02  0.734E-05   348
     -3  0.18175E+01  0.417E-03  0.848E-02  0.569E-05   632
     -2  0.18161E+01  0.232E-03  0.889E-02  0.438E-05   998
     -1  0.18156E+01  0.236E-03  0.943E-02  0.372E-05  1446
      0  0.18152E+01  0.236E-03  0.923E-02  0.274E-05  1584
      1  0.18150E+01  0.216E-03  0.924E-02  0.290E-05  1589
      2  0.18163E+01  0.235E-03  0.868E-02  0.336E-05  1314
      3  0.18171E+01  0.275E-03  0.873E-02  0.314E-05   909
      4  0.18185E+01  0.315E-03  0.855E-02  0.421E-05   525
      5  0.18204E+01  0.468E-03  0.803E-02  0.581E-05   252
      6  0.18228E+01  0.879E-03  0.830E-02  0.132E-04   111
      7  0.18267E+01  0.150E-02  0.763E-02  0.135E-04    42
      8  0.18304E+01  0.193E-02  0.610E-02  0.109E-04    11
#     9  0.18275E+01  jk failed  0.000E+00  jk failed     1
&-----------------------------------------------------------
#beta =   3.00   kappa =   0.2450
#  Re(op_pbp_e)                                                    
#
#   -11  0.18364E+01  jk failed  0.000E+00  jk failed     1
#    -9  0.18142E+01  jk failed  0.000E+00  jk failed     1
#    -8  0.18236E+01  jk failed  0.000E+00  jk failed     1
     -7  0.18113E+01  0.206E-02  0.744E-02  0.163E-04    14
     -6  0.18136E+01  0.116E-02  0.794E-02  0.878E-05    64
     -5  0.18090E+01  0.925E-03  0.995E-02  0.145E-04   117
     -4  0.18070E+01  0.554E-03  0.101E-01  0.783E-05   347
     -3  0.18052E+01  0.459E-03  0.102E-01  0.692E-05   614
     -2  0.18034E+01  0.299E-03  0.105E-01  0.583E-05  1051
     -1  0.18026E+01  0.290E-03  0.109E-01  0.390E-05  1384
      0  0.18025E+01  0.276E-03  0.108E-01  0.388E-05  1649
      1  0.18026E+01  0.224E-03  0.107E-01  0.407E-05  1631
      2  0.18034E+01  0.349E-03  0.106E-01  0.447E-05  1361
      3  0.18054E+01  0.354E-03  0.106E-01  0.531E-05   914
      4  0.18075E+01  0.497E-03  0.950E-02  0.501E-05   464
      5  0.18101E+01  0.490E-03  0.945E-02  0.761E-05   251
      6  0.18137E+01  0.102E-02  0.990E-02  0.179E-04    80
      7  0.18147E+01  0.146E-02  0.683E-02  0.166E-04    33
      8  0.18200E+01  0.124E-02  0.511E-02  0.803E-05    18
#     9  0.18264E+01  jk failed  0.215E-02  jk failed     4
#    10  0.18313E+01  jk failed  0.000E+00  jk failed     1
&-----------------------------------------------------------
#beta =   3.00   kappa =   0.2475
#  Re(op_pbp_e)                                                    
#
#    -9  0.18122E+01  jk failed  0.000E+00  jk failed     1
#    -8  0.18221E+01  jk failed  0.460E-02  jk failed     2
     -7  0.18045E+01  0.219E-02  0.847E-02  0.289E-04    16
     -6  0.18030E+01  0.117E-02  0.911E-02  0.171E-04    60
     -5  0.17975E+01  0.970E-03  0.103E-01  0.161E-04   139
     -4  0.17947E+01  0.667E-03  0.108E-01  0.847E-05   304
     -3  0.17915E+01  0.574E-03  0.128E-01  0.116E-04   648
     -2  0.17894E+01  0.364E-03  0.120E-01  0.834E-05  1039
     -1  0.17889E+01  0.352E-03  0.129E-01  0.502E-05  1488
      0  0.17880E+01  0.335E-03  0.131E-01  0.564E-05  1717
      1  0.17886E+01  0.277E-03  0.130E-01  0.663E-05  1602
      2  0.17903E+01  0.302E-03  0.123E-01  0.625E-05  1367
      3  0.17925E+01  0.329E-03  0.118E-01  0.741E-05   831
      4  0.17952E+01  0.447E-03  0.112E-01  0.601E-05   453
      5  0.17994E+01  0.581E-03  0.107E-01  0.895E-05   235
      6  0.18028E+01  0.144E-02  0.963E-02  0.141E-04    76
      7  0.18072E+01  0.201E-02  0.777E-02  0.260E-04    16
#     8  0.18068E+01  jk failed  0.532E-02  jk failed     6
&-----------------------------------------------------------
#beta =   3.00   kappa =   0.2500
#  Re(op_pbp_e)                                                    
#
#    -8  0.17982E+01  jk failed  0.520E-02  jk failed     2
     -7  0.17994E+01  0.297E-02  0.103E-01  0.319E-04    13
     -6  0.17900E+01  0.227E-02  0.109E-01  0.428E-04    38
     -5  0.17852E+01  0.105E-02  0.132E-01  0.217E-04   132
     -4  0.17808E+01  0.974E-03  0.137E-01  0.166E-04   294
     -3  0.17769E+01  0.574E-03  0.144E-01  0.120E-04   583
     -2  0.17745E+01  0.373E-03  0.147E-01  0.907E-05  1117
     -1  0.17731E+01  0.422E-03  0.153E-01  0.906E-05  1515
      0  0.17724E+01  0.320E-03  0.152E-01  0.754E-05  1728
      1  0.17728E+01  0.309E-03  0.157E-01  0.919E-05  1688
      2  0.17760E+01  0.334E-03  0.143E-01  0.782E-05  1356
      3  0.17775E+01  0.532E-03  0.144E-01  0.105E-04   836
      4  0.17826E+01  0.788E-03  0.131E-01  0.958E-05   438
      5  0.17866E+01  0.109E-02  0.116E-01  0.141E-04   164
      6  0.17927E+01  0.155E-02  0.116E-01  0.315E-04    74
      7  0.17947E+01  0.321E-02  0.116E-01  0.401E-04    14
#     8  0.17966E+01  jk failed  0.606E-02  jk failed     8
&-----------------------------------------------------------
#beta =   3.00   kappa =   0.2525
#  Re(op_pbp_e)                                                    
#
#    -8  0.17928E+01  jk failed  0.000E+00  jk failed     1
     -7  0.17814E+01  0.338E-02  0.107E-01  0.487E-04    11
     -6  0.17730E+01  0.310E-02  0.139E-01  0.605E-04    21
     -5  0.17731E+01  0.155E-02  0.143E-01  0.419E-04   105
     -4  0.17661E+01  0.101E-02  0.153E-01  0.174E-04   253
     -3  0.17624E+01  0.714E-03  0.168E-01  0.122E-04   591
     -2  0.17576E+01  0.639E-03  0.179E-01  0.140E-04  1086
     -1  0.17545E+01  0.391E-03  0.185E-01  0.121E-04  1660
      0  0.17541E+01  0.528E-03  0.195E-01  0.104E-04  1888
      1  0.17557E+01  0.380E-03  0.189E-01  0.120E-04  1738
      2  0.17587E+01  0.532E-03  0.182E-01  0.141E-04  1290
      3  0.17626E+01  0.556E-03  0.176E-01  0.129E-04   740
      4  0.17664E+01  0.876E-03  0.162E-01  0.216E-04   398
      5  0.17762E+01  0.149E-02  0.159E-01  0.216E-04   152
      6  0.17827E+01  0.208E-02  0.126E-01  0.341E-04    42
      7  0.17912E+01  0.263E-02  0.111E-01  0.463E-04    19
#     8  0.17846E+01  jk failed  0.726E-02  jk failed     3
#     9  0.17898E+01  jk failed  0.117E-04  jk failed     2
&-----------------------------------------------------------
#beta =   3.00   kappa =   0.2550
#  Re(op_pbp_e)                                                    
#
#   -10  0.17892E+01  jk failed  0.000E+00  jk failed     1
#    -8  0.17866E+01  jk failed  0.000E+00  jk failed     1
#    -7  0.17943E+01  jk failed  0.704E-02  jk failed     4
     -6  0.17719E+01  0.454E-02  0.182E-01  0.827E-04    17
     -5  0.17609E+01  0.194E-02  0.172E-01  0.471E-04    73
     -4  0.17508E+01  0.992E-03  0.180E-01  0.335E-04   232
     -3  0.17449E+01  0.759E-03  0.210E-01  0.198E-04   523
     -2  0.17378E+01  0.709E-03  0.223E-01  0.198E-04  1100
     -1  0.17333E+01  0.540E-03  0.227E-01  0.192E-04  1658
      0  0.17325E+01  0.409E-03  0.239E-01  0.215E-04  1980
      1  0.17336E+01  0.555E-03  0.237E-01  0.194E-04  1909
      2  0.17383E+01  0.552E-03  0.218E-01  0.195E-04  1293
      3  0.17438E+01  0.693E-03  0.209E-01  0.179E-04   715
      4  0.17527E+01  0.774E-03  0.196E-01  0.267E-04   342
      5  0.17617E+01  0.179E-02  0.178E-01  0.418E-04    96
      6  0.17696E+01  0.192E-02  0.114E-01  0.220E-04    46
#     7  0.17739E+01  jk failed  0.143E-01  jk failed     8
#     8  0.18133E+01  jk failed  0.111E-01  jk failed     2
&-----------------------------------------------------------
#beta =   3.00   kappa =   0.2575
#  Re(op_pbp_e)                                                    
#
#    -7  0.17579E+01  jk failed  0.273E-01  jk failed     3
     -6  0.17584E+01  0.486E-02  0.161E-01  0.152E-03    12
     -5  0.17467E+01  0.429E-02  0.241E-01  0.162E-03    40
     -4  0.17339E+01  0.123E-02  0.235E-01  0.686E-04   199
     -3  0.17239E+01  0.103E-02  0.248E-01  0.458E-04   504
     -2  0.17138E+01  0.979E-03  0.272E-01  0.269E-04  1110
     -1  0.17071E+01  0.655E-03  0.285E-01  0.269E-04  1784
      0  0.17038E+01  0.666E-03  0.296E-01  0.204E-04  2241
      1  0.17064E+01  0.546E-03  0.290E-01  0.278E-04  1930
      2  0.17144E+01  0.972E-03  0.270E-01  0.228E-04  1205
      3  0.17242E+01  0.120E-02  0.256E-01  0.293E-04   638
      4  0.17349E+01  0.167E-02  0.221E-01  0.286E-04   241
      5  0.17491E+01  0.293E-02  0.202E-01  0.581E-04    71
      6  0.17522E+01  0.525E-02  0.217E-01  0.185E-03    18
#     7  0.17485E+01  jk failed  0.227E-01  jk failed     4
&-----------------------------------------------------------
#beta =   3.00   kappa =   0.2590
#  Re(op_pbp_e)                                                    
#
#    -8  0.18031E+01  jk failed  0.000E+00  jk failed     1
#    -6  0.17428E+01  jk failed  0.755E-02  jk failed     4
     -5  0.17447E+01  0.566E-02  0.309E-01  0.197E-03    37
     -4  0.17281E+01  0.189E-02  0.250E-01  0.678E-04   151
     -3  0.17108E+01  0.124E-02  0.284E-01  0.688E-04   442
     -2  0.16968E+01  0.820E-03  0.312E-01  0.380E-04  1089
     -1  0.16885E+01  0.788E-03  0.334E-01  0.285E-04  1937
      0  0.16850E+01  0.693E-03  0.354E-01  0.302E-04  2334
      1  0.16892E+01  0.876E-03  0.333E-01  0.388E-04  1945
      2  0.16983E+01  0.694E-03  0.322E-01  0.377E-04  1257
      3  0.17114E+01  0.107E-02  0.280E-01  0.497E-04   540
      4  0.17240E+01  0.254E-02  0.274E-01  0.895E-04   199
      5  0.17370E+01  0.287E-02  0.228E-01  0.929E-04    54
#     6  0.17527E+01  jk failed  0.260E-01  jk failed     7
#     7  0.17834E+01  jk failed  0.112E-01  jk failed     3
&-----------------------------------------------------------
#beta =   3.00   kappa =   0.2600
#  Re(op_pbp_e)                                                    
#
#    -8  0.18028E+01  jk failed  0.000E+00  jk failed     1
#    -6  0.17624E+01  jk failed  0.458E-01  jk failed     5
     -5  0.17381E+01  0.465E-02  0.223E-01  0.121E-03    24
     -4  0.17185E+01  0.254E-02  0.275E-01  0.124E-03   117
     -3  0.16988E+01  0.146E-02  0.316E-01  0.696E-04   411
     -2  0.16847E+01  0.996E-03  0.337E-01  0.518E-04  1018
     -1  0.16733E+01  0.828E-03  0.361E-01  0.416E-04  1916
      0  0.16670E+01  0.656E-03  0.382E-01  0.360E-04  2503
      1  0.16737E+01  0.941E-03  0.362E-01  0.389E-04  2094
      2  0.16852E+01  0.108E-02  0.326E-01  0.426E-04  1186
      3  0.17032E+01  0.160E-02  0.312E-01  0.526E-04   504
      4  0.17213E+01  0.237E-02  0.304E-01  0.913E-04   176
      5  0.17376E+01  0.610E-02  0.293E-01  0.272E-03    36
#     6  0.17330E+01  jk failed  0.230E-01  jk failed     7
#     7  0.17518E+01  jk failed  0.000E+00  jk failed     1
#     8  0.17564E+01  jk failed  0.000E+00  jk failed     1
&-----------------------------------------------------------
#beta =   3.00   kappa =   0.2605
#  Re(op_pbp_e)                                                    
#
#    -7  0.17674E+01  jk failed  0.000E+00  jk failed     1
     -6  0.17451E+01  0.810E-02  0.256E-01  0.284E-03    11
     -5  0.17182E+01  0.446E-02  0.173E-01  0.656E-04    16
     -4  0.17113E+01  0.367E-02  0.288E-01  0.138E-03    97
     -3  0.16943E+01  0.189E-02  0.314E-01  0.911E-04   358
     -2  0.16783E+01  0.130E-02  0.329E-01  0.387E-04  1021
     -1  0.16645E+01  0.100E-02  0.362E-01  0.405E-04  1988
      0  0.16601E+01  0.105E-02  0.399E-01  0.424E-04  2590
      1  0.16666E+01  0.907E-03  0.385E-01  0.405E-04  2053
      2  0.16792E+01  0.849E-03  0.343E-01  0.522E-04  1190
      3  0.16978E+01  0.120E-02  0.318E-01  0.614E-04   477
      4  0.17121E+01  0.216E-02  0.293E-01  0.963E-04   154
      5  0.17416E+01  0.478E-02  0.230E-01  0.147E-03    31
      6  0.17506E+01  0.116E-01  0.386E-01  0.408E-03    12
#     8  0.17925E+01  jk failed  0.000E+00  jk failed     1
&-----------------------------------------------------------
#beta =   3.00   kappa =   0.2620
#  Re(op_pbp_e)                                                    
#
#    -7  0.18324E+01  jk failed  0.000E+00  jk failed     1
#    -6  0.17413E+01  jk failed  0.000E+00  jk failed     1
     -5  0.17249E+01  0.859E-02  0.394E-01  0.309E-03    22
     -4  0.17029E+01  0.448E-02  0.316E-01  0.198E-03    65
     -3  0.16751E+01  0.178E-02  0.350E-01  0.819E-04   319
     -2  0.16588E+01  0.116E-02  0.382E-01  0.795E-04   943
     -1  0.16404E+01  0.102E-02  0.412E-01  0.643E-04  2032
      0  0.16320E+01  0.776E-03  0.448E-01  0.440E-04  2859
      1  0.16413E+01  0.850E-03  0.398E-01  0.492E-04  2276
      2  0.16604E+01  0.113E-02  0.368E-01  0.689E-04  1037
      3  0.16787E+01  0.188E-02  0.363E-01  0.107E-03   328
      4  0.16996E+01  0.375E-02  0.346E-01  0.203E-03    97
      5  0.17226E+01  0.954E-02  0.416E-01  0.592E-03    20
&-----------------------------------------------------------
#beta =   3.00   kappa =   0.2625
#  Re(op_pbp_e)                                                    
#
#    -6  0.17151E+01  jk failed  0.228E-01  jk failed     2
#    -5  0.16952E+01  jk failed  0.143E-01  jk failed     6
     -4  0.16942E+01  0.458E-02  0.397E-01  0.298E-03    71
     -3  0.16730E+01  0.202E-02  0.388E-01  0.111E-03   310
     -2  0.16508E+01  0.136E-02  0.391E-01  0.810E-04   911
     -1  0.16305E+01  0.102E-02  0.414E-01  0.387E-04  2100
      0  0.16193E+01  0.760E-03  0.459E-01  0.487E-04  2951
      1  0.16300E+01  0.871E-03  0.406E-01  0.701E-04  2193
      2  0.16496E+01  0.120E-02  0.377E-01  0.659E-04  1041
      3  0.16739E+01  0.219E-02  0.381E-01  0.919E-04   333
      4  0.16960E+01  0.514E-02  0.364E-01  0.299E-03    68
      5  0.17255E+01  0.138E-01  0.414E-01  0.104E-02    10
#     6  0.17555E+01  jk failed  0.346E-01  jk failed     4
&-----------------------------------------------------------
#beta =   3.00   kappa =   0.2630
#  Re(op_pbp_e)                                                    
#
#    -6  0.17759E+01  jk failed  0.326E-01  jk failed     2
#    -5  0.17351E+01  jk failed  0.541E-01  jk failed     5
     -4  0.16944E+01  0.500E-02  0.371E-01  0.312E-03    62
     -3  0.16688E+01  0.264E-02  0.406E-01  0.184E-03   267
     -2  0.16391E+01  0.124E-02  0.385E-01  0.820E-04   860
     -1  0.16209E+01  0.878E-03  0.415E-01  0.545E-04  2133
      0  0.16083E+01  0.101E-02  0.468E-01  0.677E-04  3150
      1  0.16212E+01  0.956E-03  0.429E-01  0.643E-04  2189
      2  0.16415E+01  0.128E-02  0.391E-01  0.693E-04   970
      3  0.16658E+01  0.241E-02  0.371E-01  0.935E-04   282
      4  0.16867E+01  0.556E-02  0.326E-01  0.263E-03    61
      5  0.16960E+01  0.891E-02  0.333E-01  0.465E-03    15
#     6  0.16982E+01  jk failed  0.243E-01  jk failed     3
#     7  0.17576E+01  jk failed  0.000E+00  jk failed     1
&-----------------------------------------------------------
#beta =   3.00   kappa =   0.2635
#  Re(op_pbp_e)                                                    
#
#    -6  0.17539E+01  jk failed  0.000E+00  jk failed     1
#    -5  0.17020E+01  jk failed  0.270E-01  jk failed     9
     -4  0.16832E+01  0.574E-02  0.355E-01  0.197E-03    52
     -3  0.16571E+01  0.276E-02  0.406E-01  0.257E-03   198
     -2  0.16310E+01  0.172E-02  0.387E-01  0.861E-04   828
     -1  0.16105E+01  0.103E-02  0.425E-01  0.772E-04  2223
      0  0.15941E+01  0.730E-03  0.478E-01  0.478E-04  3322
      1  0.16112E+01  0.842E-03  0.425E-01  0.592E-04  2145
      2  0.16332E+01  0.142E-02  0.393E-01  0.101E-03   899
      3  0.16617E+01  0.246E-02  0.411E-01  0.165E-03   279
      4  0.16884E+01  0.733E-02  0.412E-01  0.487E-03    40
#     5  0.17039E+01  jk failed  0.232E-01  jk failed     4
&-----------------------------------------------------------
#beta =   3.00   kappa =   0.2650
#  Re(op_pbp_e)                                                    
#
#    -5  0.16560E+01  jk failed  0.000E+00  jk failed     1
     -4  0.16566E+01  0.102E-01  0.431E-01  0.490E-03    19
     -3  0.16365E+01  0.349E-02  0.435E-01  0.322E-03   143
     -2  0.16035E+01  0.137E-02  0.396E-01  0.100E-03   687
     -1  0.15749E+01  0.788E-03  0.410E-01  0.610E-04  2192
      0  0.15548E+01  0.737E-03  0.455E-01  0.650E-04  3868
      1  0.15783E+01  0.980E-03  0.402E-01  0.603E-04  2211
      2  0.16041E+01  0.169E-02  0.397E-01  0.906E-04   695
      3  0.16334E+01  0.329E-02  0.398E-01  0.187E-03   147
      4  0.16729E+01  0.136E-01  0.603E-01  0.156E-02    29
#     5  0.16892E+01  jk failed  0.470E-01  jk failed     6
#     6  0.17144E+01  jk failed  0.200E-01  jk failed     2
&-----------------------------------------------------------
#beta =   3.00   kappa =   0.2675
#  Re(op_pbp_e)                                                    
#
#    -5  0.16139E+01  jk failed  0.000E+00  jk failed     1
#    -4  0.16749E+01  jk failed  0.410E-01  jk failed     4
     -3  0.15915E+01  0.630E-02  0.447E-01  0.564E-03    62
     -2  0.15499E+01  0.169E-02  0.381E-01  0.144E-03   368
     -1  0.15189E+01  0.803E-03  0.365E-01  0.521E-04  1887
      0  0.14877E+01  0.520E-03  0.372E-01  0.502E-04  5270
      1  0.15190E+01  0.790E-03  0.382E-01  0.729E-04  1964
      2  0.15533E+01  0.216E-02  0.398E-01  0.141E-03   379
      3  0.15925E+01  0.884E-02  0.600E-01  0.113E-02    62
#     4  0.16226E+01  jk failed  0.309E-01  jk failed     3
&-----------------------------------------------------------
#beta =   3.00   kappa =   0.2700
#  Re(op_pbp_e)                                                    
#
     -3  0.15375E+01  0.150E-01  0.561E-01  0.146E-02    15
     -2  0.14950E+01  0.354E-02  0.377E-01  0.203E-03   176
     -1  0.14600E+01  0.104E-02  0.355E-01  0.129E-03  1512
      0  0.14264E+01  0.730E-03  0.331E-01  0.923E-04  6635
      1  0.14602E+01  0.104E-02  0.368E-01  0.141E-03  1470
      2  0.14961E+01  0.269E-02  0.374E-01  0.174E-03   172
      3  0.15380E+01  0.853E-02  0.362E-01  0.320E-03    19
#     4  0.15391E+01  jk failed  0.000E+00  jk failed     1
&-----------------------------------------------------------
