# fermion mass from PCAC relation
"m"
    8  64  5.00  0.2100  0.3946104597437982E+00  0.3008755064091641E-01  10000
    8  64  5.00  0.2150  0.3525172172627422E+00  0.1295726671220329E-01  10000
    8  64  5.00  0.2200  0.3114572452576715E+00  0.5074597649710733E-02  10000
    8  64  5.00  0.2231  0.2867215975454244E+00  0.4997131518681519E-02  10000
    8  64  5.00  0.2250  0.2716337371324030E+00  0.3694409306062350E-02  10000
    8  64  5.00  0.2262  0.2624487356479177E+00  0.5390247187053200E-02  10000
    8  64  5.00  0.2293  0.2381444957386959E+00  0.5011792953707120E-02  10000
    8  64  5.00  0.2300  0.2328572369091337E+00  0.5575052185821311E-02  10000
    8  64  5.00  0.2324  0.2146765537365364E+00  0.4191470603420466E-02  10000
    8  64  5.00  0.2350  0.1948943154937920E+00  0.6323279779289918E-02  10000
    8  64  5.00  0.2356  0.1903703995333905E+00  0.4940884485076009E-02  10000
    8  64  5.00  0.2387  0.1671188600675648E+00  0.5219773981949525E-02  10000
    8  64  5.00  0.2400  0.1573835546939740E+00  0.4348706437507151E-02  10000
    8  64  5.00  0.2418  0.1442297308582204E+00  0.5266830922778275E-02  10000
    8  64  5.00  0.2449  0.1211661783815402E+00  0.5835645130561624E-02  10000
    8  64  5.00  0.2480  0.9849607622633769E-01  0.5245403246441242E-02  10000
    8  64  5.00  0.2500  0.8391491877964366E-01  0.6542623293063164E-02  10000
    8  64  5.00  0.2515  0.7303572436537832E-01  0.4946658376103199E-02  10000
    8  64  5.00  0.2530  0.6228888628800978E-01  0.5267528708145007E-02  10000
    8  64  5.00  0.2545  0.5147195526633810E-01  0.5139596003563328E-02  10000
    8  64  5.00  0.2560  0.4083428673162948E-01  0.4442593877744334E-02  10000
    8  64  5.00  0.2575  0.3038083872584424E-01  0.1001693986780780E-01  10000
    8  64  5.00  0.2590  0.1955164854874671E-01  0.3903103110958507E-02  10000
    8  64  5.00  0.2605  0.7839233171124293E-02  0.2789388963256875E-02  10000
    8  64  5.00  0.2620 -0.5445517832673980E-02  0.4896958643873034E-02  10000
    8  64  5.00  0.2625 -0.9962389432352611E-02  0.3900359777466146E-02  10000
    8  64  5.00  0.2630 -0.1411325986361112E-01  0.1240363120313509E-01  10000
    8  64  5.00  0.2635 -0.1876891050527220E-01  0.3141728346257349E-02  10000

