#  Re(op_pbp_e)                                                    
   8  64  5.00  0.2100    NaN  0.502  0.481
#  Re(op_pbp_e)                                                    
   8  64  5.00  0.2150    NaN  0.500  0.248
#  Re(op_pbp_e)                                                    
   8  64  5.00  0.2200    NaN  0.528  0.554
#  Re(op_pbp_e)                                                    
   8  64  5.00  0.2231    NaN  0.517  0.386
#  Re(op_pbp_e)                                                    
   8  64  5.00  0.2250  0.941  0.539  0.499
#  Re(op_pbp_e)                                                    
   8  64  5.00  0.2262    NaN  0.515  0.621
#  Re(op_pbp_e)                                                    
   8  64  5.00  0.2293    NaN  0.532  0.618
#  Re(op_pbp_e)                                                    
   8  64  5.00  0.2300  1.280  0.548  1.232
#  Re(op_pbp_e)                                                    
   8  64  5.00  0.2324  2.872  0.515  0.460
#  Re(op_pbp_e)                                                    
   8  64  5.00  0.2350  0.233  0.534  0.543
#  Re(op_pbp_e)                                                    
   8  64  5.00  0.2356    NaN  0.546  0.637
#  Re(op_pbp_e)                                                    
   8  64  5.00  0.2387  1.635  0.564  0.683
#  Re(op_pbp_e)                                                    
   8  64  5.00  0.2400  2.253  0.598  0.501
#  Re(op_pbp_e)                                                    
   8  64  5.00  0.2418  1.971  0.654  0.832
#  Re(op_pbp_e)                                                    
   8  64  5.00  0.2449  1.071  0.637  0.627
#  Re(op_pbp_e)                                                    
   8  64  5.00  0.2480  0.805  0.690  0.899
#  Re(op_pbp_e)                                                    
   8  64  5.00  0.2500  1.202  0.779  0.751
#  Re(op_pbp_e)                                                    
   8  64  5.00  0.2515  1.238  0.861  1.305
#  Re(op_pbp_e)                                                    
   8  64  5.00  0.2530  0.992  0.958  1.016
#  Re(op_pbp_e)                                                    
   8  64  5.00  0.2545  1.281  1.084  0.936
#  Re(op_pbp_e)                                                    
   8  64  5.00  0.2560  1.424  1.224  0.712
#  Re(op_pbp_e)                                                    
   8  64  5.00  0.2575  1.389  1.282  1.321
#  Re(op_pbp_e)                                                    
   8  64  5.00  0.2590  1.173  1.347  1.108
#  Re(op_pbp_e)                                                    
   8  64  5.00  0.2605  0.708  1.095  1.483
#  Re(op_pbp_e)                                                    
   8  64  5.00  0.2620  0.997  0.923  0.738
#  Re(op_pbp_e)                                                    
   8  64  5.00  0.2625  1.077  0.869  0.593
#  Re(op_pbp_e)                                                    
   8  64  5.00  0.2630  0.917  0.902  0.811
#  Re(op_pbp_e)                                                    
   8  64  5.00  0.2635  1.716  0.858  0.935
