#-----------------------------------------------------------
#beta =   5.00   kappa =   0.2100
#  Re(op_pbp_e)                                                    
#
#    -6  0.19028E+01  jk failed  0.151E-02  jk failed     2
     -5  0.19040E+01  0.558E-03  0.233E-02  0.168E-05    35
     -4  0.19031E+01  0.256E-03  0.274E-02  0.174E-05   115
     -3  0.19020E+01  0.160E-03  0.325E-02  0.564E-06   388
     -2  0.19016E+01  0.114E-03  0.327E-02  0.493E-06  1097
     -1  0.19012E+01  0.681E-04  0.337E-02  0.338E-06  2027
      0  0.19011E+01  0.656E-04  0.338E-02  0.354E-06  2390
      1  0.19013E+01  0.602E-04  0.341E-02  0.403E-06  2001
      2  0.19017E+01  0.831E-04  0.330E-02  0.388E-06  1244
      3  0.19020E+01  0.156E-03  0.309E-02  0.559E-06   523
      4  0.19025E+01  0.212E-03  0.278E-02  0.916E-06   147
      5  0.19031E+01  0.680E-03  0.320E-02  0.228E-05    28
#     6  0.19047E+01  jk failed  0.266E-02  jk failed     3
&-----------------------------------------------------------
#beta =   5.00   kappa =   0.2150
#  Re(op_pbp_e)                                                    
#
#    -7  0.18927E+01  jk failed  0.000E+00  jk failed     1
#    -6  0.18928E+01  jk failed  0.336E-02  jk failed     4
     -5  0.18908E+01  0.839E-03  0.366E-02  0.385E-05    20
     -4  0.18898E+01  0.416E-03  0.384E-02  0.196E-05   112
     -3  0.18886E+01  0.215E-03  0.421E-02  0.896E-06   414
     -2  0.18879E+01  0.161E-03  0.430E-02  0.782E-06  1054
     -1  0.18876E+01  0.821E-04  0.432E-02  0.661E-06  2005
      0  0.18874E+01  0.674E-04  0.449E-02  0.721E-06  2363
      1  0.18874E+01  0.854E-04  0.450E-02  0.563E-06  2055
      2  0.18878E+01  0.157E-03  0.422E-02  0.755E-06  1213
      3  0.18885E+01  0.144E-03  0.395E-02  0.112E-05   545
      4  0.18896E+01  0.246E-03  0.370E-02  0.107E-05   171
      5  0.18905E+01  0.708E-03  0.394E-02  0.412E-05    38
#     6  0.18936E+01  jk failed  0.154E-02  jk failed     4
#     7  0.18945E+01  jk failed  0.000E+00  jk failed     1
&-----------------------------------------------------------
#beta =   5.00   kappa =   0.2200
#  Re(op_pbp_e)                                                    
#
#    -6  0.18757E+01  jk failed  0.257E-02  jk failed     2
     -5  0.18751E+01  0.893E-03  0.428E-02  0.484E-05    24
     -4  0.18744E+01  0.399E-03  0.456E-02  0.271E-05    98
     -3  0.18733E+01  0.327E-03  0.512E-02  0.192E-05   419
     -2  0.18723E+01  0.165E-03  0.556E-02  0.118E-05  1058
     -1  0.18714E+01  0.147E-03  0.597E-02  0.108E-05  1946
      0  0.18713E+01  0.123E-03  0.586E-02  0.753E-06  2430
      1  0.18715E+01  0.106E-03  0.602E-02  0.119E-05  2035
      2  0.18717E+01  0.151E-03  0.561E-02  0.156E-05  1299
      3  0.18731E+01  0.241E-03  0.524E-02  0.150E-05   518
      4  0.18747E+01  0.344E-03  0.516E-02  0.390E-05   136
      5  0.18760E+01  0.826E-03  0.446E-02  0.355E-05    32
#     6  0.18796E+01  jk failed  0.221E-02  jk failed     3
&-----------------------------------------------------------
#beta =   5.00   kappa =   0.2231
#  Re(op_pbp_e)                                                    
#
#    -6  0.18703E+01  jk failed  0.000E+00  jk failed     1
     -5  0.18644E+01  0.135E-02  0.428E-02  0.881E-05    11
     -4  0.18633E+01  0.575E-03  0.609E-02  0.417E-05   108
     -3  0.18625E+01  0.215E-03  0.617E-02  0.221E-05   415
     -2  0.18609E+01  0.177E-03  0.649E-02  0.171E-05  1082
     -1  0.18602E+01  0.161E-03  0.677E-02  0.141E-05  2028
      0  0.18600E+01  0.927E-04  0.702E-02  0.157E-05  2490
      1  0.18600E+01  0.153E-03  0.697E-02  0.127E-05  2100
      2  0.18610E+01  0.181E-03  0.666E-02  0.239E-05  1151
      3  0.18625E+01  0.253E-03  0.583E-02  0.182E-05   461
      4  0.18635E+01  0.573E-03  0.563E-02  0.426E-05   125
      5  0.18681E+01  0.125E-02  0.587E-02  0.934E-05    23
#     6  0.18683E+01  jk failed  0.542E-02  jk failed     5
&-----------------------------------------------------------
#beta =   5.00   kappa =   0.2250
#  Re(op_pbp_e)                                                    
#
#    -7  0.18700E+01  jk failed  0.000E+00  jk failed     1
     -5  0.18598E+01  0.977E-03  0.403E-02  0.458E-05    18
     -4  0.18579E+01  0.668E-03  0.627E-02  0.532E-05   103
     -3  0.18550E+01  0.263E-03  0.699E-02  0.352E-05   405
     -2  0.18539E+01  0.195E-03  0.732E-02  0.193E-05  1065
     -1  0.18531E+01  0.158E-03  0.744E-02  0.161E-05  1898
      0  0.18523E+01  0.155E-03  0.783E-02  0.171E-05  2464
      1  0.18524E+01  0.157E-03  0.780E-02  0.135E-05  2065
      2  0.18536E+01  0.185E-03  0.731E-02  0.165E-05  1296
      3  0.18554E+01  0.325E-03  0.674E-02  0.249E-05   524
      4  0.18563E+01  0.458E-03  0.629E-02  0.466E-05   136
      5  0.18627E+01  0.169E-02  0.699E-02  0.104E-04    18
#     6  0.18629E+01  jk failed  0.395E-02  jk failed     7
&-----------------------------------------------------------
#beta =   5.00   kappa =   0.2262
#  Re(op_pbp_e)                                                    
#
     -5  0.18562E+01  0.172E-02  0.597E-02  0.154E-04    13
     -4  0.18538E+01  0.805E-03  0.687E-02  0.589E-05    91
     -3  0.18509E+01  0.402E-03  0.706E-02  0.322E-05   374
     -2  0.18488E+01  0.258E-03  0.756E-02  0.199E-05  1059
     -1  0.18478E+01  0.194E-03  0.833E-02  0.180E-05  1955
      0  0.18472E+01  0.181E-03  0.844E-02  0.191E-05  2510
      1  0.18480E+01  0.178E-03  0.821E-02  0.222E-05  2166
      2  0.18490E+01  0.208E-03  0.784E-02  0.266E-05  1177
      3  0.18506E+01  0.282E-03  0.709E-02  0.263E-05   505
      4  0.18529E+01  0.675E-03  0.696E-02  0.538E-05   118
      5  0.18555E+01  0.163E-02  0.700E-02  0.146E-04    30
#     6  0.18576E+01  jk failed  0.288E-02  jk failed     2
&-----------------------------------------------------------
#beta =   5.00   kappa =   0.2293
#  Re(op_pbp_e)                                                    
#
#    -6  0.18500E+01  jk failed  0.000E+00  jk failed     1
     -5  0.18436E+01  0.166E-02  0.644E-02  0.104E-04    16
     -4  0.18404E+01  0.945E-03  0.764E-02  0.698E-05    83
     -3  0.18381E+01  0.576E-03  0.842E-02  0.381E-05   380
     -2  0.18349E+01  0.317E-03  0.897E-02  0.276E-05  1080
     -1  0.18335E+01  0.180E-03  0.987E-02  0.260E-05  2017
      0  0.18334E+01  0.195E-03  0.101E-01  0.256E-05  2499
      1  0.18335E+01  0.230E-03  0.978E-02  0.323E-05  2160
      2  0.18356E+01  0.278E-03  0.916E-02  0.238E-05  1180
      3  0.18374E+01  0.341E-03  0.840E-02  0.504E-05   447
      4  0.18406E+01  0.651E-03  0.725E-02  0.682E-05   119
      5  0.18489E+01  0.152E-02  0.588E-02  0.697E-05    16
#     6  0.18434E+01  jk failed  0.142E-02  jk failed     2
&-----------------------------------------------------------
#beta =   5.00   kappa =   0.2300
#  Re(op_pbp_e)                                                    
#
#    -6  0.18428E+01  jk failed  0.484E-02  jk failed     4
     -5  0.18396E+01  0.133E-02  0.595E-02  0.856E-05    21
     -4  0.18373E+01  0.615E-03  0.754E-02  0.760E-05   109
     -3  0.18346E+01  0.460E-03  0.839E-02  0.315E-05   380
     -2  0.18321E+01  0.401E-03  0.936E-02  0.238E-05  1046
     -1  0.18306E+01  0.298E-03  0.102E-01  0.329E-05  1995
      0  0.18298E+01  0.190E-03  0.105E-01  0.278E-05  2570
      1  0.18303E+01  0.206E-03  0.102E-01  0.386E-05  2099
      2  0.18320E+01  0.278E-03  0.948E-02  0.449E-05  1198
      3  0.18355E+01  0.452E-03  0.879E-02  0.503E-05   457
      4  0.18382E+01  0.958E-03  0.860E-02  0.100E-04    99
      5  0.18409E+01  0.159E-02  0.711E-02  0.164E-04    21
#     6  0.18474E+01  jk failed  0.000E+00  jk failed     1
&-----------------------------------------------------------
#beta =   5.00   kappa =   0.2324
#  Re(op_pbp_e)                                                    
#
#    -6  0.18384E+01  jk failed  0.800E-02  jk failed     2
     -5  0.18336E+01  0.160E-02  0.597E-02  0.123E-04    15
     -4  0.18281E+01  0.106E-02  0.802E-02  0.893E-05    91
     -3  0.18244E+01  0.477E-03  0.937E-02  0.601E-05   369
     -2  0.18206E+01  0.365E-03  0.109E-01  0.369E-05  1039
     -1  0.18180E+01  0.276E-03  0.115E-01  0.273E-05  2119
      0  0.18174E+01  0.262E-03  0.120E-01  0.499E-05  2612
      1  0.18186E+01  0.295E-03  0.117E-01  0.291E-05  2085
      2  0.18208E+01  0.312E-03  0.107E-01  0.399E-05  1131
      3  0.18240E+01  0.463E-03  0.927E-02  0.795E-05   415
      4  0.18271E+01  0.707E-03  0.835E-02  0.138E-04    94
      5  0.18323E+01  0.178E-02  0.763E-02  0.160E-04    27
#     6  0.18385E+01  jk failed  0.000E+00  jk failed     1
&-----------------------------------------------------------
#beta =   5.00   kappa =   0.2350
#  Re(op_pbp_e)                                                    
#
#    -6  0.18260E+01  jk failed  0.362E-02  jk failed     4
     -5  0.18218E+01  0.164E-02  0.714E-02  0.162E-04    20
     -4  0.18155E+01  0.109E-02  0.108E-01  0.216E-04    83
     -3  0.18104E+01  0.612E-03  0.113E-01  0.758E-05   371
     -2  0.18071E+01  0.361E-03  0.122E-01  0.639E-05  1058
     -1  0.18031E+01  0.343E-03  0.136E-01  0.489E-05  1975
      0  0.18022E+01  0.288E-03  0.140E-01  0.549E-05  2656
      1  0.18039E+01  0.327E-03  0.133E-01  0.346E-05  2137
      2  0.18070E+01  0.271E-03  0.123E-01  0.457E-05  1192
      3  0.18115E+01  0.683E-03  0.109E-01  0.721E-05   389
      4  0.18168E+01  0.977E-03  0.968E-02  0.106E-04   100
      5  0.18210E+01  0.271E-02  0.101E-01  0.376E-04    15
&-----------------------------------------------------------
#beta =   5.00   kappa =   0.2356
#  Re(op_pbp_e)                                                    
#
#    -6  0.18232E+01  jk failed  0.000E+00  jk failed     1
     -5  0.18171E+01  0.169E-02  0.634E-02  0.255E-04    15
     -4  0.18116E+01  0.109E-02  0.849E-02  0.119E-04    61
     -3  0.18091E+01  0.552E-03  0.115E-01  0.810E-05   346
     -2  0.18034E+01  0.421E-03  0.122E-01  0.698E-05  1017
     -1  0.18002E+01  0.344E-03  0.139E-01  0.558E-05  2039
      0  0.17987E+01  0.237E-03  0.146E-01  0.586E-05  2689
      1  0.17998E+01  0.367E-03  0.141E-01  0.571E-05  2119
      2  0.18038E+01  0.404E-03  0.130E-01  0.850E-05  1160
      3  0.18087E+01  0.600E-03  0.115E-01  0.107E-04   432
      4  0.18133E+01  0.860E-03  0.923E-02  0.104E-04   104
      5  0.18197E+01  0.273E-02  0.102E-01  0.327E-04    15
#     6  0.18294E+01  jk failed  0.421E-02  jk failed     2
&-----------------------------------------------------------
#beta =   5.00   kappa =   0.2387
#  Re(op_pbp_e)                                                    
#
#    -5  0.18154E+01  jk failed  0.116E-01  jk failed     4
     -4  0.17963E+01  0.128E-02  0.895E-02  0.111E-04    58
     -3  0.17922E+01  0.646E-03  0.125E-01  0.138E-04   348
     -2  0.17843E+01  0.451E-03  0.138E-01  0.782E-05  1041
     -1  0.17798E+01  0.355E-03  0.167E-01  0.861E-05  2121
      0  0.17780E+01  0.317E-03  0.176E-01  0.716E-05  2690
      1  0.17803E+01  0.396E-03  0.167E-01  0.891E-05  2163
      2  0.17842E+01  0.493E-03  0.147E-01  0.839E-05  1110
      3  0.17915E+01  0.708E-03  0.127E-01  0.873E-05   366
      4  0.18000E+01  0.165E-02  0.123E-01  0.275E-04    85
      5  0.18092E+01  0.146E-02  0.461E-02  0.141E-04    11
#     6  0.18182E+01  jk failed  0.284E-02  jk failed     2
#     7  0.18405E+01  jk failed  0.000E+00  jk failed     1
&-----------------------------------------------------------
#beta =   5.00   kappa =   0.2400
#  Re(op_pbp_e)                                                    
#
#    -7  0.18275E+01  jk failed  0.000E+00  jk failed     1
#    -5  0.17950E+01  jk failed  0.594E-02  jk failed     6
     -4  0.17917E+01  0.166E-02  0.116E-01  0.356E-04    58
     -3  0.17843E+01  0.915E-03  0.148E-01  0.186E-04   265
     -2  0.17761E+01  0.379E-03  0.152E-01  0.107E-04   973
     -1  0.17709E+01  0.408E-03  0.176E-01  0.935E-05  2195
      0  0.17684E+01  0.325E-03  0.190E-01  0.997E-05  2816
      1  0.17706E+01  0.333E-03  0.176E-01  0.999E-05  2201
      2  0.17759E+01  0.502E-03  0.150E-01  0.622E-05  1091
      3  0.17847E+01  0.918E-03  0.142E-01  0.172E-04   319
      4  0.17942E+01  0.179E-02  0.121E-01  0.279E-04    61
      5  0.18047E+01  0.233E-02  0.808E-02  0.222E-04    13
#     6  0.18225E+01  jk failed  0.000E+00  jk failed     1
&-----------------------------------------------------------
#beta =   5.00   kappa =   0.2418
#  Re(op_pbp_e)                                                    
#
#    -5  0.17941E+01  jk failed  0.980E-02  jk failed     9
     -4  0.17842E+01  0.195E-02  0.129E-01  0.318E-04    64
     -3  0.17736E+01  0.845E-03  0.148E-01  0.204E-04   247
     -2  0.17635E+01  0.654E-03  0.165E-01  0.129E-04   882
     -1  0.17570E+01  0.471E-03  0.197E-01  0.995E-05  2072
      0  0.17536E+01  0.361E-03  0.208E-01  0.130E-04  2956
      1  0.17569E+01  0.377E-03  0.192E-01  0.888E-05  2260
      2  0.17644E+01  0.538E-03  0.165E-01  0.108E-04  1084
      3  0.17735E+01  0.819E-03  0.133E-01  0.165E-04   345
      4  0.17875E+01  0.163E-02  0.128E-01  0.351E-04    72
#     5  0.17981E+01  jk failed  0.116E-01  jk failed     8
#     6  0.17885E+01  jk failed  0.000E+00  jk failed     1
&-----------------------------------------------------------
#beta =   5.00   kappa =   0.2449
#  Re(op_pbp_e)                                                    
#
#    -6  0.17986E+01  jk failed  0.000E+00  jk failed     1
#    -5  0.17823E+01  jk failed  0.577E-02  jk failed     4
     -4  0.17724E+01  0.327E-02  0.160E-01  0.834E-04    32
     -3  0.17555E+01  0.108E-02  0.151E-01  0.229E-04   223
     -2  0.17418E+01  0.665E-03  0.191E-01  0.157E-04   881
     -1  0.17302E+01  0.491E-03  0.216E-01  0.168E-04  2227
      0  0.17235E+01  0.384E-03  0.256E-01  0.119E-04  3234
      1  0.17298E+01  0.551E-03  0.223E-01  0.151E-04  2266
      2  0.17414E+01  0.506E-03  0.184E-01  0.125E-04   857
      3  0.17566E+01  0.118E-02  0.166E-01  0.236E-04   229
      4  0.17714E+01  0.290E-02  0.159E-01  0.664E-04    44
#     5  0.17622E+01  jk failed  0.135E-01  jk failed     2
&-----------------------------------------------------------
#beta =   5.00   kappa =   0.2480
#  Re(op_pbp_e)                                                    
#
#    -5  0.17400E+01  jk failed  0.000E+00  jk failed     1
     -4  0.17564E+01  0.392E-02  0.146E-01  0.835E-04    15
     -3  0.17376E+01  0.115E-02  0.168E-01  0.454E-04   149
     -2  0.17193E+01  0.867E-03  0.211E-01  0.302E-04   683
     -1  0.17003E+01  0.564E-03  0.243E-01  0.150E-04  2224
      0  0.16891E+01  0.507E-03  0.296E-01  0.116E-04  3526
      1  0.17010E+01  0.475E-03  0.249E-01  0.160E-04  2475
      2  0.17173E+01  0.595E-03  0.194E-01  0.196E-04   753
      3  0.17368E+01  0.139E-02  0.173E-01  0.410E-04   154
      4  0.17619E+01  0.391E-02  0.161E-01  0.959E-04    18
#     5  0.17631E+01  jk failed  0.436E-02  jk failed     2
&-----------------------------------------------------------
#beta =   5.00   kappa =   0.2500
#  Re(op_pbp_e)                                                    
#
     -4  0.17473E+01  0.504E-02  0.159E-01  0.815E-04    11
     -3  0.17289E+01  0.191E-02  0.188E-01  0.670E-04    98
     -2  0.17046E+01  0.108E-02  0.216E-01  0.337E-04   608
     -1  0.16793E+01  0.422E-03  0.251E-01  0.184E-04  2312
      0  0.16625E+01  0.376E-03  0.320E-01  0.226E-04  3925
      1  0.16801E+01  0.617E-03  0.248E-01  0.209E-04  2309
      2  0.17054E+01  0.104E-02  0.227E-01  0.488E-04   603
      3  0.17266E+01  0.181E-02  0.185E-01  0.470E-04   114
      4  0.17491E+01  0.487E-02  0.201E-01  0.159E-03    18
#     5  0.17734E+01  jk failed  0.602E-02  jk failed     2
&-----------------------------------------------------------
#beta =   5.00   kappa =   0.2515
#  Re(op_pbp_e)                                                    
#
     -4  0.17607E+01  0.697E-02  0.220E-01  0.231E-03    11
     -3  0.17200E+01  0.240E-02  0.202E-01  0.117E-03    67
     -2  0.16921E+01  0.993E-03  0.219E-01  0.447E-04   542
     -1  0.16637E+01  0.456E-03  0.259E-01  0.206E-04  2237
      0  0.16428E+01  0.623E-03  0.339E-01  0.278E-04  4264
      1  0.16648E+01  0.529E-03  0.258E-01  0.336E-04  2252
      2  0.16924E+01  0.961E-03  0.235E-01  0.581E-04   522
      3  0.17175E+01  0.229E-02  0.220E-01  0.876E-04    92
      4  0.17528E+01  0.560E-02  0.186E-01  0.141E-03    12
#     5  0.17168E+01  jk failed  0.000E+00  jk failed     1
&-----------------------------------------------------------
#beta =   5.00   kappa =   0.2530
#  Re(op_pbp_e)                                                    
#
#    -4  0.17408E+01  jk failed  0.388E-01  jk failed     5
     -3  0.17233E+01  0.284E-02  0.284E-01  0.147E-03    74
     -2  0.16821E+01  0.166E-02  0.257E-01  0.787E-04   421
     -1  0.16496E+01  0.766E-03  0.265E-01  0.391E-04  2107
      0  0.16202E+01  0.668E-03  0.343E-01  0.390E-04  4650
      1  0.16490E+01  0.479E-03  0.258E-01  0.235E-04  2256
      2  0.16839E+01  0.107E-02  0.235E-01  0.579E-04   427
      3  0.17170E+01  0.336E-02  0.265E-01  0.197E-03    57
#     4  0.17604E+01  jk failed  0.554E-02  jk failed     3
&-----------------------------------------------------------
#beta =   5.00   kappa =   0.2545
#  Re(op_pbp_e)                                                    
#
#    -4  0.17392E+01  jk failed  0.277E-01  jk failed     3
     -3  0.17212E+01  0.601E-02  0.303E-01  0.186E-03    38
     -2  0.16767E+01  0.168E-02  0.309E-01  0.119E-03   307
     -1  0.16344E+01  0.803E-03  0.282E-01  0.592E-04  2014
      0  0.15968E+01  0.560E-03  0.340E-01  0.512E-04  5047
      1  0.16338E+01  0.687E-03  0.267E-01  0.466E-04  2153
      2  0.16777E+01  0.131E-02  0.288E-01  0.674E-04   396
      3  0.17109E+01  0.709E-02  0.308E-01  0.260E-03    33
#     4  0.17520E+01  jk failed  0.352E-01  jk failed     9
&-----------------------------------------------------------
#beta =   5.00   kappa =   0.2560
#  Re(op_pbp_e)                                                    
#
#    -3  0.17040E+01  jk failed  0.370E-01  jk failed     8
     -2  0.16657E+01  0.186E-02  0.341E-01  0.124E-03   241
     -1  0.16189E+01  0.725E-03  0.292E-01  0.418E-04  1803
      0  0.15723E+01  0.489E-03  0.306E-01  0.498E-04  5734
      1  0.16181E+01  0.706E-03  0.279E-01  0.407E-04  1908
      2  0.16641E+01  0.226E-02  0.340E-01  0.123E-03   282
      3  0.17148E+01  0.755E-02  0.362E-01  0.329E-03    24
&-----------------------------------------------------------
#beta =   5.00   kappa =   0.2575
#  Re(op_pbp_e)                                                    
#
#    -3  0.17070E+01  jk failed  0.299E-01  jk failed     5
     -2  0.16687E+01  0.464E-02  0.416E-01  0.286E-03   150
     -1  0.16031E+01  0.109E-02  0.322E-01  0.907E-04  1488
      0  0.15470E+01  0.384E-03  0.241E-01  0.404E-04  6544
      1  0.16037E+01  0.687E-03  0.303E-01  0.461E-04  1652
      2  0.16573E+01  0.324E-02  0.354E-01  0.175E-03   150
#     3  0.16996E+01  jk failed  0.205E-01  jk failed     7
#     4  0.17810E+01  jk failed  0.569E-01  jk failed     4
&-----------------------------------------------------------
#beta =   5.00   kappa =   0.2590
#  Re(op_pbp_e)                                                    
#
#    -3  0.16940E+01  jk failed  0.000E+00  jk failed     1
     -2  0.16577E+01  0.584E-02  0.459E-01  0.338E-03    83
     -1  0.15870E+01  0.866E-03  0.354E-01  0.112E-03  1262
      0  0.15246E+01  0.357E-03  0.226E-01  0.535E-04  7419
      1  0.15874E+01  0.144E-02  0.345E-01  0.859E-04  1141
      2  0.16543E+01  0.599E-02  0.503E-01  0.947E-03    82
      3  0.17211E+01  0.173E-01  0.573E-01  0.827E-03    12
&-----------------------------------------------------------
#beta =   5.00   kappa =   0.2605
#  Re(op_pbp_e)                                                    
#
     -2  0.16471E+01  0.131E-01  0.601E-01  0.128E-02    22
     -1  0.15689E+01  0.141E-02  0.357E-01  0.770E-04   866
      0  0.15014E+01  0.268E-03  0.168E-01  0.377E-04  8157
      1  0.15704E+01  0.132E-02  0.380E-01  0.124E-03   911
      2  0.16358E+01  0.966E-02  0.535E-01  0.169E-02    43
#     3  0.17566E+01  jk failed  0.000E+00  jk failed     1
&-----------------------------------------------------------
#beta =   5.00   kappa =   0.2620
#  Re(op_pbp_e)                                                    
#
#    -3  0.16339E+01  jk failed  0.000E+00  jk failed     1
     -2  0.16162E+01  0.104E-01  0.330E-01  0.539E-03    11
     -1  0.15477E+01  0.229E-02  0.402E-01  0.264E-03   485
      0  0.14788E+01  0.219E-03  0.153E-01  0.473E-04  8977
      1  0.15512E+01  0.193E-02  0.419E-01  0.185E-03   514
      2  0.16163E+01  0.200E-01  0.665E-01  0.154E-02    12
&-----------------------------------------------------------
#beta =   5.00   kappa =   0.2625
#  Re(op_pbp_e)                                                    
#
     -2  0.15971E+01  0.146E-01  0.437E-01  0.481E-03    10
     -1  0.15423E+01  0.258E-02  0.399E-01  0.248E-03   384
      0  0.14711E+01  0.177E-03  0.122E-01  0.180E-04  9130
      1  0.15429E+01  0.210E-02  0.387E-01  0.144E-03   460
      2  0.15992E+01  0.864E-02  0.335E-01  0.280E-03    16
&-----------------------------------------------------------
#beta =   5.00   kappa =   0.2630
#  Re(op_pbp_e)                                                    
#
     -2  0.16142E+01  0.135E-01  0.427E-01  0.798E-03    11
     -1  0.15345E+01  0.212E-02  0.389E-01  0.173E-03   296
      0  0.14638E+01  0.138E-03  0.113E-01  0.786E-05  9313
      1  0.15380E+01  0.235E-02  0.445E-01  0.392E-03   379
#     2  0.16221E+01  jk failed  0.000E+00  jk failed     1
&-----------------------------------------------------------
#beta =   5.00   kappa =   0.2635
#  Re(op_pbp_e)                                                    
#
#    -2  0.15826E+01  jk failed  0.341E-01  jk failed     3
     -1  0.15267E+01  0.217E-02  0.460E-01  0.443E-03   278
      0  0.14565E+01  0.117E-03  0.112E-01  0.639E-05  9407
      1  0.15255E+01  0.203E-02  0.367E-01  0.187E-03   307
#     2  0.16234E+01  jk failed  0.514E-01  jk failed     5
&-----------------------------------------------------------
