# triplet j1 / nf 1 / mode 2 / nplat  5 / jkb  20 / start     1 / nmeas 10000
 0.0010  0.39788913158701800        2.9115031543149424E-002   4.2596550902923858E-002   4.1094474088659294E-003   2.3197444210752514E-002   2.0330795076425527E-003
 0.0020  0.42620934671831051        1.6305514086873574E-002   4.3146732189218211E-002   4.0749548434520673E-003   3.0823431119279231E-002   1.8732748005413158E-003
 0.0030  0.43762067595599718        1.1329506007900987E-002   4.3696459653637623E-002   4.0406909280573250E-003   3.6999931344580468E-002   1.9606447853480493E-003
 0.0040  0.44438649038750461        8.9560390040741376E-003   4.4245727823487763E-002   4.0066553275642149E-003   4.2336974351804897E-002   2.0982263102191732E-003
 0.0050  0.44930177890805612        7.7013970555613997E-003   4.4794531243740637E-002   3.9728476907461849E-003   4.7105797418141450E-002   2.2395361133304877E-003
 0.0060  0.45328803765023556        6.9895749028497621E-003   4.5342864477274092E-002   3.9392676504026343E-003   5.1460125526345650E-002   2.3720193188756789E-003
 0.0070  0.45984419989858455        4.5071884629034080E-003   4.5890722105106072E-002   3.9059148235430822E-003   5.5120830266055160E-002   2.4071732224717774E-003
 0.0080  0.46235150709595541        4.3732178185733718E-003   4.6438098726635943E-002   3.8727888115524956E-003   5.8955581723353447E-002   2.5208061530261477E-003
 0.0090  0.46481268437826351        4.3033528832578868E-003   4.6984988959872132E-002   3.8398892003342028E-003   6.2565921583559864E-002   2.6214260819575805E-003
 0.0100  0.46721964168547553        4.2724508738283236E-003   4.7531387441674594E-002   3.8072155605191407E-003   6.5990915220708130E-002   2.7109192631364857E-003
 0.0200  0.48857194202975551        4.7813486385132262E-003   5.2967159975599018E-002   3.4928025385647836E-003   9.4211694875934143E-002   3.2402334158745049E-003
 0.0400  0.52238210455594813        4.9833984018104885E-003   6.3668910343495588E-002   2.9293768144297884E-003  0.13662192850426835        3.4024792075320657E-003
 0.0600  0.55144336202851940        4.8639223562866067E-003   7.4112021582848672E-002   2.4482480427676164E-003  0.17101493499873244        3.2022146005214963E-003
 0.0800  0.57433875432541270        3.4811439942200794E-003   8.4261420435324169E-002   2.0422687060034413E-003  0.20216513372333839        2.7393109354957278E-003
 0.1000  0.60147071568803212        3.2139396470552283E-003   9.4086645513294209E-002   1.7033701543645329E-003  0.22806807814568991        2.3973612519217588E-003
 0.1200  0.63309727980918851        3.8543599532573705E-003  0.10356224515708856        1.4230901546046380E-003  0.24902095933117505        2.2859999623243625E-003
 0.1400  0.66066256978802096        3.5570568369221664E-003  0.11266801528169608        1.1930193386437405E-003  0.26884355858875997        2.0300616773374800E-003
 0.1600  0.68874872679821786        3.3297913100531194E-003  0.12138906369965623        1.0051555404381155E-003  0.28615672774828160        1.8214125188559527E-003
 0.1800  0.71445506867126196        1.9924485181492119E-003  0.12971570135658805        8.5216439485594827E-004  0.30246324193518087        1.3032877098993494E-003
 0.2000  0.74407344300595424        1.8530794426817215E-003  0.13764317509888721        7.2754923491969911E-004  0.31534905399857499        1.1451633360457789E-003
 0.2200  0.77432090821890620        1.7290538084297642E-003  0.14517126816653717        6.2573591819084008E-004  0.32639664598579377        1.0129342902798950E-003
 0.2400  0.80519420460009716        1.6191761003383597E-003  0.15230380197424379        5.4208149993234588E-004  0.33579587024618612        9.0170860622005460E-004
 0.2600  0.83668509372372213        1.5224272750973750E-003  0.15904807552935538        4.7282051376778753E-004  0.34371924515996927        8.0758152159159579E-004
 0.2800  0.86878194647254892        1.4378685851043462E-003  0.16541427756362811        4.1496735867049519E-004  0.35032386383266134        7.2750162006524934E-004
 0.3000  0.90147097913028007        1.3646101577068400E-003  0.17141490217666061        3.6619534144170839E-004  0.35575266542143130        6.5909577430437241E-004
 0.3200  0.93461907238195407        1.3766550894063936E-003  0.17706419271507493        3.2471107593549334E-004  0.36018093372284421        6.2492876447704728E-004
 0.3400  0.96843185391472764        1.3158426825176429E-003  0.18237763186220890        2.8913798565276554E-004  0.36363960430140774        5.7202717737808988E-004
 0.3600   1.0027896410388755        1.2632022432404707E-003  0.18737148936558651        2.5841671159584852E-004  0.36627574778509636        5.2600311408950915E-004
 0.3800   1.0376776985127223        1.2176876027871050E-003  0.19206243306833060        2.3172503807883369E-004  0.36818452098028676        4.8580224135091313E-004
 0.4000   1.0730820415371713        1.1783881243789397E-003  0.19646720424608063        2.0841641928269066E-004  0.36945121506691958        4.5055386468958444E-004


# triplet j3 / nf 1 / mode 2 / nplat  5 / jkb  20 / start     1 / nmeas 10000
 0.0010  0.46227856357085001        1.1700097661077857E-002   4.2596550902923858E-002   4.1094474088659294E-003   1.9966339907171577E-002   1.0876381181764423E-003
 0.0020  0.45451832935341135        8.2376780650032753E-003   4.3146732189218211E-002   4.0749548434520673E-003   2.8903640607087527E-002   1.4619646053060037E-003
 0.0030  0.45381942257386210        7.2758664601883022E-003   4.3696459653637623E-002   4.0406909280573250E-003   3.5679246325570048E-002   1.7460245919861997E-003
 0.0040  0.45469736259808718        7.0022783343173141E-003   4.4245727823487763E-002   4.0066553275642149E-003   4.1376926706421853E-002   1.9788343478705809E-003
 0.0050  0.45639486411761288        7.9156219593256843E-003   4.4794531243740637E-002   3.9728476907461849E-003   4.6373700146194734E-002   2.2081415635486403E-003
 0.0060  0.45863764853747513        7.8609873322509002E-003   4.5342864477274092E-002   3.9392676504026343E-003   5.0859887738077911E-002   2.3750495943697177E-003
 0.0070  0.46103700230605810        7.8234995063498312E-003   4.5890722105106072E-002   3.9059148235430822E-003   5.4978220760279216E-002   2.5188373235935143E-003
 0.0080  0.46358283434163194        9.3136469315707460E-003   4.6438098726635943E-002   3.8727888115524956E-003   5.8798989182208626E-002   2.7215662395485550E-003
 0.0090  0.46608984798007946        9.2309943823855479E-003   4.6984988959872132E-002   3.8398892003342028E-003   6.2394480566110348E-002   2.8333036065704034E-003
 0.0100  0.46855568472332282        9.1553291173550114E-003   4.7531387441674594E-002   3.8072155605191407E-003   6.5802748252050264E-002   2.9322877171788233E-003
 0.0200  0.49040787790257284        8.7565844639436799E-003   5.2967159975599018E-002   3.4928025385647836E-003   9.3858995341413190E-002   3.5193239467544075E-003
 0.0400  0.52451967135558275        8.3447385227398627E-003   6.3668910343495588E-002   2.9293768144297884E-003  0.13606515529933205        3.8057522773681180E-003
 0.0600  0.55320712715137765        7.7404131798157853E-003   7.4112021582848672E-002   2.4482480427676164E-003  0.17046969585947583        3.6901523338044489E-003
 0.0800  0.58003976572139815        7.0298366847518241E-003   8.4261420435324169E-002   2.0422687060034413E-003  0.20017812214354738        3.4308552751157965E-003
 0.1000  0.60644487923788004        6.3170294480210257E-003   9.4086645513294209E-002   1.7033701543645329E-003  0.22619742516462785        3.1215614043181767E-003
 0.1200  0.62983091571063943        2.8933071833704190E-003  0.10356224515708856        1.4230901546046380E-003  0.25031240613230238        2.0688190070123776E-003
 0.1400  0.65740445445525320        2.6298329651421818E-003  0.11266801528169608        1.1930193386437405E-003  0.27017595497642927        1.7928226112860054E-003
 0.1600  0.68565496287269911        2.4130877830313797E-003  0.12138906369965623        1.0051555404381155E-003  0.28744790393643743        1.5619707680230371E-003
 0.1800  0.71458762687303479        2.3446446133047138E-003  0.12971570135658805        8.5216439485594827E-004  0.30240713407388364        1.4040040124366313E-003
 0.2000  0.74418194324251186        2.1477042333001117E-003  0.13764317509888721        7.2754923491969911E-004  0.31530307673821850        1.2338700797655206E-003
 0.2200  0.77440677580452177        1.9747320346907653E-003  0.14517126816653717        6.2573591819084008E-004  0.32636045455149915        1.0896334160761590E-003
 0.2400  0.80525810938263942        1.8232200857286392E-003  0.15230380197424379        5.4208149993234588E-004  0.33576922169485007        9.6695380106519703E-004
 0.2600  0.83672633346889469        1.6114705232698661E-003  0.15904807552935538        4.7282051376778753E-004  0.34370230426362797        8.3616398505299188E-004
 0.2800  0.86880216094563256        1.5767026511599137E-003  0.16541427756362811        4.1496735867049519E-004  0.35031571282586793        7.7282842805487283E-004
 0.3000  0.90146900609837510        1.4779944547537601E-003  0.17141490217666061        3.6619534144170839E-004  0.35575344405203801        6.9613651728499151E-004
 0.3200  0.93471268011689146        1.3932693703974045E-003  0.17706419271507493        3.2471107593549334E-004  0.36014486304348931        6.3026453127573354E-004
 0.3400  0.96851767804374300        1.3208477834019973E-003  0.18237763186220890        2.8913798565276554E-004  0.36360738077774662        5.7356245202733365E-004
 0.3600   1.0028685814402385        1.2591755447892302E-003  0.18737148936558651        2.5841671159584852E-004  0.36624691653534464        5.2464043653808112E-004
 0.3800   1.0377504545834138        1.2068422326883944E-003  0.19206243306833060        2.3172503807883369E-004  0.36815870778124876        4.8232261357727258E-004
 0.4000   1.0731491402703108        1.1625874260503201E-003  0.19646720424608063        2.0841641928269066E-004  0.36942811510107365        4.4561126889955068E-004


