# triplet j1 / nf 2 / mode 2 / nplat  5 / jkb  20 / start     1 / nmeas 10000
 0.0010  0.77084603779443794        8.8687912076414709E-003   6.2807989614203984E-004   1.4201430919227415E-005   1.4539678369743605E-003   2.3452823258635954E-005
 0.0020  0.77208742377876216        7.2362456428686946E-003   1.2561491078292807E-003   2.8400139976527120E-005   2.9032478581587232E-003   4.2632370478793613E-005
 0.0030  0.77239065437849830        6.8330677488924445E-003   1.8841969521587842E-003   4.2593406484563786E-005   4.3531312668221049E-003   6.2481686760241191E-005
 0.0040  0.77251843535148990        6.8101527212649652E-003   2.5122127493309833E-003   5.6778512103928657E-005   5.8031573835917293E-003   8.3172563347924092E-005
 0.0050  0.77211371290669772        8.0461354265931213E-003   3.1401858241991657E-003   7.0952742013953300E-005   7.2576564864412947E-003   1.1154854178244082E-004
 0.0060  0.77215598186192425        8.0384472852111175E-003   3.7681055078171636E-003   8.5113386084601257E-005   8.7085752739384029E-003   1.3376353992785586E-004
 0.0070  0.77219788483955709        8.0349703767811798E-003   4.3959611389833607E-003   9.9257740037481085E-005   1.0159266018907298E-002   1.5597932220195960E-004
 0.0080  0.77224197799373129        8.0326679302698129E-003   5.0237420657813624E-003   1.1338310661113350E-004   1.1609680081598505E-002   1.7817793438075103E-004
 0.0090  0.77228948817752796        8.0305903882757837E-003   5.6514376471161016E-003   1.2748679671490472E-004   1.3059772124115044E-002   2.0034997356251435E-004
 0.0100  0.77234106446737216        8.0284085568445105E-003   6.2790372542439491E-003   1.4156613057959448E-004   1.4509498480391243E-002   2.2248914992429735E-004
 0.0200  0.77334808049732762        7.2349896416441335E-003   1.2547428281031479E-002   2.8043925195635942E-004   2.8968922689621729E-002   4.2219968179237700E-004
 0.0400  0.77620080913801903        7.8419265887488335E-003   2.5010595525371500E-002   5.4001327823113019E-004   5.7627916571934258E-002   8.5206874301918068E-004
 0.0600  0.78130790476116330        7.6000397429688777E-003   3.7309896708789238E-002   7.6126087158763153E-004   8.5640743327461202E-002   1.2071971710685247E-003
 0.0800  0.78841044826403583        7.2794462828126910E-003   4.9374191492561899E-002   9.3258747881214262E-004  0.11273470138851037        1.4889524602857394E-003
 0.1000  0.79746422443428333        6.8963479578221182E-003   6.1143196668028234E-002   1.0492325101728673E-003  0.13866851321978574        1.6892749704769251E-003
 0.1200  0.80841554147041517        6.4689154294459107E-003   7.2568317457843923E-002   1.1127435432599700E-003  0.16324673113767740        1.8091124149518544E-003
 0.1400  0.82121963823148381        5.4544705404228509E-003   8.3612161062664073E-002   1.1294068044500089E-003  0.18631782835044547        1.7649070850582710E-003
 0.1600  0.83572388532960740        5.0315202014802095E-003   9.4247200138564927E-002   1.1082599175537332E-003  0.20780041143551564        1.7486873771314355E-003
 0.1800  0.85192740452770510        4.6110528629366345E-003  0.10445408660679993        1.0592313075569444E-003  0.22762050343431742        1.6881286847558799E-003
 0.2000  0.86975994073474550        4.2041884673883305E-003  0.11422001069893131        9.9173209988733034E-004  0.24575462102299001        1.5966880217695037E-003
 0.2200  0.88913626086390896        3.6215618223435853E-003  0.12353733826047221        9.1379996123386645E-004  0.26221476103293839        1.4426356030525366E-003
 0.2400  0.90997863915803245        3.2883193338157802E-003  0.13240260768975556        8.3173575610964159E-004  0.27703694550725372        1.3264179346336841E-003
 0.2600  0.93222630351210911        2.9836538990597040E-003  0.14081586074579322        7.5009918816686377E-004  0.29027264224503141        1.2086417601599344E-003
 0.2800  0.95580614955095478        2.7079743371563655E-003  0.14878022490742326        6.7191920819573982E-004  0.30199294585698455        1.0941114855628189E-003
 0.3000  0.98067481163394532        2.4616668160871609E-003  0.15630164923527967        5.9899983199067472E-004  0.31227152542561581        9.8613934628782895E-004
 0.3200   1.0067372191744399        2.3193573339017905E-003  0.16338870609896200        5.3223865537612596E-004  0.32120690957668813        9.0626386761426009E-004
 0.3400   1.0339591053702086        2.1209666533266707E-003  0.17005239437977987        4.7191003411480156E-004  0.32888379102926907        8.1448604039863323E-004
 0.3600   1.0622913439357493        1.9502518754767678E-003  0.17630590619094505        4.1789178678781013E-004  0.33539457698948416        7.3289953629888526E-004
 0.3800   1.0916376206183802        1.8901746961119518E-003  0.18216434282727564        3.6983226062767147E-004  0.34084740168777811        6.8412291688553376E-004
 0.4000   1.1219906898659875        1.7608657943665161E-003  0.18764438358298757        3.2726470668736777E-004  0.34532142570122959        6.1999366698945737E-004


# triplet j3 / nf 2 / mode 2 / nplat  5 / jkb  20 / start     1 / nmeas 10000
 0.0010  0.77203201834795820        9.3148980943017178E-003   6.2807989614203984E-004   1.4201430919227415E-005   1.4517342798949723E-003   2.4003600815138875E-005
 0.0020  0.77203974279097198        9.3143876667453312E-003   1.2561491078292807E-003   2.8400139976527120E-005   2.9034271620442674E-003   4.8002900721326381E-005
 0.0030  0.77205261670666248        9.3135370406329503E-003   1.8841969521587842E-003   4.2593406484563786E-005   4.3550372539618281E-003   7.1993600524030311E-005
 0.0040  0.77207063986176705        9.3123463450038007E-003   2.5122127493309833E-003   5.6778512103928657E-005   5.8065231736740847E-003   9.5971404452324123E-005
 0.0050  0.77209381192986426        9.3108157612244342E-003   3.1401858241991657E-003   7.0952742013953300E-005   7.2578435549702355E-003   1.1993202187217637E-004
 0.0060  0.77212213249019301        9.3089455212956654E-003   3.7681055078171636E-003   8.5113386084601257E-005   8.7089570526613438E-003   1.4387116898594647E-004
 0.0070  0.77215560102959513        9.3067359101277527E-003   4.3959611389833607E-003   9.9257740037481085E-005   1.0159822347804121E-002   1.6778457054536272E-004
 0.0080  0.77219421694162726        9.3041872622548344E-003   5.0237420657813624E-003   1.1338310661113350E-004   1.1610398152937454E-002   1.9166796152436105E-004
 0.0090  0.77223797952725071        9.3012999649703682E-003   5.6514376471161016E-003   1.2748679671490472E-004   1.3060643217292115E-002   2.1551708883264087E-004
 0.0100  0.77228688799297240        9.2980744567325094E-003   6.2790372542439491E-003   1.4156613057959448E-004   1.4510516332027983E-002   2.3932771298618269E-004
 0.0200  0.77305875551295999        9.2473504885828579E-003   1.2547428281031479E-002   2.8043925195635942E-004   2.8979764599172009E-002   4.7439662780061610E-004
 0.0400  0.77613928957072220        9.0482547945423784E-003   2.5010595525371500E-002   5.4001327823113019E-004   5.7632484366065238E-002   9.1571575741209625E-004
 0.0600  0.78124925142693946        8.7294818587415699E-003   3.7309896708789238E-002   7.6126087158763153E-004   8.5647172921003073E-002   1.2958805900731066E-003
 0.0800  0.78835363350865273        8.3090456702867490E-003   4.9374191492561899E-002   9.3258747881214262E-004  0.11274282590802842        1.5955274025709885E-003
 0.1000  0.79740600616878521        7.8093222005183958E-003   6.1143196668028234E-002   1.0492325101728673E-003  0.13867863734759067        1.8056436659652743E-003
 0.1200  0.80835069685468142        7.2548033812667558E-003   7.2568317457843923E-002   1.1127435432599700E-003  0.16325982653252472        1.9270767138926273E-003
 0.1400  0.82112510695135610        6.6698972252007818E-003   8.3612161062664073E-002   1.1294068044500089E-003  0.18633927802075206        1.9684652796335290E-003
 0.1600  0.83566193473499528        6.0770593921565868E-003   9.4247200138564927E-002   1.1082599175537332E-003  0.20781581641989266        1.9434183175530970E-003
 0.1800  0.85189112786030297        5.4954408340097717E-003  0.10445408660679993        1.0592313075569444E-003  0.22763019635519305        1.8677040071483589E-003
 0.2000  0.86974146429081078        4.9401214457511959E-003  0.11422001069893131        9.9173209988733034E-004  0.24575984173703372        1.7569570421828806E-003
 0.2200  0.88917519123504829        4.7513237663514753E-003  0.12353733826047221        9.1379996123386645E-004  0.26220328059796244        1.7039565570301915E-003
 0.2400  0.91008336049314653        4.2316432266972862E-003  0.13240260768975556        8.3173575610964159E-004  0.27700506746171544        1.5543284839720142E-003
 0.2600  0.93231204164368253        3.5202524971384252E-003  0.14081586074579322        7.5009918816686377E-004  0.29024594792716218        1.3411316924893221E-003
 0.2800  0.95594587917941887        3.1405614569920202E-003  0.14878022490742326        6.7191920819573982E-004  0.30194880385790024        1.2037168846221716E-003
 0.3000  0.98085786184497703        2.8068931093885264E-003  0.15630164923527967        5.9899983199067472E-004  0.31221324851226073        1.0752497752788998E-003
 0.3200   1.0069849232653247        2.5163539580636495E-003  0.16338870609896200        5.3223865537612596E-004  0.32112789720650819        9.5787256913246936E-004
 0.3400   1.0342663386148367        2.2652930095511080E-003  0.17005239437977987        4.7191003411480156E-004  0.32878609469085895        8.5246526797019611E-004
 0.3600   1.0624847586919877        2.0356484167415347E-003  0.17630590619094505        4.1789178678781013E-004  0.33533352175097708        7.5545622347886773E-004
 0.3800   1.0918961265849454        1.8585511446997528E-003  0.18216434282727564        3.6983226062767147E-004  0.34076670620321758        6.7534537215042500E-004
 0.4000   1.1222952948745224        1.7073543016534359E-003  0.18764438358298757        3.2726470668736777E-004  0.34522770113844886        6.0536198491795438E-004


