# triplet j1 / nf 5 / mode 2 / nplat  5 / jkb  20 / start     1 / nmeas 10000
 0.0010   1.2811711698782062        1.7057882513467981        4.9342939573804876E-004   8.2752556456313014E-006   7.7539027544673968E-004   1.0323974539553176E-003
 0.0020   1.2355431674695330        5.1536031779142469E-002   9.8685541804290652E-004   1.6549942062645375E-005   1.6080473666162632E-003   6.8415538402533509E-005
 0.0030   1.2265769769890233        3.2912547220508841E-002   1.4802747139482635E-003   2.4823497032767889E-005   2.4296962132194784E-003   6.8304532333659252E-005
 0.0040   1.2227772509826005        2.9077615362090168E-002   1.9736839528825814E-003   3.3095366039513926E-005   3.2496489517173668E-003   8.1938947585778941E-005
 0.0050   1.2205707329818078        2.8031976977584899E-002   2.4670798267330432E-003   4.1365002327649027E-005   4.0693837720934805E-003   9.9490532614349784E-005
 0.0060   1.2192083044264237        2.7678889821873720E-002   2.9604590498994742E-003   4.9631866943383774E-005   4.8886870864677644E-003   1.1830847088573403E-004
 0.0070   1.2183289650753819        2.7542443872912978E-002   3.4538183593374461E-003   5.7895428784839253E-005   5.7075430416712591E-003   1.3761120613974760E-004
 0.0080   1.2177373589213623        2.7484948474915210E-002   3.9471545145914446E-003   6.6155164621243143E-005   6.5260203716916839E-003   1.5712049144168367E-004
 0.0090   1.2253732119198524        2.4870924990757146E-002   4.4404642978174000E-003   7.4410559127562908E-005   7.2959535761858351E-003   1.6020474370383289E-004
 0.0100   1.2250280783309482        2.4502485402405419E-002   4.9337445137950650E-003   8.2661104895570786E-005   8.1088129599948128E-003   1.7583954838170775E-004
 0.0200   1.1722911181797719        4.4866894716504312E-002   9.8642336761478235E-003   1.6479390896728080E-004   1.6944400073323741E-002   6.6377588466056011E-004
 0.0400   1.1720329460079002        4.2316315705683630E-002   1.9703466916993703E-002   3.2572287621825396E-004   3.3874781147758659E-002   1.2546917288717360E-003
 0.0600   1.1735210308201254        4.1275910181173318E-002   2.9495824779950879E-002   4.7996266605507596E-004   5.0696738240309284E-002   1.8302263730085469E-003
 0.0800   1.2435390612039086        2.0787858484275595E-002   3.9222253501379006E-002   6.2545887103614692E-004   6.3704018800827419E-002   1.1798505828009419E-003
 0.1000   1.2478360288098693        1.9846135354891648E-002   4.8865520422713839E-002   7.6036820388648428E-004   7.9224360302501920E-002   1.4027029554467346E-003
 0.1200   1.2465379817429467        1.8971619539352787E-002   5.8409046809608831E-002   8.8253976207764470E-004   9.4981749433780849E-002   1.6138707438417511E-003
 0.1400   1.2489507511669178        1.7682341372126313E-002   6.7835826896588472E-002   9.8923159632185900E-004  0.11034769447815643        1.7572886630265001E-003
 0.1600   1.2478132798047772        1.6582150498635508E-002   7.7127663202333385E-002   1.0771785627725818E-003  0.12590137482818506        1.8900316202936764E-003
 0.1800   1.2288626271522900        1.7791609076160699E-002   8.6264883171384699E-002   1.1430177689462915E-003  0.14340521112261170        2.2832835777683936E-003
 0.2000   1.2286778972208465        1.7056436864634334E-002   9.5226599130067341E-002   1.1839583774509439E-003  0.15884409955640330        2.4160684510126894E-003
 0.2200   1.2252275209079471        1.5985389399419646E-002  0.10399144804919369        1.1984900631216314E-003  0.17458559516511180        2.4900747745786340E-003
 0.2400   1.2271210233990291        1.5163801546317216E-002  0.11253863126400764        1.1869008430292613E-003  0.18940177139334258        2.5446786220547630E-003
 0.2600   1.2302346680983616        1.4332693300278967E-002  0.12084900541920504        1.1514372410445918E-003  0.20376765652295220        2.5647737275757720E-003
 0.2800   1.2347501411038639        1.3473225625931963E-002  0.12890598027117456        1.0960619519251539E-003  0.21759627775089138        2.5481968773005967E-003
 0.3000   1.2666275330735000        7.7385009861767667E-003  0.13669605386693423        1.0258911061006455E-003  0.22610214881576385        1.6211269001890122E-003
 0.3200   1.2721538689737475        6.8403063436687610E-003  0.14420892979250746        9.4647376770777732E-004  0.23880665247995264        1.5043021721660253E-003
 0.3400   1.2792364147990716        6.1904218290475604E-003  0.15143727148095379        8.6308981970315988E-004  0.25085342260998533        1.4087598279949065E-003
 0.3600   1.2880409949878628        5.6723688039777053E-003  0.15837622112086083        7.8020163540700686E-004  0.26216912869977815        1.3228788520121026E-003
 0.3800   1.2809980973105546        8.9089947530075399E-003  0.16502283320305947        7.0112988531229070E-004  0.27645874423690675        2.0103909196583511E-003
 0.4000   1.2956539612046389        8.1875643902554439E-003  0.17137555311268315        6.2796200908014628E-004  0.28577905848416457        1.8802790438778129E-003


# triplet j3 / nf 5 / mode 2 / nplat  5 / jkb  20 / start     1 / nmeas 10000
 0.0010   1.2474803418733174        2.0668748425050391E-002   4.9342939573804876E-004   8.2752556456313014E-006   7.9633131918896828E-004   1.4787500176737321E-005
 0.0020   1.2474821303090671        2.0668514102499976E-002   9.8685541804290652E-004   1.6549942062645375E-005   1.5926576329376848E-003   2.9574419926779600E-005
 0.0030   1.2474850692159121        2.0668117956254194E-002   1.4802747139482635E-003   2.4823497032767889E-005   2.3889740324391944E-003   4.4360174661730983E-005
 0.0040   1.2474891243019084        2.0667555376442378E-002   1.9736839528825814E-003   3.3095366039513926E-005   3.1852757145783258E-003   5.9144175244710062E-005
 0.0050   1.2474942611767221        2.0666821762398736E-002   2.4670798267330432E-003   4.1365002327649027E-005   3.9815579823214787E-003   7.3925828062302681E-005
 0.0060   1.2475004454389018        2.0665912521270140E-002   2.9604590498994742E-003   4.9631866943383774E-005   4.7778162447603169E-003   8.8704535072707587E-005
 0.0070   1.2475076425878864        2.0664823061369363E-002   3.4538183593374461E-003   5.7895428784839253E-005   5.5740460175919600E-003   1.0347969384600920E-004
 0.0080   1.2475158181118673        2.0663548790838784E-002   3.9471545145914446E-003   6.6155164621243143E-005   6.3702429230265813E-003   1.1825069757497236E-004
 0.0090   1.2475249374382491        2.0662085139880909E-002   4.4404642978174000E-003   7.4410559127562908E-005   7.1664026901358049E-003   1.3301693522194623E-004
 0.0100   1.2475349660106179        2.0660427541223679E-002   4.9337445137950650E-003   8.2661104895570786E-005   7.9625211545717826E-003   1.4777779147384174E-004
 0.0200   1.2476776533047809        2.0632195273223596E-002   9.8642336761478235E-003   1.6479390896728080E-004   1.5920594278680894E-002   2.9495214010847296E-004
 0.0400   1.2480889669809754        2.0499277250368531E-002   1.9703466916993703E-002   3.2572287621825396E-004   3.1810520399052321E-002   5.8490351190684082E-004
 0.0600   1.2484587490360364        2.0243801371178104E-002   2.9495824779950879E-002   4.7996266605507596E-004   4.7653707873746141E-002   8.6452239100264525E-004
 0.0800   1.2485902567208640        1.9859954142945526E-002   3.9222253501379006E-002   6.2545887103614692E-004   6.3446302986975178E-002   1.1288641021057469E-003
 0.1000   1.2483852356476490        1.9369481112550942E-002   4.8865520422713839E-002   7.6036820388648428E-004   7.9189506830068562E-002   1.3744944709720847E-003
 0.1200   1.2478684396231960        1.8817640586702929E-002   5.8409046809608831E-002   8.8253976207764470E-004   9.4880481372980954E-002   1.6002951329367979E-003
 0.1400   1.2471353828461416        1.6684104672468499E-002   6.7835826896588472E-002   9.8923159632185900E-004  0.11050831994960218        1.6836962105844281E-003
 0.1600   1.2471963726490594        1.5796004857356594E-002   7.7127663202333385E-002   1.0771785627725818E-003  0.12596365007268503        1.8217805483630406E-003
 0.1800   1.2475633162762467        1.5081007409636148E-002   8.6264883171384699E-002   1.1430177689462915E-003  0.14125559976664145        1.9471762534099700E-003
 0.2000   1.2484854282248301        1.2372699708402199E-002   9.5226599130067341E-002   1.1839583774509439E-003  0.15632399851586740        1.8287682299320690E-003
 0.2200   1.2237012249164514        1.6851263398123529E-002  0.10399144804919369        1.1984900631216314E-003  0.17480335199059147        2.6094275045387937E-003
 0.2400   1.2256719961289801        1.5935610781050810E-002  0.11253863126400764        1.1869008430292613E-003  0.18962568801427485        2.6604930625287668E-003
 0.2600   1.2288682515243317        1.5053472108613254E-002  0.12084900541920504        1.1514372410445918E-003  0.20399423207552164        2.6812203706327461E-003
 0.2800   1.2334696601482737        1.4173187579646472E-002  0.12890598027117456        1.0960619519251539E-003  0.21782216728726947        2.6687089880557072E-003
 0.3000   1.2396167555897923        1.3270500058542974E-002  0.13669605386693423        1.0258911061006455E-003  0.23102882861636481        2.6207762628119107E-003
 0.3200   1.2474163468162620        1.2332990432621120E-002  0.14420892979250746        9.4647376770777732E-004  0.24354242884856867        2.5370330291068816E-003
 0.3400   1.2569441680018043        1.1360842408121390E-002  0.15143727148095379        8.6308981970315988E-004  0.25530237630985481        2.4195119275830209E-003
 0.3600   1.2682470685638130        1.0364831376149373E-002  0.15837622112086083        7.8020163540700686E-004  0.26626088382602275        2.2727173813934538E-003
 0.3800   1.2805188723914278        9.4855566123771811E-003  0.16502283320305947        7.0112988531229070E-004  0.27656220692082756        2.1312378479202486E-003
 0.4000   1.2957132800317936        8.5781251935803313E-003  0.17137555311268315        6.2796200908014628E-004  0.28576597528216618        1.9629900228710570E-003


