# triplet j1 / nf 4 / mode 2 / nplat  5 / jkb  20 / start     1 / nmeas 10000
 0.0010   1.1892486804306355        9.7104141681449638E-002   5.0130585851376112E-004   6.7553555717264108E-006   8.4196436243221776E-004   6.8981461045992856E-005
 0.0020   1.1603478573913344        3.0288153608110154E-002   1.0026106107106541E-003   1.3510649089626343E-005   1.7258694419544029E-003   4.6526360616501106E-005
 0.0030   1.1538272825692730        2.2452292261931014E-002   1.5039131497587906E-003   2.0265818326300003E-005   2.6034317669017906E-003   5.3610982862328631E-005
 0.0040   1.1509626955109777        2.0990101176694330E-002   2.0052123677967953E-003   2.7020800706891984E-005   3.4798773163882881E-003   6.7655097505148407E-005
 0.0050   1.1494457856911326        2.0629020476379347E-002   2.5065071554191843E-003   3.3775533138402824E-005   4.3555798706969434E-003   8.3496257188562644E-005
 0.0060   1.1551775132457072        2.1424145645619414E-002   3.0077964011625807E-003   4.0529951830687982E-005   5.2007516364572254E-003   1.0262164506362333E-004
 0.0070   1.1546918312224519        2.0754748085853807E-002   3.5090789909920888E-003   4.7283992130897796E-005   6.0700811431877002E-003   1.1651818055045189E-004
 0.0080   1.1543365333685744        2.0372301857804254E-002   4.0103538077888310E-003   5.4037588343948861E-005   6.9393516403635303E-003   1.3108948070229151E-004
 0.0090   1.1540691171455961        2.0133109355957621E-002   4.5116197308381293E-003   6.0790673568564130E-005   7.8085550558597968E-003   1.4602794354564951E-004
 0.0100   1.1538600258495511        1.9972481158790398E-002   5.0128756353188539E-003   6.7543179515706133E-005   8.6777140489835806E-003   1.6118086556873360E-004
 0.0200   1.1585482849114159        2.0268920769295727E-002   1.0024632246541158E-002   1.3502002648422667E-004   1.7284231790163373E-002   3.2401869461036979E-004
 0.0400   1.1607039097523504        1.9927416256078970E-002   2.0040007822761021E-002   2.6940729344988000E-004   3.4496297891739885E-002   6.3601979819035434E-004
 0.0600   1.1519306388571888        1.8996259474070177E-002   3.0035286240086084E-002   4.0200372590433323E-004   5.2117092683422558E-002   9.2752605416368062E-004
 0.0800   1.1475027687873511        1.8336920147969300E-002   3.9996652919928488E-002   5.3069981085682660E-004   6.9713690481501306E-002   1.2062070641596244E-003
 0.1000   1.1387572579130953        1.7116264809454711E-002   4.9906317027588895E-002   6.5222669796885806E-004   8.7732721271101710E-002   1.4379078426312193E-003
 0.1200   1.1347261243587894        1.6451071447309066E-002   5.9742075977712153E-002   7.6228344206051286E-004  0.10552484482660737        1.6714578638577649E-003
 0.1400   1.1313753295552285        1.5776193697834739E-002   6.9477567762258094E-002   8.5604933017128907E-004  0.12328056454358680        1.8793540149002023E-003
 0.1600   1.1290811398309961        1.5073329661230523E-002   7.9083221539923282E-002   9.2900145602780573E-004  0.14089384213516726        2.0549432755790245E-003
 0.1800   1.1547207032693065        1.0312384046128911E-002   8.8527769930526537E-002   9.7782286160400661E-004  0.15460162699593577        1.6233632267527184E-003
 0.2000   1.1540622367928528        8.5374601687541532E-003   9.7780050058290366E-002   1.0011241293731241E-003  0.17136648668296980        1.5416655199545818E-003
 0.2200   1.1548103097394571        7.5581947913409128E-003  0.10681075083927180        9.9975372873229709E-004  0.18772545680129973        1.5104517875797663E-003
 0.2400   1.1571993500451219        6.9301598078611998E-003  0.11559379482261692        9.7661686968648258E-004  0.20355402685731289        1.4917893969083594E-003
 0.2600   1.1397259829762594        1.1002510102842943E-002  0.12410716323122459        9.3608762699010290E-004  0.22289465128595562        2.3101121840614024E-003
 0.2800   1.1480707351781982        1.0123044705576938E-002  0.13233313299084357        8.8321173202974364E-004  0.23711534699157444        2.2354750245472382E-003
 0.3000   1.1583255535762238        9.2355336022786165E-003  0.14025803421447669        8.2292316819105465E-004  0.25044297940193605        2.1276980459951542E-003
 0.3200   1.1697774654959257        8.6349923952874826E-003  0.14787171513864356        7.5944783768688298E-004  0.26298397848887933        2.0553898189440149E-003
 0.3400   1.1841142997915068        7.8192224137779189E-003  0.15516691099683230        6.9597933013408706E-004  0.27432184164830570        1.9130870155831749E-003
 0.3600   1.2002352274537269        7.0465520984389915E-003  0.16213867198980841        6.3462334032831583E-004  0.28467097226199006        1.7617053240833735E-003
 0.3800   1.2180428765984681        5.9328042393299680E-003  0.16878394146845196        5.7654371164311618E-004  0.29404228031321639        1.5177088424065902E-003
 0.4000   1.2454614272334061        3.8736465878000956E-003  0.17510131271053889        5.2221476676572406E-004  0.30051033509807029        1.0365219962163573E-003


# triplet j3 / nf 4 / mode 2 / nplat  5 / jkb  20 / start     1 / nmeas 10000
 0.0010   1.1717437476216281        1.8638141601324799E-002   5.0130585851376112E-004   6.7553555717264108E-006   8.5454264981106706E-004   1.4761805470255410E-005
 0.0020   1.1717380035094460        1.8636855040616095E-002   1.0026106107106541E-003   1.3510649089626343E-005   1.7090927349893924E-003   2.9522118486374544E-005
 0.0030   1.1717284328974567        1.8634712109355332E-002   1.5039131497587906E-003   2.0265818326300003E-005   2.5636576843413514E-003   4.4279448972088776E-005
 0.0040   1.1717150402058711        1.8631714839050864E-002   2.0052123677967953E-003   2.7020800706891984E-005   3.4182449133827396E-003   5.9032311673069338E-005
 0.0050   1.1716978315755406        1.8627866047284579E-002   2.5065071554191843E-003   3.3775533138402824E-005   4.2728618178644760E-003   7.3779228485734767E-005
 0.0060   1.1716768149011778        1.8623169359165789E-002   3.0077964011625807E-003   4.0529951830687982E-005   5.1275157671511256E-003   8.8518730865559759E-005
 0.0070   1.1716519998150507        1.8617629184931962E-002   3.5090789909920888E-003   4.7283992130897796E-005   5.9822140977036573E-003   1.0324936212419038E-004
 0.0080   1.1716233976877941        1.8611250737734217E-002   4.0103538077888310E-003   5.4037588343948861E-005   6.8369641065305084E-003   1.1796967984739861E-004
 0.0090   1.1715910215788210        1.8604039998443726E-002   4.5116197308381293E-003   6.0790673568564130E-005   7.6917730449615127E-003   1.3267825808101945E-004
 0.0100   1.1715548862808625        1.8596003719843258E-002   5.0128756353188539E-003   6.7543179515706133E-005   8.5466481119475038E-003   1.4737368961978395E-004
 0.0200   1.1709912151916988        1.8472250869973009E-002   1.0024632246541158E-002   1.3502002648422667E-004   1.7100569873384566E-002   2.9331305552154766E-004
 0.0400   1.1688597697572061        1.8031995952718566E-002   2.0040007822761021E-002   2.6940729344988000E-004   3.4255595813038629E-002   5.7644541556015158E-004
 0.0600   1.1656986967308476        1.7461770503733636E-002   3.0035286240086084E-002   4.0200372590433323E-004   5.1501538123496789E-002   8.4496374751391059E-004
 0.0800   1.1412005380155188        1.8913811626911477E-002   3.9996652919928488E-002   5.3069981085682660E-004   7.0098681331693613E-002   1.2514106669492765E-003
 0.1000   1.1370045239047364        1.8207124683393833E-002   4.9906317027588895E-002   6.5222669796885806E-004   8.7867964465816226E-002   1.5196932381865830E-003
 0.1200   1.1330401994222801        1.7516045884009252E-002   5.9742075977712153E-002   7.6228344206051286E-004  0.10568186217462835        1.7674250018717313E-003
 0.1400   1.1297399519538529        1.6836820211701718E-002   6.9477567762258094E-002   8.5604933017128907E-004  0.12345902178376038        1.9909491703960095E-003
 0.1600   1.1274755358675215        1.6145755873129469E-002   7.9083221539923282E-002   9.2900145602780573E-004  0.14109448481358008        2.1838627258027933E-003
 0.1800   1.1265520151337096        1.5416123663906911E-002   8.8527769930526537E-002   9.7782286160400661E-004  0.15846733843899552        2.3384610986114940E-003
 0.2000   1.1272078152322424        1.4628885582944971E-002   9.7780050058290366E-002   1.0011241293731241E-003  0.17544909488755986        2.4477190182028352E-003
 0.2200   1.1296172461550795        1.3776506411340306E-002  0.10681075083927180        9.9975372873229709E-004  0.19191216640200653        2.5069227242420751E-003
 0.2400   1.1338958135020951        1.2862338324812806E-002  0.11559379482261692        9.7661686968648258E-004  0.20773741711845073        2.5145662547934873E-003
 0.2600   1.1401087894439994        1.1898223889008332E-002  0.12410716323122459        9.3608762699010290E-004  0.22281981148564275        2.4725329237348967E-003
 0.2800   1.1472225794067015        1.1050066745075054E-002  0.13233313299084357        8.8321173202974364E-004  0.23729064928571633        2.4188732356779799E-003
 0.3000   1.1576175492350007        1.0121942983122030E-002  0.14025803421447669        8.2292316819105465E-004  0.25059615150680142        2.3111917950375625E-003
 0.3200   1.1699005918738625        9.1930211820509897E-003  0.14787171513864356        7.5944783768688298E-004  0.26295630069732023        2.1738335685596503E-003
 0.3400   1.1840480096850434        8.2803784774217789E-003  0.15516691099683230        6.9597933013408706E-004  0.27433719982967958        2.0147553991311409E-003
 0.3600   1.2000234905715008        7.4015095969166538E-003  0.16213867198980841        6.3462334032831583E-004  0.28472120073218304        1.8423861218872302E-003
 0.3800   1.2177815216343892        6.5721202085824697E-003  0.16878394146845196        5.7654371164311618E-004  0.29410538638622180        1.6648147521076510E-003
 0.4000   1.2372823970217406        5.3931767148647060E-003  0.17510131271053889        5.2221476676572406E-004  0.30249685257831671        1.3935727770902561E-003


