# triplet j1 / nf 3 / mode 2 / nplat  5 / jkb  20 / start     1 / nmeas 10000
 0.0010   1.0387970391549657        3.6774478462109364E-002   5.1416604428452476E-004   5.1664154608788983E-006   9.7619367823930997E-004   3.4904538758085382E-005
 0.0020   1.0304618642902550        1.8510069154767252E-002   1.0286951425283019E-003   1.0355922782451710E-005   1.9685271833755512E-003   3.6722484958186874E-005
 0.0030   1.0278046182901928        1.6901280562198456E-002   1.5435835754568793E-003   1.5568711451810117E-005   2.9609435984013360E-003   5.0928175398509374E-005
 0.0040   1.0263841916659298        1.6543225071445750E-002   2.0588275787428480E-003   2.0804953901792387E-005   3.9540761379442645E-003   6.6789695191531552E-005
 0.0050   1.0254087425392227        1.6392673693657853E-002   2.5744233428570702E-003   2.6064805267915734E-005   4.9481512523489287E-003   8.2974749316780088E-005
 0.0060   1.0246206049788305        1.6297001794526481E-002   3.0903670129304173E-003   3.1348403158317804E-005   5.9433672593667362E-003   9.9221577048679338E-005
 0.0070   1.0239243112901319        1.6220959427663245E-002   3.6066546886264006E-003   3.6655867423215403E-005   6.9398238163862324E-003   1.1545812584566727E-004
 0.0080   1.0232789571717003        1.6153673654518454E-002   4.1232824240245254E-003   4.1987299963827265E-005   7.9375685581236245E-003   1.3166007148788465E-004
 0.0090   1.0226648305556256        1.6091048819040873E-002   4.6402462275151740E-003   4.7342784509844940E-005   8.9366231586155091E-003   1.4781828390570453E-004
 0.0100   1.0220715270569420        1.6031296747373341E-002   5.1575420617054613E-003   5.2722386450556080E-005   9.9369955934084861E-003   1.6392932984169489E-004
 0.0200   1.0166420300935757        1.5502891241411213E-002   1.0347841002289108E-002   1.0784581558442212E-004   2.0011830179643912E-002   3.2248885211260130E-004
 0.0400   1.0072597102596454        1.4634168008002272E-002   2.0808906537308887E-002   2.2486657240117756E-004   4.0506820968616138E-002   6.2789073092430468E-004
 0.0600  0.99970337240126794        1.3898219560086810E-002   3.1343117810375506E-002   3.4829483719798864E-004   6.1346609250692595E-002   9.1845130886703918E-004
 0.0800   1.0179469879184020        1.0426480587035953E-002   4.1903888141749640E-002   4.7265648695246003E-004   8.0438134606826972E-002   9.4053813959628254E-004
 0.1000  0.99051765785776136        1.2539105725913602E-002   5.2439749920259605E-002   5.9076714171199063E-004  0.10339108234043884        1.4325638235255401E-003
 0.1200  0.98904895056439390        1.1845977836520520E-002   6.2896762300043638E-002   6.9515370239064955E-004  0.12422299031222721        1.6385676489503221E-003
 0.1400  0.98971607048870458        1.1126385850916184E-002   7.3221326405839351E-002   7.7950480406007632E-004  0.14467290078634015        1.7995131461943923E-003
 0.1600  0.99252581515416849        1.0380277207454139E-002   8.3362910081072800E-002   8.3975664746490633E-004  0.16455823143037088        1.9102082011701249E-003
 0.1800  0.99632532748972791        1.0147935398925096E-002   9.3276217674279641E-002   8.7456349323764124E-004  0.18392278876714394        2.0622268715226886E-003
 0.2000   1.0035979320136381        9.3739452489988977E-003  0.10292251722777243        8.8512499108997879E-004  0.20217406236309146        2.0788722079343146E-003
 0.2200   1.0126930800699490        8.9749177223696283E-003  0.11227007830625428        8.7454286709942543E-004  0.21947270110714628        2.1246068396775898E-003
 0.2400   1.0242091473004995        7.8269035094385188E-003  0.12129388227103688        8.4697792015052896E-004  0.23558705154199577        1.9793337298620339E-003
 0.2600   1.0374421188552070        7.0816881607840814E-003  0.12997487996829774        8.0685962039731159E-004  0.25059217669084455        1.8791060543822265E-003
 0.2800   1.0525446361031370        6.3730687476067248E-003  0.13829908014180459        7.5830579298194088E-004  0.26440102649454994        1.7573831392268314E-003
 0.3000   1.0777709699279021        4.4614730607311281E-003  0.14625668675881401        7.0479869133367116E-004  0.27485713106400916        1.3164840711631623E-003
 0.3200   1.0951594597003631        4.1441388356953379E-003  0.15384140943886523        6.4908100701862117E-004  0.28651624659716091        1.2412920775006846E-003
 0.3400   1.1143212650778431        3.8470473912779069E-003  0.16104998406775090        5.9319735608833867E-004  0.29697807033528800        1.1620362836012284E-003
 0.3600   1.1351877080496944        3.5717610356250352E-003  0.16788187900587173        5.3860655144439380E-004  0.30626719360975796        1.0816514825675329E-003
 0.3800   1.1533926896614919        3.0083248997029854E-003  0.17433912967528772        4.8631012949904365E-004  0.31559276504652539        9.3343848247940233E-004
 0.4000   1.1781418613196142        2.6751017278088558E-003  0.18042623579398381        4.3696700169638535E-004  0.32247589021861300        8.2983671924359516E-004


# triplet j3 / nf 3 / mode 2 / nplat  5 / jkb  20 / start     1 / nmeas 10000
 0.0010   1.0283237359900184        1.8703762702485010E-002   5.1416604428452476E-004   5.1664154608788983E-006   9.8613604559122381E-004   1.8608108969765752E-005
 0.0020   1.0277180248874831        1.8636928284895458E-002   1.0286951425283019E-003   1.0355922782451710E-005   1.9737828296913437E-003   3.7146390322617496E-005
 0.0030   1.0271160327168005        1.8571096837574835E-002   1.5435835754568793E-003   1.5568711451810117E-005   2.9629286351260517E-003   5.5616956729637853E-005
 0.0040   1.0265177898630544        1.8506243358792418E-002   2.0588275787428480E-003   2.0804953901792387E-005   3.9535615268498064E-003   7.4021834190681512E-005
 0.0050   1.0259233264816854        1.8442343161363797E-002   2.5744233428570702E-003   2.6064805267915734E-005   4.9456693522754924E-003   9.2362962776224949E-005
 0.0060   1.0253326724966152        1.8379371876834544E-002   3.0903670129304173E-003   3.1348403158317804E-005   5.9392397416496269E-003   1.1064219741034457E-004
 0.0070   1.0247458575968120        1.8317305460326047E-002   3.6066546886264006E-003   3.6655867423215403E-005   6.9342601084843207E-003   1.2886130869632737E-004
 0.0080   1.0241629112348050        1.8256120194671523E-002   4.1232824240245254E-003   4.1987299963827265E-005   7.9307176500296520E-003   1.4702198378921763E-004
 0.0090   1.0235838626239784        1.8195792694208165E-002   4.6402462275151740E-003   4.7342784509844940E-005   8.9285993478019077E-003   1.6512582729599686E-004
 0.0100   1.0230087407359678        1.8136299908391520E-002   5.1575420617054613E-003   5.2722386450556080E-005   9.9278919681629572E-003   1.8317436222512395E-004
 0.0200   1.0174796881996908        1.7582454366735719E-002   1.0347841002289108E-002   1.0784581558442212E-004   1.9995355087352056E-002   3.6089649581744367E-004
 0.0400   1.0077142386196363        1.6639398523339014E-002   2.0808906537308887E-002   2.2486657240117756E-004   4.0488550413137508E-002   7.0343036486736679E-004
 0.0600  0.99982266906007122        1.5816018997245950E-002   3.1343117810375506E-002   3.4829483719798864E-004   6.1339289507163081E-002   1.0284280104164380E-003
 0.0800  0.99232960923335833        1.5210879733349936E-002   4.1903888141749640E-002   4.7265648695246003E-004   8.2514676650688359E-002   1.3477163454104395E-003
 0.1000  0.98888975698314996        1.4515140472910132E-002   5.2439749920259605E-002   5.9076714171199063E-004  0.10356128375286169        1.6281821704800207E-003
 0.1200  0.98753108193302264        1.3785759578681060E-002   6.2896762300043638E-002   6.9515370239064955E-004  0.12441392524454445        1.8679290999906936E-003
 0.1400  0.98830448144445926        1.3008784832445896E-002   7.3221326405839351E-002   7.7950480406007632E-004  0.14487953617612478        2.0570399318570790E-003
 0.1600  0.99122935891826291        1.2183084646735327E-002   8.3362910081072800E-002   8.3975664746490633E-004  0.16477346168297388        2.1886648227008132E-003
 0.1800  0.99629804005725309        1.1316293798383784E-002   9.3276217674279641E-002   8.7456349323764124E-004  0.18392782619618353        2.2600648381888798E-003
 0.2000   1.0034811819872194        1.0421823832979864E-002  0.10292251722777243        8.8512499108997879E-004  0.20219758430604939        2.2728282768815838E-003
 0.2200   1.0127332495518890        9.5164800842190249E-003  0.11227007830625428        8.7454286709942543E-004  0.21946399584867141        2.2323919973081035E-003
 0.2400   1.0239973844213732        8.6184255195419952E-003  0.12129388227103688        8.4697792015052896E-004  0.23563577099487562        2.1470899612406591E-003
 0.2600   1.0372093042036936        7.7454143065363995E-003  0.12997487996829774        8.0685962039731159E-004  0.25064842525133452        2.0269782373919364E-003
 0.2800   1.0523001526131432        6.9133318044948249E-003  0.13829908014180459        7.5830579298194088E-004  0.26446245543719032        1.8826580524399384E-003
 0.3000   1.0692418260306131        5.6673106174542093E-003  0.14625668675881401        7.0479869133367116E-004  0.27704961546273849        1.6130557853928599E-003
 0.3200   1.0878151494196973        4.9928742348545815E-003  0.15384140943886523        6.4908100701862117E-004  0.28845064162427908        1.4570828199972458E-003
 0.3400   1.1080588311508817        4.3883289921659409E-003  0.16104998406775090        5.9319735608833867E-004  0.29865650607439004        1.3044238134561686E-003
 0.3600   1.1299053183856920        3.6423583983528620E-003  0.16788187900587173        5.3860655144439380E-004  0.30769901504791053        1.1079208969070485E-003
 0.3800   1.1532210006198553        3.2138132929845110E-003  0.17433912967528772        4.8631012949904365E-004  0.31563974981297444        9.8364169087472196E-004
 0.4000   1.1779934724780308        2.8442116733889224E-003  0.18042623579398381        4.3696700169638535E-004  0.32251651168630879        8.7114937200897949E-004


