# triplet j1 / nf 0 / mode 2 / nplat  5 / jkb  20 / start     1 / nmeas 10000
 0.0010  0.17775373354554427        1.0790078770640307E-002   5.9822996370631296        5.8966980010018044E-002  0.61536153703640573        3.7476838197949232E-002
 0.0020  0.18558195221734491        9.1541578683644303E-003   3.1170954996842504        2.9553065271419630E-002  0.60168517472523464        2.9815926997539922E-002
 0.0030  0.19122246814764748        7.9322841491263670E-003   2.1404218100678594        1.9867182450597681E-002  0.59263376230901743        2.4736990568659203E-002
 0.0040  0.19640053090708207        7.1149180446196236E-003   1.6445895090797709        1.5020091172238641E-002  0.58402453706366197        2.1324635486950148E-002
 0.0050  0.20144348853732383        6.8616414504341422E-003   1.3434349202414455        1.2090893245831846E-002  0.57538042489672658        1.9769108309084849E-002
 0.0060  0.20649395008562463        6.9600514754783269E-003   1.1405844566986667        1.0118327941072021E-002  0.56656144280937326        1.9261071954015163E-002
 0.0070  0.21156750281675843        7.1383456428193003E-003  0.99440133504067196        8.6938415620219540E-003  0.55769391661508139        1.8974016013662946E-002
 0.0080  0.21662412475791565        7.2675992282979886E-003  0.88392021865603276        7.6139120368212757E-003  0.54898402159224602        1.8569204773834690E-002
 0.0090  0.22161632216084920        7.3215133770707722E-003  0.79741778733131452        6.7654587783149440E-003  0.54060177676392440        1.8006432817791868E-002
 0.0100  0.22650780773217055        7.3132830979654902E-003  0.72781670908535767        6.0804435226009170E-003  0.53265110460021570        1.7341098508543963E-002
 0.0200  0.26824431589871206        6.5970362938272895E-003  0.40981279688714867        2.9169769418673913E-003  0.47730086942310473        1.1860715866662683E-002
 0.0400  0.32581844311502917        5.5317393881793532E-003  0.25071173997424323        1.3212683398957843E-003  0.43466699512492490        7.4681210609591382E-003
 0.0600  0.36467479021519639        2.4916025463369912E-003  0.20185331210622118        8.2847013384539634E-004  0.42677878352932908        3.0446109464987575E-003
 0.0800  0.40852079625192123        2.3873826788149105E-003  0.18119826271236808        6.0477304857403452E-004  0.41679532239639649        2.5331047125629388E-003
 0.1000  0.45013416172964937        2.4669152768472002E-003  0.17181657496364619        4.8296796537213200E-004  0.41181821585257350        2.3299649047465901E-003
 0.1200  0.49042477512137905        2.5362175024161823E-003  0.16795520260831603        4.0880936703150008E-004  0.40938313724362846        2.1749477637562839E-003
 0.1400  0.53105575519512138        4.1936461263041708E-003  0.16711923059003242        3.5939486035166282E-004  0.40733535780800140        3.2463323325460118E-003
 0.1600  0.56974550794549927        4.1134728975918246E-003  0.16805473297115414        3.2363945850462681E-004  0.40702347094913255        2.9646652461017939E-003
 0.1800  0.60823215823309329        4.0179160510869496E-003  0.17006614569120887        2.9583076517191180E-004  0.40680923816143200        2.7105306041743981E-003
 0.2000  0.64659340320157155        3.9100473579067431E-003  0.17273973623221278        2.7292270104963825E-004  0.40653210827979702        2.4792492003298614E-003
 0.2200  0.68488981850493569        3.7943519356312726E-003  0.17581654988634232        2.5324249693016318E-004  0.40610235211397094        2.2687743621321939E-003
 0.2400  0.72317007525775223        3.6749825338973298E-003  0.17912829524271273        2.3583965744749892E-004  0.40547330622541505        2.0777380529686451E-003
 0.2600  0.76153326231275276        1.4027501933782508E-003  0.18256254592645912        2.2015093679003417E-004  0.40459325315756156        7.8417408824790042E-004
 0.2800  0.79986237400200544        1.3604925941937723E-003  0.18604271991659424        2.0582549669281974E-004  0.40353860264237401        7.2176839192729066E-004
 0.3000  0.83828100230177260        1.3220144088009465E-003  0.18951599825282167        1.9263234000562756E-004  0.40226193643515484        6.6651643990746790E-004
 0.3200  0.87677704367092191        1.4175961638801091E-003  0.19294573993719477        1.8041047419146993E-004  0.40079141818628133        6.7455690193825887E-004
 0.3400  0.91544798119824933        1.3793576870471940E-003  0.19630655840168607        1.6904150323092368E-004  0.39910593826195884        6.2542514815408599E-004
 0.3600  0.95427197657491458        1.3438379938104407E-003  0.19958103411665293        1.5843419247696416E-004  0.39724067584029810        5.8120333823955396E-004
 0.3800  0.99326604411224784        1.3107075056649176E-003  0.20275746620074600        1.4851547427649354E-004  0.39521155602618335        5.4123186062986846E-004
 0.4000   1.0324452725372324        1.2797159863605382E-003  0.20582830269760835        1.3922503569351732E-004  0.39303434259615228        5.0497559763208418E-004


# triplet j3 / nf 0 / mode 2 / nplat  5 / jkb  20 / start     1 / nmeas 10000
 0.0010  0.13223436895492705        1.5852555554869176E-002   5.9822996370631296        5.8966980010018044E-002  0.82718896420816057        9.9249050036917710E-002
 0.0020  0.15342813980002568        8.7198889120842504E-003   3.1170954996842504        2.9553065271419630E-002  0.72777985505970810        4.1506055591660415E-002
 0.0030  0.16777947767865212        1.1762024274234260E-002   2.1404218100678594        1.9867182450597681E-002  0.67543952516891026        4.7454705735713081E-002
 0.0040  0.17433893769787603        4.9930912945265046E-003   1.6445895090797709        1.5020091172238641E-002  0.65792949444743265        1.9081209899902578E-002
 0.0050  0.18187775028302861        4.8594013447594538E-003   1.3434349202414455        1.2090893245831846E-002  0.63727773104140795        1.7266569294258086E-002
 0.0060  0.18866687194568732        4.7651450703791618E-003   1.1405844566986667        1.0118327941072021E-002  0.62009566960752516        1.5901394628226481E-002
 0.0070  0.19760112537604735        7.6047780937261410E-003  0.99440133504067196        8.6938415620219540E-003  0.59711152479424423        2.3127901471865563E-002
 0.0080  0.20354039415276423        7.3804360998822359E-003  0.88392021865603276        7.6139120368212757E-003  0.58427313005125125        2.1334842487180455E-002
 0.0090  0.20904851434930155        7.1213092484113507E-003  0.79741778733131452        6.7654587783149440E-003  0.57310226716012835        1.9673716958519005E-002
 0.0100  0.21420542727552966        6.8540126096528148E-003  0.72781670908535767        6.0804435226009170E-003  0.56324265693755682        1.8175214888347280E-002
 0.0200  0.25502867790292361        5.3587360610566825E-003  0.40981279688714867        2.9169769418673913E-003  0.50203469762328823        1.0699137057567613E-002
 0.0400  0.31460658445008988        4.0745069774984375E-003  0.25071173997424323        1.3212683398957843E-003  0.45015753205749709        5.9494898570880044E-003
 0.0600  0.36377928659176645        2.5791627955362921E-003  0.20185331210622118        8.2847013384539634E-004  0.42782937096280882        3.1577805970499214E-003
 0.0800  0.40764755767280664        3.4548458393955147E-003  0.18119826271236808        6.0477304857403452E-004  0.41768815677810811        3.6079151184788328E-003
 0.1000  0.44941415634489684        3.1930224522660013E-003  0.17181657496364619        4.8296796537213200E-004  0.41247798886765735        2.9873866645141315E-003
 0.1200  0.49119337856489537        1.9867247447877185E-003  0.16795520260831603        4.0880936703150008E-004  0.40874254780831831        1.7264546525043146E-003
 0.1400  0.53072964930746602        1.8856154639508786E-003  0.16711923059003242        3.5939486035166282E-004  0.40758564429304084        1.5129668415610898E-003
 0.1600  0.56970626042836681        1.8028222719346518E-003  0.16805473297115414        3.2363945850462681E-004  0.40705151111958349        1.3464171349093315E-003
 0.1800  0.60833130603301688        1.7339374917505238E-003  0.17006614569120887        2.9583076517191180E-004  0.40674293507863440        1.2121198578929060E-003
 0.2000  0.64682037872595333        1.4968897230887351E-003  0.17273973623221278        2.7292270104963825E-004  0.40638945223263201        9.9376328557181657E-004
 0.2200  0.68507730011947099        1.4576094100879737E-003  0.17581654988634232        2.5324249693016318E-004  0.40599121615219319        9.1195394192116949E-004
 0.2400  0.72330768237687981        1.4233094110931287E-003  0.17912829524271273        2.3583965744749892E-004  0.40539616614393625        8.4118573991916656E-004
 0.2600  0.76157410780636514        1.5390474146982685E-003  0.18256254592645912        2.2015093679003417E-004  0.40457155361319930        8.5320366211331965E-004
 0.2800  0.79915258144544954        2.3566626199363044E-003  0.18604271991659424        2.0582549669281974E-004  0.40389701817288570        1.2118466847718399E-003
 0.3000  0.83764055038324758        2.2982218079706197E-003  0.18951599825282167        1.9263234000562756E-004  0.40256950204766206        1.1233129596982187E-003
 0.3200  0.87623278486789224        2.2431791615899147E-003  0.19294573993719477        1.8041047419146993E-004  0.40104036374195295        1.0436536719416940E-003
 0.3400  0.91495167440623570        2.1911961225768175E-003  0.19630655840168607        1.6904150323092368E-004  0.39932242946409902        9.7165989063348259E-004
 0.3600  0.95381659296850130        2.1420325482303455E-003  0.19958103411665293        1.5843419247696416E-004  0.39743033168494557        9.0636173061345966E-004
 0.3800  0.99284461834731763        2.0954988056215650E-003  0.20275746620074600        1.4851547427649354E-004  0.39537930869284416        8.4695818360406541E-004
 0.4000   1.0320510756505537        2.0514306545861001E-003  0.20582830269760835        1.3922503569351732E-004  0.39318446395919776        7.9277363774772831E-004


