# triplet j1 / nf 6 / mode 2 / nplat  5 / jkb  20 / start     1 / nmeas 10000
 0.0010   1.3592746467466597       0.28926177390293251        4.8796078562478193E-004   9.6177690140668877E-006   7.2677543923460033E-004   1.5482791719161412E-004
 0.0020   1.2796975146472107        7.9182055480326294E-002   9.7591829095744140E-004   1.9234905974373754E-005   1.5439363706894055E-003   9.6736045179004028E-005
 0.0030   1.2679347624876318        4.5444552806971308E-002   1.4638692360510251E-003   2.8850779047732842E-005   2.3373828774487749E-003   8.6883785640017968E-005
 0.0040   1.2638315820567876        3.7554452563160270E-002   1.9518103416491942E-003   3.8464756837809224E-005   3.1266163677638285E-003   9.7881601376393962E-005
 0.0050   1.2612920050702665        3.5290546939591709E-002   2.4397383295307706E-003   4.8076208605179346E-005   3.9161199142971068E-003   1.1616686153122475E-004
 0.0060   1.2596164198598692        3.4494383503711971E-002   2.9276499228540229E-003   5.7684504489310202E-005   4.7055661371446693E-003   1.3694608072187180E-004
 0.0070   1.2584901000583479        3.4170546181208336E-002   3.4155418464997980E-003   6.7289015716720269E-005   5.4947004283399841E-003   1.5870677124558592E-004
 0.0080   1.2186685287957288        5.1720055550120880E-002   3.9034108274140730E-003   7.6889114825705410E-005   6.4847991072153810E-003   2.8252739048521738E-004
 0.0090   1.2190237235649524        5.1914113720845492E-002   4.3912535949488431E-003   8.6484175874913409E-005   7.2932038769788132E-003   3.1878817774999671E-004
 0.0100   1.2192360360423287        5.2097434106365269E-002   4.8790668812020077E-003   9.6073574661356749E-005   8.1020625778071235E-003   3.5526874032254426E-004
 0.0200   1.2102093397678131        5.9237069916892954E-002   9.7548619688531939E-003   1.9152047008128218E-004   1.6322251285459676E-002   8.1484707959202888E-004
 0.0400   1.2101653576714306        5.6648750635366958E-002   1.9483750881681000E-002   3.7815250142901678E-004   3.2623951358867448E-002   1.5596228049222416E-003
 0.0600   1.2121101572743769        5.5451634959380255E-002   2.9161716514065052E-002   5.5561916490357000E-004   4.8803961332975029E-002   2.2805791376863341E-003
 0.0800   1.2150421938931777        5.4088860215971812E-002   3.8765626509979161E-002   7.2063025908492104E-004   6.4817464023612964E-002   2.9476406503652882E-003
 0.1000   1.2187621681291718        5.2430058654133631E-002   4.8274571584742236E-002   8.7089736453467310E-004   8.0622311819648754E-002   3.5437228467785969E-003
 0.1200   1.2231640119826908        5.0458903919792644E-002   5.7669827013197651E-002   1.0048267187740105E-003   9.6182320451146150E-002   4.0553004572116838E-003
 0.1400   1.2281696706524114        4.8187453286572222E-002   6.6934432268526675E-002   1.1210578641465832E-003  0.11146677582184189        4.4719269114514709E-003
 0.1600   1.2337222480342227        4.5644062545256818E-002   7.6052542549251381E-002   1.2180633554336737E-003  0.12644872698826373        4.7865630578666279E-003
 0.1800   1.2397872218153585        4.2872428590489606E-002   8.5008754255161786E-002   1.2939856789473360E-003  0.14110289377843910        4.9961879968626827E-003
 0.2000   1.2463535041466733        3.9932750149205311E-002   9.3787603655233379E-002   1.3467894621562631E-003  0.15540374352897959        5.1025762332952253E-003
 0.2200   1.2534330927220720        3.6903009578498347E-002  0.10237338591681355        1.3746880331639700E-003  0.16932407639667790        5.1131488990633980E-003
 0.2400   1.2610600684850528        3.3879829858229432E-002  0.11075035144668657        1.3767022661457413E-003  0.18283418544608576        5.0417848905504508E-003
 0.2600   1.3036679116437271        1.7106271872634981E-002  0.11890323005508577        1.3531607705886432E-003  0.19073549559252437        2.7279561455640102E-003
 0.2800   1.3074465201531893        1.6260382748518407E-002  0.12681794148076544        1.3059719324996326E-003  0.20382639798431124        2.7436042465209453E-003
 0.3000   1.3120697083850672        1.5408073976441025E-002  0.13448230315890536        1.2385796303562148E-003  0.21649670215492114        2.7308796319795202E-003
 0.3200   1.3142688349015343        1.4306507340081702E-002  0.14188655805705330        1.1556189799075277E-003  0.22928540141639739        2.6648308366329842E-003
 0.3400   1.3215878856098184        1.3371151243218603E-002  0.14902360916194288        1.0623729938397755E-003  0.24087179328566843        2.5838354314547461E-003
 0.3600   1.3302863452254137        1.2433961681725558E-002  0.15588893570268558        9.6416821844159668E-004  0.25184234869289257        2.4794222678681901E-003
 0.3800   1.3404704839810160        1.1482076298754557E-002  0.16248024706593300        8.6583537549404983E-004  0.26214997818021718        2.3516259315563941E-003
 0.4000   1.3503922811196118        1.0524188557292308E-002  0.16879698061930973        7.7131748018116901E-004  0.27212433676941411        2.2100389840829446E-003


# triplet j3 / nf 6 / mode 2 / nplat  5 / jkb  20 / start     1 / nmeas 10000
 0.0010   1.2920027583310003        2.2228207210508288E-002   4.8796078562478193E-004   9.6177690140668877E-006   7.6461712024973193E-004   1.5160173981936399E-005
 0.0020   1.2920056263125601        2.2227771896350789E-002   9.7591829095744140E-004   1.9234905974373754E-005   1.5292282758733833E-003   3.0319510978162908E-005
 0.0030   1.2920104057601363        2.2227046297687424E-002   1.4638692360510251E-003   2.8850779047732842E-005   2.2938275035153826E-003   4.5477174031802463E-005
 0.0040   1.2920170959274195        2.2226030333322881E-002   1.9518103416491942E-003   3.8464756837809224E-005   3.0584088422755565E-003   6.0632326303489943E-005
 0.0050   1.2920256957343745        2.2224723844238140E-002   2.4397383295307706E-003   4.8076208605179346E-005   3.8229663350401932E-003   7.5784131017912372E-005
 0.0060   1.2920362038112567        2.2223126657377985E-002   2.9276499228540229E-003   5.7684504489310202E-005   4.5874940296563556E-003   9.0931751602155866E-005
 0.0070   1.2920486184285633        2.2221238521463398E-002   3.4155418464997980E-003   6.7289015716720269E-005   5.3519859804211862E-003   1.0607435156611155E-004
 0.0080   1.2920629376652693        2.2219059193801165E-002   3.9034108274140730E-003   7.6889114825705410E-005   6.1164362486909934E-003   1.2121109478123768E-004
 0.0090   1.2920791592047551        2.2216588390815552E-002   4.3912535949488431E-003   8.6484175874913409E-005   6.8808389048740726E-003   1.3634114543871823E-004
 0.0100   1.2920972804241619        2.2213825742526689E-002   4.8790668812020077E-003   9.6073574661356749E-005   7.6451880294103325E-003   1.5146366784390511E-004
 0.0200   1.2923821859895182        2.2170044828899584E-002   9.7548619688531939E-003   1.9152047008128218E-004   1.5284442300306284E-002   3.0209130842069734E-004
 0.0400   1.2934989571095368        2.1992037353273135E-002   1.9483750881681000E-002   3.7815250142901678E-004   3.0522155080111042E-002   5.9751801192403501E-004
 0.0600   1.2952798007702733        2.1686200131349479E-002   2.9161716514065052E-002   5.5561916490357000E-004   4.5670269243561420E-002   8.7974887719943122E-004
 0.0800   1.2976079744806739        2.1242969138179028E-002   3.8765626509979161E-002   7.2063025908492104E-004   6.0693179480006174E-002   1.1425753378615845E-003
 0.1000   1.3003312854797096        2.0657745914118196E-002   4.8274571584742236E-002   8.7089736453467310E-004   7.5564915379738834E-002   1.3804752295157323E-003
 0.1200   1.3032799988035657        1.9939352472263826E-002   5.7669827013197651E-002   1.0048267187740105E-003   9.0269744853623587E-002   1.5892796937536041E-003
 0.1400   1.3062955781047429        1.9117497269753547E-002   6.6934432268526675E-002   1.1210578641465832E-003  0.10480025780108754        1.7670858752111196E-003
 0.1600   1.3092669933232910        1.8243922236413739E-002   7.6052542549251381E-002   1.2180633554336737E-003  0.11915263159964612        1.9149785973236503E-003
 0.1800   1.3121627211403146        1.7382765471476141E-002   8.5008754255161786E-002   1.2939856789473360E-003  0.13332002338524895        2.0368742022805670E-003
 0.2000   1.3150404145078429        1.6592061546980487E-002   9.3787603655233379E-002   1.3467894621562631E-003  0.14728672835301629        2.1381692120067070E-003
 0.2200   1.3180689169666706        1.4740577052033276E-002  0.10237338591681355        1.3746880331639700E-003  0.16102071600218390        2.1003723299020355E-003
 0.2400   1.3217162841627501        1.3662795641390847E-002  0.11075035144668657        1.3767022661457413E-003  0.17444355735247871        2.1041059018316729E-003
 0.2600   1.3257507799254562        1.2720110587024982E-002  0.11890323005508577        1.3531607705886432E-003  0.18755843781545342        2.0922255911059269E-003
 0.2800   1.3302272688123560        1.1907189029684576E-002  0.12681794148076544        1.3059719324996326E-003  0.20033577795911098        2.0687713057630009E-003
 0.3000   1.3104250864121552        1.6143281379225771E-002  0.13448230315890536        1.2385796303562148E-003  0.21676841187501039        2.8508681853150913E-003
 0.3200   1.3131172884633460        1.4923188094940894E-002  0.14188655805705330        1.1556189799075277E-003  0.22948647468658379        2.7704291414916244E-003
 0.3400   1.3205407460096463        1.3926936641047509E-002  0.14902360916194288        1.0623729938397755E-003  0.24106279564138980        2.6836211630518786E-003
 0.3600   1.3293458417549697        1.2961809505672023E-002  0.15588893570268558        9.6416821844159668E-004  0.25202052550400572        2.5779623633134354E-003
 0.3800   1.3396338352193935        1.1999930808298040E-002  0.16248024706593300        8.6583537549404983E-004  0.26231370012336136        2.4514496981953701E-003
 0.4000   1.3514851711807456        1.1027038099248775E-002  0.16879698061930973        7.7131748018116901E-004  0.27190428109334031        2.3038593718142605E-003


