# pion mass (\sigma_1)
"*"
    6  64  3.00  0.2350  0.7387115375448805E+00  0.2252616610812176E-02  10000
    6  64  3.00  0.2375  0.7219665279472920E+00  0.8262167913089487E-02  10000
    6  64  3.00  0.2400  0.6866957238446343E+00  0.1450592079164960E-01  10000
    6  64  3.00  0.2425  0.6679698970331386E+00  0.6722075277407071E-02  10000
    6  64  3.00  0.2450  0.6422457857631259E+00  0.1170184805025528E-01  10000
    6  64  3.00  0.2475  0.6202072694399342E+00  0.5908887095642518E-02  10000
    6  64  3.00  0.2500  0.5995781190637227E+00  0.6710986238078745E-02  10000
    6  64  3.00  0.2525  0.6243343525440891E+00  0.1728771431926593E-01  10000
    6  64  3.00  0.2550  0.5857624158513447E+00  0.3089415178686862E-01  10000
    6  64  3.00  0.2575  0.5889258803117072E+00  0.3700745155941080E-01  10000
    6  64  3.00  0.2590  0.5679812202476821E+00  0.2036607392114046E-01  10000
    6  64  3.00  0.2600  0.5543778279336389E+00  0.2807253560795141E-01  10000
    6  64  3.00  0.2605  0.6043814417785768E+00  0.8832709380038717E-01  10000
    6  64  3.00  0.2620  0.5644273754891763E+00  0.7442109821108925E-01  10000
    6  64  3.00  0.2625  0.5728484333423643E+00  0.9916224051669564E-01  10000
    6  64  3.00  0.2630  0.5755019085306615E+00  0.1224383944991514E+00  10000
    6  64  3.00  0.2635  0.5073272998878194E+00  0.3249437440686807E+00  10000
    6  64  3.00  0.2650  0.5526125978080412E+00  0.9716536311258762E+00  10000
    6  64  3.00  0.2675  0.5967516600705267E+00  0.8001205797868853E+02  10000
    6  64  3.00  0.2700                     NaN                     NaN  10000


# pseudoscalar mass (\sigma_3)
"*"
    6  64  3.00  0.2350  0.7385986051206751E+00  0.2230021758211479E-02  10000
    6  64  3.00  0.2375  0.7214425572587853E+00  0.7242881028290834E-02  10000
    6  64  3.00  0.2400  0.6880996624671754E+00  0.9461762337577844E-02  10000
    6  64  3.00  0.2425  0.6667092044187568E+00  0.5396132453564450E-02  10000
    6  64  3.00  0.2450  0.6419314898682787E+00  0.9646200230888325E-02  10000
    6  64  3.00  0.2475  0.6204123679696274E+00  0.3591622505354088E-02  10000
    6  64  3.00  0.2500  0.5999585632876138E+00  0.5565463474596269E-02  10000
    6  64  3.00  0.2525  0.5842276116950894E+00  0.7275980539142796E-02  10000
    6  64  3.00  0.2550  0.5681236292695553E+00  0.5823531203468426E-02  10000
    6  64  3.00  0.2575  0.5548838046428604E+00  0.1522469280294876E-01  10000
    6  64  3.00  0.2590  0.5645048437178254E+00  0.9739390012704224E-02  10000
    6  64  3.00  0.2600  0.5568611656422376E+00  0.1177621646168495E-01  10000
    6  64  3.00  0.2605  0.5570947428282828E+00  0.1227261017780342E-01  10000
    6  64  3.00  0.2620  0.5659924786311555E+00  0.2952036881423171E-01  10000
    6  64  3.00  0.2625  0.5611888697885961E+00  0.1814383499665559E-01  10000
    6  64  3.00  0.2630  0.5812856930684106E+00  0.2531377297573656E-01  10000
    6  64  3.00  0.2635  0.5618077209503065E+00  0.5213111278387830E-01  10000
    6  64  3.00  0.2650  0.5749109991352835E+00  0.3096390625247790E-01  10000
    6  64  3.00  0.2675  0.5808173047972014E+00  0.1664891434642872E-01  10000
    6  64  3.00  0.2700  0.6117870994734984E+00  0.2934053387370677E-01  10000


# eta mass (\sigma_1)
"*"
    6  64  3.00  0.2350                     NaN                     NaN  10000
    6  64  3.00  0.2375  0.6837619544156914E+00  0.1178826477126556E+03  10000
    6  64  3.00  0.2400                     NaN                     NaN  10000
    6  64  3.00  0.2425  0.6311238080426316E+00  0.6482551755393446E+00  10000
    6  64  3.00  0.2450                     NaN                     NaN  10000
    6  64  3.00  0.2475  0.5525641665605575E+00  0.1274138126017610E+03  10000
    6  64  3.00  0.2500  0.5417518689297327E+00  0.4946074036704228E+02  10000
    6  64  3.00  0.2525  0.5380345990824021E+00  0.5533419424002208E+02  10000
    6  64  3.00  0.2550  0.3739116904821386E-01  0.1006709657565230E+03  10000
    6  64  3.00  0.2575  0.4938944722799230E+00  0.5546074760108732E+02  10000
    6  64  3.00  0.2590  0.4857179496157998E+00  0.5871473311882364E+02  10000
    6  64  3.00  0.2600  0.4520694104744938E+00  0.1049432635789381E+03  10000
    6  64  3.00  0.2605  0.4753149380562947E+00  0.9726543115136012E+02  10000
    6  64  3.00  0.2620  0.4777644423965072E+00  0.1095742108410189E+03  10000
    6  64  3.00  0.2625  0.4253897434876595E+00  0.1342583641860801E+03  10000
    6  64  3.00  0.2630 -0.2543417418493491E+02  0.1614635679112709E+03  10000
    6  64  3.00  0.2635  0.1674020692235498E+00  0.1056086584823964E+03  10000
    6  64  3.00  0.2650  0.4701055346762715E+00  0.7387753035690353E+02  10000
    6  64  3.00  0.2675                     NaN                     NaN  10000
    6  64  3.00  0.2700  0.5108002554977392E+00  0.7449791857897159E+02  10000

