# pion mass (\sigma_1)
"*"
    6  64  3.00  0.2350  0.7393138060829865E+00  0.1792748484799903E-02  10000
    6  64  3.00  0.2375  0.7162357925019536E+00  0.2627920426456791E-02  10000
    6  64  3.00  0.2400  0.6883708531500924E+00  0.3035549760787817E-02  10000
    6  64  3.00  0.2425  0.6656360814022958E+00  0.3532352323156737E-02  10000
    6  64  3.00  0.2450  0.6389952935821401E+00  0.4221430960009519E-02  10000
    6  64  3.00  0.2475  0.6206856874406883E+00  0.4468527705507939E-02  10000
    6  64  3.00  0.2500  0.6002083362203552E+00  0.5550933952091142E-02  10000
    6  64  3.00  0.2525  0.5865617999811168E+00  0.9706289348876174E-02  10000
    6  64  3.00  0.2550  0.5701275831641425E+00  0.6610825399939670E-02  10000
    6  64  3.00  0.2575  0.5591884066990291E+00  0.2382582245603311E-01  10000
    6  64  3.00  0.2590  0.5711145280102735E+00  0.1656627927247050E-01  10000
    6  64  3.00  0.2600  0.5624888994957661E+00  0.2617443571254126E-01  10000
    6  64  3.00  0.2605  0.5605228137796664E+00  0.2453404165040040E-01  10000
    6  64  3.00  0.2620  0.5752224720287706E+00  0.6566501818510487E-01  10000
    6  64  3.00  0.2625  0.5902865604045497E+00  0.5461805128722036E-01  10000
    6  64  3.00  0.2630  0.6020776977681920E+00  0.7151235078305590E-01  10000
    6  64  3.00  0.2635  0.6163527599723903E+00  0.1838506550903229E+00  10000
    6  64  3.00  0.2650  0.6436837319725383E+00  0.2089967330409305E+00  10000
    6  64  3.00  0.2675  0.1637611017897552E+01  0.5013336212690778E+02  10000
    6  64  3.00  0.2700                     NaN                     NaN  10000


# pseudoscalar mass (\sigma_3)
"*"
    6  64  3.00  0.2350  0.7391865835959814E+00  0.1639896669964638E-02  10000
    6  64  3.00  0.2375  0.7163878617569664E+00  0.2433547559718772E-02  10000
    6  64  3.00  0.2400  0.6886754888949260E+00  0.2609272080894964E-02  10000
    6  64  3.00  0.2425  0.6650355029974209E+00  0.2991351118339230E-02  10000
    6  64  3.00  0.2450  0.6391152040444331E+00  0.3994232074624394E-02  10000
    6  64  3.00  0.2475  0.6209500066471225E+00  0.2965228475017341E-02  10000
    6  64  3.00  0.2500  0.6013841002735142E+00  0.4304972321693922E-02  10000
    6  64  3.00  0.2525  0.5855356031130924E+00  0.6365948500564110E-02  10000
    6  64  3.00  0.2550  0.5688176172776475E+00  0.5211835634036248E-02  10000
    6  64  3.00  0.2575  0.5592305499052471E+00  0.1068542078687418E-01  10000
    6  64  3.00  0.2590  0.5652260970130462E+00  0.8955479572005461E-02  10000
    6  64  3.00  0.2600  0.5595791412146496E+00  0.1039221921609151E-01  10000
    6  64  3.00  0.2605  0.5599017227208083E+00  0.7489636284371694E-02  10000
    6  64  3.00  0.2620  0.5712680646521051E+00  0.1234104199542166E-01  10000
    6  64  3.00  0.2625  0.5650630245012308E+00  0.1657832407773817E-01  10000
    6  64  3.00  0.2630  0.5755863921314922E+00  0.1016042277345895E-01  10000
    6  64  3.00  0.2635  0.5843887267075619E+00  0.2836742380621114E-01  10000
    6  64  3.00  0.2650  0.5768461936847321E+00  0.2954377049995413E-01  10000
    6  64  3.00  0.2675  0.5850645042196121E+00  0.1627091244728897E-01  10000
    6  64  3.00  0.2700  0.6027839752371966E+00  0.1548638839521977E-01  10000


# eta mass (\sigma_1)
"*"
    6  64  3.00  0.2350                     NaN                     NaN  10000
    6  64  3.00  0.2375  0.7478427416502330E+00  0.6858922743065096E+02  10000
    6  64  3.00  0.2400                     NaN                     NaN  10000
    6  64  3.00  0.2425  0.6895311771202163E+00  0.5246230836853281E+00  10000
    6  64  3.00  0.2450                     NaN                     NaN  10000
    6  64  3.00  0.2475  0.6343964364576299E+00  0.7050327840434251E+02  10000
    6  64  3.00  0.2500  0.5966709872230374E+00  0.4909554413614209E+00  10000
    6  64  3.00  0.2525  0.5768419417915239E+00  0.4094595131020763E+00  10000
    6  64  3.00  0.2550  0.5651163261527395E+00  0.4321481544729055E+02  10000
    6  64  3.00  0.2575  0.5476782817918708E+00  0.2204994988984752E+00  10000
    6  64  3.00  0.2590  0.5454839733732834E+00  0.2503429124837862E+02  10000
    6  64  3.00  0.2600  0.5432349226017780E+00  0.4951512672375007E+02  10000
    6  64  3.00  0.2605  0.5321539166837445E+00  0.7943911091960284E+02  10000
    6  64  3.00  0.2620  0.5438856005811176E+00  0.6904647022026440E+02  10000
    6  64  3.00  0.2625  0.5377357410002657E+00  0.3433536636681555E+02  10000
    6  64  3.00  0.2630  0.5404829354923119E+00  0.2771802904495155E+00  10000
    6  64  3.00  0.2635  0.5517485633195962E+00  0.4049724577726468E+02  10000
    6  64  3.00  0.2650  0.5415304045861259E+00  0.5223231857497049E+00  10000
    6  64  3.00  0.2675                     NaN                     NaN  10000
    6  64  3.00  0.2700  0.5579714122402608E+00  0.4993605928355369E+02  10000

