# fermion mass from PCAC relation
"m"
    6  64  3.00  0.2350  0.2424007379998845E+00  0.8833274007479254E-02  10000
    6  64  3.00  0.2375  0.2244560325899794E+00  0.1010906618687853E-01  10000
    6  64  3.00  0.2400  0.2062958161270269E+00  0.1750423514540778E-01  10000
    6  64  3.00  0.2425  0.1883011706397564E+00  0.9295473557863788E-02  10000
    6  64  3.00  0.2450  0.1706183262111448E+00  0.9974273795684796E-02  10000
    6  64  3.00  0.2475  0.1528155503920456E+00  0.1637226742424772E-01  10000
    6  64  3.00  0.2500  0.1353302189166865E+00  0.1215357425293426E-01  10000
    6  64  3.00  0.2525  0.1179668458056813E+00  0.1084304884338842E-01  10000
    6  64  3.00  0.2550  0.1003838893545241E+00  0.1059246696929107E-01  10000
    6  64  3.00  0.2575  0.8311695523807174E-01  0.1389907570558929E-01  10000
    6  64  3.00  0.2590  0.7333204517808749E-01  0.9791862281535583E-02  10000
    6  64  3.00  0.2600  0.6665628042877006E-01  0.1268283177542273E-01  10000
    6  64  3.00  0.2605  0.6324856537733187E-01  0.9832519029497992E-02  10000
    6  64  3.00  0.2620  0.5297502331483718E-01  0.2278633635880980E-01  10000
    6  64  3.00  0.2625  0.4973661123443811E-01  0.1145167551540380E-01  10000
    6  64  3.00  0.2630  0.4665998520148715E-01  0.1676245261186334E-01  10000
    6  64  3.00  0.2635  0.4255962176074925E-01  0.2198463584339366E-01  10000
    6  64  3.00  0.2650  0.3128060280181298E-01  0.1047801717298559E-01  10000
    6  64  3.00  0.2675  0.1251623944873943E-01  0.7408622140186900E-02  10000
    6  64  3.00  0.2700 -0.8041580347331052E-02  0.5317916794216154E-02  10000

