#  Re(op_pbp_e)                                                    
   6  64  3.00  0.2350    NaN  0.500  0.506
#  Re(op_pbp_e)                                                    
   6  64  3.00  0.2375  1.750  0.518  0.365
#  Re(op_pbp_e)                                                    
   6  64  3.00  0.2400    NaN  0.503  0.685
#  Re(op_pbp_e)                                                    
   6  64  3.00  0.2425    NaN  0.500  0.599
#  Re(op_pbp_e)                                                    
   6  64  3.00  0.2450    NaN  0.509  0.525
#  Re(op_pbp_e)                                                    
   6  64  3.00  0.2475    NaN  0.511  0.569
#  Re(op_pbp_e)                                                    
   6  64  3.00  0.2500    NaN  0.513  0.433
#  Re(op_pbp_e)                                                    
   6  64  3.00  0.2525    NaN  0.505  0.359
#  Re(op_pbp_e)                                                    
   6  64  3.00  0.2550    NaN  0.500  0.599
#  Re(op_pbp_e)                                                    
   6  64  3.00  0.2575    NaN  0.524  0.596
#  Re(op_pbp_e)                                                    
   6  64  3.00  0.2590  1.052  0.547  0.483
#  Re(op_pbp_e)                                                    
   6  64  3.00  0.2600  0.478  0.554  0.678
#  Re(op_pbp_e)                                                    
   6  64  3.00  0.2605  0.980  0.566  0.544
#  Re(op_pbp_e)                                                    
   6  64  3.00  0.2620  0.670  0.558  0.484
#  Re(op_pbp_e)                                                    
   6  64  3.00  0.2625  0.428  0.555  0.541
#  Re(op_pbp_e)                                                    
   6  64  3.00  0.2630  0.667  0.567  0.739
#  Re(op_pbp_e)                                                    
   6  64  3.00  0.2635    NaN  0.544  0.390
#  Re(op_pbp_e)                                                    
   6  64  3.00  0.2650  1.720  0.569  0.567
#  Re(op_pbp_e)                                                    
   6  64  3.00  0.2675  0.882  0.552  0.595
#  Re(op_pbp_e)                                                    
   6  64  3.00  0.2700    NaN  0.529  0.805
