#-----------------------------------------------------------
#beta =   3.00   kappa =   0.2350
#  Re(op_pbp_e)                                                    
#
#    -7  0.18494E+01  jk failed  0.000E+00  jk failed     1
     -6  0.18522E+01  0.330E-02  0.114E-01  0.494E-04    13
     -5  0.18435E+01  0.247E-02  0.144E-01  0.598E-04    46
     -4  0.18395E+01  0.102E-02  0.148E-01  0.221E-04   192
     -3  0.18342E+01  0.702E-03  0.149E-01  0.143E-04   543
     -2  0.18315E+01  0.419E-03  0.163E-01  0.140E-04  1164
     -1  0.18290E+01  0.393E-03  0.167E-01  0.829E-05  1917
      0  0.18290E+01  0.459E-03  0.176E-01  0.766E-05  2171
      1  0.18292E+01  0.355E-03  0.174E-01  0.105E-04  1881
      2  0.18310E+01  0.439E-03  0.167E-01  0.139E-04  1211
      3  0.18354E+01  0.731E-03  0.156E-01  0.161E-04   584
      4  0.18395E+01  0.924E-03  0.146E-01  0.209E-04   213
      5  0.18477E+01  0.175E-02  0.129E-01  0.457E-04    53
#     6  0.18504E+01  jk failed  0.848E-02  jk failed     8
#     7  0.18501E+01  jk failed  0.358E-02  jk failed     3
&-----------------------------------------------------------
#beta =   3.00   kappa =   0.2375
#  Re(op_pbp_e)                                                    
#
#    -7  0.18472E+01  jk failed  0.000E+00  jk failed     1
     -6  0.18368E+01  0.463E-02  0.160E-01  0.807E-04    13
     -5  0.18338E+01  0.260E-02  0.147E-01  0.547E-04    45
     -4  0.18282E+01  0.140E-02  0.159E-01  0.307E-04   161
     -3  0.18232E+01  0.724E-03  0.170E-01  0.153E-04   528
     -2  0.18182E+01  0.590E-03  0.186E-01  0.143E-04  1143
     -1  0.18157E+01  0.400E-03  0.191E-01  0.113E-04  1910
      0  0.18149E+01  0.444E-03  0.199E-01  0.102E-04  2304
      1  0.18154E+01  0.454E-03  0.192E-01  0.986E-05  1973
      2  0.18180E+01  0.542E-03  0.183E-01  0.127E-04  1161
      3  0.18226E+01  0.774E-03  0.167E-01  0.174E-04   521
      4  0.18260E+01  0.108E-02  0.162E-01  0.281E-04   193
      5  0.18351E+01  0.257E-02  0.143E-01  0.454E-04    40
#     6  0.18495E+01  jk failed  0.767E-02  jk failed     7
&-----------------------------------------------------------
#beta =   3.00   kappa =   0.2400
#  Re(op_pbp_e)                                                    
#
#    -6  0.18341E+01  jk failed  0.176E-01  jk failed     9
     -5  0.18182E+01  0.324E-02  0.173E-01  0.792E-04    42
     -4  0.18152E+01  0.119E-02  0.166E-01  0.359E-04   190
     -3  0.18093E+01  0.932E-03  0.194E-01  0.248E-04   473
     -2  0.18051E+01  0.687E-03  0.195E-01  0.150E-04  1100
     -1  0.18014E+01  0.452E-03  0.209E-01  0.162E-04  1906
      0  0.17991E+01  0.412E-03  0.217E-01  0.139E-04  2409
      1  0.18012E+01  0.546E-03  0.210E-01  0.161E-04  1943
      2  0.18046E+01  0.719E-03  0.202E-01  0.169E-04  1180
      3  0.18095E+01  0.736E-03  0.192E-01  0.174E-04   514
      4  0.18165E+01  0.109E-02  0.165E-01  0.269E-04   171
      5  0.18215E+01  0.195E-02  0.146E-01  0.664E-04    50
      6  0.18320E+01  0.490E-02  0.155E-01  0.800E-04    11
#     7  0.18376E+01  jk failed  0.000E+00  jk failed     1
#     8  0.18532E+01  jk failed  0.000E+00  jk failed     1
&-----------------------------------------------------------
#beta =   3.00   kappa =   0.2425
#  Re(op_pbp_e)                                                    
#
#    -7  0.18447E+01  jk failed  0.000E+00  jk failed     1
#    -6  0.18400E+01  jk failed  0.000E+00  jk failed     1
     -5  0.18168E+01  0.325E-02  0.154E-01  0.585E-04    38
     -4  0.18045E+01  0.159E-02  0.192E-01  0.320E-04   154
     -3  0.17956E+01  0.113E-02  0.210E-01  0.290E-04   478
     -2  0.17900E+01  0.696E-03  0.222E-01  0.227E-04  1133
     -1  0.17838E+01  0.579E-03  0.235E-01  0.191E-04  1943
      0  0.17825E+01  0.451E-03  0.240E-01  0.194E-04  2445
      1  0.17845E+01  0.467E-03  0.231E-01  0.151E-04  1975
      2  0.17908E+01  0.756E-03  0.225E-01  0.178E-04  1164
      3  0.17956E+01  0.878E-03  0.209E-01  0.293E-04   489
      4  0.18042E+01  0.162E-02  0.181E-01  0.380E-04   142
      5  0.18121E+01  0.549E-02  0.222E-01  0.132E-03    28
#     6  0.18218E+01  jk failed  0.117E-01  jk failed     9
&-----------------------------------------------------------
#beta =   3.00   kappa =   0.2450
#  Re(op_pbp_e)                                                    
#
#    -6  0.17884E+01  jk failed  0.000E+00  jk failed     1
     -5  0.18038E+01  0.371E-02  0.174E-01  0.797E-04    23
     -4  0.17897E+01  0.178E-02  0.188E-01  0.435E-04   124
     -3  0.17824E+01  0.831E-03  0.209E-01  0.302E-04   403
     -2  0.17740E+01  0.716E-03  0.238E-01  0.245E-04  1154
     -1  0.17671E+01  0.681E-03  0.257E-01  0.252E-04  1991
      0  0.17643E+01  0.490E-03  0.268E-01  0.178E-04  2498
      1  0.17661E+01  0.653E-03  0.254E-01  0.193E-04  2050
      2  0.17734E+01  0.840E-03  0.246E-01  0.260E-04  1138
      3  0.17810E+01  0.127E-02  0.225E-01  0.326E-04   434
      4  0.17884E+01  0.228E-02  0.204E-01  0.397E-04   140
      5  0.18015E+01  0.285E-02  0.181E-01  0.640E-04    37
#     6  0.18062E+01  jk failed  0.928E-02  jk failed     6
#     7  0.18535E+01  jk failed  0.000E+00  jk failed     1
&-----------------------------------------------------------
#beta =   3.00   kappa =   0.2475
#  Re(op_pbp_e)                                                    
#
#    -6  0.17931E+01  jk failed  0.747E-02  jk failed     3
     -5  0.17908E+01  0.381E-02  0.199E-01  0.918E-04    28
     -4  0.17774E+01  0.211E-02  0.231E-01  0.100E-03    76
     -3  0.17648E+01  0.878E-03  0.225E-01  0.297E-04   431
     -2  0.17545E+01  0.766E-03  0.253E-01  0.264E-04  1108
     -1  0.17465E+01  0.666E-03  0.277E-01  0.240E-04  2056
      0  0.17428E+01  0.709E-03  0.291E-01  0.210E-04  2571
      1  0.17469E+01  0.597E-03  0.290E-01  0.345E-04  2103
      2  0.17539E+01  0.738E-03  0.259E-01  0.249E-04  1095
      3  0.17652E+01  0.969E-03  0.225E-01  0.399E-04   417
      4  0.17772E+01  0.245E-02  0.223E-01  0.765E-04    85
      5  0.17853E+01  0.367E-02  0.164E-01  0.584E-04    21
#     6  0.17848E+01  jk failed  0.152E-01  jk failed     4
#     7  0.18273E+01  jk failed  0.260E-01  jk failed     2
&-----------------------------------------------------------
#beta =   3.00   kappa =   0.2500
#  Re(op_pbp_e)                                                    
#
#    -7  0.18067E+01  jk failed  0.000E+00  jk failed     1
#    -6  0.18141E+01  jk failed  0.000E+00  jk failed     1
#    -5  0.17801E+01  jk failed  0.209E-01  jk failed     9
     -4  0.17607E+01  0.216E-02  0.227E-01  0.906E-04    90
     -3  0.17499E+01  0.125E-02  0.247E-01  0.513E-04   323
     -2  0.17349E+01  0.974E-03  0.278E-01  0.345E-04  1006
     -1  0.17241E+01  0.693E-03  0.313E-01  0.291E-04  2100
      0  0.17195E+01  0.499E-03  0.330E-01  0.259E-04  2708
      1  0.17260E+01  0.625E-03  0.311E-01  0.293E-04  2255
      2  0.17362E+01  0.925E-03  0.278E-01  0.364E-04  1057
      3  0.17492E+01  0.160E-02  0.258E-01  0.589E-04   341
      4  0.17634E+01  0.230E-02  0.210E-01  0.646E-04    84
      5  0.17720E+01  0.429E-02  0.183E-01  0.837E-04    25
&-----------------------------------------------------------
#beta =   3.00   kappa =   0.2525
#  Re(op_pbp_e)                                                    
#
#    -7  0.17943E+01  jk failed  0.343E-01  jk failed     2
#    -6  0.18435E+01  jk failed  0.512E-01  jk failed     2
     -5  0.17599E+01  0.650E-02  0.225E-01  0.219E-03    13
     -4  0.17487E+01  0.378E-02  0.249E-01  0.872E-04    72
     -3  0.17326E+01  0.155E-02  0.271E-01  0.530E-04   276
     -2  0.17138E+01  0.879E-03  0.282E-01  0.509E-04   898
     -1  0.17012E+01  0.697E-03  0.318E-01  0.284E-04  2163
      0  0.16937E+01  0.508E-03  0.359E-01  0.262E-04  3025
      1  0.16993E+01  0.662E-03  0.330E-01  0.332E-04  2200
      2  0.17177E+01  0.901E-03  0.300E-01  0.416E-04   973
      3  0.17320E+01  0.140E-02  0.263E-01  0.541E-04   306
      4  0.17446E+01  0.320E-02  0.233E-01  0.105E-03    58
      5  0.17704E+01  0.943E-02  0.283E-01  0.350E-03    10
#     6  0.17944E+01  jk failed  0.152E-01  jk failed     2
&-----------------------------------------------------------
#beta =   3.00   kappa =   0.2550
#  Re(op_pbp_e)                                                    
#
#    -5  0.17733E+01  jk failed  0.234E-01  jk failed     7
     -4  0.17448E+01  0.747E-02  0.340E-01  0.259E-03    33
     -3  0.17144E+01  0.196E-02  0.285E-01  0.866E-04   216
     -2  0.16951E+01  0.943E-03  0.315E-01  0.489E-04   823
     -1  0.16759E+01  0.631E-03  0.345E-01  0.319E-04  2190
      0  0.16629E+01  0.712E-03  0.392E-01  0.424E-04  3290
      1  0.16748E+01  0.705E-03  0.343E-01  0.503E-04  2236
      2  0.16928E+01  0.122E-02  0.305E-01  0.425E-04   910
      3  0.17121E+01  0.168E-02  0.283E-01  0.725E-04   243
      4  0.17374E+01  0.442E-02  0.267E-01  0.119E-03    42
      5  0.17639E+01  0.171E-01  0.514E-01  0.107E-02    10
&-----------------------------------------------------------
#beta =   3.00   kappa =   0.2575
#  Re(op_pbp_e)                                                    
#
#    -6  0.17732E+01  jk failed  0.000E+00  jk failed     1
#    -5  0.18359E+01  jk failed  0.000E+00  jk failed     1
     -4  0.17231E+01  0.499E-02  0.239E-01  0.146E-03    24
     -3  0.16941E+01  0.185E-02  0.305E-01  0.103E-03   165
     -2  0.16716E+01  0.160E-02  0.328E-01  0.659E-04   712
     -1  0.16471E+01  0.887E-03  0.349E-01  0.477E-04  2246
      0  0.16299E+01  0.576E-03  0.402E-01  0.397E-04  3680
      1  0.16493E+01  0.762E-03  0.363E-01  0.437E-04  2215
      2  0.16704E+01  0.125E-02  0.326E-01  0.549E-04   755
      3  0.16974E+01  0.230E-02  0.322E-01  0.105E-03   167
      4  0.17170E+01  0.629E-02  0.282E-01  0.300E-03    29
#     5  0.17694E+01  jk failed  0.219E-01  jk failed     3
#     6  0.18404E+01  jk failed  0.549E-01  jk failed     2
&-----------------------------------------------------------
#beta =   3.00   kappa =   0.2590
#  Re(op_pbp_e)                                                    
#
#    -5  0.17260E+01  jk failed  0.000E+00  jk failed     1
     -4  0.17053E+01  0.530E-02  0.254E-01  0.182E-03    24
     -3  0.16831E+01  0.328E-02  0.340E-01  0.148E-03   128
     -2  0.16560E+01  0.110E-02  0.347E-01  0.902E-04   663
     -1  0.16292E+01  0.763E-03  0.357E-01  0.608E-04  2177
      0  0.16094E+01  0.691E-03  0.421E-01  0.518E-04  3932
      1  0.16305E+01  0.658E-03  0.363E-01  0.564E-04  2263
      2  0.16545E+01  0.170E-02  0.338E-01  0.902E-04   671
      3  0.16773E+01  0.296E-02  0.324E-01  0.180E-03   126
      4  0.17096E+01  0.123E-01  0.409E-01  0.461E-03    12
#     5  0.17640E+01  jk failed  0.471E-01  jk failed     3
&-----------------------------------------------------------
#beta =   3.00   kappa =   0.2600
#  Re(op_pbp_e)                                                    
#
#    -5  0.17231E+01  jk failed  0.000E+00  jk failed     1
     -4  0.17018E+01  0.831E-02  0.263E-01  0.293E-03    11
     -3  0.16742E+01  0.410E-02  0.338E-01  0.209E-03   103
     -2  0.16481E+01  0.147E-02  0.363E-01  0.947E-04   562
     -1  0.16196E+01  0.724E-03  0.366E-01  0.486E-04  2200
      0  0.15935E+01  0.584E-03  0.400E-01  0.432E-04  4114
      1  0.16172E+01  0.100E-02  0.366E-01  0.878E-04  2263
      2  0.16485E+01  0.111E-02  0.355E-01  0.116E-03   613
      3  0.16813E+01  0.274E-02  0.344E-01  0.193E-03   116
      4  0.17081E+01  0.852E-02  0.330E-01  0.589E-03    16
#     5  0.17660E+01  jk failed  0.000E+00  jk failed     1
&-----------------------------------------------------------
#beta =   3.00   kappa =   0.2605
#  Re(op_pbp_e)                                                    
#
#    -5  0.16837E+01  jk failed  0.000E+00  jk failed     1
     -4  0.17211E+01  0.625E-02  0.217E-01  0.215E-03    13
     -3  0.16726E+01  0.402E-02  0.416E-01  0.338E-03   103
     -2  0.16430E+01  0.165E-02  0.374E-01  0.112E-03   562
     -1  0.16110E+01  0.834E-03  0.352E-01  0.571E-04  2117
      0  0.15861E+01  0.526E-03  0.391E-01  0.369E-04  4332
      1  0.16121E+01  0.871E-03  0.351E-01  0.459E-04  2208
      2  0.16416E+01  0.149E-02  0.338E-01  0.704E-04   548
      3  0.16702E+01  0.375E-02  0.385E-01  0.229E-03   103
      4  0.16994E+01  0.126E-01  0.399E-01  0.690E-03    11
#     5  0.17224E+01  jk failed  0.156E-02  jk failed     2
&-----------------------------------------------------------
#beta =   3.00   kappa =   0.2620
#  Re(op_pbp_e)                                                    
#
#    -5  0.17199E+01  jk failed  0.453E-01  jk failed     2
     -4  0.17161E+01  0.120E-01  0.360E-01  0.498E-03    10
     -3  0.16612E+01  0.527E-02  0.318E-01  0.239E-03    60
     -2  0.16263E+01  0.151E-02  0.354E-01  0.122E-03   440
     -1  0.15943E+01  0.920E-03  0.356E-01  0.727E-04  2078
      0  0.15639E+01  0.460E-03  0.382E-01  0.376E-04  4705
      1  0.15930E+01  0.763E-03  0.346E-01  0.520E-04  2137
      2  0.16281E+01  0.160E-02  0.350E-01  0.885E-04   494
      3  0.16601E+01  0.454E-02  0.398E-01  0.264E-03    67
#     4  0.17058E+01  jk failed  0.377E-01  jk failed     7
&-----------------------------------------------------------
#beta =   3.00   kappa =   0.2625
#  Re(op_pbp_e)                                                    
#
#    -5  0.17265E+01  jk failed  0.000E+00  jk failed     1
#    -4  0.16832E+01  jk failed  0.366E-01  jk failed     8
     -3  0.16547E+01  0.507E-02  0.415E-01  0.364E-03    72
     -2  0.16221E+01  0.189E-02  0.353E-01  0.839E-04   444
     -1  0.15876E+01  0.776E-03  0.338E-01  0.484E-04  2090
      0  0.15562E+01  0.585E-03  0.368E-01  0.480E-04  4763
      1  0.15872E+01  0.781E-03  0.349E-01  0.510E-04  2120
      2  0.16238E+01  0.209E-02  0.396E-01  0.986E-04   421
      3  0.16515E+01  0.615E-02  0.439E-01  0.504E-03    72
#     4  0.16975E+01  jk failed  0.237E-01  jk failed     8
#     5  0.17041E+01  jk failed  0.000E+00  jk failed     1
&-----------------------------------------------------------
#beta =   3.00   kappa =   0.2630
#  Re(op_pbp_e)                                                    
#
#    -4  0.16823E+01  jk failed  0.220E-01  jk failed     2
     -3  0.16464E+01  0.576E-02  0.368E-01  0.279E-03    60
     -2  0.16164E+01  0.214E-02  0.373E-01  0.137E-03   363
     -1  0.15808E+01  0.699E-03  0.339E-01  0.534E-04  2039
      0  0.15478E+01  0.572E-03  0.352E-01  0.387E-04  5010
      1  0.15818E+01  0.790E-03  0.342E-01  0.569E-04  2048
      2  0.16137E+01  0.232E-02  0.365E-01  0.152E-03   427
      3  0.16468E+01  0.622E-02  0.397E-01  0.386E-03    45
#     4  0.16613E+01  jk failed  0.207E-01  jk failed     6
&-----------------------------------------------------------
#beta =   3.00   kappa =   0.2635
#  Re(op_pbp_e)                                                    
#
#    -4  0.16692E+01  jk failed  0.249E-01  jk failed     4
     -3  0.16447E+01  0.605E-02  0.503E-01  0.523E-03    52
     -2  0.16094E+01  0.202E-02  0.340E-01  0.130E-03   378
     -1  0.15743E+01  0.663E-03  0.347E-01  0.499E-04  1939
      0  0.15413E+01  0.451E-03  0.357E-01  0.493E-04  5130
      1  0.15750E+01  0.566E-03  0.344E-01  0.433E-04  2068
      2  0.16101E+01  0.180E-02  0.366E-01  0.998E-04   371
      3  0.16318E+01  0.328E-02  0.300E-01  0.183E-03    53
#     4  0.16707E+01  jk failed  0.140E-01  jk failed     5
&-----------------------------------------------------------
#beta =   3.00   kappa =   0.2650
#  Re(op_pbp_e)                                                    
#
#    -4  0.16595E+01  jk failed  0.000E+00  jk failed     1
     -3  0.16171E+01  0.845E-02  0.405E-01  0.750E-03    24
     -2  0.15941E+01  0.322E-02  0.377E-01  0.140E-03   258
     -1  0.15542E+01  0.691E-03  0.320E-01  0.468E-04  1876
      0  0.15180E+01  0.360E-03  0.311E-01  0.393E-04  5666
      1  0.15540E+01  0.523E-03  0.323E-01  0.335E-04  1855
      2  0.15928E+01  0.286E-02  0.396E-01  0.166E-03   292
      3  0.16304E+01  0.996E-02  0.478E-01  0.135E-02    24
#     4  0.16773E+01  jk failed  0.574E-01  jk failed     3
#     5  0.16060E+01  jk failed  0.000E+00  jk failed     1
&-----------------------------------------------------------
#beta =   3.00   kappa =   0.2675
#  Re(op_pbp_e)                                                    
#
     -3  0.16040E+01  0.642E-02  0.257E-01  0.223E-03    17
     -2  0.15669E+01  0.253E-02  0.383E-01  0.200E-03   169
     -1  0.15224E+01  0.102E-02  0.322E-01  0.507E-04  1488
      0  0.14825E+01  0.199E-03  0.253E-01  0.232E-04  6613
      1  0.15229E+01  0.101E-02  0.317E-01  0.730E-04  1520
      2  0.15623E+01  0.268E-02  0.373E-01  0.168E-03   179
      3  0.16049E+01  0.141E-01  0.468E-01  0.804E-03    12
#     4  0.16016E+01  jk failed  0.000E+00  jk failed     1
#     5  0.16658E+01  jk failed  0.000E+00  jk failed     1
&-----------------------------------------------------------
#beta =   3.00   kappa =   0.2700
#  Re(op_pbp_e)                                                    
#
#    -3  0.15511E+01  jk failed  0.213E-01  jk failed     4
     -2  0.15289E+01  0.383E-02  0.331E-01  0.210E-03    91
     -1  0.14874E+01  0.997E-03  0.290E-01  0.710E-04  1150
      0  0.14486E+01  0.235E-03  0.218E-01  0.168E-04  7477
      1  0.14886E+01  0.995E-03  0.310E-01  0.423E-04  1171
      2  0.15325E+01  0.372E-02  0.374E-01  0.214E-03   100
#     3  0.15547E+01  jk failed  0.387E-01  jk failed     7
&-----------------------------------------------------------
