# pion mass (\sigma_1)
"*"
    8  64  3.00  0.2350  0.6900921125751798E+00  0.1471362250980254E-02  10000
    8  64  3.00  0.2375  0.6591368074250884E+00  0.1150305718756879E-02  10000
    8  64  3.00  0.2400  0.6286509499705581E+00  0.1382327625542387E-02  10000
    8  64  3.00  0.2425  0.5975799200115968E+00  0.2598922118106033E-02  10000
    8  64  3.00  0.2450  0.5622066485412134E+00  0.4558189461705235E-02  10000
    8  64  3.00  0.2475  0.5341322372922231E+00  0.2065806557136611E-02  10000
    8  64  3.00  0.2500  0.5081837672074366E+00  0.2481189174541623E-02  10000
    8  64  3.00  0.2525  0.4840579418430537E+00  0.4600231715204031E-02  10000
    8  64  3.00  0.2550  0.4596481196744281E+00  0.6429543698859048E-02  10000
    8  64  3.00  0.2575  0.4356613012897997E+00  0.1294759843020966E-01  10000
    8  64  3.00  0.2590  0.4307889393435209E+00  0.5588258281407603E-02  10000
    8  64  3.00  0.2600  0.4247467352630125E+00  0.7474728401498381E-02  10000
    8  64  3.00  0.2605  0.4018399454301885E+00  0.7340836629153545E-01  10000
    8  64  3.00  0.2620  0.4264160974285802E+00  0.4307500834749050E-01  10000
    8  64  3.00  0.2625  0.4258435297676713E+00  0.2485967942482126E-01  10000
    8  64  3.00  0.2630  0.4334497326725484E+00  0.3226688783855685E-01  10000
    8  64  3.00  0.2635  0.4414212974287657E+00  0.8256745729793619E-01  10000
    8  64  3.00  0.2650  0.3972118192884437E+00  0.1368917106535149E+00  10000
    8  64  3.00  0.2675  0.2932729560246561E+00  0.1053532408234910E+03  10000
    8  64  3.00  0.2700  0.4145917116410879E+00  0.7284588395581271E-01  10000


# pseudoscalar mass (\sigma_3)
"*"
    8  64  3.00  0.2350  0.6900680775032466E+00  0.1792398254135156E-02  10000
    8  64  3.00  0.2375  0.6593075892660886E+00  0.1236010885326581E-02  10000
    8  64  3.00  0.2400  0.6273488530392745E+00  0.2725046183083174E-02  10000
    8  64  3.00  0.2425  0.5973778084811054E+00  0.2313898134731126E-02  10000
    8  64  3.00  0.2450  0.5625698232584089E+00  0.3226335071929043E-02  10000
    8  64  3.00  0.2475  0.5342782653999349E+00  0.1898920484516747E-02  10000
    8  64  3.00  0.2500  0.5085385351690929E+00  0.2010307977732852E-02  10000
    8  64  3.00  0.2525  0.4838771322160437E+00  0.4422897766643456E-02  10000
    8  64  3.00  0.2550  0.4569807688287933E+00  0.3344194529430262E-02  10000
    8  64  3.00  0.2575  0.4307524694691539E+00  0.9839504980272340E-02  10000
    8  64  3.00  0.2590  0.4313288238526114E+00  0.5323613131469790E-02  10000
    8  64  3.00  0.2600  0.4248334771025268E+00  0.5518236147895505E-02  10000
    8  64  3.00  0.2605  0.4198953425661994E+00  0.1937743116525032E-01  10000
    8  64  3.00  0.2620  0.4315617002606158E+00  0.1215576578712473E-01  10000
    8  64  3.00  0.2625  0.4209152142050028E+00  0.4960038750612759E-02  10000
    8  64  3.00  0.2630  0.4397379046210351E+00  0.1225391182907825E-01  10000
    8  64  3.00  0.2635  0.4255945084579204E+00  0.5329037791705021E-02  10000
    8  64  3.00  0.2650  0.4259499467204841E+00  0.7213109578017355E-02  10000
    8  64  3.00  0.2675  0.4520368732585437E+00  0.1285641966984392E-01  10000
    8  64  3.00  0.2700  0.4616223553749213E+00  0.1429725312072882E-01  10000


# eta mass (\sigma_1)
"*"
    8  64  3.00  0.2350  0.1000485578895546E-01  0.1297719901034282E+03  10000
    8  64  3.00  0.2375  0.7008073027498946E+00  0.1126939854047370E+03  10000
    8  64  3.00  0.2400                     NaN                     NaN  10000
    8  64  3.00  0.2425  0.2020919356008407E+00  0.1266893408476350E+03  10000
    8  64  3.00  0.2450  0.6135892831884496E+00  0.5082378879264256E+02  10000
    8  64  3.00  0.2475  0.5612305272847239E+00  0.1122675247419268E+03  10000
    8  64  3.00  0.2500  0.6049874623780119E+00  0.3822557868092520E+02  10000
    8  64  3.00  0.2525  0.5197426384830904E+00  0.6007436883901023E+02  10000
    8  64  3.00  0.2550  0.5481773259255270E+00  0.5125255718417709E+02  10000
    8  64  3.00  0.2575  0.5305024613826661E-01  0.3609761857480648E+00  10000
    8  64  3.00  0.2590                     NaN                     NaN  10000
    8  64  3.00  0.2600                     NaN                     NaN  10000
    8  64  3.00  0.2605  0.3429694536669577E+00  0.6018364692126836E+02  10000
    8  64  3.00  0.2620 -0.3805477280808789E-01  0.1309091785111546E+03  10000
    8  64  3.00  0.2625  0.4721064405655187E+00  0.3544790169807101E+02  10000
    8  64  3.00  0.2630 -0.4496888543729598E-01  0.1225014932457563E+03  10000
    8  64  3.00  0.2635 -0.8112740665003387E-01  0.8208785070589488E+02  10000
    8  64  3.00  0.2650 -0.6952696910845525E-01  0.9162884612190850E+02  10000
    8  64  3.00  0.2675  0.4315927891262986E+00  0.4477717204142697E+02  10000
    8  64  3.00  0.2700  0.5796824150923527E+00  0.5899281195680015E+02  10000

