# fermion mass from PCAC relation
"m"
    8  64  3.00  0.2350  0.2393861599421657E+00  0.6063954593675009E-02  10000
    8  64  3.00  0.2375  0.2209022208143888E+00  0.5193881534811089E-02  10000
    8  64  3.00  0.2400  0.2026688705646704E+00  0.4924499722850063E-02  10000
    8  64  3.00  0.2425  0.1844300024277914E+00  0.4322268301259745E-02  10000
    8  64  3.00  0.2450  0.1662715831050992E+00  0.5866060656377315E-02  10000
    8  64  3.00  0.2475  0.1485896000857698E+00  0.4290818341069718E-02  10000
    8  64  3.00  0.2500  0.1308263446949268E+00  0.5991924971401711E-02  10000
    8  64  3.00  0.2525  0.1130246569428271E+00  0.4735733209178784E-02  10000
    8  64  3.00  0.2550  0.9523214860100687E-01  0.6153713367341352E-02  10000
    8  64  3.00  0.2575  0.7769496125114550E-01  0.5080237718397254E-02  10000
    8  64  3.00  0.2590  0.6761776657843403E-01  0.5652926045963677E-02  10000
    8  64  3.00  0.2600  0.6081089081833275E-01  0.5083728101516059E-02  10000
    8  64  3.00  0.2605  0.5793603452269917E-01  0.1435205128765413E-01  10000
    8  64  3.00  0.2620  0.4799343277796558E-01  0.5376784146631142E-02  10000
    8  64  3.00  0.2625  0.4457826982247950E-01  0.4726155056700825E-02  10000
    8  64  3.00  0.2630  0.4131470282121368E-01  0.4219767116253164E-02  10000
    8  64  3.00  0.2635  0.3842966370552361E-01  0.4016152981150042E-02  10000
    8  64  3.00  0.2650  0.2730970806624330E-01  0.4245399608302042E-02  10000
    8  64  3.00  0.2675  0.7813627888880756E-02  0.3178149431027727E-02  10000
    8  64  3.00  0.2700 -0.1394224577045911E-01  0.5058273065446654E-02  10000

