#  Re(op_pbp_e)                                                    
   8  64  3.00  0.2350    NaN  0.508  0.582
#  Re(op_pbp_e)                                                    
   8  64  3.00  0.2375    NaN  0.500  0.686
#  Re(op_pbp_e)                                                    
   8  64  3.00  0.2400    NaN  0.508  0.357
#  Re(op_pbp_e)                                                    
   8  64  3.00  0.2425  2.096  0.504  0.540
#  Re(op_pbp_e)                                                    
   8  64  3.00  0.2450    NaN  0.500  0.417
#  Re(op_pbp_e)                                                    
   8  64  3.00  0.2475    NaN  0.510  0.350
#  Re(op_pbp_e)                                                    
   8  64  3.00  0.2500  0.720  0.503  0.624
#  Re(op_pbp_e)                                                    
   8  64  3.00  0.2525    NaN  0.507  1.004
#  Re(op_pbp_e)                                                    
   8  64  3.00  0.2550    NaN  0.523  0.462
#  Re(op_pbp_e)                                                    
   8  64  3.00  0.2575  0.484  0.522  0.376
#  Re(op_pbp_e)                                                    
   8  64  3.00  0.2590  0.622  0.554  0.443
#  Re(op_pbp_e)                                                    
   8  64  3.00  0.2600  0.579  0.567  0.633
#  Re(op_pbp_e)                                                    
   8  64  3.00  0.2605  0.686  0.580  0.599
#  Re(op_pbp_e)                                                    
   8  64  3.00  0.2620  1.099  0.638  0.409
#  Re(op_pbp_e)                                                    
   8  64  3.00  0.2625  0.726  0.630  0.451
#  Re(op_pbp_e)                                                    
   8  64  3.00  0.2630  1.111  0.613  0.424
#  Re(op_pbp_e)                                                    
   8  64  3.00  0.2635  0.229  0.580  0.746
#  Re(op_pbp_e)                                                    
   8  64  3.00  0.2650  0.591  0.587  0.813
#  Re(op_pbp_e)                                                    
   8  64  3.00  0.2675  1.138  0.618  0.644
#  Re(op_pbp_e)                                                    
   8  64  3.00  0.2700  0.567  0.583  0.532
