#-----------------------------------------------------------
#beta =   3.00   kappa =   0.2350
#  Re(op_pbp_e)                                                    
#
#    -8  0.18463E+01  jk failed  0.000E+00  jk failed     1
#    -7  0.18603E+01  jk failed  0.198E-02  jk failed     4
     -6  0.18531E+01  0.121E-02  0.696E-02  0.105E-04    39
     -5  0.18501E+01  0.744E-03  0.821E-02  0.888E-05   137
     -4  0.18479E+01  0.547E-03  0.842E-02  0.492E-05   312
     -3  0.18457E+01  0.414E-03  0.999E-02  0.598E-05   688
     -2  0.18443E+01  0.297E-03  0.973E-02  0.438E-05  1258
     -1  0.18433E+01  0.328E-03  0.102E-01  0.330E-05  1647
      0  0.18437E+01  0.256E-03  0.100E-01  0.342E-05  1838
      1  0.18435E+01  0.312E-03  0.102E-01  0.335E-05  1675
      2  0.18446E+01  0.228E-03  0.948E-02  0.343E-05  1198
      3  0.18458E+01  0.306E-03  0.969E-02  0.384E-05   710
      4  0.18477E+01  0.526E-03  0.896E-02  0.611E-05   337
      5  0.18508E+01  0.671E-03  0.789E-02  0.944E-05   115
      6  0.18516E+01  0.136E-02  0.675E-02  0.108E-04    34
#     7  0.18564E+01  jk failed  0.609E-02  jk failed     6
#     8  0.18470E+01  jk failed  0.000E+00  jk failed     1
&-----------------------------------------------------------
#beta =   3.00   kappa =   0.2375
#  Re(op_pbp_e)                                                    
#
#    -9  0.18388E+01  jk failed  0.000E+00  jk failed     1
#    -8  0.18548E+01  jk failed  0.310E-02  jk failed     2
     -7  0.18455E+01  0.308E-02  0.975E-02  0.474E-04    11
     -6  0.18416E+01  0.116E-02  0.648E-02  0.882E-05    42
     -5  0.18399E+01  0.793E-03  0.885E-02  0.905E-05   118
     -4  0.18376E+01  0.666E-03  0.106E-01  0.991E-05   294
     -3  0.18356E+01  0.445E-03  0.111E-01  0.576E-05   655
     -2  0.18331E+01  0.328E-03  0.114E-01  0.375E-05  1111
     -1  0.18325E+01  0.280E-03  0.113E-01  0.339E-05  1723
      0  0.18318E+01  0.206E-03  0.115E-01  0.415E-05  1881
      1  0.18330E+01  0.284E-03  0.115E-01  0.365E-05  1723
      2  0.18338E+01  0.333E-03  0.111E-01  0.463E-05  1209
      3  0.18358E+01  0.429E-03  0.109E-01  0.654E-05   743
      4  0.18376E+01  0.666E-03  0.100E-01  0.706E-05   315
      5  0.18400E+01  0.949E-03  0.102E-01  0.123E-04   125
      6  0.18420E+01  0.242E-02  0.108E-01  0.328E-04    30
      7  0.18450E+01  0.298E-02  0.941E-02  0.275E-04    11
#     8  0.18500E+01  jk failed  0.921E-02  jk failed     6
&-----------------------------------------------------------
#beta =   3.00   kappa =   0.2400
#  Re(op_pbp_e)                                                    
#
#    -9  0.18430E+01  jk failed  0.000E+00  jk failed     1
     -7  0.18391E+01  0.225E-02  0.746E-02  0.214E-04    12
     -6  0.18336E+01  0.189E-02  0.891E-02  0.288E-04    35
     -5  0.18302E+01  0.153E-02  0.109E-01  0.198E-04    96
     -4  0.18274E+01  0.611E-03  0.115E-01  0.844E-05   336
     -3  0.18238E+01  0.405E-03  0.122E-01  0.748E-05   649
     -2  0.18223E+01  0.371E-03  0.129E-01  0.622E-05  1235
     -1  0.18211E+01  0.324E-03  0.131E-01  0.705E-05  1658
      0  0.18200E+01  0.319E-03  0.131E-01  0.521E-05  1919
      1  0.18200E+01  0.382E-03  0.135E-01  0.368E-05  1705
      2  0.18220E+01  0.358E-03  0.132E-01  0.659E-05  1244
      3  0.18237E+01  0.571E-03  0.129E-01  0.621E-05   678
      4  0.18275E+01  0.639E-03  0.117E-01  0.143E-04   300
      5  0.18295E+01  0.981E-03  0.104E-01  0.173E-04    88
      6  0.18362E+01  0.198E-02  0.890E-02  0.241E-04    32
      7  0.18392E+01  0.362E-02  0.114E-01  0.562E-04    11
#     8  0.18498E+01  jk failed  0.000E+00  jk failed     1
&-----------------------------------------------------------
#beta =   3.00   kappa =   0.2425
#  Re(op_pbp_e)                                                    
#
#    -9  0.18444E+01  jk failed  0.000E+00  jk failed     1
#    -8  0.18243E+01  jk failed  0.000E+00  jk failed     1
#    -7  0.18327E+01  jk failed  0.504E-02  jk failed     6
     -6  0.18282E+01  0.289E-02  0.126E-01  0.400E-04    29
     -5  0.18187E+01  0.181E-02  0.131E-01  0.196E-04    98
     -4  0.18152E+01  0.724E-03  0.133E-01  0.146E-04   265
     -3  0.18116E+01  0.577E-03  0.141E-01  0.100E-04   655
     -2  0.18088E+01  0.421E-03  0.148E-01  0.903E-05  1205
     -1  0.18081E+01  0.231E-03  0.154E-01  0.877E-05  1702
      0  0.18073E+01  0.378E-03  0.157E-01  0.757E-05  1965
      1  0.18075E+01  0.409E-03  0.156E-01  0.740E-05  1706
      2  0.18089E+01  0.501E-03  0.151E-01  0.692E-05  1265
      3  0.18114E+01  0.538E-03  0.140E-01  0.851E-05   656
      4  0.18160E+01  0.805E-03  0.126E-01  0.133E-04   308
      5  0.18210E+01  0.121E-02  0.106E-01  0.163E-04    98
      6  0.18272E+01  0.269E-02  0.111E-01  0.340E-04    32
#     7  0.18307E+01  jk failed  0.119E-01  jk failed     6
#     8  0.18331E+01  jk failed  0.000E+00  jk failed     1
#     9  0.18356E+01  jk failed  0.000E+00  jk failed     1
&-----------------------------------------------------------
#beta =   3.00   kappa =   0.2450
#  Re(op_pbp_e)                                                    
#
#    -8  0.18334E+01  jk failed  0.553E-03  jk failed     2
     -7  0.18204E+01  0.298E-02  0.894E-02  0.533E-04    10
     -6  0.18171E+01  0.262E-02  0.117E-01  0.338E-04    21
     -5  0.18081E+01  0.176E-02  0.128E-01  0.326E-04    79
     -4  0.18028E+01  0.911E-03  0.135E-01  0.141E-04   265
     -3  0.17988E+01  0.507E-03  0.159E-01  0.171E-04   598
     -2  0.17951E+01  0.521E-03  0.170E-01  0.120E-04  1197
     -1  0.17934E+01  0.406E-03  0.176E-01  0.906E-05  1774
      0  0.17910E+01  0.417E-03  0.179E-01  0.841E-05  2070
      1  0.17928E+01  0.507E-03  0.181E-01  0.107E-04  1788
      2  0.17944E+01  0.524E-03  0.168E-01  0.102E-04  1176
      3  0.17989E+01  0.760E-03  0.161E-01  0.136E-04   672
      4  0.18028E+01  0.120E-02  0.160E-01  0.194E-04   237
      5  0.18098E+01  0.166E-02  0.133E-01  0.267E-04    86
      6  0.18155E+01  0.254E-02  0.114E-01  0.436E-04    21
#     7  0.18245E+01  jk failed  0.105E-01  jk failed     3
#     8  0.18365E+01  jk failed  0.000E+00  jk failed     1
&-----------------------------------------------------------
#beta =   3.00   kappa =   0.2475
#  Re(op_pbp_e)                                                    
#
#    -8  0.18179E+01  jk failed  0.000E+00  jk failed     1
#    -7  0.18077E+01  jk failed  0.108E-01  jk failed     2
     -6  0.18004E+01  0.404E-02  0.146E-01  0.915E-04    14
     -5  0.17986E+01  0.162E-02  0.155E-01  0.321E-04    88
     -4  0.17896E+01  0.120E-02  0.167E-01  0.283E-04   215
     -3  0.17845E+01  0.647E-03  0.180E-01  0.149E-04   619
     -2  0.17793E+01  0.471E-03  0.196E-01  0.102E-04  1191
     -1  0.17756E+01  0.482E-03  0.203E-01  0.109E-04  1855
      0  0.17750E+01  0.426E-03  0.211E-01  0.125E-04  2065
      1  0.17754E+01  0.414E-03  0.210E-01  0.156E-04  1743
      2  0.17797E+01  0.618E-03  0.201E-01  0.191E-04  1238
      3  0.17826E+01  0.690E-03  0.183E-01  0.183E-04   614
      4  0.17924E+01  0.112E-02  0.166E-01  0.240E-04   244
      5  0.17943E+01  0.170E-02  0.144E-01  0.326E-04    93
      6  0.18061E+01  0.370E-02  0.143E-01  0.843E-04    16
#     7  0.18064E+01  jk failed  0.949E-02  jk failed     2
&-----------------------------------------------------------
#beta =   3.00   kappa =   0.2500
#  Re(op_pbp_e)                                                    
#
#    -7  0.18065E+01  jk failed  0.282E-02  jk failed     2
     -6  0.17969E+01  0.330E-02  0.123E-01  0.763E-04    15
     -5  0.17812E+01  0.346E-02  0.159E-01  0.154E-03    36
     -4  0.17781E+01  0.148E-02  0.192E-01  0.367E-04   194
     -3  0.17674E+01  0.914E-03  0.218E-01  0.263E-04   566
     -2  0.17614E+01  0.713E-03  0.224E-01  0.213E-04  1138
     -1  0.17568E+01  0.540E-03  0.246E-01  0.263E-04  1765
      0  0.17550E+01  0.522E-03  0.248E-01  0.222E-04  2238
      1  0.17573E+01  0.566E-03  0.237E-01  0.136E-04  1924
      2  0.17612E+01  0.681E-03  0.220E-01  0.172E-04  1251
      3  0.17682E+01  0.984E-03  0.199E-01  0.264E-04   575
      4  0.17760E+01  0.142E-02  0.198E-01  0.408E-04   218
      5  0.17848E+01  0.242E-02  0.185E-01  0.523E-04    69
#     6  0.17981E+01  jk failed  0.166E-01  jk failed     8
#     7  0.18014E+01  jk failed  0.000E+00  jk failed     1
&-----------------------------------------------------------
#beta =   3.00   kappa =   0.2525
#  Re(op_pbp_e)                                                    
#
#    -7  0.18052E+01  jk failed  0.341E-02  jk failed     2
#    -6  0.17897E+01  jk failed  0.108E-01  jk failed     7
     -5  0.17741E+01  0.322E-02  0.183E-01  0.501E-04    45
     -4  0.17610E+01  0.180E-02  0.227E-01  0.470E-04   160
     -3  0.17499E+01  0.865E-03  0.232E-01  0.262E-04   488
     -2  0.17407E+01  0.736E-03  0.246E-01  0.230E-04  1156
     -1  0.17348E+01  0.723E-03  0.276E-01  0.238E-04  1926
      0  0.17328E+01  0.836E-03  0.295E-01  0.379E-04  2342
      1  0.17352E+01  0.570E-03  0.274E-01  0.256E-04  1947
      2  0.17422E+01  0.660E-03  0.254E-01  0.194E-04  1159
      3  0.17513E+01  0.897E-03  0.235E-01  0.272E-04   538
      4  0.17629E+01  0.158E-02  0.224E-01  0.525E-04   177
      5  0.17710E+01  0.340E-02  0.181E-01  0.588E-04    44
#     6  0.17904E+01  jk failed  0.194E-01  jk failed     7
#     7  0.17953E+01  jk failed  0.276E-01  jk failed     2
&-----------------------------------------------------------
#beta =   3.00   kappa =   0.2550
#  Re(op_pbp_e)                                                    
#
#    -7  0.18023E+01  jk failed  0.000E+00  jk failed     1
#    -6  0.17952E+01  jk failed  0.221E-01  jk failed     4
     -5  0.17616E+01  0.503E-02  0.241E-01  0.163E-03    24
     -4  0.17453E+01  0.191E-02  0.240E-01  0.878E-04   131
     -3  0.17329E+01  0.146E-02  0.275E-01  0.722E-04   425
     -2  0.17201E+01  0.112E-02  0.285E-01  0.410E-04  1079
     -1  0.17088E+01  0.800E-03  0.319E-01  0.206E-04  2013
      0  0.17048E+01  0.543E-03  0.341E-01  0.346E-04  2537
      1  0.17089E+01  0.699E-03  0.323E-01  0.330E-04  2049
      2  0.17199E+01  0.923E-03  0.301E-01  0.356E-04  1127
      3  0.17345E+01  0.158E-02  0.272E-01  0.405E-04   446
      4  0.17456E+01  0.198E-02  0.251E-01  0.970E-04   132
      5  0.17598E+01  0.571E-02  0.248E-01  0.239E-03    27
#     6  0.17576E+01  jk failed  0.206E-01  jk failed     3
#     7  0.17847E+01  jk failed  0.220E-01  jk failed     2
&-----------------------------------------------------------
#beta =   3.00   kappa =   0.2575
#  Re(op_pbp_e)                                                    
#
#    -6  0.17681E+01  jk failed  0.230E-01  jk failed     6
     -5  0.17486E+01  0.597E-02  0.231E-01  0.172E-03    16
     -4  0.17329E+01  0.382E-02  0.318E-01  0.193E-03    80
     -3  0.17130E+01  0.169E-02  0.315E-01  0.709E-04   351
     -2  0.16936E+01  0.834E-03  0.324E-01  0.415E-04  1037
     -1  0.16806E+01  0.795E-03  0.375E-01  0.480E-04  2134
      0  0.16703E+01  0.816E-03  0.401E-01  0.443E-04  2804
      1  0.16797E+01  0.699E-03  0.368E-01  0.406E-04  2070
      2  0.16940E+01  0.943E-03  0.329E-01  0.486E-04  1053
      3  0.17085E+01  0.130E-02  0.294E-01  0.624E-04   345
      4  0.17281E+01  0.288E-02  0.296E-01  0.110E-03    86
      5  0.17343E+01  0.676E-02  0.271E-01  0.205E-03    17
#     6  0.17511E+01  jk failed  0.000E+00  jk failed     1
&-----------------------------------------------------------
#beta =   3.00   kappa =   0.2590
#  Re(op_pbp_e)                                                    
#
     -5  0.17323E+01  0.686E-02  0.228E-01  0.178E-03    12
     -4  0.17238E+01  0.479E-02  0.318E-01  0.203E-03    67
     -3  0.16936E+01  0.192E-02  0.318E-01  0.109E-03   302
     -2  0.16775E+01  0.105E-02  0.346E-01  0.618E-04   982
     -1  0.16590E+01  0.853E-03  0.379E-01  0.449E-04  2103
      0  0.16473E+01  0.703E-03  0.430E-01  0.498E-04  2976
      1  0.16601E+01  0.693E-03  0.387E-01  0.482E-04  2220
      2  0.16793E+01  0.109E-02  0.352E-01  0.603E-04   953
      3  0.17021E+01  0.146E-02  0.331E-01  0.101E-03   314
      4  0.17112E+01  0.456E-02  0.302E-01  0.287E-03    56
      5  0.17368E+01  0.705E-02  0.254E-01  0.192E-03    14
#     7  0.18042E+01  jk failed  0.000E+00  jk failed     1
&-----------------------------------------------------------
#beta =   3.00   kappa =   0.2600
#  Re(op_pbp_e)                                                    
#
#    -5  0.17246E+01  jk failed  0.178E-01  jk failed     7
     -4  0.17131E+01  0.586E-02  0.358E-01  0.229E-03    60
     -3  0.16893E+01  0.175E-02  0.349E-01  0.136E-03   256
     -2  0.16677E+01  0.139E-02  0.378E-01  0.869E-04   861
     -1  0.16462E+01  0.846E-03  0.397E-01  0.534E-04  2177
      0  0.16312E+01  0.996E-03  0.443E-01  0.390E-04  3213
      1  0.16434E+01  0.815E-03  0.386E-01  0.631E-04  2239
      2  0.16667E+01  0.118E-02  0.353E-01  0.362E-04   892
      3  0.16927E+01  0.250E-02  0.366E-01  0.124E-03   234
      4  0.17134E+01  0.467E-02  0.304E-01  0.184E-03    53
#     5  0.17707E+01  jk failed  0.590E-01  jk failed     6
#     6  0.17461E+01  jk failed  0.479E-02  jk failed     2
&-----------------------------------------------------------
#beta =   3.00   kappa =   0.2605
#  Re(op_pbp_e)                                                    
#
#    -6  0.17911E+01  jk failed  0.000E+00  jk failed     1
#    -5  0.17750E+01  jk failed  0.377E-01  jk failed     3
     -4  0.17017E+01  0.646E-02  0.354E-01  0.306E-03    50
     -3  0.16828E+01  0.232E-02  0.359E-01  0.141E-03   236
     -2  0.16595E+01  0.150E-02  0.359E-01  0.751E-04   859
     -1  0.16373E+01  0.783E-03  0.395E-01  0.595E-04  2148
      0  0.16226E+01  0.713E-03  0.453E-01  0.628E-04  3342
      1  0.16383E+01  0.952E-03  0.398E-01  0.478E-04  2181
      2  0.16624E+01  0.124E-02  0.364E-01  0.548E-04   869
      3  0.16858E+01  0.235E-02  0.371E-01  0.135E-03   257
      4  0.17112E+01  0.434E-02  0.290E-01  0.161E-03    47
#     5  0.17312E+01  jk failed  0.319E-01  jk failed     7
&-----------------------------------------------------------
#beta =   3.00   kappa =   0.2620
#  Re(op_pbp_e)                                                    
#
#    -6  0.17461E+01  jk failed  0.000E+00  jk failed     1
#    -5  0.17541E+01  jk failed  0.537E-01  jk failed     2
     -4  0.17040E+01  0.895E-02  0.390E-01  0.844E-03    20
     -3  0.16760E+01  0.265E-02  0.402E-01  0.216E-03   159
     -2  0.16411E+01  0.145E-02  0.384E-01  0.830E-04   743
     -1  0.16145E+01  0.725E-03  0.395E-01  0.521E-04  2236
      0  0.15942E+01  0.815E-03  0.448E-01  0.386E-04  3672
      1  0.16122E+01  0.786E-03  0.383E-01  0.618E-04  2228
      2  0.16438E+01  0.135E-02  0.392E-01  0.935E-04   750
      3  0.16677E+01  0.233E-02  0.348E-01  0.230E-03   162
      4  0.17071E+01  0.800E-02  0.358E-01  0.400E-03    21
#     5  0.17208E+01  jk failed  0.568E-01  jk failed     6
&-----------------------------------------------------------
#beta =   3.00   kappa =   0.2625
#  Re(op_pbp_e)                                                    
#
#    -7  0.18347E+01  jk failed  0.000E+00  jk failed     1
#    -5  0.17405E+01  jk failed  0.000E+00  jk failed     1
     -4  0.17186E+01  0.113E-01  0.493E-01  0.578E-03    20
     -3  0.16634E+01  0.411E-02  0.377E-01  0.190E-03   119
     -2  0.16342E+01  0.173E-02  0.400E-01  0.141E-03   735
     -1  0.16074E+01  0.543E-03  0.404E-01  0.568E-04  2240
      0  0.15846E+01  0.716E-03  0.448E-01  0.518E-04  3832
      1  0.16064E+01  0.104E-02  0.397E-01  0.551E-04  2153
      2  0.16331E+01  0.162E-02  0.384E-01  0.111E-03   712
      3  0.16576E+01  0.299E-02  0.352E-01  0.205E-03   160
      4  0.16979E+01  0.789E-02  0.353E-01  0.458E-03    21
#     5  0.17497E+01  jk failed  0.499E-01  jk failed     5
#     6  0.17502E+01  jk failed  0.000E+00  jk failed     1
&-----------------------------------------------------------
#beta =   3.00   kappa =   0.2630
#  Re(op_pbp_e)                                                    
#
#    -5  0.16982E+01  jk failed  0.487E-01  jk failed     6
     -4  0.16920E+01  0.981E-02  0.416E-01  0.470E-03    19
     -3  0.16565E+01  0.254E-02  0.392E-01  0.207E-03   122
     -2  0.16273E+01  0.146E-02  0.389E-01  0.925E-04   634
     -1  0.15983E+01  0.110E-02  0.404E-01  0.614E-04  2222
      0  0.15746E+01  0.517E-03  0.433E-01  0.441E-04  3996
      1  0.15975E+01  0.855E-03  0.384E-01  0.498E-04  2195
      2  0.16277E+01  0.149E-02  0.385E-01  0.977E-04   658
      3  0.16545E+01  0.450E-02  0.465E-01  0.665E-03   123
      4  0.16883E+01  0.804E-02  0.341E-01  0.303E-03    19
#     5  0.17278E+01  jk failed  0.410E-01  jk failed     6
&-----------------------------------------------------------
#beta =   3.00   kappa =   0.2635
#  Re(op_pbp_e)                                                    
#
#    -6  0.17739E+01  jk failed  0.490E-01  jk failed     2
#    -5  0.17744E+01  jk failed  0.332E-01  jk failed     3
     -4  0.16865E+01  0.649E-02  0.225E-01  0.144E-03    13
     -3  0.16561E+01  0.524E-02  0.426E-01  0.295E-03    96
     -2  0.16210E+01  0.174E-02  0.391E-01  0.118E-03   589
     -1  0.15898E+01  0.717E-03  0.386E-01  0.624E-04  2185
      0  0.15643E+01  0.663E-03  0.428E-01  0.470E-04  4202
      1  0.15910E+01  0.711E-03  0.389E-01  0.583E-04  2212
      2  0.16217E+01  0.187E-02  0.356E-01  0.747E-04   562
      3  0.16550E+01  0.304E-02  0.341E-01  0.123E-03   117
      4  0.17020E+01  0.114E-01  0.469E-01  0.969E-03    18
#     5  0.16496E+01  jk failed  0.000E+00  jk failed     1
&-----------------------------------------------------------
#beta =   3.00   kappa =   0.2650
#  Re(op_pbp_e)                                                    
#
#    -5  0.16662E+01  jk failed  0.000E+00  jk failed     1
#    -4  0.16710E+01  jk failed  0.547E-01  jk failed     8
     -3  0.16337E+01  0.772E-02  0.518E-01  0.800E-03    56
     -2  0.15975E+01  0.151E-02  0.380E-01  0.139E-03   432
     -1  0.15653E+01  0.897E-03  0.372E-01  0.628E-04  2095
      0  0.15327E+01  0.605E-03  0.379E-01  0.504E-04  4794
      1  0.15646E+01  0.756E-03  0.373E-01  0.618E-04  2085
      2  0.15971E+01  0.211E-02  0.407E-01  0.144E-03   444
      3  0.16305E+01  0.615E-02  0.426E-01  0.258E-03    82
#     4  0.16441E+01  jk failed  0.122E-01  jk failed     3
&-----------------------------------------------------------
#beta =   3.00   kappa =   0.2675
#  Re(op_pbp_e)                                                    
#
#    -4  0.15796E+01  jk failed  0.368E-01  jk failed     3
     -3  0.15918E+01  0.798E-02  0.410E-01  0.371E-03    31
     -2  0.15539E+01  0.223E-02  0.359E-01  0.170E-03   264
     -1  0.15216E+01  0.872E-03  0.338E-01  0.574E-04  1690
      0  0.14843E+01  0.462E-03  0.304E-01  0.412E-04  5986
      1  0.15222E+01  0.107E-02  0.360E-01  0.713E-04  1737
      2  0.15540E+01  0.202E-02  0.395E-01  0.134E-03   263
      3  0.16006E+01  0.141E-01  0.548E-01  0.157E-02    25
#     4  0.15590E+01  jk failed  0.000E+00  jk failed     1
&-----------------------------------------------------------
#beta =   3.00   kappa =   0.2700
#  Re(op_pbp_e)                                                    
#
#    -3  0.15669E+01  jk failed  0.680E-01  jk failed     7
     -2  0.15132E+01  0.406E-02  0.367E-01  0.197E-03   115
     -1  0.14783E+01  0.917E-03  0.319E-01  0.552E-04  1308
      0  0.14397E+01  0.214E-03  0.261E-01  0.309E-04  7136
      1  0.14776E+01  0.814E-03  0.314E-01  0.621E-04  1317
      2  0.15106E+01  0.343E-02  0.331E-01  0.186E-03   105
      3  0.15520E+01  0.200E-01  0.634E-01  0.262E-02    11
#     5  0.15671E+01  jk failed  0.000E+00  jk failed     1
&-----------------------------------------------------------
