 # triplet j1
 0.0010   3.0565097492978821        79.206544233319690        4.6678307853608813E-004   2.8452616975865906E-006   3.1611620853498113E-004   8.1918510592392160E-003
 0.0020   1.4383894723712425        87.297052734488872        9.3356340963669977E-004   5.6904936080102106E-006   1.3434620735213532E-003   8.1535830093024286E-002
 0.0030   1.3567473059898192        61.276163883944221        1.4003382459982128E-003   8.5356659564328169E-006   2.1364519635800375E-003   9.6490761669923888E-002
 0.0040   1.3421593311872220        69.117715865335697        1.8671048405814626E-003   1.1380748989131847E-005   2.8795542891146379E-003  0.14828955914371675     
 0.0050   1.3356079479350527        1.5995773109045326        2.3338604467436183E-003   1.4225712984130618E-005   3.6170827721339603E-003   4.3319765178174395E-003
 0.0060   1.3244184798734320        61.074145416689710        2.8006023183703827E-003   1.7070528270009609E-005   4.3771468095563709E-003  0.20184745637679496     
 0.0070   1.3235765048087098        74.004719725419847        3.2673277100077809E-003   1.9915165229115337E-005   5.1098872390338062E-003  0.28570752966757934     
 0.0080   1.3231017849029192        56.747840905478476        3.7340338769943152E-003   2.2759594307793032E-005   5.8419234637852478E-003  0.25056012162064722     
 0.0090   1.3228108503909033        34.374236320270825        4.2007180755925608E-003   2.5603786037691112E-005   6.5735545578797091E-003  0.17081876772020441     
 0.0100   1.3226408707061155       0.74229622600814194        4.6673775631210874E-003   2.8447711023338436E-005   7.3048201250218402E-003   4.0996921174658533E-003
 0.0300   1.3230754502164463        3.5649108011025547E-002   1.3991169178762383E-002   8.5226201558256834E-005   2.1898684067754158E-002   5.9379853759098527E-004
 0.0500   1.3241521111004499        2.2686426079163661E-002   2.3282279657451204E-002   1.4167122612959899E-004   3.6439706764782163E-002   6.3408154256132713E-004
 0.0700   1.3255787856540271        2.0356498880469517E-002   3.2519609811112606E-002   1.9761512018133531E-004   5.0901565067532156E-002   7.9683260719598211E-004
 0.0900   1.3273820232983415        1.9517595654815284E-002   4.1683059234028472E-002   2.5296169373525355E-004   6.5255949559803766E-002   9.7973020783171261E-004
 0.1100   1.3295117153383540        1.9027682799619142E-002   5.0753860528768832E-002   3.0769520085330835E-004   7.9479241309257112E-002   1.1627234323272372E-003
 0.1300   1.3318505903775653        1.8646148177396085E-002   5.9714852283187590E-002   3.6187253407177325E-004   9.3556151307191970E-002   1.3401276849486026E-003
 0.1500   1.3342711236427001        1.8304192327363484E-002   6.8550678352263972E-002   4.1559718079144320E-004  0.10747870341973077        1.5100125878924156E-003
 0.1700   1.3366639310027313        1.7978149813882866E-002   7.7247903688849900E-002   4.6897508448153467E-004  0.12124409070011911        1.6717501814799238E-003
 0.1900   1.3389552049888576        1.7656588601184849E-002   8.5795039368567805E-002   5.2205410434514568E-004  0.13485182844438637        1.8249855088681511E-003
 0.2100   1.3411203119446282        1.7328442749264306E-002   9.4182471527104239E-002   5.7475054504875728E-004  0.14830027163700077        1.9688730955147653E-003
 0.2300   1.3431929591439131        1.6978462271847339E-002  0.10240229103516045        6.2676860296318111E-004  0.16158288045539240        2.1014762869498811E-003
 0.2500   1.3452680081740500        1.6587176673720609E-002  0.11044802370333270        6.7752183383038044E-004  0.17468481828115257        2.2195060725160140E-003
 0.2700   1.3484493094403700        1.3423693331546875E-002  0.11831426582741521        7.2606971714949048E-004  0.18744800011062210        1.9526585622816994E-003
 0.2900   1.3509111090718622        1.2603196202794587E-002  0.12599623818179440        7.7108622901328309E-004  0.20010871958027693        1.9647489710524148E-003
 0.3100   1.3538954768688041        1.1716314747273845E-002  0.13348928382889388        8.1087933371602446E-004  0.21248775542171766        1.9487893773181720E-003
 0.3300   1.3593131684642972        8.3734441207705210E-003  0.14078835071592863        8.4347817945784468E-004  0.22425173111191671        1.5360772614464455E-003
 0.3500   1.3631936379172724        7.0903672033725473E-003  0.14788751635099248        8.6679643105953017E-004  0.23602457655114376        1.4090847153742307E-003
 0.3700   1.3684950428482323        6.1678118201685065E-003  0.15477962405014092        8.7886486604048621E-004  0.24730307985854544        1.3173034579942822E-003
 0.3900   1.3757363372780795        6.6690611249447902E-003  0.16145610208595679        8.7810624634998015E-004  0.25795225252042520        1.4337667164996193E-003
 0.4100   1.3848290490237065        5.8661946859452398E-003  0.16790702302834598        8.6360605710522230E-004  0.26794471296950056        1.3278165301290196E-003


 # triplet j3
 0.0010   1.3206195815327468        1.9273228832601970E-002   4.6678307853608813E-004   2.8452616975865906E-006   7.3163557985172383E-004   1.0907895907577282E-005
 0.0020   1.3206217757314753        1.9272988932062179E-002   9.3356340963669977E-004   5.6904936080102106E-006   1.4632665753317683E-003   2.1815426446466790E-005
 0.0030   1.3206254323918447        1.9272589106563966E-002   1.4003382459982128E-003   8.5356659564328169E-006   2.1948884027729520E-003   3.2722226292389655E-005
 0.0040   1.3206305510194369        1.9272029368173776E-002   1.8671048405814626E-003   1.1380748989131847E-005   2.9264964798913825E-003   4.3627930206307720E-005
 0.0050   1.3206371309184575        1.9271309735007670E-002   2.3338604467436183E-003   1.4225712984130618E-005   3.6580862264877210E-003   5.4532173080645803E-005
 0.0060   1.3206451711944651        1.9270430230831442E-002   2.8006023183703827E-003   1.7070528270009609E-005   4.3896530651395217E-003   6.5434589985245145E-005
 0.0070   1.3206546707501658        1.9269390886237529E-002   3.2673277100077809E-003   1.9915165229115337E-005   5.1211924219109074E-003   7.6334816215994428E-005
 0.0080   1.3206656283048981        1.9268191732021794E-002   3.7340338769943152E-003   2.2759594307793032E-005   5.8526997269713367E-003   8.7232487311896261E-005
 0.0090   1.3206780423652251        1.9266832808566163E-002   4.2007180755925608E-003   2.5603786037691112E-005   6.5841704153926962E-003   9.8127239135659277E-005
 0.0100   1.3206919112454074        1.9265314159659142E-002   4.6673775631210874E-003   2.8447711023338436E-005   7.3155999277678165E-003   1.0901870788977598E-004
 0.0300   1.3212704610209955        1.9201513675576161E-002   1.3991169178762383E-002   8.5226201558256834E-005   2.1928599886886557E-002   3.2560333989989647E-004
 0.0500   1.3223962465116155        1.9074761174103241E-002   2.3282279657451204E-002   1.4167122612959899E-004   3.6488091045140322E-002   5.3789892795462555E-004
 0.0700   1.3240084398935845        1.8886817985913986E-002   3.2519609811112606E-002   1.9761512018133531E-004   5.0961937082162297E-002   7.4327351181175197E-004
 0.0900   1.3260205631804312        1.8640483318734496E-002   4.1683059234028472E-002   2.5296169373525355E-004   6.5322949556070015E-002   9.3942370984597670E-004
 0.1100   1.3283268629950200        1.8339724244991692E-002   5.0753860528768832E-002   3.0769520085330835E-004   7.9550135881922265E-002   1.1244789294934010E-003
 0.1300   1.3308116317299654        1.7989638730968979E-002   5.9714852283187590E-002   3.6187253407177325E-004   9.3629190173188673E-002   1.2970657777031745E-003
 0.1500   1.3333615510986505        1.7595958067730618E-002   6.8550678352263972E-002   4.1559718079144320E-004  0.10755202162634929        1.4562935665547606E-003
 0.1700   1.3358803431094812        1.7163816419801609E-002   7.7247903688849900E-002   4.6897508448153467E-004  0.12131520889726212        1.6016073872856316E-003
 0.1900   1.3383039391798879        1.6695837528114751E-002   8.5795039368567805E-002   5.2205410434514568E-004  0.13491745209128134        1.7324754557919144E-003
 0.2100   1.3406134841959478        1.6190164937254045E-002   9.4182471527104239E-002   5.7475054504875728E-004  0.14835633753048055        1.8479535981785471E-003
 0.2300   1.3428433586158466        1.5639493324850824E-002  0.10240229103516045        6.2676860296318111E-004  0.16162494750660225        1.9462739952402894E-003
 0.2500   1.3450823128758755        1.5031941638673153E-002  0.11044802370333270        6.7752183383038044E-004  0.17470893438847682        2.0246556716946398E-003
 0.2700   1.3474675904681148        1.4353747202844581E-002  0.11831426582741521        7.2606971714949048E-004  0.18758456833632314        2.0794695729029981E-003
 0.2900   1.3501741826357936        1.3593012828356602E-002  0.12599623818179440        7.7108622901328309E-004  0.20021793912205388        2.1067636852373423E-003
 0.3100   1.3534034458922768        1.2743896304993020E-002  0.13348928382889388        8.1087933371602446E-004  0.21256500552634652        2.1030982771089572E-003
 0.3300   1.3573755307009727        1.1811263092556604E-002  0.14078835071592863        8.4347817945784468E-004  0.22457184784664888        2.0666737636437413E-003
 0.3500   1.3627564828454621        8.5407664292735559E-003  0.14788751635099248        8.6679643105953017E-004  0.23610029025495660        1.6334844847500046E-003
 0.3700   1.3684541551585574        7.5362646138133508E-003  0.15477962405014092        8.7886486604048621E-004  0.24731046896365122        1.5323066000310318E-003
 0.3900   1.3759422845547682        7.4107941234491589E-003  0.16145610208595679        8.7810624634998015E-004  0.25791364293300378        1.5561307310824044E-003
 0.4100   1.3850662701436700        6.4816656505065221E-003  0.16790702302834598        8.6360605710522230E-004  0.26789882191990311        1.4305127610451547E-003


