 # triplet j1
 0.0010   2.5211417947260188        34.476163203421351        4.7971599051171060E-004   3.8129285643319575E-006   3.8851681817420877E-004   5.3128982369471224E-003
 0.0020   1.2294859145751693        61.846913329875782        9.5943025333924384E-004   7.6259466300340694E-006   1.5933571824203224E-003   8.0150754639823005E-002
 0.0030   1.2056814381464871        72.538717507602357        1.4391410608147338E-003   1.1439143666595512E-005   2.4372199956530839E-003  0.14663310519739983     
 0.0040   1.1892696693645370        51.366989017842393        1.9188466853036410E-003   1.5252609081727129E-005   3.2944641704724239E-003  0.14229464514233681     
 0.0050   1.1868413170618641        86.561603979198694        2.3985453992209933E-003   1.9066432183270711E-005   4.1264949192801308E-003  0.30096358663984069     
 0.0060   1.1856119097469435        34.367592198347907        2.8782354750480636E-003   2.2880702157724892E-005   4.9569122473349450E-003  0.14368710273610941     
 0.0070   1.1849166543000669       0.60391695838664938        3.3579151853487211E-003   2.6695508027547948E-005   5.7864349527873490E-003   2.9492643752459112E-003
 0.0080   1.1844827152655293       0.29947906057007700        3.8375828027858621E-003   3.0510938622524239E-005   6.6154614550149810E-003   1.6728290105565535E-003
 0.0090   1.1841870468677449       0.19964660667259654        4.3172366001376986E-003   3.4327082553312831E-005   7.4442143772686853E-003   1.2553973590214390E-003
 0.0100   1.1828129330094099        56.627030027060172        4.7968748503141676E-003   3.8144028178081239E-005   8.2809111955996200E-003  0.39644765072753291     
 0.0300   1.1821629872595214        1.9562483348732024E-002   1.4383717063807012E-002   1.1478373573958029E-004   2.4850425725764125E-002   4.2301109333112028E-004
 0.0500   1.1797590265871354        1.5314906237844209E-002   2.3949861845362953E-002   1.9242692328739919E-004   4.1481857700841264E-002   5.6368785273562235E-004
 0.0700   1.1764282682655804        1.4503467566841345E-002   3.3481587087235684E-002   2.7156888294263282E-004   5.8197132205086696E-002   7.5529983877870716E-004
 0.0900   1.1726173709934151        1.4049355789660120E-002   4.2965259121189515E-002   3.5243874529932416E-004   7.4996094345662762E-002   9.4973248766837693E-004
 0.1100   1.1692282688437199        1.1748313904238626E-002   5.2387315294017238E-002   4.3488773494761119E-004   9.1817424135839626E-002   9.9819101407433919E-004
 0.1300   1.1653897361886962        1.0951374437675389E-002   6.1734192754034481E-002   5.1828448414294366E-004  0.10871222185863474        1.1188791501486922E-003
 0.1500   1.1639840906788752        1.2069328850787911E-002   7.0992190545950448E-002   6.0143346403061771E-004  0.12537728798579054        1.4043304200855511E-003
 0.1700   1.1608586820283757        8.7744721479653520E-003   8.0147259621378794E-002   6.8253777245215496E-004  0.14220158709700531        1.2336614207962403E-003
 0.1900   1.1587568842696248        7.0807674345990225E-003   8.9184728631400825E-002   7.5922911002400287E-004  0.15887103269859668        1.1831137071866328E-003
 0.2100   1.1580202641414368        6.2233175556304678E-003   9.8088991913981835E-002   8.2868396128794679E-004  0.17527445348887968        1.1980922071439615E-003
 0.2300   1.1594538194587434        7.4003088272102851E-003  0.10684320723060162        8.8783438890350575E-004  0.19120485627040354        1.4561741204234325E-003
 0.2500   1.1626547703133874        6.7642648901501132E-003  0.11542906944750943        9.3366437267862349E-004  0.20662926058682415        1.4640823917952790E-003
 0.2700   1.1676997382167158        6.1776880486931569E-003  0.12382673573788429        9.6356065937871582E-004  0.22144858483276164        1.4542811820120515E-003
 0.2900   1.1746733262816855        5.6498667354575394E-003  0.13201497147966140        9.7566603711189042E-004  0.23556376266901877        1.4287807463802258E-003
 0.3100   1.1836273687159764        5.1864895152722076E-003  0.13997156034498570        9.6917033878378693E-004  0.24888616051885859        1.3898976536399260E-003
 0.3300   1.1945848951743447        4.7889509347895922E-003  0.14767397929796047        9.4447725486940476E-004  0.26134063235078459        1.3401796394249751E-003
 0.3500   1.2075439149016320        4.4543513237859890E-003  0.15510028812544707        9.0320586263458542E-004  0.27286786229672821        1.2823315235743035E-003
 0.3700   1.2224811292656306        4.1762307874566801E-003  0.16223013714206808        8.4802053944754230E-004  0.28342585382479329        1.2191086501453202E-003
 0.3900   1.2393556540268544        3.9458525511928176E-003  0.16904576921754433        7.8232130864224468E-004  0.29299047505540582        1.1531633629923040E-003
 0.4100   1.2581127396929692        3.7536731340881303E-003  0.17553289126608437        7.0985625134271219E-004  0.30155505937453664        1.0868629732235732E-003


 # triplet j3
 0.0010   1.1817611237767200        1.4534064345727850E-002   4.7971599051171060E-004   3.8129285643319575E-006   8.2885277620457006E-004   1.0712762054092415E-005
 0.0020   1.1817567527581017        1.4533549244177194E-002   9.5943025333924384E-004   7.6259466300340694E-006   1.6577101912900703E-003   2.1424995690640489E-005
 0.0030   1.1817494690066692        1.4532690903240126E-002   1.4391410608147338E-003   1.1439143666595512E-005   2.4865768815689662E-003   3.2136172729247706E-005
 0.0040   1.1817392744295756        1.4531489559146302E-002   1.9188466853036410E-003   1.5252609081727129E-005   3.3154574782515130E-003   4.2845765448562845E-005
 0.0050   1.1817261716892622        1.4529945551161863E-002   2.3985453992209933E-003   1.9066432183270711E-005   4.1443566049202555E-003   5.3553246843132889E-005
 0.0060   1.1817101642259258        1.4528059308291839E-002   2.8782354750480636E-003   2.2880702157724892E-005   4.9732788749096398E-003   6.4258090829194027E-005
 0.0070   1.1816912562074382        1.4525831356392982E-002   3.3579151853487211E-003   2.6695508027547948E-005   5.8022288889460543E-003   7.4959772493494504E-005
 0.0080   1.1816694526119338        1.4523262313665797E-002   3.8375828027858621E-003   3.0510938622524239E-005   6.6312112322530706E-003   8.5657768299311537E-005
 0.0090   1.1816447591235908        1.4520352898314550E-002   4.3172366001376986E-003   3.4327082553312831E-005   7.4602304724868639E-003   9.6351556368749980E-005
 0.0100   1.1816171822201000        1.4517103914351513E-002   4.7968748503141676E-003   3.8144028178081239E-005   8.2892911567641475E-003   1.0704061662593000E-004
 0.0300   1.1804766130658972        1.4382828161676979E-002   1.4383717063807012E-002   1.1478373573958029E-004   2.4885925892544781E-002   3.1905307850209997E-004
 0.0500   1.1783125261056271        1.4127841605437534E-002   2.3949861845362953E-002   1.9242692328739919E-004   4.1532780971033800E-002   5.2518219891035576E-004
 0.0700   1.1753426684109469        1.3773942098310449E-002   3.3481587087235684E-002   2.7156888294263282E-004   5.8250885718815038E-002   7.2236742292421498E-004
 0.0900   1.1718567456190347        1.3343377887179896E-002   4.2965259121189515E-002   3.5243874529932416E-004   7.5044772592856371E-002   9.0824262407282756E-004
 0.1100   1.1697204881742544        1.1257365752134135E-002   5.2387315294017238E-002   4.3488773494761119E-004   9.1778787289262642E-002   9.6192428008042355E-004
 0.1300   1.1657901849323795        1.0503815133263074E-002   6.1734192754034481E-002   5.1828448414294366E-004  0.10867487922766308        1.0802172248376663E-003
 0.1500   1.1623196019944269        9.7533959321665850E-003   7.0992190545950448E-002   6.0143346403061771E-004  0.12555683333354262        1.1802156135171430E-003
 0.1700   1.1596475838092479        9.0241799367748558E-003   8.0147259621378794E-002   6.8253777245215496E-004  0.14235009780947938        1.2627314935377153E-003
 0.1900   1.1580768064974574        8.3293694737760857E-003   8.9184728631400825E-002   7.5922911002400287E-004  0.15896432932397889        1.3285520128808828E-003
 0.2100   1.1578625547581927        7.6781946406027654E-003   9.8088991913981835E-002   8.2868396128794679E-004  0.17529832715665189        1.3782754842091699E-003
 0.2300   1.1594536560713098        7.8901810277521838E-003  0.10684320723060162        8.8783438890350575E-004  0.19120488321453416        1.5245150440950188E-003
 0.2500   1.1630072761927648        8.1122269995846704E-003  0.11542906944750943        9.3366437267862349E-004  0.20656663154683508        1.6655236983649734E-003
 0.2700   1.1680838175816644        7.3741623509563847E-003  0.12382673573788429        9.6356065937871582E-004  0.22137576999657341        1.6416551273288806E-003
 0.2900   1.1750688613298115        6.6782454840730397E-003  0.13201497147966140        9.7566603711189042E-004  0.23548447052940868        1.5963486558067859E-003
 0.3100   1.1840222331867449        6.0418416984707509E-003  0.13997156034498570        9.6917033878378693E-004  0.24880315844398168        1.5342160595644611E-003
 0.3300   1.1949731413883884        5.4771545992366600E-003  0.14767397929796047        9.4447725486940476E-004  0.26125572290171695        1.4601052444757692E-003
 0.3500   1.2079237926444490        4.9901959154866581E-003  0.15510028812544707        9.0320586263458542E-004  0.27278204858211491        1.3786928855267983E-003
 0.3700   1.2228530674823881        4.5806483247014000E-003  0.16223013714206808        8.4802053944754230E-004  0.28333964812317813        1.2941714869167341E-003
 0.3900   1.2397204420244192        4.2426833406734674E-003  0.16904576921754433        7.8232130864224468E-004  0.29290426254726448        1.2100299896094535E-003
 0.4100   1.2584701684446837        3.9665470681672001E-003  0.17553289126608437        7.0985625134271219E-004  0.30146941217276096        1.1289152564922321E-003


