 # triplet j1
 0.0010   1.2014421333299472        79.393833186586292        4.9392783286602193E-004   4.1989922419965623E-006   8.2726355009988856E-004   5.4667322388476866E-002
 0.0020   1.0637592740037243        98.608322342350476        9.8806355023671921E-004   8.4241737980727904E-006   1.8688699266143991E-003  0.17324044343301612     
 0.0030   1.0551712592359810        78.317655198288321        1.4824043804849039E-003   1.2675497577261706E-005   2.8264155685833437E-003  0.20978418278269409     
 0.0040   1.0518949287357167        56.239677798931233        1.9769475448707320E-003   1.6952911053604926E-005   3.7806824842127841E-003  0.20213460455738541     
 0.0050   1.0489902764395223        78.355710619739753        2.4716902575837767E-003   2.1256356226894717E-005   4.7394239661568147E-003  0.35401751737130405     
 0.0060   1.0478270901738373        77.311720561362250        2.9666297257847367E-003   2.5585769589190158E-005   5.6941994190374910E-003  0.42013454241208803     
 0.0070   1.0469748639673659        34.305367481926552        3.4617631496460769E-003   2.9941082097670205E-005   6.6493078126670770E-003  0.21787242258742678     
 0.0080   1.0462409138604640       0.53979363065052144        3.9570877223923133E-003   3.4322219142753383E-005   7.6052961645648757E-003   3.9239867252333898E-003
 0.0090   1.0455672100333908       0.31385812994650519        4.4526006303393616E-003   3.8729100503550619E-005   8.5623143744670387E-003   2.5705033425004265E-003
 0.0100   1.0446890794246937        77.212692783252166        4.9482990529332166E-003   4.3161640343539236E-005   9.5226081175626923E-003  0.70381344156641756     
 0.0300   1.0351280856340876        1.7051429182318608E-002   1.4896822584579918E-002   1.3701755016046806E-004   2.8882072624954045E-002   4.9396110394311573E-004
 0.0500   1.0288843122956082        4.3678403013104460E-002   2.4895164672496532E-002   2.3979807415415471E-004   4.8494329188157700E-002   2.0718969848069805E-003
 0.0700   1.0219204884281405        1.7459530390833797E-002   3.4919145019589863E-002   3.4932205527149241E-004   6.8419313499127429E-002   1.2180109108275456E-003
 0.0900   1.0163670987695184        9.4866476239065019E-003   4.4943576120158382E-002   4.6247577809105405E-004   8.8495149568482631E-002   9.4318167961412352E-004
 0.1100   1.0123976802547279        6.8842542480769976E-003   5.4942190662979160E-002   5.7532836389410848E-004  0.10859583897583144        9.3198086851799993E-004
 0.1300   1.0106468815817462        6.2569066755168348E-003   6.4887507671787484E-002   6.8335240151666239E-004  0.12851913098974285        1.0445345322853273E-003
 0.1500   1.0112828651428400        5.8909842818926517E-003   7.4750683054998851E-002   7.8174903890685591E-004  0.14807971209151505        1.1591579887651571E-003
 0.1700   1.0139124014113854        5.5465856239616113E-003   8.4501413871335931E-002   8.6585786840538920E-004  0.16717487658855584        1.2529718342541322E-003
 0.1900   1.0185586198744614        5.2208574095894949E-003   9.4107978266894862E-002   9.3160968569642099E-004  0.18566027593645826        1.3229190158549357E-003
 0.2100   1.0252301216299704        4.9141479414481406E-003  0.10353748799940722        9.7596046251195809E-004  0.20340053916006065        1.3672996313605370E-003
 0.2300   1.0339210948917563        4.6277317196332778E-003  0.11275640449562729        9.9723515105380463E-004  0.22027343738783681        1.3859468960729100E-003
 0.2500   1.0446118969727107        4.3626901778537350E-003  0.12173132500883675        9.9531655150970053E-004  0.23617352359634305        1.3802565558243584E-003
 0.2700   1.0572700236015884        4.1193994981212970E-003  0.13042999162354779        9.7163917499846944E-004  0.25101501130588294        1.3530299643242343E-003
 0.2900   1.0718514124806642        3.8973961928321327E-003  0.13882242609579801        9.2898592856472935E-004  0.26473369856459483        1.3081397433895344E-003
 0.3100   1.0883020234672074        3.6954819484389251E-003  0.14688206154126249        8.7112589190356385E-004  0.27728781641241063        1.2500706605070705E-003
 0.3300   1.1065596083137370        3.5119591569250526E-003  0.15458673668984696        8.0236209360123629E-004  0.28865778111734236        1.1834180207543361E-003
 0.3500   1.1265555576572965        3.3449075657697980E-003  0.16191944055573018        7.2707010351722096E-004  0.29884493730428785        1.1124327478081984E-003
 0.3700   1.1482167138699371        3.1924341302404405E-003  0.16886873757123053        6.4929961178655153E-004  0.30786946988044500        1.0406851144885492E-003
 0.3900   1.1706516892030012        2.9539695722765958E-003  0.17542885336297773        5.7248718043004731E-004  0.31598765619949115        9.4952561554938761E-004
 0.4100   1.1954334353225964        2.7811903471388062E-003  0.18159944719178434        4.9929836232000886E-004  0.32280391163714628        8.7231899917691695E-004


 # triplet j3
 0.0010   1.0491739908089706        1.0487291043388790E-002   4.9392783286602193E-004   4.1989922419965623E-006   9.4732550860487626E-004   1.0289844388494834E-005
 0.0020   1.0486327908596849        1.0421244574741922E-002   9.8806355023671921E-004   8.4241737980727904E-006   1.8958282953491393E-003   2.0500863455337683E-005
 0.0030   1.0480946791526562        1.0356326605508479E-002   1.4824043804849039E-003   1.2675497577261706E-005   2.8454991079979374E-003   3.0635658951962468E-005
 0.0040   1.0475596699246343        1.0292519909786838E-002   1.9769475448707320E-003   1.6952911053604926E-005   3.7963285972907792E-003   4.0696778764201154E-005
 0.0050   1.0470277772118002        1.0229807153746110E-002   2.4716902575837767E-003   2.1256356226894717E-005   4.7483073177505986E-003   5.0686716042826027E-005
 0.0060   1.0464990154803560        1.0168171135588575E-002   2.9666297257847367E-003   2.5585769589190158E-005   5.7014257250695023E-003   6.0607909478674044E-005
 0.0070   1.0459733991183306        1.0107594904476869E-002   3.4617631496460769E-003   2.9941082097670205E-005   6.6556741772901308E-003   7.0462744160319822E-005
 0.0080   1.0454509427276213        1.0048061346657909E-002   3.9570877223923133E-003   3.4322219142753383E-005   7.6110429329508235E-003   8.0253549439025356E-005
 0.0090   1.0449316609734860        9.9895537071790722E-003   4.4526006303393616E-003   3.8729100503550619E-005   8.5675221512571814E-003   8.9982601769126805E-005
 0.0100   1.0444155688600365        9.9320551092618118E-003   4.9482990529332166E-003   4.3161640343539236E-005   9.5251018892000567E-003   9.9652121800098437E-005
 0.0300   1.0347874907627688        8.9691832077868714E-003   1.4896822584579918E-002   1.3701755016046806E-004   2.8891579007565869E-002   2.8348811982985717E-004
 0.0500   1.0265707495236678        8.2831197690682624E-003   2.4895164672496532E-002   2.3979807415415471E-004   4.8603619925997252E-002   4.5671821003817191E-004
 0.0700   1.0198995055365434        7.7780549588014752E-003   3.4919145019589863E-002   3.4932205527149241E-004   6.8554889858647106E-002   6.2523821079539749E-004
 0.0900   1.0148993571794800        7.3850145010785542E-003   4.4943576120158382E-002   4.6247577809105405E-004   8.8623130742792669E-002   7.8979386734770571E-004
 0.1100   1.0116782088044720        7.0572575080109362E-003   5.4942190662979160E-002   5.7532836389410848E-004  0.10867306867701482        9.4785643647695816E-004
 0.1300   1.0108919132357950        8.0170876695167623E-003   6.4887507671787484E-002   6.8335240151666239E-004  0.12848797903884582        1.2231582896191514E-003
 0.1500   1.0116248906310463        7.5331881891653662E-003   7.4750683054998851E-002   7.8174903890685591E-004  0.14802964705625288        1.3469483328026808E-003
 0.1700   1.0143150344795031        7.0318759252102313E-003   8.4501413871335931E-002   8.6585786840538920E-004  0.16710851640342109        1.4405294550098148E-003
 0.1900   1.0189976009912507        6.5248279751596574E-003   9.4107978266894862E-002   9.3160968569642099E-004  0.18558029404524012        1.5019412509236765E-003
 0.2100   1.0256899113383291        6.0257732305363720E-003  0.10353748799940722        9.7596046251195809E-004  0.20330936006826442        1.5312711324728724E-003
 0.2300   1.0343922206211336        5.5481931107276726E-003  0.11275640449562729        9.9723515105380463E-004  0.22017311133957101        1.5305482764418597E-003
 0.2500   1.0450888115113175        5.1035757742094040E-003  0.12173132500883675        9.9531655150970053E-004  0.23606574846202294        1.5034371704937312E-003
 0.2700   1.0577493231490200        4.7002150556880156E-003  0.13042999162354779        9.7163917499846944E-004  0.25090126849491212        1.4547811191945562E-003
 0.2900   1.0723303993255764        4.3425926945644417E-003  0.13882242609579801        9.2898592856472935E-004  0.26461544773528217        1.3900568477764571E-003
 0.3100   1.0887776857229361        4.0313596636521619E-003  0.14688206154126249        8.7112589190356385E-004  0.27716667565983061        1.3148089585632015E-003
 0.3300   1.1070280909181445        3.7638697582349544E-003  0.15458673668984696        8.0236209360123629E-004  0.28853562419089240        1.2341374795692946E-003
 0.3500   1.1270121248985565        3.5351302839161146E-003  0.16191944055573018        7.2707010351722096E-004  0.29872387134095424        1.1523079193626240E-003
 0.3700   1.1486560989095280        3.3389460401969740E-003  0.16886873757123053        6.4929961178655153E-004  0.30775170335368324        1.0725334138549400E-003
 0.3900   1.1718840228128191        3.1689943487872470E-003  0.17542885336297773        5.7248718043004731E-004  0.31565536887289414        9.9694178719983277E-004
 0.4100   1.1957864237965485        2.8557404517763813E-003  0.18159944719178434        4.9929836232000886E-004  0.32270862199521105        8.8924934233314474E-004


