 # triplet j1
 0.0010   2.8196697673954776        56.485534072015163        4.7166331780697842E-004   3.3192124082931950E-006   3.4445524396860250E-004   6.9003607956452046E-003
 0.0020   1.3257459350071814        62.148838740410739        9.4332392501832521E-004   6.6383759640558986E-006   1.4652108169079408E-003   6.8686728454295520E-002
 0.0030   1.2930575155794553        73.948528629452738        1.4149791166074225E-003   9.9574430741513952E-006   2.2533715014187105E-003  0.12886782319668807     
 0.0040   1.2725974550167392        61.904287992360956        1.8866261936957567E-003   1.3276367516858883E-005   3.0527895966532223E-003  0.14850003520020566     
 0.0050   1.2696313899736522        68.458959453030161        2.3582624636318476E-003   1.6595104438383542E-005   3.8248853160506623E-003  0.20623912687517632     
 0.0060   1.2681189730787583        84.812628603082899        2.8298852400698610E-003   1.9913610355219451E-005   4.5953123324615755E-003  0.30733750301151375     
 0.0070   1.2672817355839392        34.500087606302806        3.3014918430473482E-003   2.3231843136180324E-005   5.3647063696595394E-003  0.14604711492648131     
 0.0080   1.2667756394239389        34.255309131946426        3.7730795990626215E-003   2.6549762016448791E-005   6.1334986201584795E-003  0.16585801505292416     
 0.0090   1.2664656990308147       0.52647449489393627        4.2446458411512025E-003   2.9867327580453239E-005   6.9018187612003195E-003   2.8692144455541801E-003
 0.0100   1.2662674257975488       0.30664166583787744        4.7161879089620239E-003   3.3184501754117726E-005   7.6698189641414422E-003   1.8575335696518118E-003
 0.0300   1.2661531238226347        2.7950461265027818E-002   1.4137917397621477E-002   9.9398814973155068E-005   2.3002874730301489E-002   5.1418897642228803E-004
 0.0500   1.2667427824075783        1.9362217153270470E-002   2.3528399920514521E-002   1.6527117582324931E-004   3.8291974254428388E-002   6.0054685790219360E-004
 0.0700   1.2672156795753369        1.7828915232136814E-002   3.2868318478472436E-002   2.3079204111999528E-004   5.3530613795482719E-002   7.7623645703889558E-004
 0.0900   1.2675134931974272        1.7246422331689062E-002   4.2139806772921826E-002   2.9607850769193311E-004   6.8711579383298624E-002   9.6558317716914123E-004
 0.1100   1.2675917111723107        1.6872183520240804E-002   5.1326551507522501E-002   3.6130435358269980E-004   8.3830680741786248E-002   1.1541735074192300E-003
 0.1300   1.2674070268715694        1.6547026887449502E-002   6.0413827522062737E-002   4.2661600962263683E-004   9.8886894667967309E-002   1.3374269622977693E-003
 0.1500   1.2669742830952324        1.6219374733388723E-002   6.9388459068407599E-002   4.9203832591862074E-004  0.11387711319946094        1.5126950127268522E-003
 0.1700   1.2663811414059516        1.5863517668453352E-002   7.8238701179239326E-002   5.5737525676243091E-004  0.12879109632760644        1.6772785204891597E-003
 0.1900   1.2657829734004193        1.5460644925214874E-002   8.6954036361946416E-002   6.2211339962783797E-004  0.14360759928570860        1.8277457553006703E-003
 0.2100   1.2662437651532865        1.2433055197209148E-002   9.5524885007968616E-002   6.8534050791296982E-004  0.15818510496494201        1.6536059573363890E-003
 0.2300   1.2661199630005742        1.1627496240273772E-002  0.10394223440429647        7.4569565702951553E-004  0.17270308031430698        1.7027239684926300E-003
 0.2500   1.2684402558256906        9.0180190631446808E-003  0.11219720218187570        8.0137082186974157E-004  0.18672651821082989        1.4856130411535536E-003
 0.2700   1.2690825286050491        7.5092724730137506E-003  0.12028056542438910        8.5018282830303900E-004  0.20081897458632403        1.3840820570849854E-003
 0.2900   1.2710018358975015        6.5219189278774821E-003  0.12818230457637275        8.8972771037968009E-004  0.21452694918013021        1.3289458426447021E-003
 0.3100   1.2744893195596050        5.8736704400526142E-003  0.13589122749456900        9.1761535217870329E-004  0.22774841079552197        1.3011378306857159E-003
 0.3300   1.2802037432151374        6.3160971002331808E-003  0.14339474734164120        9.3176232382318511E-004  0.24030316817340777        1.4195527505873843E-003
 0.3500   1.2875932199372766        5.6517946705742887E-003  0.15067888212897321        9.3069968751067903E-004  0.25222988020628118        1.3537248976636675E-003
 0.3700   1.2974681452755135        5.9916551496434992E-003  0.15772851966314966        9.1383760391306411E-004  0.26331419338105216        1.4354221661360828E-003
 0.3900   1.3088363784337327        5.4494256302977514E-003  0.16452795088341648        8.8162734471924627E-004  0.27370440579403471        1.3551471454159767E-003
 0.4100   1.3221993831624967        5.0027227112216018E-003  0.17106162521652638        8.3557777821189716E-004  0.28326066663373656        1.2756446704132143E-003


 # triplet j3
 0.0010   1.2644036672296211        1.7021996537835034E-002   4.7166331780697842E-004   3.3192124082931950E-006   7.6814870346521920E-004   1.0688557228799322E-005
 0.0020   1.2644054290630584        1.7021800400547682E-002   9.4332392501832521E-004   6.6383759640558986E-006   1.5362930590100922E-003   2.1376789375931276E-005
 0.0030   1.2644083372239288        1.7021472634598436E-002   1.4149791166074225E-003   9.9574430741513952E-006   2.3044287747258003E-003   3.2064371533092930E-005
 0.0040   1.2644123685733968        1.7021012529784302E-002   1.8866261936957567E-003   1.3276367516858883E-005   3.0725516199954454E-003   4.2750978995923482E-005
 0.0050   1.2644174999304254        1.7020419375060103E-002   2.3582624636318476E-003   1.6595104438383542E-005   3.8406574257113862E-003   5.3436287272685825E-005
 0.0060   1.2644237080727694        1.7019692474161418E-002   2.8298852400698610E-003   1.9913610355219451E-005   4.6087420844864065E-003   6.4119972148978411E-005
 0.0070   1.2644309697610843        1.7018831111206296E-002   3.3014918430473482E-003   2.3231843136180324E-005   5.3768015507599885E-003   7.4801709594630428E-005
 0.0080   1.2644392617296831        1.7017834587221638E-002   3.7730795990626215E-003   2.6549762016448791E-005   6.1448318409762859E-003   8.5481175891198298E-005
 0.0090   1.2644485606904159        1.7016702193390937E-002   4.2446458411512025E-003   2.9867327580453239E-005   6.9128290337210933E-003   9.6158047545921840E-005
 0.0100   1.2644588432819779        1.7015433238181967E-002   4.7161879089620239E-003   3.3184501754117726E-005   7.6807892701738134E-003   1.0683200143830867E-004
 0.0300   1.2648351327305671        1.6960321848188572E-002   1.4137917397621477E-002   9.9398814973155068E-005   2.3026844323809723E-002   3.1920384013873750E-004
 0.0500   1.2654108198324070        1.6845106115276089E-002   2.3528399920514521E-002   1.6527117582324931E-004   3.8332280118608585E-002   5.2773922322988049E-004
 0.0700   1.2660130784777970        1.6665699725744471E-002   3.2868318478472436E-002   2.3079204111999528E-004   5.3581463171367388E-002   7.2999708506012650E-004
 0.0900   1.2664963777149765        1.6419995665451666E-002   4.2139806772921826E-002   2.9607850769193311E-004   6.8766761231777732E-002   9.2370448025645376E-004
 0.1100   1.2667584905839504        1.6108200258783827E-002   5.1326551507522501E-002   3.6130435358269980E-004   8.3885821046469050E-002   1.1068055535166342E-003
 0.1300   1.2667542410788062        1.5732145832777933E-002   6.0413827522062737E-002   4.2661600962263683E-004   9.8937853218439384E-002   1.2774265718228071E-003
 0.1500   1.2665038947456009        1.5293613848960844E-002   6.9388459068407599E-002   4.9203832591862074E-004  0.11391940795083196        1.4336995575505477E-003
 0.1700   1.2660937978465332        1.4792374788001392E-002   7.8238701179239326E-002   5.5737525676243091E-004  0.12882032583027292        1.5734628910571322E-003
 0.1900   1.2656688344834932        1.4224984154060226E-002   8.6954036361946416E-002   6.2211339962783797E-004  0.14362054992129214        1.6939568414920897E-003
 0.2100   1.2654190684831312        1.3585229816098205E-002   9.5524885007968616E-002   6.8534050791296982E-004  0.15828819708089148        1.7916986778520403E-003
 0.2300   1.2655652822570564        1.2866793751514673E-002  0.10394223440429647        7.4569565702951553E-004  0.17277877382007834        1.8627410453334024E-003
 0.2500   1.2673355131175947        9.9447318532254244E-003  0.11219720218187570        8.0137082186974157E-004  0.18688928865106957        1.6112489695594462E-003
 0.2700   1.2684703094804985        8.9925448220905674E-003  0.12028056542438910        8.5018282830303900E-004  0.20091589858674841        1.5915311238647531E-003
 0.2900   1.2708433201932885        8.0868573810200222E-003  0.12818230457637275        8.8972771037968009E-004  0.21455370770329482        1.5551421595252485E-003
 0.3100   1.2748802726959809        8.1181558939070839E-003  0.13589122749456900        9.1761535217870329E-004  0.22767856976227979        1.6409911167375236E-003
 0.3300   1.2805065339737405        7.2279988815059449E-003  0.14339474734164120        9.3176232382318511E-004  0.24024634567648528        1.5646952634272039E-003
 0.3500   1.2879191680401070        6.4151764157948802E-003  0.15067888212897321        9.3069968751067903E-004  0.25216604557055983        1.4778886138941086E-003
 0.3700   1.2972271968802300        5.6970329579478333E-003  0.15772851966314966        9.1383760391306411E-004  0.26336310164669990        1.3855722420570088E-003
 0.3900   1.3084985181268109        5.0823638360851303E-003  0.16452795088341648        8.8162734471924627E-004  0.27377507752446950        1.2918247718739920E-003
 0.4100   1.3217657809524777        4.5712460881165515E-003  0.17106162521652638        8.3557777821189716E-004  0.28335358964084856        1.1996862211173960E-003


