 # triplet j1
 0.0010  0.29588572900457372        7.4208362282270943E-002   3.7772235236989332E-002   1.8440804474966213E-003   2.9374962554782856E-002   7.4020761152107945E-003
 0.0020  0.37441356193104502        6.3211644693607363E-002   3.8339005157126661E-002   1.8346283571138487E-003   3.3074923172573462E-002   5.6397838781586662E-003
 0.0030  0.40531105099879561        5.2724684040663307E-002   3.8905386204472155E-002   1.8251995917720790E-003   3.7695720222250595E-002   4.9827129927773918E-003
 0.0040  0.42117118463909009        4.3977884159566577E-002   3.9471371537275118E-002   1.8157942496204223E-003   4.2191741523820984E-002   4.5112026944986701E-003
 0.0050  0.43116233765060441        3.7164712761935316E-002   4.0036954327509110E-002   1.8064124295717125E-003   4.6407662965433041E-002   4.1349125029250351E-003
 0.0060  0.43838576106703320        3.1887836598884771E-002   4.0602127761450349E-002   1.7970542312889387E-003   5.0351055623945061E-002   3.8282476350153371E-003
 0.0070  0.44409238778583671        2.7747631024001611E-002   4.1166885040259844E-002   1.7877197551675909E-003   5.4058587298754970E-002   3.5758094863987109E-003
 0.0080  0.44886656956228987        2.4444780073729529E-002   4.1731219380555101E-002   1.7784091022651179E-003   5.7566956225079347E-002   3.3664604739551012E-003
 0.0090  0.45301569934240632        2.1767681495854396E-002   4.2295124014984205E-002   1.7691223743117983E-003   6.0907132166554481E-002   3.1918229286378125E-003
 0.0100  0.45671762219238826        1.9566966600873030E-002   4.2858592192792214E-002   1.7598596736327992E-003   6.4104154961434665E-002   3.0454599483511046E-003
 0.0300  0.50132677491518518        6.7331016601633580E-003   5.4026074157868795E-002   1.5798129764715259E-003  0.11356811836352415        2.2546889253407120E-003
 0.0500  0.53233364492363733        5.1109875177445052E-003   6.4964558670391526E-002   1.4102669063164725E-003  0.15140992021657329        2.1941022413437938E-003
 0.0700  0.56054994719986140        4.5812522968101286E-003   7.5626517250319894E-002   1.2520377758772269E-003  0.18356367854914696        2.1353105897675235E-003
 0.0900  0.58797391895952367        4.2600722738676440E-003   8.5970141571730857E-002   1.1058121175581187E-003  0.21156898922659564        2.0496825582763459E-003
 0.1100  0.61533682641592657        4.0009270143203223E-003   9.5960234910114364E-002   9.7206302750887279E-004  0.23612614903668430        1.9461383311414756E-003
 0.1300  0.64297704538694278        3.7730503878125338E-003  0.10556869030207520        8.5099688675692778E-004  0.25766698287327666        1.8343240343390035E-003
 0.1500  0.67106966537994595        3.5688040716791210E-003  0.11477458409984204        7.4253324152521723E-004  0.27651320977245281        1.7211828211387730E-003
 0.1700  0.69970895926752963        3.3850855079183896E-003  0.12356394255403315        6.4631517630994370E-004  0.29293273212072285        1.6109862299967411E-003
 0.1900  0.72894464609582932        3.2194587812132643E-003  0.13192925472177722        5.6174373814307516E-004  0.30716222321804554        1.5059985913805829E-003
 0.2100  0.75880020746694354        3.0695993882070738E-003  0.13986880891465706        4.8802813049145775E-004  0.31941671764572815        1.4071863682552286E-003
 0.2300  0.78928305238179974        2.9333731966181983E-003  0.14738592503150605        4.2424329298390047E-004  0.32989379272057717        1.3147734608101702E-003
 0.2500  0.82039055661749249        2.8089345237321691E-003  0.15448814478169104        3.6938766329394141E-004  0.33877544814954408        1.2286090375429959E-003
 0.2700  0.85296345790188144        2.3778786149966265E-003  0.16118642893895041        3.2243574707654953E-004  0.34588417376014391        1.0244324699695824E-003
 0.2900  0.88526549249812481        2.2653045572051901E-003  0.16749439758916920        2.8238211164675144E-004  0.35207939035471869        9.4856114196002620E-004
 0.3100  0.91815619588495734        2.1616722934359612E-003  0.17342763727652769        2.4827519839482325E-004  0.35713994648192132        8.7883829153412524E-004
 0.3300  0.95162022080447473        2.0664569122535166E-003  0.17900308876593105        2.1924073126794086E-004  0.36119237087237394        8.1492718562290042E-004
 0.3500  0.98564193110161824        1.9791392956648112E-003  0.18423852108640523        1.9449551039987185E-004  0.36435108611808698        7.5646112379969732E-004
 0.3700   1.0202059395891165        1.8992018137154927E-003  0.18915209154166138        1.7335299301893755E-004  0.36671914731760019        7.0305773010555174E-004
 0.3900   1.0552974931571892        1.8261313364344146E-003  0.19376198723444432        1.5522238560029640E-004  0.36838902634005222        6.5433087027417743E-004
 0.4100   1.0909027440808490        1.7594254378472392E-003  0.19808614103730071        1.3960308651481443E-004  0.36944342154403564        6.0990029610331605E-004


 # triplet j3
 0.0010  0.55838426348821724        2.4875732530341140E-002   3.7772235236989332E-002   1.8440804474966213E-003   1.5565682592320024E-002   7.9071993002099235E-004
 0.0020  0.55188838494996850        2.7157510894106222E-002   3.8339005157126661E-002   1.8346283571138487E-003   2.2438775907127551E-002   1.2277790033526934E-003
 0.0030  0.49954700898062204        2.8517526869625848E-002   3.8905386204472155E-002   1.8251995917720790E-003   3.0584693145524592E-002   1.8876296530649607E-003
 0.0040  0.49650520706049395        2.6224062301679309E-002   3.9471371537275118E-002   1.8157942496204223E-003   3.5790049141234667E-002   2.0618086290726625E-003
 0.0050  0.49461682972272575        2.4200705922716247E-002   4.0036954327509110E-002   1.8064124295717125E-003   4.0454014596095218E-002   2.1796007216674245E-003
 0.0060  0.49345076157498641        2.2412668696589436E-002   4.0602127761450349E-002   1.7970542312889387E-003   4.4732296632350753E-002   2.2600836865054046E-003
 0.0070  0.49277744225068898        2.0827493726282120E-002   4.1166885040259844E-002   1.7877197551675909E-003   4.8717747720319143E-002   2.3149040725731792E-003
 0.0080  0.49246025469308907        1.9419698713831417E-002   4.1731219380555101E-002   1.7784091022651179E-003   5.2471000277977353E-002   2.3518894404113509E-003
 0.0090  0.49241150964034403        1.8168332386593981E-002   4.2295124014984205E-002   1.7691223743117983E-003   5.6034204183255359E-002   2.3765101002435592E-003
 0.0100  0.49257183115653735        1.7055276534919343E-002   4.2858592192792214E-002   1.7598596736327992E-003   5.9438025836549627E-002   2.3926366730035323E-003
 0.0300  0.51143703303015731        8.3274862432657446E-003   5.4026074157868795E-002   1.5798129764715259E-003  0.11132306586217501        2.4361432853437638E-003
 0.0500  0.53694337452011220        6.4643517156153770E-003   6.4964558670391526E-002   1.4102669063164725E-003  0.15011004610778850        2.4332352761408408E-003
 0.0700  0.56326779446533148        5.6056795101033525E-003   7.5626517250319894E-002   1.2520377758772269E-003  0.18267795767767764        2.3647104670722406E-003
 0.0900  0.58993363079859595        5.0236368385354864E-003   8.5970141571730857E-002   1.1058121175581187E-003  0.21086617414482678        2.2502290744858791E-003
 0.1100  0.61696642666497592        4.5645360602573903E-003   9.5960234910114364E-002   9.7206302750887279E-004  0.23550246642666409        2.1115146496576125E-003
 0.1300  0.64444893678599502        4.1801950866924694E-003  0.10556869030207520        8.5099688675692778E-004  0.25707848346818435        1.9632355767624939E-003
 0.1500  0.67245239640720478        3.8496426186609110E-003  0.11477458409984204        7.4253324152521723E-004  0.27594462916118268        1.8144633581615240E-003
 0.1700  0.70102718144390519        3.5612309638880617E-003  0.12356394255403315        6.4631517630994370E-004  0.29238189695499867        1.6705836562767957E-003
 0.1900  0.73020492890306954        3.3074395236674316E-003  0.13192925472177722        5.6174373814307516E-004  0.30663208263198166        1.5346480600786365E-003
 0.2100  0.76000250306294914        3.0829593516920771E-003  0.13986880891465706        4.8802813049145775E-004  0.31891141231927428        1.4082346983868435E-003
 0.2300  0.79042570544151625        2.8837994488799066E-003  0.14738592503150605        4.2424329298390047E-004  0.32941689255268208        1.2919816616754577E-003
 0.2500  0.82147233212631698        2.7067973480004292E-003  0.15448814478169104        3.6938766329394141E-004  0.33832932358945011        1.1859234173164173E-003
 0.2700  0.85313458487544558        2.5493325218413692E-003  0.16118642893895041        3.2243574707654953E-004  0.34581479418872735        1.0897117308819586E-003
 0.2900  0.88540093382259344        2.4091571198548811E-003  0.16749439758916920        2.8238211164675144E-004  0.35202553215655547        1.0027666278224496E-003
 0.3100  0.91825753597946136        2.2842967009845051E-003  0.17342763727652769        2.4827519839482325E-004  0.35710053205349623        9.2438149887042929E-004
 0.3300  0.95168930334720125        2.1729927083163456E-003  0.17900308876593105        2.1924073126794086E-004  0.36116615213974185        8.5379613059235831E-004
 0.3500  0.98568069888279797        2.0736693910372388E-003  0.18423852108640523        1.9449551039987185E-004  0.36433675583527309        7.9024644748217803E-004
 0.3700   1.0202163211370356        1.9849124073808852E-003  0.18915209154166138        1.7335299301893755E-004  0.36671541564587345        7.3299637327730596E-004
 0.3900   1.0552813278015130        1.9054558902682872E-003  0.19376198723444432        1.5522238560029640E-004  0.36839466951735589        6.8135762640732862E-004
 0.4100   1.0908617362773130        1.8341707339649448E-003  0.19808614103730071        1.3960308651481443E-004  0.36945730970487628        6.3469975760839807E-004


