 # triplet j1
 0.0010  0.12008461927345759        2.4640457414001862E-002   6.0350484977978303        4.9889337267872300E-002  0.91488813335331887       0.18776622150829039     
 0.0020  0.13884245596103789        1.9671389287089280E-002   3.1391756023749893        2.6053258019484375E-002  0.80707800838780763       0.11439695313309352     
 0.0030  0.15136556252770686        1.6683702146567187E-002   2.1531777231778997        1.7626523219782721E-002  0.75091103223361066        8.2823405960593371E-002
 0.0040  0.16053423403639130        1.4808887626992713E-002   1.6526373245293176        1.3214079786054935E-002  0.71625243558753982        6.6134543402124157E-002
 0.0050  0.16844661450777187        1.3549935533998780E-002   1.3487516800420316        1.0492391360215307E-002  0.68945148683282498        5.5524644678946869E-002
 0.0060  0.17587669869225117        1.2695955378943727E-002   1.1442013919962131        8.6545637253122396E-003  0.66624437266863801        4.8159929908477984E-002
 0.0070  0.18301252244709162        1.2066820711000702E-002  0.99691024267942141        7.3387890612435667E-003  0.64552228535771727        4.2628392666486166E-002
 0.0080  0.18986175651721951        1.1541876450304030E-002  0.88568158087780480        6.3562449392511496E-003  0.62699099487382182        3.8181721740025154E-002
 0.0090  0.19639961659495889        1.1060465288291148E-002  0.79866046161509718        5.5982230074118587E-003  0.61048740628538922        3.4446798409170976E-002
 0.0100  0.20261102455607891        1.0599798045579008E-002  0.72869051048555133        4.9977591310416195E-003  0.59583153104592790        3.1238417063835639E-002
 0.0300  0.28346515348672569        5.7836776723728354E-003  0.30253556326543890        1.5693027858857665E-003  0.47529600454430571        9.7757305023705374E-003
 0.0500  0.33804576978233758        4.1160497708223201E-003  0.22008761465010954        9.4027874605149089E-004  0.43885625839954151        5.4251299931219448E-003
 0.0700  0.38389676888555291        3.7389475066992132E-003  0.18894095143997736        6.8185649680953578E-004  0.42365526694434341        4.1963907651404522E-003
 0.0900  0.42746610161356030        3.1064220326829377E-003  0.17505343468773632        5.3805717297759979E-004  0.41525979975269606        3.0844618107279988E-003
 0.1100  0.46847966507322797        2.8905874270277274E-003  0.16891417382202251        4.4484524638612811E-004  0.41148465338948770        2.5960930095946786E-003
 0.1300  0.50846122248169134        2.7138484746438212E-003  0.16681285586095615        3.7896936144040516E-004  0.40958457764381279        2.2350664033936140E-003
 0.1500  0.54778372555709576        2.5614973763034808E-003  0.16700597529800437        3.2971478183730919E-004  0.40861801241346468        1.9528541294723135E-003
 0.1700  0.58668281682014178        2.4270036758571724E-003  0.16857018386532471        2.9135156705961440E-004  0.40806229737587940        1.7245221443665810E-003
 0.1900  0.62531588868831844        2.3067644216327888E-003  0.17097428326649411        2.6050940278903240E-004  0.40762210780776958        1.5354325987301494E-003
 0.2100  0.66379280597362889        2.1983889149567453E-003  0.17389385214565978        2.3507168881123692E-004  0.40713104316383603        1.3761550742776741E-003
 0.2300  0.70219318791081708        2.1001104427359964E-003  0.17712182293059756        2.1364383559683642E-004  0.40649793197788492        1.2402208827817847E-003
 0.2500  0.74057665882910539        2.0105635675185421E-003  0.18052165033410464        1.9527262640207810E-004  0.40567629364619712        1.1229983360163693E-003
 0.2700  0.77898919183111748        1.9286790777875108E-003  0.18400113988178388        1.7928721164806990E-004  0.40464642200312667        1.0210654599951872E-003
 0.2900  0.81746718270050300        1.8536175962319216E-003  0.18749703073932497        1.6520384716894488E-004  0.40340461950762102        9.3182980852141281E-004
 0.3100  0.85604015475759665        1.7847203037339673E-003  0.19096550897756864        1.5266623812234159E-004  0.40195661038657793        8.5328501147247993E-004
 0.3300  0.89473260926557308        1.7214704563095653E-003  0.19437615260078636        1.4140688570845816E-004  0.40031345983398209        7.8384890895231778E-004
 0.3500  0.93356532586492180        1.6634635799762092E-003  0.19770794537161263        1.3122136592738737E-004  0.39848902842544986        7.2225307205906310E-004
 0.3700  0.97255629910348018        1.6103848714319976E-003  0.20094658244043501        1.2195083504524149E-004  0.39649838345234817        6.6746579376011971E-004
 0.3900   1.0117214278361588        1.5619918076744763E-003  0.20408260760712546        1.1346991362724696E-004  0.39435681502910847        6.1863715494253515E-004
 0.4100   1.0508048728603909        1.6924864721177648E-003  0.20711010042792741        1.0567816682864205E-004  0.39218004115839145        6.3954281974729630E-004


 # triplet j3
 0.0010  0.19946835109774527        4.8551856354726641E-002   6.0350484977978303        4.9889337267872300E-002  0.55078408462754602       0.13408365234104155     
 0.0020  0.19386134936813501        2.9499536028882754E-002   3.1391756023749893        2.6053258019484375E-002  0.57802492968268337        8.7989723154795904E-002
 0.0030  0.19483631485841948        2.0072159607573942E-002   2.1531777231778997        1.7626523219782721E-002  0.58337210332116796        6.0146777686305643E-002
 0.0040  0.19839457961620036        1.5790196177390740E-002   1.6526373245293176        1.3214079786054935E-002  0.57956742742762013        4.6185845450408845E-002
 0.0050  0.20289224560184110        1.3626090258280368E-002   1.3487516800420316        1.0492391360215307E-002  0.57240121957270695        3.8506455164304156E-002
 0.0060  0.20762722582444904        1.2271742485297726E-002   1.1442013919962131        8.6545637253122396E-003  0.56436173205109530        3.3424640466063811E-002
 0.0070  0.21230099467701799        1.1281856331535139E-002  0.99691024267942141        7.3387890612435667E-003  0.55646777312021645        2.9642022866876234E-002
 0.0080  0.21680307465326770        1.0501636174118430E-002  0.88568158087780480        6.3562449392511496E-003  0.54907713738656871        2.6669403834251884E-002
 0.0090  0.22110532316160988        9.8649228796229924E-003  0.79866046161509718        5.5982230074118587E-003  0.54227320634367826        2.4268808403877771E-002
 0.0100  0.22521415901307124        9.3368454077617739E-003  0.72869051048555133        4.9977591310416195E-003  0.53603218153360410        2.2298520330749937E-002
 0.0300  0.28939975449132854        6.6009634043445462E-003  0.30253556326543890        1.5693027858857665E-003  0.46554930606831624        1.0687212964710941E-002
 0.0500  0.34026412671312711        6.0635490772783145E-003  0.22008761465010954        9.4027874605149089E-004  0.43599512863001461        7.8251100253561873E-003
 0.0700  0.38550610283609571        5.3006178448072100E-003  0.18894095143997736        6.8185649680953578E-004  0.42188667547613085        5.8505799119165022E-003
 0.0900  0.42794494781071629        4.4834475587373739E-003  0.17505343468773632        5.3805717297759979E-004  0.41479514751889685        4.3921880456528071E-003
 0.1100  0.46881146474602658        3.7909035014634242E-003  0.16891417382202251        4.4484524638612811E-004  0.41119342656671737        3.3687897056422925E-003
 0.1300  0.50870410726165372        3.2677936200357803E-003  0.16681285586095615        3.7896936144040516E-004  0.40938901826342461        2.6706162819246809E-003
 0.1500  0.54796614941525457        2.8945626556874464E-003  0.16700597529800437        3.2971478183730919E-004  0.40848197905735828        2.1951078116599714E-003
 0.1700  0.58681782173249397        2.6337352237455289E-003  0.16857018386532471        2.9135156705961440E-004  0.40796841744815532        1.8646629583305881E-003
 0.1900  0.62540957459345392        2.4499303407240765E-003  0.17097428326649411        2.6050940278903240E-004  0.40756104630875428        1.6264598899051615E-003
 0.2100  0.66384841494125746        2.3161591928580723E-003  0.17389385214565978        2.3507168881123692E-004  0.40709693878625475        1.4467635383730352E-003
 0.2300  0.70221284597683875        2.2140024199631793E-003  0.17712182293059756        2.1364383559683642E-004  0.40648655228976005        1.3048450203333854E-003
 0.2500  0.74056202649921632        2.1316858494055523E-003  0.18052165033410464        1.9527262640207810E-004  0.40568430916568693        1.1881853810380833E-003
 0.2700  0.77894165830113415        2.0619668433535104E-003  0.18400113988178388        1.7928721164806990E-004  0.40467111483169471        1.0892119387849936E-003
 0.2900  0.81738789699962133        2.0004832786352789E-003  0.18749703073932497        1.6520384716894488E-004  0.40344374929913612        1.0032616948108862E-003
 0.3100  0.85593001730523721        1.9446324529606511E-003  0.19096550897756864        1.5266623812234159E-004  0.40200833246213541        9.2737200848760741E-004
 0.3300  0.89477175631239136        1.7224916338682919E-003  0.19437615260078636        1.4140688570845816E-004  0.40029594577003946        7.8423040418648747E-004
 0.3500  0.93357648767654611        1.6757373627515626E-003  0.19770794537161263        1.3122136592738737E-004  0.39848426410294568        7.2738705398288231E-004
 0.3700  0.97254013054886579        1.6317654612422430E-003  0.20094658244043501        1.2195083504524149E-004  0.39650497526852724        6.7606354902256024E-004
 0.3900   1.0116783369940212        1.5903051090607179E-003  0.20408260760712546        1.1346991362724696E-004  0.39437361203527233        6.2955451278308124E-004
 0.4100   1.0510052334211595        1.5511687322008162E-003  0.20711010042792741        1.0567816682864205E-004  0.39210527710349430        5.8728707006221105E-004


