# triplet j1 / nf 2 / mode 2 / nplat  5 / jkb  20 / start     1 / nmeas 10000
 0.0010   1.4669221606640805E-002   1.7867396870662462E-003   1.5667116134060624E-003   3.3066811613133598E-005  0.12067087439814608        1.4753008916974527E-002
 0.0020   2.9163971460413905E-002   3.5853740441524722E-003   3.1329023144187340E-003   6.6076075573052125E-005  0.12138269002169444        1.4977401810310847E-002
 0.0030   4.3528381467152578E-002   5.3218219041784387E-003   4.6980522456646781E-003   9.8970475356535299E-005  0.12197252863262835        1.4967719325019122E-002
 0.0040   5.7676044432255540E-002   6.9704511732865309E-003   6.2616436548442360E-003   1.3169315505581411E-004  0.12271388342461968        1.4886649816532640E-002
 0.0050   7.1538302850965130E-002   8.5099567039275126E-003   7.8231619348922456E-003   1.6418794559049611E-004  0.12363815826132472        1.4764695740818021E-002
 0.0060   8.5055651007403615E-002   9.9223072867253518E-003   9.3820966494050969E-003   1.9639958606119582E-004  0.12474909431452064        1.4611269922474416E-002
 0.0070   9.8177143376757176E-002   1.1193808328610153E-002   1.0937942538612912E-002   2.2827393870819036E-004  0.12604378758900964        1.4431125743469723E-002
 0.0080  0.11086056123955218        1.2315475890320400E-002   1.2490200501338948E-002   2.5975819598428708E-004  0.12751686393447140        1.4227744404997475E-002
 0.0090  0.12307253653771344        1.3283003240609924E-002   1.4038378548585674E-002   2.9080107842456094E-004  0.12916164738275898        1.4004233079665921E-002
 0.0100  0.13478840720190260        1.4096435338710684E-002   1.5581992724618045E-002   3.2135302194684275E-004  0.13097064163975031        1.3763585245795552E-002
 0.0200  0.22420606796944734        1.5604803727590889E-002   3.0668036156398536E-002   5.9050383987330917E-004  0.15621603720656133        1.0976201662899483E-002
 0.0400  0.30560103977811348        8.7698044007820160E-003   5.7877838765253896E-002   8.6334410061782608E-004  0.22266210924327406        6.6019939612658399E-003
 0.0600  0.34585557650437304        4.8394202131467872E-003   8.0140191121888402E-002   8.2755310867724436E-004  0.28354436931130167        4.2290068605422230E-003
 0.0800  0.37897411924433660        3.1101690255067025E-003   9.7805246167735213E-002   6.6202191671734987E-004  0.33008935135797701        2.9302906710124738E-003
 0.1000  0.41199185299200503        2.2948952634713380E-003  0.11192225798638561        4.9343887595426942E-004  0.36314878995708949        2.1754680498693221E-003
 0.1200  0.44626982368741730        1.6690314938417009E-003  0.12349752447785560        3.6344126716406251E-004  0.38577779430823550        1.5504463843452013E-003
 0.1400  0.48188137278897952        1.4323425631408452E-003  0.13327957183208300        2.7182309687131243E-004  0.40088579822433995        1.2597658222725382E-003
 0.1600  0.51866106555266100        1.2684719308192062E-003  0.14177642779510041        2.0807380825544480E-004  0.41067035728529938        1.0485983737223432E-003
 0.1800  0.55634082425736719        1.1451339374712200E-003  0.14932344753392102        1.6281745001359030E-004  0.41674876824038765        8.8738668984076165E-004
 0.2000  0.59470542506318824        1.0477304181717799E-003  0.15614247781767118        1.2974746215946493E-004  0.42023152458107182        7.6065772158715242E-004
 0.2200  0.63359260498259407        9.6875126758144562E-004  0.16238281619462308        1.0493025401902153E-004  0.42187741189504718        6.5928716328952583E-004
 0.2400  0.67288318484398379        9.0397363063257608E-004  0.16814747168306327        8.5907114720103333E-005  0.42220766541426563        5.7737086037478336E-004
 0.2600  0.71245255844595079        9.2789765599554815E-004  0.17350959878285740        7.1088085847451890E-005  0.42160667119010742        5.5585104963562623E-004
 0.2800  0.75228870195183550        8.7316231173985531E-004  0.17852276658976574        5.9400969334581570E-005  0.42029698851703484        4.9281387809358616E-004
 0.3000  0.79233686249118629        8.2545646010215583E-004  0.18322743475030082        5.0094413378780965E-005  0.41846680625711241        4.3969570751113945E-004
 0.3200  0.83256772537503154        7.8371357543037784E-004  0.18765509569388575        4.2625045814164060E-005  0.41624650175723105        3.9466319885077001E-004
 0.3400  0.87296225958402407        7.4716424330148153E-004  0.19183096794244758        3.6589970470079005E-005  0.41373127065358917        3.5630218163680072E-004
 0.3600  0.91350921809705887        7.1523240377102519E-004  0.19577577774267632        3.1684502849853211E-005  0.41099145555928474        3.2349999564024401E-004
 0.3800  0.95420327019914641        6.8747299687724900E-004  0.19950695832569540        2.7674576618271864E-005  0.40807963233718492        2.9536754866910336E-004
 0.4000  0.99504359333170067        6.6353033023715919E-004  0.20303947131657402        2.4378100326175278E-005  0.40503553106598755        2.7118435576124690E-004


# triplet j3 / nf 2 / mode 2 / nplat  5 / jkb  20 / start     1 / nmeas 10000
 0.0010  0.31327455012797528        2.7091304462938284E-003   1.5667116134060624E-003   3.3066811613133598E-005   5.6504679275427988E-003   7.7092884339635497E-005
 0.0020  0.31331267088572340        2.7083037052293602E-003   3.1329023144187340E-003   6.6076075573052125E-005   1.1298621589651994E-002   1.5406283344889329E-004
 0.0030  0.31337618805949646        2.7069272115241823E-003   4.6980522456646781E-003   9.8970475356535299E-005   1.6942151181653403E-002   2.3078740130961012E-004
 0.0040  0.31346507456029005        2.7050028667098781E-003   6.2616436548442360E-003   1.3169315505581411E-004   2.2578755871865773E-002   3.0714510882971503E-004
 0.0050  0.31357929343122709        2.7025329201385445E-003   7.8231619348922456E-003   1.6418794559049611E-004   2.8206148157464431E-002   3.8301589414709795E-004
 0.0060  0.31371879616167736        2.6995207006698602E-003   9.3820966494050969E-003   1.9639958606119582E-004   3.3822058350744422E-002   4.5828160717979808E-004
 0.0070  0.31388352464118113        2.6959704576394140E-003   1.0937942538612912E-002   2.2827393870819036E-004   3.9424238720467686E-002   5.3282646540912912E-004
 0.0080  0.31407341051877380        2.6918865458555388E-003   1.2490200501338948E-002   2.5975819598428708E-004   4.5010467711777503E-002   6.0653742682708180E-004
 0.0090  0.31428837464636483        2.6872739744917772E-003   1.4038378548585674E-002   2.9080107842456094E-004   5.0578554121425014E-002   6.7930463048372235E-004
 0.0100  0.31452832821589594        2.6821389317675469E-003   1.5581992724618045E-002   3.2135302194684275E-004   5.6126340914881528E-002   7.5102184664250582E-004
 0.0200  0.31827592333181909        2.6038185525265930E-003   3.0668036156398536E-002   5.9050383987330917E-004  0.11004471557007177        1.3902911744727580E-003
 0.0400  0.33256073169824368        2.3354479268268224E-003   5.7877838765253896E-002   8.6334410061782608E-004  0.20461156600315422        2.0960844388555476E-003
 0.0600  0.35430341071439359        2.0058958531711081E-003   8.0140191121888402E-002   8.2755310867724436E-004  0.27678367847206609        2.1208028160745402E-003
 0.0800  0.38150200604865431        1.6981556804656899E-003   9.7805246167735213E-002   6.6202191671734987E-004  0.32790213214991554        1.8335445485057147E-003
 0.1000  0.41251112117311700        1.4490581185067246E-003  0.11192225798638561        4.9343887595426942E-004  0.36269165898060146        1.5041378211118586E-003
 0.1200  0.44615475812327332        1.2615015297963317E-003  0.12349752447785560        3.6344126716406251E-004  0.38587728834865104        1.2299691237761374E-003
 0.1400  0.48163717465695033        1.1243349082607726E-003  0.13327957183208300        2.7182309687131243E-004  0.40108905405307271        1.0217399790758261E-003
 0.1600  0.51842472981915610        1.0246013527150611E-003  0.14177642779510041        2.0807380825544480E-004  0.41085757073121582        8.6617236405815657E-004
 0.1800  0.55615549148350907        9.5196284142208651E-004  0.14932344753392102        1.6281745001359030E-004  0.41688764523864208        7.4890124820770510E-004
 0.2000  0.59457991677475086        8.9914563908281842E-004  0.15614247781767118        1.2974746215946493E-004  0.42032023013252018        6.5917710554622036E-004
 0.2200  0.63352350845059924        8.6118048388973375E-004  0.16238281619462308        1.0493025401902153E-004  0.42192342481437861        5.8951993444084875E-004
 0.2400  0.67286317066313839        8.3459948780448105E-004  0.16814747168306327        8.5907114720103333E-005  0.42222022389708702        5.3470053723921290E-004
 0.2600  0.71251185834197139        8.1687946462636186E-004  0.17350959878285740        7.1088085847451890E-005  0.42157158232601283        4.9097756481525758E-004
 0.2800  0.75240832871732466        8.0611428920404930E-004  0.17852276658976574        5.9400969334581570E-005  0.42023016473616731        4.5562150932403387E-004
 0.3000  0.79251011007843963        8.0082608795778172E-004  0.18322743475030082        5.0094413378780965E-005  0.41837532683797607        4.2661636872815472E-004
 0.3200  0.83278857208048107        7.9985653666181822E-004  0.18765509569388575        4.2625045814164060E-005  0.41613611759533231        4.0246493457648294E-004
 0.3400  0.87322539508509778        8.0229661861316317E-004  0.19183096794244758        3.6589970470079005E-005  0.41360659793354915        3.8205269441606379E-004
 0.3600  0.91381000224695563        8.0743578365687519E-004  0.19577577774267632        3.1684502849853211E-005  0.41085617610811737        3.6454869257709633E-004
 0.3800  0.95453766403507345        8.1472159866141940E-004  0.19950695832569540        2.7674576618271864E-005  0.40793667379425635        3.4933175143752563E-004
 0.4000  0.99540808400971037        8.2372735461250246E-004  0.20303947131657402        2.4378100326175278E-005  0.40488721835112434        3.3593572453551848E-004


