# triplet j1 / nf 6 / mode 2 / nplat  5 / jkb  20 / start     1 / nmeas 10000
 0.0010                       NaN                       NaN   8.6112346586414955E-004   7.4467177866230378E-006                       NaN                       NaN
 0.0020                       NaN                       NaN   1.7222152674529340E-003   1.4891742932155984E-005                       NaN                       NaN
 0.0030                       NaN                       NaN   2.5832437967276611E-003   2.2333392692801983E-005                       NaN                       NaN
 0.0040                       NaN                       NaN   3.4441775579303708E-003   2.9770004088029030E-005                       NaN                       NaN
 0.0050                       NaN                       NaN   4.3049852232423811E-003   3.7199943740420942E-005                       NaN                       NaN
 0.0060                       NaN                       NaN   5.1656356878673673E-003   4.4621617642834818E-005                       NaN                       NaN
 0.0070                       NaN                       NaN   6.0260981243497498E-003   5.2033480857449021E-005                       NaN                       NaN
 0.0080   2.9313777445284401        149.98475044950615        6.8863420359438245E-003   5.9434047107799778E-005   3.5808200774028608E-003  0.18321364710724489     
 0.0090   2.5143750073334630        135.78750404539795        7.7463373088503505E-003   6.6821898253090659E-005   4.6962845531376652E-003  0.25362038595333269     
 0.0100   2.1182055791617880        122.44404621103072        8.6060542631443190E-003   7.4195693638535014E-005   6.1936823780791720E-003  0.35802923988460933     
 0.0200  -91.432288380562539        120.91643230962080        1.7181790424262787E-002   1.4693890962650438E-004  -2.8672437509056969E-004   3.7918628455813270E-004
 0.0400  0.59513001947054311        86.128057153834305        3.4149503738899301E-002   2.8766087057635582E-004   8.7826451182117696E-002   12.710368092278111     
 0.0600  0.64918911023240211        82.725496685222510        5.0802111212824984E-002   4.3983554015836337E-004  0.12027082147081640        15.325986360264512     
 0.0800  0.54060518495990084        2.3763990694102257E-002   6.7126234031080353E-002   6.3816839175094423E-004  0.19170168313303815        8.4759735166673265E-003
 0.1000  0.53898323104237600        2.0665529005679962E-002   8.3046363168244916E-002   8.7058433564807713E-004  0.23911127400310520        9.2532023723569182E-003
 0.1200  0.54174691497171157        1.3518909435623783E-002   9.8299812377126192E-002   1.0434207160603015E-003  0.28352118699708367        7.2333162558128345E-003
 0.1400  0.54891223544624790        1.3029550135327717E-002  0.11248129471863065        1.0669740572387496E-003  0.32330785596428468        7.8260671314567959E-003
 0.1600  0.56293538665636278        9.7512118575962242E-003  0.12523675194772779        9.4662811506258189E-004  0.35561685533696846        6.3049371941907026E-003
 0.1800  0.58330485572212631        7.3070978747391260E-003  0.13642542437447860        7.5912071248653056E-004  0.37992976180669075        4.8753722699673256E-003
 0.2000  0.60902501944135634        5.2561540463481240E-003  0.14612889288712716        5.7566732324979008E-004  0.39697477235510109        3.5141644058301821E-003
 0.2200  0.63880830564907376        4.0144184871751124E-003  0.15455628664533208        4.2825305637997466E-004  0.40822455244771738        2.6269800060302389E-003
 0.2400  0.67157929054334664        3.2202902961184017E-003  0.16194645369087057        3.1986633697359083E-004  0.41515382579372012        2.0324856619180569E-003
 0.2600  0.70654744854558849        2.6825544816262386E-003  0.16851250556973410        2.4252866109167868E-004  0.41896371072673844        1.6190028794221777E-003
 0.2800  0.74314117113861322        2.2981657770377042E-003  0.17442388689645669        1.8728776370013323E-004  0.42055777955671414        1.3200293483008434E-003
 0.3000  0.78094976622256929        2.0102616852844435E-003  0.17980804827942165        1.4725631909614571E-004  0.42058820531556990        1.0962590110584949E-003
 0.3200  0.81967824834744718        1.7864305747175792E-003  0.18475875404895103        1.1771579341873214E-004  0.41951654079958389        9.2402223743097921E-004
 0.3400  0.85911427579487354        1.6074602150138128E-003  0.18934485464772274        9.5528269735937427E-005  0.41766710742590096        7.8855352474048522E-004
 0.3600  0.89910469428321194        1.4614653134798262E-003  0.19361745296101321        7.8594879118178983E-005  0.41526777831727801        6.8024596232518092E-004
 0.3800  0.93953907296482964        1.3407634085546368E-003  0.19761518858420526        6.5485392707062656E-005  0.41247925448815431        5.9258023643157646E-004
 0.4000  0.98033813480790000        1.2401643254800919E-003  0.20136795401408566        5.5204512002651466E-005  0.40941549512964776        5.2095746840431301E-004


# triplet j3 / nf 6 / mode 2 / nplat  5 / jkb  20 / start     1 / nmeas 10000
 0.0010  0.52157670594347527        9.5100605845534602E-003   8.6112346586414955E-004   7.4467177866230378E-006   2.5161094140356789E-003   4.7149267619555069E-005
 0.0020  0.52158493015130425        9.5095407374602078E-003   1.7222152674529340E-003   1.4891742932155984E-005   5.0320932221547239E-003   9.4289415571402951E-005
 0.0030  0.52159862598426110        9.5086755964014832E-003   2.5832437967276611E-003   2.2333392692801983E-005   7.5478260741656282E-003   1.4141135465132944E-004
 0.0040  0.52161777684209998        9.5074671969742706E-003   3.4441775579303708E-003   2.9770004088029030E-005   1.0063183127665678E-002   1.8850605885491954E-004
 0.0050  0.52164235932558189        9.5059183213460699E-003   4.3049852232423811E-003   3.7199943740420942E-005   1.2578040304809246E-002   2.3556459544633903E-004
 0.0060  0.52167234371878746        9.5040324947064034E-003   5.1656356878673673E-003   4.4621617642834818E-005   1.5092274533975557E-002   2.8257815431259321E-004
 0.0070  0.52170769361866820        9.5018140829267687E-003   6.0260981243497498E-003   5.2033480857449021E-005   1.7605764004753336E-002   3.2953808095244889E-004
 0.0080  0.52174836636701361        9.4992683113612961E-003   6.8863420359438245E-003   5.9434047107799778E-005   2.0118388400809348E-002   3.7643590834549902E-004
 0.0090  0.52179431295450995        9.4964011265659797E-003   7.7463373088503505E-003   6.6821898253090659E-005   2.2630029140936588E-002   4.2326338290063931E-004
 0.0100  0.52184547834397033        9.4932193233699270E-003   8.6060542631443190E-003   7.4195693638535014E-005   2.5140569600098639E-002   4.7001249810187069E-004
 0.0200  0.52262798056590798        9.4462030528823966E-003   1.7181790424262787E-002   1.4693890962650438E-004   5.0161619208812146E-002   9.3166922747832089E-004
 0.0400  0.52534098900402848        9.3212700478375772E-003   3.4149503738899301E-002   2.8766087057635582E-004   9.9493773941255526E-002   1.8143992573748939E-003
 0.0600  0.52821573212787021        1.0414768669599301E-002   5.0802111212824984E-002   4.3983554015836337E-004  0.14781556630853657        2.9838797383769820E-003
 0.0800  0.53086281726049078        1.0138834331589259E-002   6.7126234031080353E-002   6.3816839175094423E-004  0.19521978277187840        3.8422073593732467E-003
 0.1000  0.53359146683601277        1.0676993579328026E-002   8.3046363168244916E-002   8.7058433564807713E-004  0.24152741385660115        4.9959473205616082E-003
 0.1200  0.53838780701891731        9.3473585925584936E-003   9.8299812377126192E-002   1.0434207160603015E-003  0.28529013172727907        5.1793986652864674E-003
 0.1400  0.54743403867228857        7.9617278182842408E-003  0.11248129471863065        1.0669740572387496E-003  0.32418086092181564        4.9591711995987491E-003
 0.1600  0.56252527670615537        6.2625754285190165E-003  0.12523675194772779        9.4662811506258189E-004  0.35587611837255884        4.1840268605620448E-003
 0.1800  0.58347195088705106        4.8852028661120813E-003  0.13642542437447860        7.5912071248653056E-004  0.37982095721700587        3.3510822413381296E-003
 0.2000  0.60938200565490652        3.8536103570549537E-003  0.14612889288712716        5.7566732324979008E-004  0.39674221786622071        2.6278076366592338E-003
 0.2200  0.63919776664141048        3.1090393528198394E-003  0.15455628664533208        4.2825305637997466E-004  0.40797582263733667        2.0633101444544398E-003
 0.2400  0.67197131443080738        2.5768614342342646E-003  0.16194645369087057        3.1986633697359083E-004  0.41491162763259815        1.6430092010467194E-003
 0.2600  0.70694907278032448        2.1949062317999056E-003  0.16851250556973410        2.4252866109167868E-004  0.41872569361039791        1.3345053655165265E-003
 0.2800  0.74356509038391294        1.9183533640026210E-003  0.17442388689645669        1.8728776370013323E-004  0.42031801233415322        1.1076257579464585E-003
 0.3000  0.78140530972678846        1.7165004916296969E-003  0.17980804827942165        1.4725631909614571E-004  0.42034301089150117        9.3926638798764550E-004
 0.3200  0.82017002020923313        1.5684596792274507E-003  0.18475875404895103        1.1771579341873214E-004  0.41926499974683196        8.1283385937905783E-004
 0.3400  0.85964303839107625        1.4598061712262863E-003  0.18934485464772274        9.5528269735937427E-005  0.41741020225223219        7.1660491333091537E-004
 0.3600  0.89966862949197135        1.3803474055248497E-003  0.19361745296101321        7.8594879118178983E-005  0.41500747789823522        6.4228661180230125E-004
 0.3800  0.94013485726845503        1.3227176986701870E-003  0.19761518858420526        6.5485392707062656E-005  0.41221785723913712        5.8397554178899825E-004
 0.4000  0.98096172322379682        1.2814969043619896E-003  0.20136795401408566        5.5204512002651466E-005  0.40915523343542742        5.3744160334494979E-004


