# triplet j1 / nf 4 / mode 2 / nplat  5 / jkb  20 / start     1 / nmeas 10000
 0.0010   2.1780822800925689E-002   3.2473057883238746E-002   9.0222421848120879E-004   7.7351544684731565E-006   6.1673409234389902E-002   9.1949348495033487E-002
 0.0020   4.2902517088816629E-002   6.2670485477162530E-002   1.8045075782936316E-003   1.5479134384412020E-005   6.2621948665154165E-002   9.1476330698378377E-002
 0.0030   6.3797594231278884E-002   9.1015122011001356E-002   2.7069090951117886E-003   2.3240753196998319E-005   6.3169604642096450E-002   9.0119625553784513E-002
 0.0040   8.4453074321052854E-002  0.11647265456462784        3.6094875333361593E-003   3.1028800166474490E-005   6.3628590504166332E-002   8.7753191863025423E-002
 0.0050  0.10476419816292366       0.13848302294895007        4.5123012805557547E-003   3.8852027752500920E-005   6.4118913006509709E-002   8.4756320861032713E-002
 0.0060  0.12463576623309255       0.15682474363152568        5.4154082221320376E-003   4.6719138459847304E-005   6.4679035501065407E-002   8.1383803948538641E-002
 0.0070  0.14397859366288548       0.17154773345941218        6.3188656159498995E-003   5.4638770890741088E-005   6.5325937383029511E-002   7.7835114147040196E-002
 0.0080  0.16271008958423755       0.18288572297428540        7.2227299673837918E-003   6.2619484897522625E-005   6.6068766151978264E-002   7.4261675814557129E-002
 0.0090  0.18075709276239410       0.19117421434129944        8.1270569045322986E-003   7.0669745672014055E-005   6.6912546038368409E-002   7.0769347476165215E-002
 0.0100  0.19805850550825438       0.19678959617652855        9.0319010537802131E-003   7.8797906689507082E-005   6.7859567247781388E-002   6.7425458452544051E-002
 0.0200  0.32596166473996252       0.17450565873011820        1.8119844144831723E-002   1.6608119980006294E-004   8.2592516244775385E-002   4.4218051049885916E-002
 0.0400  0.41669905201341095        7.9136178525715431E-002   3.6614404595576862E-002   3.8913923684294894E-004  0.12988185096253199        2.4675785295867145E-002
 0.0600  0.43853868768940357        3.5136509235800001E-002   5.5491955919592759E-002   6.6091335103672590E-004  0.18607915562140778        1.4950120234386195E-002
 0.0800  0.44958433000802017        1.7241727561366448E-002   7.4199518487940569E-002   8.7880721869413258E-004  0.24235354073665449        9.4045052860978959E-003
 0.1000  0.46277197966765243        9.5070546317204251E-003   9.1814804014672693E-002   9.3871446850483660E-004  0.29282240184676211        6.1991040102388545E-003
 0.1200  0.48102855729028604        5.8980831074616708E-003  0.10754638946785648        8.4392806668443616E-004  0.33398939596114147        4.2997315517427984E-003
 0.1400  0.50439080203246522        4.0837865481011199E-003  0.12108658008488755        6.7842531512852296E-004  0.36505631374393216        3.1275921635158539E-003
 0.1600  0.53204278859526111        3.0925473068488902E-003  0.13257193813236492        5.1630010439976555E-004  0.38712768529612457        2.3731268591968501E-003
 0.1800  0.56304403209946330        2.4974778335904359E-003  0.14234959737170122        3.8746780586120042E-004  0.40205643023968335        1.8654473724539547E-003
 0.2000  0.59657607169881743        2.1057169498722673E-003  0.15078933499095937        2.9304525646906216E-004  0.41167024560760479        1.5071169951761316E-003
 0.2200  0.63199632256184635        1.8271305838429258E-003  0.15820060675341927        2.2510169076018124E-004  0.41746095225376006        1.2429054638525439E-003
 0.2400  0.66882327139188757        1.6171731299434112E-003  0.16481699368625358        1.7578213583745991E-004  0.42054283397811515        1.0412826358923292E-003
 0.2600  0.70670384299908340        1.4521973495144806E-003  0.17080725465636054        1.3937724482627120E-004  0.42171337480554294        8.8348959753896882E-004
 0.2800  0.74538153497213178        1.3186943716182399E-003  0.17629178261117054        1.1204871175743452E-004  0.42153284357625809        7.5769245434137412E-004
 0.3000  0.78467067519172162        1.2084260606232803E-003  0.18135690341891250        9.1225420469026982E-005  0.42039278002537789        6.5599955186565419E-004
 0.3200  0.82443715341508539        1.1160831958570462E-003  0.18606548654358679        7.5150896406944628E-005  0.41856734498901715        5.7290638743107841E-004
 0.3400  0.86458446164763192        1.0380799773079929E-003  0.19046432327289056        6.2597539669044842E-005  0.41624961922902531        5.0443728311940796E-004
 0.3600  0.90504368666244983        9.7189215432716457E-004  0.19458911897418435        5.2690223568179803E-005  0.41357662125176914        4.4764008293237632E-004
 0.3800  0.94576633034859803        9.1567187948788894E-004  0.19846784144687055        4.4794794901782681E-005  0.41064640049319701        4.0027127536871384E-004
 0.4000  0.98671912094747405        8.6801506977739640E-004  0.20212296955004438        3.8445213729577089E-005  0.40752971840463842        3.6059211131495331E-004


# triplet j3 / nf 4 / mode 2 / nplat  5 / jkb  20 / start     1 / nmeas 10000
 0.0010  0.47157685403925170        8.5067522976104183E-003   9.0222421848120879E-004   7.7351544684731565E-006   2.8485231761425913E-003   5.2815315526886047E-005
 0.0020  0.47155711497624642        8.5052493220525473E-003   1.8045075782936316E-003   1.5479134384412020E-005   5.6973781911383260E-003   1.0562633952903784E-004
 0.0030  0.47152426223292315        8.5027479612532278E-003   2.7069090951117886E-003   2.3240753196998319E-005   8.5468959447011651E-003   1.5842880758310722E-004
 0.0040  0.47147836405768018        8.4992534490826773E-003   3.6094875333361593E-003   3.1028800166474490E-005   1.1397405464261755E-002   2.1121850585091063E-004
 0.0050  0.47141951628047835        8.4947730273246431E-003   4.5123012805557547E-003   3.8852027752500920E-005   1.4249232957527039E-002   2.6399129347335791E-004
 0.0060  0.47134784110700201        8.4893161192348514E-003   5.4154082221320376E-003   4.6719138459847304E-005   1.7102700905471335E-002   3.1674313259732166E-004
 0.0070  0.47126348809661150        8.4828937555336305E-003   6.3188656159498995E-003   5.4638770890741088E-005   1.9958127102327358E-002   3.6947009187387867E-004
 0.0080  0.47116663247120522        8.4755184807430040E-003   7.2227299673837918E-003   6.2619484897522625E-005   2.2815823783882663E-002   4.2216835550995486E-004
 0.0090  0.47105747576979479        8.4672048339021165E-003   8.1270569045322986E-003   7.0669745672014055E-005   2.5676096683233823E-002   4.7483425683504335E-004
 0.0100  0.47093624492401109        8.4579686420605659E-003   9.0319010537802131E-003   7.8797906689507082E-005   2.8539244151193192E-002   5.2746426133889177E-004
 0.0200  0.46912683525581206        8.3189373235106837E-003   1.8119844144831723E-002   1.6608119980006294E-004   5.7387452746183197E-002   1.0510761036487352E-003
 0.0400  0.46352052317358727        7.9110557331679293E-003   3.6614404595576862E-002   3.8913923684294894E-004  0.11676213126288215        2.0871778754901395E-003
 0.0600  0.45890357152279798        6.9907170297136469E-003   5.5491955919592759E-002   6.6091335103672590E-004  0.17782147225783904        2.9084691252408081E-003
 0.0800  0.45972831610226322        5.8975136570726628E-003   7.4199518487940569E-002   8.7880721869413258E-004  0.23700596726550827        3.3486968143259135E-003
 0.1000  0.46795795292826453        4.7910944802237367E-003   9.1814804014672693E-002   9.3871446850483660E-004  0.28957730442597246        3.3137988701758781E-003
 0.1200  0.48360609580122604        3.8189861758887163E-003  0.10754638946785648        8.4392806668443616E-004  0.33220928909770508        2.9293854883986571E-003
 0.1400  0.50560644468478988        3.0460461283595254E-003  0.12108658008488755        6.7842531512852296E-004  0.36417859940671837        2.4196085950282213E-003
 0.1600  0.53258468880707299        2.4665513964341893E-003  0.13257193813236492        5.1630010439976555E-004  0.38673378629927191        1.9429500277662673E-003
 0.1800  0.56328365394575064        2.0443620005541128E-003  0.14234959737170122        3.8746780586120042E-004  0.40188539473483448        1.5577679797401933E-003
 0.2000  0.59670595072258825        1.7400245361491994E-003  0.15078933499095937        2.9304525646906216E-004  0.41158064145743628        1.2650704894543825E-003
 0.2200  0.63211187753301490        1.5211067658698063E-003  0.15820060675341927        2.2510169076018124E-004  0.41738463714243840        1.0473658533731829E-003
 0.2400  0.66896909548676342        1.3636308594209621E-003  0.16481699368625358        1.7578213583745991E-004  0.42045116266095695        8.8589285697806208E-004
 0.2600  0.70689853609836950        1.2505297769111027E-003  0.17080725465636054        1.3937724482627120E-004  0.42159722704209662        7.6539962816885574E-004
 0.2800  0.74563061044672974        1.1697289881206299E-003  0.17629178261117054        1.1204871175743452E-004  0.42139203190409585        6.7449812611155495E-004
 0.3000  0.78497320707681739        1.1126187148414836E-003  0.18135690341891250        9.1225420469026982E-005  0.42023075892825618        6.0493829767324127E-004
 0.3200  0.82478921767315461        1.0729886430032383E-003  0.18606548654358679        7.5150896406944628E-005  0.41838867800524970        5.5081116096614602E-004
 0.3400  0.86498093401298448        1.0463162095313006E-003  0.19046432327289056        6.2597539669044842E-005  0.41605882719578685        5.0790452833091688E-004
 0.3600  0.90547918194854571        1.0292864170109702E-003  0.19458911897418435        5.2690223568179803E-005  0.41337770925844536        4.7322049358364937E-004
 0.3800  0.94623568027022831        1.0194602926076400E-003  0.19846784144687055        4.4794794901782681E-005  0.41044271249040032        4.4462413894759390E-004
 0.4000  0.98721760024438254        1.0150411589342136E-003  0.20212296955004438        3.8445213729577089E-005  0.40732394297331570        4.2059163447520393E-004


