# triplet j1 / nf 5 / mode 2 / nplat  5 / jkb  20 / start     1 / nmeas 10000
 0.0010  -100.00000000000000        95.039222050721108        8.7660254115877728E-004   7.4977288079758804E-006  -1.3240865086230410E-005   1.2584142572463760E-005
 0.0020  -100.00000000000000        95.062630633972560        1.7531747752833743E-003   1.4994553743199524E-005  -2.6481501281335048E-005   2.5174266466008865E-005
 0.0030  -100.00000000000000        112.34987343258133        2.6296881097718871E-003   2.2489816204473008E-005  -3.9721692635927943E-005   4.4627594643104727E-005
 0.0040  -100.00000000000000        95.106452615824196        3.5061158231398000E-003   2.9983125646909710E-005  -5.2961237320438803E-005   5.0370063123176269E-005
 0.0050  -100.00000000000000        95.187131450162795        4.3824330617072997E-003   3.7474359532078514E-005  -6.6199947595955839E-005   6.3014466798395704E-005
 0.0060  -100.00000000000000        124.39607673018367        5.2586168316908774E-003   4.4963662593580964E-005  -7.9437649751418581E-005   9.8817903328636230E-005
 0.0070  -100.00000000000000        95.179977601590906        6.1346459867362242E-003   5.2451445515295780E-005  -9.2674184007363736E-005   8.8208157307945336E-005
 0.0080  -100.00000000000000        95.201959249618270        7.0105012109432617E-003   5.9938383023528314E-005  -1.0590940438652849E-004   1.0082884450788949E-004
 0.0090  -100.00000000000000        95.177241983434058        7.8861649974418437E-003   6.7425411395469095E-005  -1.1914317855167084E-004   1.1339833518134125E-004
 0.0100  -100.00000000000000        95.213892681693338        8.7616216225862836E-003   7.4913725455285992E-005  -1.3237538761103805E-004   1.2604102997904826E-004
 0.0200  0.56353760918536588        79.049316156570399        1.7502537205585769E-002   1.5030664430697085E-004   4.6952378256575847E-002   6.5861680469048789     
 0.0400  0.58753231846297038        58.999363642273266        3.4910535650534071E-002   3.1489386766589276E-004   8.9947995364730693E-002   9.0324809819018235     
 0.0600  0.52943856126356292       0.12002337903525551        5.2263032313654284E-002   5.2447027050112733E-004  0.14957959582282035        3.3917902366081755E-002
 0.0800  0.50825243163241773        4.7910856287874143E-002   6.9507221760993401E-002   7.7007762823512764E-004  0.20748919758407888        1.9592892329367863E-002
 0.1000  0.50372735567339655        2.3818496256796082E-002   8.6299231063297996E-002   9.6352395227428729E-004  0.26080921043808170        1.2417881677617190E-002
 0.1200  0.50981610202507366        1.3394108861039523E-002  0.10205448619824409        1.0099484053431788E-003  0.30697861548592059        8.2068665749297671E-003
 0.1400  0.52423540284765202        8.3072729133058573E-003  0.11623467549126486        9.0716603945994708E-004  0.34412840603180611        5.6161304923893034E-003
 0.1600  0.54528492282826879        5.6264644134510393E-003  0.12859982496525452        7.3147705240401962E-004  0.37202462562788668        3.9818386474216576E-003
 0.1800  0.57145812273392271        4.1203356471447043E-003  0.13922648282182215        5.5669443181605529E-004  0.39176692355736520        2.9313004345103370E-003
 0.2000  0.60148884664965629        3.2164534122045398E-003  0.14836857636346032        4.1598708345583798E-004  0.40501712056924799        2.2390103857831338E-003
 0.2200  0.63438222373897146        2.6347187593831643E-003  0.15631892260324237        3.1244767549305996E-004  0.41341012588580517        1.7659865843679802E-003
 0.2400  0.66939115049526443        2.2342188656810924E-003  0.16333547867388987        2.3825453119371345E-004  0.41829330825501676        1.4290763038422277E-003
 0.2600  0.70596839119137222        1.9419831002878793E-003  0.16962004876700318        1.8486451584104043E-004  0.42068304343357082        1.1797064203041550E-003
 0.2800  0.74371762216586457        1.7186825369690623E-003  0.17532212949631767        1.4584088590795973E-004  0.42131246648526272        9.8926901876051580E-004
 0.3000  0.78235282976352505        1.5420575517357106E-003  0.18055024932861119        1.1681311405914285E-004  0.42069951728009569        8.4031400652361183E-004
 0.3200  0.82166761492721618        1.3988363448616673E-003  0.18538318376210242        9.4867238818881783E-005  0.41920744319206948        7.2168920289055459E-004
 0.3400  0.86151297165055818        1.2806940224237915E-003  0.18987880696816117        7.8034713910862547E-005  0.41709106132890172        6.2592797952539967E-004
 0.3600  0.90178149078567615        1.1821531051266893E-003  0.19408047339378903        6.4956987171204691E-005  0.41452989131946172        5.4782063727243141E-004
 0.3800  0.94239616699100681        1.0994437940213388E-003  0.19802143537224345        5.4676927809504176E-005  0.41165120136883726        4.8360267202459246E-004
 0.4000  0.98330243135999473        1.0298577202999472E-003  0.20172785029854914        4.6508110007901472E-005  0.40854585698849166        4.3047271566909153E-004


# triplet j3 / nf 5 / mode 2 / nplat  5 / jkb  20 / start     1 / nmeas 10000
 0.0010  0.50235042992080792        9.6057593793570911E-003   8.7660254115877728E-004   7.4977288079758804E-006   2.6357825727983831E-003   5.1645597284281358E-005
 0.0020  0.50235680330910382        9.6053437159571171E-003   1.7531747752833743E-003   1.4994553743199524E-005   5.2714527019236540E-003   1.0328327523181388E-004
 0.0030  0.50236706232651129        9.6046510628892481E-003   2.6296881097718871E-003   2.2489816204473008E-005   7.9069062473906791E-003   1.5490546263163574E-004
 0.0040  0.50238091012828179        9.6036817617396672E-003   3.5061158231398000E-003   2.9983125646909710E-005   1.0542048125776769E-002   2.0650497394309654E-004
 0.0050  0.50239805080762057        9.6024362789340414E-003   4.3824330617072997E-003   3.7474359532078514E-005   1.3176792284432106E-002   2.5807501239227267E-004
 0.0060  0.50241818952281847        9.6009155582394909E-003   5.2586168316908774E-003   4.4963662593580964E-005   1.5811061662967668E-002   3.0960918320032239E-004
 0.0070  0.50244103349365155        9.5991205382480928E-003   6.1346459867362242E-003   5.2451445515295780E-005   1.8444788110351402E-002   3.6110148585369903E-004
 0.0080  0.50246629194592718        9.5970526934537233E-003   7.0105012109432617E-003   5.9938383023528314E-005   2.1077912306588301E-002   4.1254633349363989E-004
 0.0090  0.50249367723806548        9.5947137388682456E-003   7.8861649974418437E-003   6.7425411395469095E-005   2.3710383622443990E-002   4.6393854787851415E-004
 0.0100  0.50252290470399474        9.5921056294620104E-003   8.7616216225862836E-003   7.4913725455285992E-005   2.6342160003435512E-002   5.1527336119087941E-004
 0.0200  0.50285724406121801        9.5519328177145514E-003   1.7502537205585769E-002   1.5030664430697085E-004   5.2618176034581562E-002   1.0247168517293732E-003
 0.0400  0.50311430942500424        9.4133397317735148E-003   3.4910535650534071E-002   3.1489386766589276E-004  0.10504045157875663        2.0216114590796436E-003
 0.0600  0.50215775924299355        9.9334079841340364E-003   5.2263032313654284E-002   5.2447027050112733E-004  0.15770582959069196        3.2184435251106131E-003
 0.0800  0.50115123315389121        9.0433086580233475E-003   6.9507221760993401E-002   7.7007762823512764E-004  0.21042927210993023        3.9721062626830034E-003
 0.1000  0.50300771816297829        7.9646895843260516E-003   8.6299231063297996E-002   9.6352395227428729E-004  0.26118234207029456        4.3850915109098429E-003
 0.1200  0.51075022273331261        6.4441583041790398E-003  0.10205448619824409        1.0099484053431788E-003  0.30641717651056916        4.1527537711882534E-003
 0.1400  0.52527263814804503        5.0775689531112715E-003  0.11623467549126486        9.0716603945994708E-004  0.34344886915004003        3.5802789475756287E-003
 0.1600  0.54605431627440582        3.9858886649943295E-003  0.12859982496525452        7.3147705240401962E-004  0.37150044094473539        2.9103007140977477E-003
 0.1800  0.57197433079132876        3.1720804623308471E-003  0.13922648282182215        5.5669443181605529E-004  0.39141335307058178        2.3074588704829089E-003
 0.2000  0.60184886004096816        2.5841144670516285E-003  0.14836857636346032        4.1598708345583798E-004  0.40477484780477757        1.8282418210153839E-003
 0.2200  0.63467183272629157        2.1627602465450952E-003  0.15631892260324237        3.1244767549305996E-004  0.41322148148450666        1.4674358486231321E-003
 0.2400  0.66966760992021745        1.8600023880254257E-003  0.16333547867388987        2.3825453119371345E-004  0.41812062388780413        1.2007016114927889E-003
 0.2600  0.70626485947579687        1.6412920112865493E-003  0.16962004876700318        1.8486451584104043E-004  0.42050645361956557        1.0037241607534001E-003
 0.2800  0.74405090685411635        1.4827080284430770E-003  0.17532212949631767        1.4584088590795973E-004  0.42112374687917714        8.5727880245526440E-004
 0.3000  0.78272963052497280        1.3677001247755531E-003  0.18055024932861119        1.1681311405914285E-004  0.42049699537180213        7.4723959965012330E-004
 0.3200  0.82208873830930451        1.2846413377476048E-003  0.18538318376210242        9.4867238818881783E-005  0.41899269988268328        6.6346009719870985E-004
 0.3400  0.86197599674473790        1.2252050911403898E-003  0.18987880696816117        7.8034713910862547E-005  0.41686701375833979        5.9869088050121992E-004
 0.3600  0.90228240050446218        1.1833322595996057E-003  0.19408047339378903        6.4956987171204691E-005  0.41429976153839410        5.4775449864901370E-004
 0.3800  0.94293032547057476        1.1545648349314233E-003  0.19802143537224345        5.4676927809504176E-005  0.41141800600551520        5.0695008420099550E-004
 0.4000  0.98386515013042397        1.1356030180651715E-003  0.20172785029854914        4.6508110007901472E-005  0.40831219039070837        4.7362920566182133E-004


