# triplet j1 / nf 1 / mode 2 / nplat  5 / jkb  20 / start     1 / nmeas 10000
 0.0010   5.6448358324913232E-002   3.2604278544097107E-003   7.6953486912586230E-002   2.2536895891621211E-003  0.21977476965735260        1.3095664129024295E-002
 0.0020   7.9289234960265007E-002   4.3495528721049512E-003   7.7564977497517382E-002   2.1945396546438917E-003  0.22215116934583928        1.2585191527464361E-002
 0.0030   9.6370755898931737E-002   5.0101330281730871E-003   7.8173244044841536E-002   2.1369955752587131E-003  0.22472915929567847        1.2080287464670512E-002
 0.0040  0.11039898692083086        5.4312734075043397E-003   7.8778312639540937E-002   2.0810154212140665E-003  0.22739622075327695        1.1583320104109106E-002
 0.0050  0.12242200522884487        5.6955583665801420E-003   7.9380209383971029E-002   2.0265582636170066E-003  0.23014239655919330        1.1102844303936391E-002
 0.0060  0.13298287688653096        5.8502908571393614E-003   7.9978960382145400E-002   1.9735841561873079E-003  0.23296076098353030        1.0644031606401693E-002
 0.0070  0.14241277951006043        5.9258838622273510E-003   8.0574591724728431E-002   1.9220541166593008E-003  0.23583817847809652        1.0208554690450377E-002
 0.0080  0.15093474059145209        5.9432376928619185E-003   8.1167129474727595E-002   1.8719301083831347E-003  0.23875961626771566        9.7962966729505975E-003
 0.0090  0.15870883543261019        5.9173602566778647E-003   8.1756599653867279E-002   1.8231750220159798E-003  0.24171107943136538        9.4064056854017176E-003
 0.0100  0.16585516158286406        5.8593745181582052E-003   8.2343028229621057E-002   1.7757526571165994E-003  0.24468053606590062        9.0377971019861246E-003
 0.0200  0.21673598307161301        4.6895176644684601E-003   8.8045677010995083E-002   1.3674784678403208E-003  0.27381232583270432        6.2945077795342596E-003
 0.0400  0.27595390203150394        2.9541117346571807E-003   9.8645437996668237E-002   8.2558971524753400E-004  0.32191925708644303        3.7001131974225120E-003
 0.0600  0.32037407886644315        2.1791365584099632E-003  0.10831860423033073        5.1712637688326301E-004  0.35586459330008235        2.5652686832427366E-003
 0.0800  0.36109525127875042        1.7664082648647076E-003  0.11721243751931541        3.4134147727463691E-004  0.37924954024631607        1.9356573176071859E-003
 0.1000  0.40075358923099252        1.5069590227731117E-003  0.12544257865822300        2.3964846797067260E-004  0.39523924740191430        1.5334256566859232E-003
 0.1200  0.44011716911389787        1.2028609761236685E-003  0.13309896366784366        1.7847781564294849E-004  0.40609219917195694        1.1427781708796237E-003
 0.1400  0.47947680295679046        1.0866195356213841E-003  0.14025194328691193        1.3927388897158534E-004  0.41330043130148725        9.5886269166418252E-004
 0.1600  0.51893261085836917        9.9855154998737690E-004  0.14695730905537333        1.1225519516548467E-004  0.41788773142958319        8.1980328793991141E-004
 0.1800  0.55849796327837709        9.2810885642794286E-004  0.15326007187774957        9.2417949109603823E-005  0.42057569295575875        7.1032077890135061E-004
 0.2000  0.59816991850582468        8.6968817401173024E-004  0.15919720397949488        7.7176813781365178E-005  0.42186465905003090        6.2182097262295888E-004
 0.2200  0.63794184776711638        8.2025560819396089E-004  0.16479960903568674        6.5122375062009951E-005  0.42210775857230404        5.4911000387873425E-004
 0.2400  0.67780796177841396        7.7817012658959104E-004  0.17009354199266943        5.5419143709978710E-005  0.42155851426926305        4.8882627762317373E-004
 0.2600  0.71774501218378572        8.0502350316679608E-004  0.17510164166024783        4.7524639056435097E-005  0.42041344604983266        4.7497507017289466E-004
 0.2800  0.75777024725136277        7.6709518063687891E-004  0.17984369032082481        4.1057745583791744E-005  0.41879748691515872        4.2663786102532748E-004
 0.3000  0.79788631061437820        7.3318204079766698E-004  0.18433717918453127        3.5734683641843507E-005  0.41681283132518349        3.8513642690639213E-004
 0.3200  0.83809746285499753        7.0279455735471096E-004  0.18859773419157017        3.1335773319585523E-005  0.41453737834805621        3.4931595268006277E-004
 0.3400  0.87840977239692697        6.7558789507131476E-004  0.19263944023161339        2.7686726666362288E-005  0.41203100868691694        3.1827469486562918E-004
 0.3600  0.91883079723515615        6.5131279791887629E-004  0.19647509072443470        2.4647254287691238E-005  0.40934025316176387        2.9129439823267307E-004
 0.3800  0.95936929606537269        6.2978582055873283E-004  0.20011638188018407        2.2103579989629913E-005  0.40650164010827261        2.6779399427538544E-004
 0.4000   1.0000349817192626        6.1086809619521432E-004  0.20357406564577843        1.9963133639096485E-005  0.40354412264481793        2.4729644299024864E-004


# triplet j3 / nf 1 / mode 2 / nplat  5 / jkb  20 / start     1 / nmeas 10000
 0.0010  0.27095656152968894        4.3097266114134943E-003   7.6953486912586230E-002   2.2536895891621211E-003   4.5785659805969235E-002   9.8987200554543362E-004
 0.0020  0.26919059845103460        4.3908983081664132E-003   7.7564977497517382E-002   2.1945396546438917E-003   6.5433920665560946E-002   1.4128073763198829E-003
 0.0030  0.26765913488594834        4.5493466156949743E-003   7.8173244044841536E-002   2.1369955752587131E-003   8.0913804653386212E-002   1.7648007740342002E-003
 0.0040  0.26635791924196001        4.7410687961228068E-003   7.8778312639540937E-002   2.0810154212140665E-003   9.4250294762148926E-002   2.0890400176162391E-003
 0.0050  0.26527615617470141        4.9368617124943281E-003   7.9380209383971029E-002   2.0265582636170066E-003  0.10620816465839371        2.3968350167348916E-003
 0.0060  0.26440057838556819        5.1196546372150147E-003   7.9978960382145400E-002   1.9735841561873079E-003  0.11716991084674704        2.6902306290655644E-003
 0.0070  0.26371713769968030        5.2806002206300818E-003   8.0574591724728431E-002   1.9220541166593008E-003  0.12735755743679966        2.9682976651656647E-003
 0.0080  0.25344159327045596        6.0627107761449736E-003   8.1167129474727595E-002   1.8719301083831347E-003  0.14219102823673421        3.7759983881143315E-003
 0.0090  0.25294481066593222        6.0009636763836945E-003   8.1756599653867279E-002   1.8231750220159798E-003  0.15166029232509520        3.9756119464978085E-003
 0.0100  0.25266094026921593        5.9203317458091645E-003   8.2343028229621057E-002   1.7757526571165994E-003  0.16061655514362930        4.1429129162672950E-003
 0.0200  0.26811464555045234        3.6051977062787682E-003   8.8045677010995083E-002   1.3674784678403208E-003  0.22134182000628075        3.4369644250712536E-003
 0.0400  0.28737090964027162        2.7240181652170253E-003   9.8645437996668237E-002   8.2558971524753400E-004  0.30912967232239880        3.2031043457112452E-003
 0.0600  0.32385543926518712        1.7215650236434379E-003  0.10831860423033073        5.1712637688326301E-004  0.35203914295334426        2.0514025541756996E-003
 0.0800  0.36207029991004275        1.2514423509201479E-003  0.11721243751931541        3.4134147727463691E-004  0.37822822823804786        1.4185594987435842E-003
 0.1000  0.40087896639203807        1.0301072801544137E-003  0.12544257865822300        2.3964846797067260E-004  0.39511563409483802        1.0831780131100907E-003
 0.1200  0.43998371091183230        9.1760363304540463E-004  0.13309896366784366        1.7847781564294849E-004  0.40621537722021245        8.8988129696805889E-004
 0.1400  0.47928931088517329        8.5135009061515911E-004  0.14025194328691193        1.3927388897158534E-004  0.41346210933666366        7.6257498576226762E-004
 0.1600  0.51875356110616222        8.0633604998174308E-004  0.14695730905537333        1.1225519516548467E-004  0.41803196695946226        6.6910506354102034E-004
 0.1800  0.55835026957263278        7.7318018831413603E-004  0.15326007187774957        9.2417949109603823E-005  0.42068694280379082        5.9619846026525282E-004
 0.2000  0.59806059805942691        7.4831942645788799E-004  0.15919720397949488        7.7176813781365178E-005  0.42194177236095032        5.3776722808164675E-004
 0.2200  0.63787108511928114        7.3017828574234531E-004  0.16479960903568674        6.5122375062009951E-005  0.42215458537377726        4.9039068738693573E-004
 0.2400  0.67777295348875244        7.1779865914245184E-004  0.17009354199266943        5.5419143709978710E-005  0.42158028858542723        4.5172793322460552E-004
 0.2600  0.71776154586802843        7.1039254267069030E-004  0.17510164166024783        4.7524639056435097E-005  0.42040376179855399        4.1998066367286181E-004
 0.2800  0.75783573985598651        7.0723422074860098E-004  0.17984369032082481        4.1057745583791744E-005  0.41876129419319341        3.9371269183435272E-004
 0.3000  0.79799737051486086        7.0765268568083722E-004  0.18433717918453127        3.5734683641843507E-005  0.41675482212204912        3.7177330555412800E-004
 0.3200  0.83825069726640444        7.1104787032707291E-004  0.18859773419157017        3.1335773319585523E-005  0.41446159983527420        3.5324995341026884E-004
 0.3400  0.87860193462179370        7.1690336118265287E-004  0.19263944023161339        2.7686726666362288E-005  0.41194089188632349        3.3742801119913588E-004
 0.3600  0.91905885136000620        7.2478665315300959E-004  0.19647509072443470        2.4647254287691238E-005  0.40923867997843338        3.2375231651594378E-004
 0.3800  0.95963043980039209        7.3434492726778095E-004  0.20011638188018407        2.2103579989629913E-005  0.40639101902729541        3.1179435566207591E-004
 0.4000   1.0003266445277912        7.4529486189963366E-004  0.20357406564577843        1.9963133639096485E-005  0.40342646226576112        3.0122366514948636E-004


