# triplet j1 / nf 5 / mode 2 / nplat  4 / jkb  20 / start     1 / nmeas 10000
 0.0010                       NaN                       NaN   7.0847210257421987E-004   1.1132783818530429E-005                       NaN                       NaN
 0.0020                       NaN                       NaN   1.4169317112818127E-003   2.2264304614306881E-005                       NaN                       NaN
 0.0030   2.4825878515141522        1.7078250541048712        2.1253666097622468E-003   3.3393391300362891E-005   1.4384273300213628E-003   9.8958931474255681E-004
 0.0040  0.96485259642537835        48.456159233111102        2.8337648851879012E-003   4.4518972862403717E-005   4.9347588073144809E-003  0.24783004404510081     
 0.0050  0.83056117135424290        88.850275146450485        3.5421149288421007E-003   5.5640077937309326E-005   7.1657177894035185E-003  0.76656123701058199     
 0.0060  0.80020883159096623       0.79396954813029996        4.2504054363695391E-003   6.6755834170850322E-005   8.9248815723569960E-003   8.8555710017109851E-003
 0.0070  0.79626315217309518        8.1035903546630234E-002   4.9586254076996262E-003   7.7865467398205142E-005   1.0463766739883876E-002   1.0680646627212345E-003
 0.0080  0.77794445168587245        5.9798381452619939E-002   5.6667641466438910E-003   8.8968300613183454E-005   1.2239931077296984E-002   9.4574226360803466E-004
 0.0090  0.76555064196757883        4.7876062121637947E-002   6.3748112601700914E-003   1.0006375272902501E-004   1.3992521828385186E-002   8.8192940502471108E-004
 0.0100  0.75671487588819464        4.0623949974772075E-002   7.0827566573539568E-003   1.1115133718071502E-004   1.5728376141242437E-002   8.5334343777159339E-004
 0.0200  0.72733600272896759        2.5224282875036814E-002   1.4154608556699819E-002   2.2155125561169371E-004   3.2714767787920825E-002   1.1630899566847195E-003
 0.0400  0.71971612949162977        2.1873822558381960E-002   2.8235347037940145E-002   4.4090977017622929E-004   6.6035933688874879E-002   2.0721530436418520E-003
 0.0600  0.71661774609466322        2.0308368174447779E-002   4.2204112908667796E-002   6.6355694406292109E-004   9.9307134936827982E-002   2.9205578277522967E-003
 0.0800  0.71450469261340188        1.7223205340495758E-002   5.6041747665905556E-002   8.9159004098574382E-004  0.13252894508964033        3.3640767571476373E-003
 0.1000  0.71182368487781900        1.5433591243751545E-002   6.9720171802240105E-002   1.1114714713229127E-003  0.16589060374388953        3.8321618405473801E-003
 0.1200  0.71032742280333350        1.2225917760694318E-002   8.3177702574298212E-002   1.2906819183355575E-003  0.19890719815876651        3.7552762428150503E-003
 0.1400  0.71097845236654156        1.0394372796482493E-002   9.6306474079749765E-002   1.3891662596730641E-003  0.23096720476092161        3.7652261335239809E-003
 0.1600  0.71504459942579179        7.8898746310789112E-003  0.10895743512247878        1.3808226238396534E-003  0.26113813248507917        3.3227497559141987E-003
 0.1800  0.72280661408346669        6.4753303268697488E-003  0.12096306365821799        1.2697170884753207E-003  0.28870580832921777        2.9975636771846234E-003
 0.2000  0.73470999287947747        5.2757846692585240E-003  0.13217091073734055        1.0884895479959607E-003  0.31295506889977937        2.5905274682330166E-003
 0.2200  0.75062035938763227        4.3082627825903235E-003  0.14247504563195051        8.8141117762936642E-004  0.33356110266321970        2.1748338584839625E-003
 0.2400  0.77015909726580312        3.4662708720473129E-003  0.15183277769289644        6.8571758073686883E-004  0.35052817970979921        1.7650636021778188E-003
 0.2600  0.79295037346052277        2.9589306782212116E-003  0.16026229371216330        5.2220078167777709E-004  0.36405863877379235        1.4823379081328610E-003
 0.2800  0.81860501918947159        2.6196665884196109E-003  0.16782669259278457        3.9612470990006487E-004  0.37449853946679335        1.2773528803180043E-003
 0.3000  0.84667030893260942        2.3358589581433890E-003  0.17461392583757621        3.0325529962973947E-004  0.38229686210829794        1.1057204703690015E-003
 0.3200  0.87681203585719270        2.1687721340796920E-003  0.18071979304806196        2.3590236635468413E-004  0.38787013792711494        9.9222454385847615E-004
 0.3400  0.90874016119470857        1.9862100624999236E-003  0.18623669937430942        1.8667651547577018E-004  0.39160422395537459        8.7813303270914650E-004
 0.3600  0.94215870913474420        1.8791530997882544E-003  0.19124775379295320        1.4993696960307888E-004  0.39385861804436245        8.0058640332836349E-004
 0.3800  0.97689625461269014        1.7500628477259469E-003  0.19582461554377015        1.2184439758909547E-004  0.39490441841206225        7.1804087347552160E-004
 0.4000   1.0127606421422757        1.6439750595321724E-003  0.20002752577184246        9.9904890961802272E-005  0.39498723407996084        6.4871058084847667E-004


# triplet j3 / nf 5 / mode 2 / nplat  4 / jkb  20 / start     1 / nmeas 10000
 0.0010  0.71654903967793304        2.0427204593840377E-002   7.0847210257421987E-004   1.1132783818530429E-005   1.6612326432420060E-003   4.9123717395191934E-005
 0.0020  0.71655045197896383        2.0425965369793714E-002   1.4169317112818127E-003   2.2264304614306881E-005   3.3224440901206088E-003   9.8240756341797428E-005
 0.0030  0.71655266319852451        2.0423887445687936E-002   2.1253666097622468E-003   3.3393391300362891E-005   4.9836144615760143E-003   1.4734444804106819E-004
 0.0040  0.71655555683945116        2.0420960778882443E-002   2.8337648851879012E-003   4.4518972862403717E-005   6.6447253147702313E-003   1.9642813634995087E-004
 0.0050  0.71655901667673172        2.0417175530218299E-002   3.5421149288421007E-003   5.5640077937309326E-005   8.3057596405152912E-003   2.4548518000607877E-004
 0.0060  0.71656292690508250        2.0412522085722772E-002   4.2504054363695391E-003   6.6755834170850322E-005   9.9667018582019831E-003   2.9450895491411281E-004
 0.0070  0.71656717217626176        2.0406991038573935E-002   4.9586254076996262E-003   7.7865467398205142E-005   1.1627537810027441E-002   3.4349285598829764E-004
 0.0080  0.71657163776579491        2.0400573175929304E-002   5.6667641466438910E-003   8.8968300613183454E-005   1.3288254751875695E-002   3.9243029856608747E-004
 0.0090  0.71657620964318480        2.0393259516958990E-002   6.3748112601700914E-003   1.0006375272902501E-004   1.4948841343476380E-002   4.4131472055208794E-004
 0.0100  0.71658077459345204        2.0385041300347160E-002   7.0827566573539568E-003   1.1115133718071502E-004   1.6609287635989931E-002   4.9013958373041416E-004
 0.0200  0.71660194620283457        2.0251339125888227E-002   1.4154608556699819E-002   2.2155125561169371E-004   3.3204805763027666E-002   9.7369319342206827E-004
 0.0400  0.71621774597253418        1.9684151613982268E-002   2.8235347037940145E-002   4.4090977017622929E-004   6.6358487860960561E-002   1.8959288720925497E-003
 0.0600  0.71488515318095602        1.8701355497965172E-002   4.2204112908667796E-002   6.6355694406292109E-004   9.9547815327946071E-002   2.7192090885617025E-003
 0.0800  0.71284994171526495        1.8972150938286823E-002   5.6041747665905556E-002   8.9159004098574382E-004  0.13283658682190805        3.6899154897391956E-003
 0.1000  0.71091646597735370        1.7104103502828916E-002   6.9720171802240105E-002   1.1114714713229127E-003  0.16610230103650908        4.2099072393988867E-003
 0.1200  0.70792460263424206        1.1252480651430335E-002   8.3177702574298212E-002   1.2906819183355575E-003  0.19958232404891765        3.5301112750817012E-003
 0.1400  0.70912531120052680        9.6642130125201391E-003   9.6306474079749765E-002   1.3891662596730641E-003  0.23157078614263424        3.5706096482881634E-003
 0.1600  0.71354179999878142        8.1305714150445591E-003  0.10895743512247878        1.3808226238396534E-003  0.26168811881505982        3.4118949588894448E-003
 0.1800  0.72174100027411237        6.7341355321933341E-003  0.12096306365821799        1.2697170884753207E-003  0.28913206774371630        3.0952233375526471E-003
 0.2000  0.73392754122470172        5.5304925356454713E-003  0.13217091073734055        1.0884895479959607E-003  0.31328871520377616        2.6902567725457884E-003
 0.2200  0.75001612798527750        4.5432555356128062E-003  0.14247504563195051        8.8141117762936642E-004  0.33382982767500657        2.2705778783825370E-003
 0.2400  0.76972826978224884        3.7666202931193609E-003  0.15183277769289644        6.8571758073686883E-004  0.35072437514591326        1.8901714282250879E-003
 0.2600  0.79268325835350162        3.1741254284234775E-003  0.16026229371216330        5.2220078167777709E-004  0.36418131773948670        1.5743659720471917E-003
 0.2800  0.81851699504898323        2.7762829970878864E-003  0.16782669259278457        3.9612470990006487E-004  0.37453881341620443        1.3450789639191153E-003
 0.3000  0.84651216640180871        2.4812155284458849E-003  0.17461392583757621        3.0325529962973947E-004  0.38236828151098412        1.1689105971807172E-003
 0.3200  0.87666199609402085        2.2415881706528938E-003  0.18071979304806196        2.3590236635468413E-004  0.38793652148645169        1.0237423301973144E-003
 0.3400  0.90861461231776308        2.0516512822754121E-003  0.18623669937430942        1.8667651547577018E-004  0.39165833432280450        9.0588664763327053E-004
 0.3600  0.94209630945156164        1.8985064194260318E-003  0.19124775379295320        1.4993696960307888E-004  0.39388470524238894        8.0863162969954975E-004
 0.3800  0.97665750005269103        1.7830538880531182E-003  0.19582461554377015        1.2184439758909547E-004  0.39500095709696925        7.3153668725261893E-004
 0.4000   1.0125428095353801        1.6781712027416193E-003  0.20002752577184246        9.9904890961802272E-005  0.39507220935022086        6.6217712195230992E-004


