# triplet j1 / nf 4 / mode 2 / nplat  4 / jkb  20 / start     1 / nmeas 10000
 0.0010                       NaN                       NaN   7.2554808343043206E-004   1.0068534451596795E-005                       NaN                       NaN
 0.0020                       NaN                       NaN   1.4511050907096289E-003   2.0140016481087450E-005                       NaN                       NaN
 0.0030   2.7550266244024093        1.8302762221373567        2.1766799327184879E-003   3.0217388983014770E-005   1.3117380356799390E-003   8.7148848415329234E-004
 0.0040  0.91457971859295373       0.97579500065573255        2.9022814944085090E-003   4.0303585470643961E-005   5.2685753237668885E-003   5.6213342837032132E-003
 0.0050  0.78081423927444082        126.31077309803240        3.6279186218514292E-003   5.0401525391815754E-005   7.7140250296172637E-003   1.2478825526955493     
 0.0060  0.75040658478739131       0.51857608711438730        4.3536001093067867E-003   6.0514109400963044E-005   9.6320394883594330E-003   6.6566552572815581E-003
 0.0070  0.76307146028177186        112.58123071156895        5.0793346863127233E-003   7.0644214651558609E-005   1.1051016368448071E-002   1.6304331763321263     
 0.0080  0.72980880834756989        4.8073276202167337E-002   5.8051310048063721E-003   8.0794690042872180E-005   1.3205562440990188E-002   8.7470501954309255E-004
 0.0090  0.71762781923616059        3.7634680478314426E-002   6.5309976262789057E-003   9.0968351449129280E-005   1.5108687879399384E-002   7.9930366714917349E-004
 0.0100  0.70894295805440888        3.1242387119794553E-002   7.2569430089725034E-003   1.0116797695017826E-004   1.6993410989236134E-002   7.5819205110840644E-004
 0.0200  0.67922454634468121        1.7906682357446888E-002   1.4522490336026834E-002   2.0516667273512868E-004   3.5484375907820616E-002   9.6848726051657042E-004
 0.0400  0.66647968434687410        1.4219232403124017E-002   2.9106211841176080E-002   4.3009254898941412E-004   7.2402059609319197E-002   1.6346879301087768E-003
 0.0600  0.65984331925385231        1.2009122549849406E-002   4.3773480436212382E-002   6.7920448685357578E-004  0.10983868845287480        2.1731073756990518E-003
 0.0800  0.65463360507227564        1.0643817649460216E-002   5.8476868726337353E-002   9.2992587872176198E-004  0.14775893435612902        2.6743288087021848E-003
 0.1000  0.65234038022483187        8.5049831041513549E-003   7.3084872079351812E-002   1.1351697526535258E-003  0.18533373623567134        2.8125127222113234E-003
 0.1200  0.65358756222020764        7.1900322141294900E-003   8.7390773268580912E-002   1.2451479361851924E-003  0.22158207906971858        2.9040854714928455E-003
 0.1400  0.65919262381132759        5.9836052572532460E-003  0.10114576780844486        1.2358762028341316E-003  0.25529395670923688        2.7933359922711000E-003
 0.1600  0.66912358532580685        4.6590159935969268E-003  0.11410829745973723        1.1224411558731027E-003  0.28557965443835603        2.4344939237682210E-003
 0.1800  0.68330312599562137        3.8873961315449446E-003  0.12609273658882317        9.4778161301453949E-004  0.31180485847720318        2.1260139214279274E-003
 0.2000  0.70143630010691704        3.2778505565107239E-003  0.13699912858969129        7.5888513645372435E-004  0.33373415901266662        1.8129023375540810E-003
 0.2200  0.72296496983198011        2.8432825591338134E-003  0.14681546965481576        5.8870152293988168E-004  0.35155638730451116        1.5518981165482076E-003
 0.2400  0.74753420273206039        2.5015082237761486E-003  0.15559831910395447        4.5152048033066631E-004  0.36558805804573208        1.3334291450928814E-003
 0.2600  0.77462525314763608        2.3081606544569228E-003  0.16344510228242687        3.4783265926297859E-004  0.37635351484547702        1.1907841407617662E-003
 0.2800  0.80389940947107763        2.1506668551366870E-003  0.17046934745912926        2.7156780110491153E-004  0.38433988266881047        1.0728285090229213E-003
 0.3000  0.83501352414325170        1.9677147188924432E-003  0.17678374543139166        2.1541812866649805E-004  0.39003473118443638        9.4934266037393830E-004
 0.3200  0.86769264262486490        1.8569310699649750E-003  0.18249092877865652        1.7333724681039013E-004  0.39386257214777992        8.6340287220391628E-004
 0.3400  0.90171637344205380        1.7271534012795759E-003  0.18767979869221746        1.4106401583056105E-004  0.39618065449937256        7.7331535589450777E-004
 0.3600  0.93689883425747400        1.6209199808117853E-003  0.19242512121080121        1.1579178075537370E-004  0.39728707291509041        6.9765913332323678E-004
 0.3800  0.97307222750607314        1.5327577590653356E-003  0.19678873343395681        9.5686047534034602E-005  0.39743108639778757        6.3343568763599980E-004
 0.4000   1.0100747703626409        1.4878202762142023E-003  0.20082135629546205        7.9511708087694685E-005  0.39682261798897317        5.8976729047583180E-004


# triplet j3 / nf 4 / mode 2 / nplat  4 / jkb  20 / start     1 / nmeas 10000
 0.0010  0.66645438126182532        1.5412518150418161E-002   7.2554808343043206E-004   1.0068534451596795E-005   1.8074973535674357E-003   4.3641318321727353E-005
 0.0020  0.66644387497684088        1.5410660817043058E-002   1.4511050907096289E-003   2.0140016481087450E-005   3.6150628122046651E-003   8.7276904425462199E-005
 0.0030  0.66642637578856134        1.5407566186076143E-002   2.1766799327184879E-003   3.0217388983014770E-005   5.4227643800312791E-003   1.3090102668978002E-004
 0.0040  0.66640190060962445        1.5403235637406051E-002   2.9022814944085090E-003   4.0303585470643961E-005   7.2306698594174299E-003   1.7450795461846521E-004
 0.0050  0.66637047308456709        1.5397671087898931E-002   3.6279186218514292E-003   5.0401525391815754E-005   9.0388467504625026E-003   2.1809195923740618E-004
 0.0060  0.66633212358473604        1.5390875014877063E-002   4.3536001093067867E-003   6.0514109400963044E-005   1.0847362150442580E-002   2.6164731385237643E-004
 0.0070  0.66628688914036882        1.5382850410628595E-002   5.0793346863127233E-003   7.0644214651558609E-005   1.2656282654382060E-002   3.0516829399377375E-004
 0.0080  0.66623481341461177        1.5373600812763785E-002   5.8051310048063721E-003   8.0794690042872180E-005   1.4465674255633406E-002   3.4864917823218452E-004
 0.0090  0.66617594665516155        1.5363130258101468E-002   6.5309976262789057E-003   9.0968351449129280E-005   1.6275602247202786E-002   3.9208424773020864E-004
 0.0100  0.66611034562632088        1.5351443302020101E-002   7.2569430089725034E-003   1.0116797695017826E-004   1.8086131124139263E-002   4.3546778685221200E-004
 0.0200  0.66510094910715756        1.5169007268851337E-002   1.4522490336026834E-002   2.0516667273512868E-004   3.6237896157971697E-002   8.6521293788655897E-004
 0.0400  0.66153235455199377        1.4474029068078299E-002   2.9106211841176080E-002   4.3009254898941412E-004   7.2943524987771416E-002   1.6845091294976483E-003
 0.0600  0.65538633962054660        1.0967297619427555E-002   4.3773480436212382E-002   6.7920448685357578E-004  0.11058565061517270        2.0397558628811275E-003
 0.0800  0.65148711363199296        9.7522434336358710E-003   5.8476868726337353E-002   9.2992587872176198E-004  0.14847256661753316        2.5165951046442624E-003
 0.1000  0.64996041349088407        8.4899429677566408E-003   7.3084872079351812E-002   1.1351697526535258E-003  0.18601237468466567        2.8267435988247104E-003
 0.1200  0.65189524999516302        7.2617000497146181E-003   8.7390773268580912E-002   1.2451479361851924E-003  0.22215730348079268        2.9374975935980590E-003
 0.1400  0.65790564977884791        6.1279159908200235E-003  0.10114576780844486        1.2358762028341316E-003  0.25579335459865188        2.8493165601749669E-003
 0.1600  0.66819288303650304        5.1310268540996047E-003  0.11410829745973723        1.1224411558731027E-003  0.28597742826222039        2.6078297425119580E-003
 0.1800  0.68264513517784442        4.2933770754173132E-003  0.12609273658882317        9.4778161301453949E-004  0.31210540223448457        2.2866959215938126E-003
 0.2000  0.70094649435139267        3.6167215547106028E-003  0.13699912858969129        7.5888513645372435E-004  0.33396736498946622        1.9557571827288813E-003
 0.2200  0.72267588688858986        3.0862087395442774E-003  0.14681546965481576        5.8870152293988168E-004  0.35169701598336078        1.6592146216017564E-003
 0.2400  0.74737247929605777        2.7645857286574581E-003  0.15559831910395447        4.5152048033066631E-004  0.36566716740357780        1.4529601989729569E-003
 0.2600  0.77443578754582287        2.4784590010424662E-003  0.16344510228242687        3.4783265926297859E-004  0.37644558967767283        1.2695998875517148E-003
 0.2800  0.80371717599345760        2.2382043046593812E-003  0.17046934745912926        2.7156780110491153E-004  0.38442702724590661        1.1134893323630263E-003
 0.3000  0.83487138825631302        2.0459557065732031E-003  0.17678374543139166        2.1541812866649805E-004  0.39010113414569919        9.8509359482732957E-004
 0.3200  0.86739005256953916        1.8945631306556241E-003  0.18249092877865652        1.7333724681039013E-004  0.39399997157626526        8.8068715780216956E-004
 0.3400  0.90145307129676033        1.7666378184806725E-003  0.18767979869221746        1.4106401583056105E-004  0.39629637346420277        7.9079939847051062E-004
 0.3600  0.93666490763797183        1.6604085339725441E-003  0.19242512121080121        1.1579178075537370E-004  0.39738629305367051        7.1451396337687454E-004
 0.3800  0.97286050923932932        1.5711864870997072E-003  0.19678873343395681        9.5686047534034602E-005  0.39751757713306068        6.4923119920340389E-004
 0.4000   1.0099061311990492        1.4952720435746692E-003  0.20082135629546205        7.9511708087694685E-005  0.39688888140923034        5.9286507849452819E-004


