# triplet j1 / nf 0 / mode 2 / nplat  4 / jkb  20 / start     1 / nmeas 10000
 0.0010  0.12431939650418231        7.5933985668351538E-003   4.5430322079940053        4.2107179224085280E-002  0.76674157476358207        4.6966993535930202E-002
 0.0020  0.13313388883511554        7.8960469168766877E-003   2.3206801419430345        2.1204024467011202E-002  0.72368408312176935        4.3048174324471437E-002
 0.0030  0.14230403916916171        7.7200925791505205E-003   1.5769015296521094        1.4041239515897291E-002  0.68353488644204852        3.7206903555217115E-002
 0.0040  0.15107855638600645        7.0851760642007778E-003   1.2035638190862461        1.0371463394784690E-002  0.64949637129918714        3.0587907237996873E-002
 0.0050  0.15890822829621232        6.4540294545760418E-003  0.97873071365706965        8.1457424077910276E-003  0.62256574762495742        2.5417773513509965E-002
 0.0060  0.16582616182132948        5.9704631414433749E-003  0.82834155186637892        6.6626431424141363E-003  0.60123229137463230        2.1781601965197329E-002
 0.0070  0.17199471667378927        5.6371711609022662E-003  0.72061346699518247        5.6114411769657823E-003  0.58398285692897611        1.9274769676998382E-002
 0.0080  0.17757187374291267        5.4143972521785190E-003  0.63962836494931175        4.8321818227595780E-003  0.56970452806624727        1.7503819382649444E-002
 0.0090  0.18268468390629064        5.2606301806121811E-003  0.57652588698538265        4.2341119405899779E-003  0.55762664931497796        1.6187577211193745E-002
 0.0100  0.18742986552508895        5.1455051298459602E-003  0.52597879534201830        3.7620902542810156E-003  0.54721793422181664        1.5149685911118120E-002
 0.0200  0.22461300306517143        4.4120302527746007E-003  0.29888740860353630        1.7265717999954133E-003  0.48679814105216790        9.6649034897523523E-003
 0.0400  0.27983649858172616        3.6661806055962361E-003  0.19097712056847826        7.6087459402639603E-004  0.44170397327529537        5.8533440629586018E-003
 0.0600  0.32655737427629622        3.1877971476339602E-003  0.16126402253256933        4.5885953272382853E-004  0.42599045868596874        4.2023773057204448E-003
 0.0800  0.36994390131682503        2.8410271036450195E-003  0.15103961067151370        3.2084926906336859E-004  0.42021306190103030        3.2577933356712310E-003
 0.1000  0.41167744372570081        2.5847509925466957E-003  0.14836748038160574        2.4469929329272580E-004  0.41843430864837039        2.6497378332684886E-003
 0.1200  0.45245413982460164        2.3814429065078979E-003  0.14923347871197237        1.9681261095940260E-004  0.41827719408133046        2.2187665595899361E-003
 0.1400  0.49263278996048471        2.2096064022723238E-003  0.15191762467600806        1.6363810092242858E-004  0.41865837261131289        1.8912976774284711E-003
 0.1600  0.53242783891929946        2.0592009090744500E-003  0.15556963046100139        1.3896013326238950E-004  0.41906042004011573        1.6315152736348505E-003
 0.1800  0.57197957563281954        1.9258489826233967E-003  0.15972853009507659        1.1963463705928544E-004  0.41923928991742093        1.4202785763003073E-003
 0.2000  0.61138532047716188        1.8074580899948174E-003  0.16412855621115682        1.0394074300454550E-004  0.41908977331687119        1.2460549992729579E-003
 0.2200  0.65071549251520866        1.7026503064926212E-003  0.16861013700826341        9.0870798093267040E-005  0.41857861066952051        1.1010379497596156E-003
 0.2400  0.69002276184360811        1.6101569528014850E-003  0.17307508778733180        7.9796993968693437E-005  0.41770962437679054        9.7946356019838841E-004
 0.2600  0.72934764415718478        1.5286599628314735E-003  0.17746236931126030        7.0304304260649319E-005  0.41650500551608749        8.7685429903913183E-004
 0.2800  0.76872211106569455        1.4568066526776627E-003  0.18173420908520468        6.2102578318348677E-005  0.41499511359271307        7.8964795375249190E-004
 0.3000  0.80817202077421524        1.3932742689688662E-003  0.18586778867863962        5.4978478536109523E-005  0.41321290864817156        7.1498830988340556E-004
 0.3200  0.84771880743843941        1.3368284329304584E-003  0.18985008107661994        4.8768253797272326E-005  0.41119096360292795        6.5058360549945910E-004
 0.3400  0.88738068499616185        1.2863634922265067E-003  0.19367454951412563        4.3341794999979053E-005  0.40895993403905573        5.9459934047149910E-004
 0.3600  0.92717351887456789        1.2409190063923583E-003  0.19733898662669513        3.8592903013988196E-005  0.40654785673825905        5.4556952670139309E-004
 0.3800  0.96711146919944735        1.1996804736038051E-003  0.20084407342253402        3.4433111840096172E-005  0.40397991445981818        5.0232326681532553E-004
 0.4000   1.0072074681859224        1.1619714481744387E-003  0.20419240416734605        3.0787593099986511E-005  0.40127845941935708        4.6392489532936566E-004


# triplet j3 / nf 0 / mode 2 / nplat  4 / jkb  20 / start     1 / nmeas 10000
 0.0010  0.17770545942998903        8.6083357536159907E-003   4.5430322079940053        4.2107179224085280E-002  0.53639798211618051        2.6102607360696899E-002
 0.0020  0.16888513662988228        7.0732534152196805E-003   2.3206801419430345        2.1204024467011202E-002  0.57048760001434418        2.4034907952941734E-002
 0.0030  0.16874454418643398        6.1054621929725276E-003   1.5769015296521094        1.4041239515897291E-002  0.57643211946616324        2.1013589016107444E-002
 0.0040  0.17192055698455647        5.2837636532170234E-003   1.2035638190862461        1.0371463394784690E-002  0.57075765618096119        1.7713065579665038E-002
 0.0050  0.17614699946389012        4.6463408913704936E-003  0.97873071365706965        8.1457424077910276E-003  0.56163783802215439        1.4997903135819111E-002
 0.0060  0.18055518850881094        4.2194392648660451E-003  0.82834155186637892        6.6626431424141363E-003  0.55218597740176933        1.3093861936461481E-002
 0.0070  0.18485890117615048        3.9460733682221477E-003  0.72061346699518247        5.6114411769657823E-003  0.54334395249996092        1.1789794679135407E-002
 0.0080  0.18899222389804241        3.7683149843767355E-003  0.63962836494931175        4.8321818227595780E-003  0.53527863973451639        1.0862751428603335E-002
 0.0090  0.19295901360685533        3.6482758982605110E-003  0.57652588698538265        4.2341119405899779E-003  0.52793516231061188        1.0168185731347161E-002
 0.0100  0.19677973187578648        3.5640856784314090E-003  0.52597879534201830        3.7620902542810156E-003  0.52121721503744234        9.6225838271761666E-003
 0.0200  0.22992466922030591        3.2442429567866794E-003  0.29888740860353630        1.7265717999954133E-003  0.47555224378078098        6.8491952298334871E-003
 0.0400  0.28252088570815354        2.6659628488294399E-003  0.19097712056847826        7.6087459402639603E-004  0.43750709962972401        4.2194556599610663E-003
 0.0600  0.32820698058059561        2.0476760636566290E-003  0.16126402253256933        4.5885953272382853E-004  0.42384938129335309        2.7122687681024119E-003
 0.0800  0.37113740925381355        1.9175355060819851E-003  0.15103961067151370        3.2084926906336859E-004  0.41886173591744519        2.2093660730547618E-003
 0.1000  0.41261581121443175        1.8131572933077209E-003  0.14836748038160574        2.4469929329272580E-004  0.41748270878056704        1.8665676923320194E-003
 0.1200  0.45323115589613527        1.7230915884799032E-003  0.14923347871197237        1.9681261095940260E-004  0.41756010281801126        1.6111795109579050E-003
 0.1400  0.49329936164420268        1.6442908615828015E-003  0.15191762467600806        1.6363810092242858E-004  0.41809265970342668        1.4116822369487890E-003
 0.1600  0.53301465074875642        1.5745162075700703E-003  0.15556963046100139        1.3896013326238950E-004  0.41859906384401252        1.2505875488807588E-003
 0.1800  0.57217374868366166        1.5557670716050697E-003  0.15972853009507659        1.1963463705928544E-004  0.41909701674927324        1.1503018172583301E-003
 0.2000  0.61155160847413570        1.4923923823848065E-003  0.16412855621115682        1.0394074300454550E-004  0.41897581793192673        1.0310135267764342E-003
 0.2200  0.65086322908699501        1.4365191165258188E-003  0.16861013700826341        9.0870798093267040E-005  0.41848359935808088        9.3049308394199497E-004
 0.2400  0.69015822643741553        1.3863527600430799E-003  0.17307508778733180        7.9796993968693437E-005  0.41762763612767884        8.4441419493776074E-004
 0.2600  0.72947517306837961        1.3406499973982466E-003  0.17746236931126030        7.0304304260649319E-005  0.41643219093401301        7.6976325774478149E-004
 0.2800  0.76884472572819507        1.2985353642042013E-003  0.18173420908520468        6.2102578318348677E-005  0.41492893054678742        7.0436845996219662E-004
 0.3000  0.80829180566756731        1.2593809165538142E-003  0.18586778867863962        5.4978478536109523E-005  0.41315167251556817        6.4661570326387293E-004
 0.3200  0.84783715767939760        1.2227265628868033E-003  0.18985008107661994        4.8768253797272326E-005  0.41113356514004923        5.9527186803065232E-004
 0.3400  0.88749848032290690        1.1882272630213721E-003  0.19367454951412563        4.3341794999979053E-005  0.40890565386830180        5.4937189298422736E-004
 0.3600  0.92729125462603490        1.1556186678278822E-003  0.19733898662669513        3.8592903013988196E-005  0.40649623841749782        5.0814502725905558E-004
 0.3800  0.96722935592512638        1.1246943017483686E-003  0.20084407342253402        3.4433111840096172E-005  0.40393067704879049        4.7096514582498241E-004
 0.4000   1.0073255113165456        1.0952901613706120E-003  0.20419240416734605        3.0787593099986511E-005  0.40123143572635084        4.3731631311487662E-004


