# triplet j1 / nf 3 / mode 2 / nplat  4 / jkb  20 / start     1 / nmeas 10000
 0.0010                       NaN                       NaN   7.5543440354536502E-004   8.3483009846851365E-006                       NaN                       NaN
 0.0020                       NaN                       NaN   1.5128877353940177E-003   1.6921887926860855E-005                       NaN                       NaN
 0.0030   2.8560632385936322        1.9553191711655729        2.2723462863216610E-003   2.5721589612215530E-005   1.2928408417898750E-003   8.8513546509104391E-004
 0.0040  0.82182562892026467       0.39151572072328528        3.0337955639720298E-003   3.4747890718858213E-005   5.9945759739153540E-003   2.8560076731101798E-003
 0.0050  0.69456431118466011       0.77485114287053514        3.7972202860706034E-003   4.4000931690562671E-005   8.8719775052472864E-003   9.8976502372875915E-003
 0.0060  0.69999389251218391        111.56142089894885        4.5626043740231341E-003   5.3480508769038532E-005   1.0570676412260359E-002   1.6846999578522739     
 0.0070  0.67109952427589170       0.51540722845865206        5.3299309469118849E-003   6.3186074139413793E-005   1.2871758357231622E-002   9.8858584308722675E-003
 0.0080  0.69419645065534230        109.88845849735191        6.0991823159055724E-003   7.3116736258445198E-005   1.4230278843173157E-002   2.2525949329020789     
 0.0090  0.67156521887396570       0.66508747601353746        6.8703399790950416E-003   8.3271260361592321E-005   1.6559116875734751E-002   1.6399698989275634E-002
 0.0100  0.70690977431229041        75.804130528566915        7.6433846167701189E-003   9.3648069145720123E-005   1.7490163453744167E-002   1.8755245488958630     
 0.0200  0.59516459131072152        1.0681136352991260E-002   1.5472772424242370E-002   2.0905246514215460E-004   4.1800067126698766E-002   8.0155318352439922E-004
 0.0400  0.57961831204662961        7.4234237038961941E-003   3.1582379040193412E-002   4.8713793867012991E-004   8.6721207521345142E-002   1.2964982765520056E-003
 0.0600  0.57389802315424165        6.2287832285276689E-003   4.8035459064040435E-002   7.7243458018167214E-004  0.13229300059791838        1.7869030071155879E-003
 0.0800  0.57442941351101084        5.0674921774262584E-003   6.4437062609439877E-002   9.8615842782130117E-004  0.17676292885111419        2.0642595032049514E-003
 0.1000  0.57994475213809349        4.3440014750773543E-003   8.0351871428815627E-002   1.0747278250483362E-003  0.21858802845439879        2.1949341423058368E-003
 0.1200  0.59037665372699111        3.7284904457999097E-003   9.5384310850032919E-002   1.0358468539135492E-003  0.25628012012841572        2.1344950127537344E-003
 0.1400  0.60514214988597670        3.2626232005888607E-003  0.10924822354439385        9.0981978634239753E-004  0.28902060360880849        1.9688896827478723E-003
 0.1600  0.62381279425300540        2.8543857528747279E-003  0.12179957054334563        7.4942743573928850E-004  0.31647804699952142        1.7449920436719466E-003
 0.1800  0.64585954310917126        2.6389021303819581E-003  0.13302593317836719        5.9477409606318503E-004  0.33882958702676935        1.5780912659434339E-003
 0.2000  0.67078456876392034        2.3567776969647025E-003  0.14300836985716509        4.6540416773391090E-004  0.35655592737698882        1.3805754357258124E-003
 0.2200  0.69812528499102944        2.2103873476254548E-003  0.15187785927090935        3.6498765266245234E-004  0.37028848261535141        1.2539867519678768E-003
 0.2400  0.72752288796391107        2.0635227418134270E-003  0.15978096248359105        2.8934263726336870E-004  0.38065932601328756        1.1333678218212087E-003
 0.2600  0.75866923939458919        1.8954028037006922E-003  0.16685873229840995        2.3235714136418827E-004  0.38826090806622404        1.0069680844961119E-003
 0.2800  0.79128719726352525        1.7865429358536625E-003  0.17323658202337083        1.8875412512856660E-004  0.39362228459856968        9.1421345372971557E-004
 0.3000  0.82517282406788517        1.6683496457022455E-003  0.17902115171267785        1.5473494508187288E-004  0.39717589415933752        8.2115770856012473E-004
 0.3200  0.86014661586851948        1.5712559944963491E-003  0.18430087249196084        1.2774050795755120E-004  0.39928334721331049        7.4239261937763363E-004
 0.3400  0.89605205425788981        1.4903356268416038E-003  0.18914811762114261        1.0604975988645647E-004  0.40024160214612425        6.7508113931227407E-004
 0.3600  0.93273878908770191        1.4489342869612608E-003  0.19362179069173188        8.8466815209901607E-005  0.40029791365409589        6.2851892316735972E-004
 0.3800  0.97013488825106398        1.3871534458627824E-003  0.19776980687293269        7.4124502519066354E-005  0.39962685736746123        5.7629574481313066E-004
 0.4000   1.0081551357411971        1.3334276665091917E-003  0.20163125472400936        6.2370213820266371E-005  0.39837910629187895        5.3050293978001029E-004


# triplet j3 / nf 3 / mode 2 / nplat  4 / jkb  20 / start     1 / nmeas 10000
 0.0010  0.59000637306425741        1.0437740549761725E-002   7.5543440354536502E-004   8.3483009846851365E-006   2.0833233175378460E-003   3.8611736133396061E-005
 0.0020  0.58944091528980980        1.0354613232074197E-002   1.5128877353940177E-003   1.6921887926860855E-005   4.1734293717054149E-003   7.6939606377362862E-005
 0.0030  0.58888140546127543        1.0272649919060090E-002   2.2723462863216610E-003   2.5721589612215530E-005   6.2702526643648978E-003   1.1499331078676255E-004
 0.0040  0.58832797681314952        1.0191824464794576E-002   3.0337955639720298E-003   3.4747890718858213E-005   8.3737241199357895E-003   1.5278214269816772E-004
 0.0050  0.58778076149782243        1.0112111042768216E-002   3.7972202860706034E-003   4.4000931690562671E-005   1.0483771073206024E-002   1.9031497892936180E-004
 0.0060  0.58723989074526439        1.0033484026603130E-002   4.5626043740231341E-003   5.3480508769038532E-005   1.2600317255209430E-002   2.2760026749888885E-004
 0.0070  0.58670549481226719        9.9559181487689930E-003   5.3299309469118849E-003   6.3186074139413793E-005   1.4723282782439966E-002   2.6464601965532316E-004
 0.0080  0.58617770286917270        9.8793883798307183E-003   6.0991823159055724E-003   7.3116736258445198E-005   1.6852584150529169E-002   3.0145979783410630E-004
 0.0090  0.58565664304311538        9.8038699852743619E-003   6.8703399790950416E-003   8.3271260361592321E-005   1.8988134226958144E-002   3.3804870669439476E-004
 0.0100  0.58514244240256119        9.7293385887468695E-003   7.6433846167701189E-003   9.3648069145720123E-005   2.1129842246625657E-002   3.7441938583532752E-004
 0.0200  0.58040481312025283        9.0331710220603965E-003   1.5472772424242370E-002   2.0905246514215460E-004   4.2863048868390409E-002   7.2723503754876305E-004
 0.0400  0.57348438966718307        7.8454450401824593E-003   3.1582379040193412E-002   4.8713793867012991E-004   8.7648767477940509E-002   1.3764725604130520E-003
 0.0600  0.57058725083827921        6.8270841207781104E-003   4.8035459064040435E-002   7.7243458018167214E-004  0.13306061677464107        1.9181380439774562E-003
 0.0800  0.57219915739021499        5.9079676810276016E-003   6.4437062609439877E-002   9.8615842782130117E-004  0.17745189631796271        2.2805210094135548E-003
 0.1000  0.57849731725226505        5.0689968670103178E-003   8.0351871428815627E-002   1.0747278250483362E-003  0.21913494877463838        2.4154919883987535E-003
 0.1200  0.58937637680435118        4.3201787180223690E-003   9.5384310850032919E-002   1.0358468539135492E-003  0.25671507324154491        2.3417919492606893E-003
 0.1400  0.60447776647138973        3.8165223681883250E-003  0.10924822354439385        9.0981978634239753E-004  0.28933826706338434        2.1883304717375258E-003
 0.1600  0.62337146162209411        3.3039887521801540E-003  0.12179957054334563        7.4942743573928850E-004  0.31670210616441252        1.9408635422971036E-003
 0.1800  0.64577747691161969        2.9832494110428845E-003  0.13302593317836719        5.9477409606318503E-004  0.33887264590822530        1.7391347217648036E-003
 0.2000  0.67061221363242940        2.6485482786664538E-003  0.14300836985716509        4.6540416773391090E-004  0.35664756639354367        1.5234277512842860E-003
 0.2200  0.69803856676342035        2.3657491846980363E-003  0.15187785927090935        3.6498765266245234E-004  0.37033448402909186        1.3316632333807866E-003
 0.2400  0.72753195954938632        2.1403638629990461E-003  0.15978096248359105        2.8934263726336870E-004  0.38065457957766013        1.1717047975631598E-003
 0.2600  0.75851830402917664        1.9931056486459284E-003  0.16685873229840995        2.3235714136418827E-004  0.38833816698235446        1.0556251024226668E-003
 0.2800  0.79096076476987753        1.8399105410504490E-003  0.17323658202337083        1.8875412512856660E-004  0.39378473400142239        9.4079679158392225E-004
 0.3000  0.82489243244614574        1.7193743113803441E-003  0.17902115171267785        1.5473494508187288E-004  0.39731089938995756        8.4575300877041645E-004
 0.3200  0.85990173812797965        1.6191602891971820E-003  0.18430087249196084        1.2774050795755120E-004  0.39939705276775400        7.6467973565805313E-004
 0.3400  0.89583459531385745        1.5348730242518130E-003  0.18914811762114261        1.0604975988645647E-004  0.40033875860404161        6.9503884580238314E-004
 0.3600  0.93256644061499860        1.4630496164842527E-003  0.19362179069173188        8.8466815209901607E-005  0.40037189308445059        6.3474497719534918E-004
 0.3800  0.96999672927564307        1.4009834487212424E-003  0.19776980687293269        7.4124502519066354E-005  0.39968377718533094        5.8210930357169733E-004
 0.4000   1.0080444084336371        1.3465727793861332E-003  0.20163125472400936        6.2370213820266371E-005  0.39842286571900221        5.3577940942285825E-004


