# triplet j1 / nf 1 / mode 2 / nplat  4 / jkb  20 / start     1 / nmeas 10000
 0.0010   9.4684950817245095E-002   8.7005841565737548E-003   6.4867328651601427E-002   2.4460779917562848E-003  0.12029485321618745        1.1284165121215892E-002
 0.0020  0.13274415421610189        1.0886312703118141E-002   6.5562896643384036E-002   2.4018349571698749E-003  0.12199545676654563        1.0251328341241855E-002
 0.0030  0.15963702516288239        1.1745715263394347E-002   6.6254713536982229E-002   2.3584171092847382E-003  0.12489653484113367        9.4546276607284999E-003
 0.0040  0.18024268890012812        1.1961131265094186E-002   6.6942815201860226E-002   2.3158116342156371E-003  0.12839240143068342        8.8049487354545704E-003
 0.0050  0.19670762855156451        1.1834901442613188E-002   6.7627237172697502E-002   2.2740057779323448E-003  0.13220248539321158        8.2586770278414399E-003
 0.0060  0.21024578228540949        1.1525938087062274E-002   6.8308014640780360E-002   2.2329868539916926E-003  0.13617555758440072        7.7900616930146197E-003
 0.0070  0.22162592194516534        1.1123398165673858E-002   6.8985182446215335E-002   2.1927422507133413E-003  0.14022368347100087        7.3822351441137288E-003
 0.0080  0.23136654670561774        1.0678877187901824E-002   6.9658775070947782E-002   2.1532594378894307E-003  0.14429369124483349        7.0234518907875913E-003
 0.0090  0.23983202640769133        1.0222635722189561E-002   7.0328826632526709E-002   2.1145259730342646E-003  0.14835280474300225        6.7051746023063822E-003
 0.0100  0.24728638844521703        9.7724007922903450E-003   7.0995370878600417E-002   2.0765295071563106E-003  0.15238064310154240        6.4209762266072331E-003
 0.0200  0.29359699333943517        6.4849261510881240E-003   7.7475063235148897E-002   1.7344594516709500E-003  0.18960918068020899        4.6951581560629721E-003
 0.0400  0.34147021001069189        4.0527014054805612E-003   8.9512443774622044E-002   1.2229452911190651E-003  0.24781858836977871        3.3936060033342630E-003
 0.0600  0.37833221487138530        3.1858099221236760E-003  0.10048538635223533        8.7993171748580810E-004  0.29024767759918335        2.7547255521249169E-003
 0.0800  0.41318366283581565        2.7344912683289709E-003  0.11054820882881444        6.4953873999085230E-004  0.32187904576032733        2.3306793892147078E-003
 0.1000  0.44770026704831312        2.4413731651142718E-003  0.11981823594745981        4.9301721867608234E-004  0.34577142920765941        2.0152710694570594E-003
 0.1200  0.48236546358894467        2.2261951829182524E-003  0.12838780083620516        3.8440225105326238E-004  0.36390774202430126        1.7656406283606189E-003
 0.1400  0.51735715944908756        2.0579508309965379E-003  0.13633247166221327        3.0681370277713035E-004  0.37764888467694374        1.5611648266737463E-003
 0.1600  0.55274610848825811        1.9217057122928394E-003  0.14371611750447102        2.4955502443642456E-004  0.38797347397012388        1.3902728793994518E-003
 0.1800  0.58855460721336472        1.7074949665389788E-003  0.15059389021834854        2.0595077127707060E-004  0.39561082159923855        1.1791819830907152E-003
 0.2000  0.62477765874553104        1.6200204798266801E-003  0.15701399649077971        1.7183459616795546E-004  0.40111941965530040        1.0629921343695591E-003
 0.2200  0.66141606174682588        1.5456407459268464E-003  0.16301882274489665        1.4456215900428054E-004  0.40492116476966949        9.6312851016452537E-004
 0.2400  0.69845035403166811        1.4812882433611412E-003  0.16864573037117392        1.2240282825800390E-004  0.40735471936505840        8.7648291465203428E-004
 0.2600  0.73585945439537659        1.4247170305489174E-003  0.17392768343559842        1.0417906157657451E-004  0.40868731112458301        8.0068092737515856E-004
 0.2800  0.77362270975198733        1.3742569601171443E-003  0.17889378431730163        8.9056462941482779E-005  0.40913103929812994        7.3387697501683469E-004
 0.3000  0.81171353101520960        1.3899976728573053E-003  0.18356974898069858        7.6421447245431383E-005  0.40885884423201602        7.0529319995017085E-004
 0.3200  0.85012270519378141        1.3437420647670181E-003  0.18797833373571160        6.5808665881070082E-005  0.40800197867779325        6.4884864329160308E-004
 0.3400  0.88883530574235636        1.3012318585784552E-003  0.19213971758711976        5.6856580953437849E-005  0.40666962319085254        5.9838657097498920E-004
 0.3600  0.92783937187886822        1.2618656026383518E-003  0.19607184206477385        4.9279130380399585E-005  0.40494968484553284        5.5307941941968686E-004
 0.3800  0.96712523541990103        1.2251667090303286E-003  0.19979071041362692        4.2846873382449393E-005  0.40291341376616013        5.1224114870091094E-004
 0.4000   1.0066854231932236        1.1907559678057070E-003  0.20331064864068563        3.7373809077159073E-005  0.40061875446896744        4.7529961869284022E-004


# triplet j3 / nf 1 / mode 2 / nplat  4 / jkb  20 / start     1 / nmeas 10000
 0.0010  0.31433405682825305        7.1961347706044664E-003   6.4867328651601427E-002   2.4460779917562848E-003   3.6235692610825807E-002   1.0746756507301037E-003
 0.0020  0.30554087836188398        7.1806378247633133E-003   6.5562896643384036E-002   2.4018349571698749E-003   5.3001692649131099E-002   1.5792630250345051E-003
 0.0030  0.30069075044179483        7.0008650748873899E-003   6.6254713536982229E-002   2.3584171092847382E-003   6.6307697346514566E-002   1.9432256905533296E-003
 0.0040  0.29805035314897782        6.7516386070458510E-003   6.6942815201860226E-002   2.3158116342156371E-003   7.7643899507959371E-002   2.2129572768371133E-003
 0.0050  0.29673859098119421        6.4916934049791429E-003   6.7627237172697502E-002   2.2740057779323448E-003   8.7636856751030320E-002   2.4179909967829653E-003
 0.0060  0.29627482492244672        6.2447542069102189E-003   6.8308014640780360E-002   2.2329868539916926E-003   9.6634388831310494E-002   2.5774813392704043E-003
 0.0070  0.29637940860337303        6.0179362979208223E-003   6.8985182446215335E-002   2.1927422507133413E-003  0.10485614798360160        2.7037217644220084E-003
 0.0080  0.29687935762768441        5.8118299184247999E-003   6.9658775070947782E-002   2.1532594378894307E-003  0.11245218704828733        2.8048114967190096E-003
 0.0090  0.29766224813751013        5.6248027596574263E-003   7.0328826632526709E-002   2.1145259730342646E-003  0.11953062239972775        2.8863032673999986E-003
 0.0100  0.29865222008775172        5.4546754373638083E-003   7.0995370878600417E-002   2.0765295071563106E-003  0.12617237163168635        2.9521583800022322E-003
 0.0200  0.31319973503068105        4.3353128192028427E-003   7.7475063235148897E-002   1.7344594516709500E-003  0.17774180221388045        3.1640998019707308E-003
 0.0400  0.34700658013288926        3.3496112224432307E-003   8.9512443774622044E-002   1.2229452911190651E-003  0.24386472839441412        2.8838235504011736E-003
 0.0600  0.38122904707244115        2.6748263250869352E-003  0.10048538635223533        8.7993171748580810E-004  0.28804218243765856        2.3822192249048301E-003
 0.0800  0.41519432166233000        2.3396847009311290E-003  0.11054820882881444        6.4953873999085230E-004  0.32032028421022507        2.0356270840758287E-003
 0.1000  0.44905087398825572        2.1461016019057480E-003  0.11981823594745981        4.9301721867608234E-004  0.34473145507783742        1.7937107155864007E-003
 0.1200  0.48333755832920078        1.9890218029548165E-003  0.12838780083620516        3.8440225105326238E-004  0.36317584607319175        1.5903550823214861E-003
 0.1400  0.51810634992516380        1.8586074956711725E-003  0.13633247166221327        3.0681370277713035E-004  0.37710279805256319        1.4177737024782206E-003
 0.1600  0.55300888214525667        1.7704920231379486E-003  0.14371611750447102        2.4955502443642456E-004  0.38778912031529994        1.2863735285567701E-003
 0.1800  0.58975679324020269        1.5044787480135201E-003  0.15059389021834854        2.0595077127707060E-004  0.39480439120751809        1.0427064449606131E-003
 0.2000  0.62464734805021627        1.5894152294581095E-003  0.15701399649077971        1.7183459616795546E-004  0.40120309911162516        1.0442002014012838E-003
 0.2200  0.66129055365322020        1.5202137406293028E-003  0.16301882274489665        1.4456215900428054E-004  0.40499801583486328        9.4819267166668304E-004
 0.2400  0.69833902717839713        1.4603851373459578E-003  0.16864573037117392        1.2240282825800390E-004  0.40741965848102790        8.6474037973945279E-004
 0.2600  0.73576607816970696        1.4077010551926577E-003  0.17392768343559842        1.0417906157657451E-004  0.40873917771605028        7.9154132442079285E-004
 0.2800  0.77354782724668480        1.3605274969163657E-003  0.17889378431730163        8.9056462941482779E-005  0.40917064480943838        7.2682639861805173E-004
 0.3000  0.81166343902843840        1.3176630962730591E-003  0.18356974898069858        7.6421447245431383E-005  0.40888407704506607        6.6922098292463155E-004
 0.3200  0.85009511085937006        1.2782226316974230E-003  0.18797833373571160        6.5808665881070082E-005  0.40801522254062261        6.1764428863803533E-004
 0.3400  0.88882794400778697        1.2415525751854847E-003  0.19213971758711976        5.6856580953437849E-005  0.40667299143984104        5.7123585213468087E-004
 0.3600  0.92784976275031106        1.2071705899509503E-003  0.19607184206477385        4.9279130380399585E-005  0.40494514986553393        5.2930213827120302E-004
 0.3800  0.96715091422778920        1.1747184508194607E-003  0.19979071041362692        4.2846873382449393E-005  0.40290271601879157        4.9127603249376887E-004
 0.4000   1.0067240659072110        1.1439293595870766E-003  0.20331064864068563        3.7373809077159073E-005  0.40060337687298936        4.5668792450697201E-004


