# triplet j1 / nf 6 / mode 2 / nplat  4 / jkb  20 / start     1 / nmeas 10000
 0.0010                       NaN                       NaN   6.9760402088370861E-004   1.1229273820026273E-005                       NaN                       NaN
 0.0020                       NaN                       NaN   1.3951953388342882E-003   2.2457613163794090E-005                       NaN                       NaN
 0.0030   2.3033081748194872        1.6817184881879770        2.0927612575419282E-003   3.3684085956707435E-005   1.5384501185788711E-003   1.1233395494182059E-003
 0.0040   1.0029319658614344        67.118749024555342        2.7902890939348881E-003   4.4907764927459199E-005   4.7108374698694184E-003  0.31526118508939022     
 0.0050  0.87026071145796491        89.007683289253691        3.4877661847753688E-003   5.6127729980906038E-005   6.7861632651628279E-003  0.69406864468475915     
 0.0060  0.83801959458070452        1.8692143143374573        4.1851798932284962E-003   6.7343070571798807E-005   8.4565557184520593E-003   1.8862587376910080E-002
 0.0070  0.83155366955699850        9.8614741028755268E-002   4.8825176153945186E-003   7.8552888027607154E-005   9.9425009891252903E-003   1.1818001723318645E-003
 0.0080  0.81269194747987872        7.3552085984386825E-002   5.5797667867959469E-003   8.9756297852344093E-005   1.1626314278131065E-002   1.0563779302998223E-003
 0.0090  0.79988046482750241        5.9606983058613186E-002   6.2769148888101043E-003   1.0095243197210626E-004   1.3288754621639453E-002   9.9602534178759063E-004
 0.0100  0.79072976525958105        5.1148541175815007E-002   6.9739494550389277E-003   1.1214044096437707E-004   1.4935724989885216E-002   9.7355502401942260E-004
 0.0200  0.76067009313901091        3.2758360896543930E-002   1.3935357719968716E-002   2.2340420406267720E-004   3.1037927529114172E-002   1.3596092841155474E-003
 0.0400  0.75380996934491529        2.9895151627153862E-002   2.7774097879313592E-002   4.4103889504440853E-004   6.2532112064339188E-002   2.5291554043064095E-003
 0.0600  0.75411986849511792        2.8718979284665401E-002   4.1437252897401557E-002   6.5223772247397123E-004   9.3507343241285804E-002   3.6362669498571955E-003
 0.0800  0.75487128375262436        2.6415896711331908E-002   5.4872162498297447E-002   8.6067465144056975E-004  0.12412610414821765        4.4514035719414157E-003
 0.1000  0.75536897292260874        2.4491706017474579E-002   6.8048110453422017E-002   1.0669956312743699E-003  0.15444145729820005        5.1518417984912704E-003
 0.1200  0.75538583086948763        2.0454778070944299E-002   8.0941358859411935E-002   1.2597243606188794E-003  0.18451090207381823        5.1985097067357008E-003
 0.1400  0.75546777478798122        1.6149809168562429E-002   9.3516334652631566E-002   1.4120496372271956E-003  0.21419375776828523        4.8560361438022689E-003
 0.1600  0.75688189651644611        1.3676444509111534E-002  0.10571080175877101        1.4900658464583522E-003  0.24300015736063477        4.7130588168041504E-003
 0.1800  0.76089111755857786        1.0203658659419551E-002  0.11743147705464720        1.4699988947532881E-003  0.27022218281747973        3.9989831147720350E-003
 0.2000  0.76820841473121526        8.3241826739683337E-003  0.12856345078756617        1.3530062631312645E-003  0.29519547508692445        3.5559016397884624E-003
 0.2200  0.77934487518220852        6.7158549246760296E-003  0.13899170082748924        1.1663322807206361E-003  0.31731535554352108        3.0412953970248928E-003
 0.2400  0.79434466847850649        5.4014594983253384E-003  0.14862678672126239        9.5045405426857031E-004  0.33624836246102446        2.5266163176526292E-003
 0.2600  0.81297658919109528        4.1479928867698664E-003  0.15742368042386073        7.4228563531351639E-004  0.35193192332990830        1.9780653926089239E-003
 0.2800  0.83489833357234222        3.4590647707825584E-003  0.16538650744155831        5.6475991466113434E-004  0.36451084772893055        1.6334172981713260E-003
 0.3000  0.85982267186058225        2.9446999366429900E-003  0.17256012659893497        4.2569366095008513E-004  0.37422858553414418        1.3622395995400700E-003
 0.3200  0.88726151580020340        2.5831320264546650E-003  0.17901517066169170        3.2245831947166713E-004  0.38149008992655969        1.1625838815470606E-003
 0.3400  0.91693427227247204        2.3602454607245652E-003  0.18483330048759866        2.4775157204595449E-004  0.38663962417173176        1.0284153039240224E-003
 0.3600  0.94846455881339498        2.1445511022533752E-003  0.19009630768520722        1.9374873275902399E-004  0.39006050767219880        9.0407972113803385E-004
 0.3800  0.98162449834150844        2.0222137362827662E-003  0.19487968067738240        1.5408178533223775E-004  0.39205291501215844        8.2239250849269687E-004
 0.4000   1.0161730349175004        1.8734916076366408E-003  0.19924970118512225        1.2424709479735439E-004  0.39289469653080061        7.3465472294750379E-004


# triplet j3 / nf 6 / mode 2 / nplat  4 / jkb  20 / start     1 / nmeas 10000
 0.0010  0.74783689947462484        1.7781513940951156E-002   6.9760402088370861E-004   1.1229273820026273E-005   1.5794744144761793E-003   3.9648768034090682E-005
 0.0020  0.74784041919178745        1.7780094725507328E-002   1.3951953388342882E-003   2.2457613163794090E-005   3.1589195807474727E-003   7.9290523706009597E-005
 0.0030  0.74784628179889379        1.7777729296953336E-002   2.0927612575419282E-003   3.3684085956707435E-005   4.7383062815409254E-003   1.1891825698403582E-004
 0.0040  0.74785448218133910        1.7774417986464241E-002   2.7902890939348881E-003   4.4907764927459199E-005   6.3176053591722835E-003   1.5852496587227311E-004
 0.0050  0.74786501353305290        1.7770160591190312E-002   3.4877661847753688E-003   5.6127729980906038E-005   7.8967877415614621E-003   1.9810365357020553E-004
 0.0060  0.74787786594500416        1.7764957362432544E-002   4.1851798932284962E-003   6.7343070571798807E-005   9.4758244860899052E-003   2.3764733834047194E-004
 0.0070  0.74789302875362829        1.7758808539644566E-002   4.8825176153945186E-003   7.8552888027607154E-005   1.1054686785701789E-002   2.7714905305599186E-004
 0.0080  0.74791048838065211        1.7751714243680293E-002   5.5797667867959469E-003   8.9756297852344093E-005   1.2633346021347070E-002   3.1660184709911499E-004
 0.0090  0.74793022940014364        1.7743674480852331E-002   6.2769148888101043E-003   1.0095243197210626E-004   1.4211773780370677E-002   3.5599878732959486E-004
 0.0100  0.74795223484732354        1.7734690119998113E-002   6.9739494550389277E-003   1.1214044096437707E-004   1.5789941877296949E-002   3.9533297866028435E-004
 0.0200  0.74829162745953404        1.7592969972132264E-002   1.3935357719968716E-002   2.2340420406267720E-004   3.1551366282913412E-002   7.8372723590657250E-004
 0.0400  0.74950500897282091        1.7030422214477401E-002   2.7774097879313592E-002   4.4103889504440853E-004   6.2891280130192781E-002   1.5137595581804573E-003
 0.0600  0.75107499534818523        1.6120004587060147E-002   4.1437252897401557E-002   6.5223772247397123E-004   9.3886423892671919E-002   2.1462485992938358E-003
 0.0800  0.75569658098729453        2.4692456046780085E-002   5.4872162498297447E-002   8.6067465144056975E-004  0.12399054586585773        4.1664646109712804E-003
 0.1000  0.75537656598823522        2.2668553452336229E-002   6.8048110453422017E-002   1.0669956312743699E-003  0.15443990484850342        4.7902324896262963E-003
 0.1200  0.75489471575533673        2.2325087213614543E-002   8.0941358859411935E-002   1.2597243606188794E-003  0.18463094012792408        5.6460951618151917E-003
 0.1400  0.75531152258186929        1.9510662951748241E-002   9.3516334652631566E-002   1.4120496372271956E-003  0.21423806828942266        5.7655667507065887E-003
 0.1600  0.75495352613738353        1.2008878155471069E-002  0.10571080175877101        1.4900658464583522E-003  0.24362085027660707        4.2385662835111781E-003
 0.1800  0.75936416517454242        1.0057430190115218E-002  0.11743147705464720        1.4699988947532881E-003  0.27076555373909489        3.9664382658969955E-003
 0.2000  0.76708533152228631        8.2890452698103478E-003  0.12856345078756617        1.3530062631312645E-003  0.29562766830950116        3.5531475030357138E-003
 0.2200  0.77849677083348667        6.7554604080078294E-003  0.13899170082748924        1.1663322807206361E-003  0.31766104295422742        3.0618313409640184E-003
 0.2400  0.79367291943978135        5.4828832605111717E-003  0.14862678672126239        9.5045405426857031E-004  0.33653295641493625        2.5617980633086714E-003
 0.2600  0.81245787740535813        4.4702822778051555E-003  0.15742368042386073        7.4228563531351639E-004  0.35215661342337057        2.1080092330496517E-003
 0.2800  0.83455257999519794        3.6930466969692845E-003  0.16538650744155831        5.6475991466113434E-004  0.36466186389319777        1.7296441836839266E-003
 0.3000  0.85959000556046128        3.1116942030642481E-003  0.17256012659893497        4.2569366095008513E-004  0.37432987845266635        1.4315684830555247E-003
 0.3200  0.88718768130627834        2.7151625722991839E-003  0.17901517066169170        3.2245831947166713E-004  0.38152183870792883        1.2171265657579516E-003
 0.3400  0.91678689793819046        2.4303351450225661E-003  0.18483330048759866        2.4775157204595449E-004  0.38670177684575813        1.0573720484624823E-003
 0.3600  0.94834036787666787        2.2062171975969673E-003  0.19009630768520722        1.9374873275902399E-004  0.39011158846710003        9.2907407213377443E-004
 0.3800  0.98153900985986298        2.0288820579134922E-003  0.19487968067738240        1.5408178533223775E-004  0.39208706139665506        8.2514939192590174E-004
 0.4000   1.0159372813869036        1.9004549722236844E-003  0.19924970118512225        1.2424709479735439E-004  0.39298586978879296        7.4527705451298042E-004


