# triplet j1 / nf 2 / mode 2 / nplat  4 / jkb  20 / start     1 / nmeas 10000
 0.0010   4.6803737388903919        119.90736668470544        1.0879129960908375E-003   2.4194249801845918E-005   3.1516032984988188E-004   8.0741519595553205E-003
 0.0020  0.57593352653021945        48.205676463633928        2.1757257360253443E-003   4.8369543148760306E-005   5.1222374786772766E-003  0.42873163910441237     
 0.0030  0.56004126741929394        88.338449924540328        3.2633380104140288E-003   7.2506955381092028E-005   7.9010830207379684E-003   1.2462821386796807     
 0.0040  0.54656112165757709        1.3500172588912140        4.3506497033719308E-003   9.6587625336234863E-005   1.0794022427547702E-002   2.6661727561466349E-002
 0.0050  0.54658953000178034        1.3189309327455825        5.4375608391963696E-003   1.2059278688647507E-004   1.3490894812009206E-002   3.2554129529648063E-002
 0.0060  0.55523868720929281        66.264922385726507        6.5239716289557000E-003   1.4450380020266607E-004   1.5935545554963123E-002   1.9018265806150596     
 0.0070  0.57163059979423403        95.599322536519836        7.6097825169582616E-003   1.6830218268539375E-004   1.8056545705910556E-002   3.0197710570947764     
 0.0080  0.59509760319269878        105.41867258545852        8.6948942270723382E-003   1.9196963945841198E-004   1.9820013311012599E-002   3.5110198507278101     
 0.0090  0.62445763910032726        105.53184171775167        9.7792078088653374E-003   2.1548809333912737E-004   2.1246387951805178E-002   3.5905885600168768     
 0.0100  0.65916949523958146        116.04756180776540        1.0862624683531594E-002   2.3883971425466113E-004   2.2360694284504264E-002   3.9366264304475878     
 0.0200  0.45389265890213720        3.5798100491205380E-003   2.1626143441552791E-002   4.5948917904878068E-004   6.4798712462436417E-002   8.5735663982837830E-004
 0.0400  0.45981534615319186        3.2434659837640863E-003   4.2486580162773964E-002   7.9015138215316285E-004  0.12679070582783072        1.4798439153643679E-003
 0.0600  0.47160513404059162        3.1896304042440464E-003   6.1951718002926856E-002   9.3491093010105656E-004  0.18282634451309759        1.8525746703770575E-003
 0.0800  0.48778645280520405        2.8787029837974961E-003   7.9622715663872495E-002   9.1978514685847070E-004  0.23139221835036411        1.9107651444481234E-003
 0.1000  0.50765491802343110        2.7647159802591378E-003   9.5353256542626941E-002   8.1200377240727188E-004  0.27202834848807683        1.8805201668755751E-003
 0.1200  0.53063609275668644        2.4785830471098667E-003  0.10920130827378230        6.7405830578675437E-004  0.30508633453842116        1.7080267250657937E-003
 0.1400  0.55621870020992303        2.3387924276907202E-003  0.12134793798162126        5.4346401343576467E-004  0.33139780707222855        1.5787472528733366E-003
 0.1600  0.58398677536749677        2.1805688178611216E-003  0.13202286194734925        4.3475173884625369E-004  0.35196262511355386        1.4363025300605616E-003
 0.1800  0.61359558567335781        2.0252624992648030E-003  0.14145545716130611        3.4916401879717102E-004  0.36777218258252475        1.2959720111638928E-003
 0.2000  0.64479009517776087        1.8705414314743149E-003  0.14985056241417041        2.8283994489015446E-004  0.37970020077361027        1.1583342270814168E-003
 0.2200  0.67731317378859113        1.7646818149823491E-003  0.15738072236593573        2.3119304141968876E-004  0.38851928665700103        1.0517096131202415E-003
 0.2400  0.71098732262024567        1.6564372967201074E-003  0.16418692631438336        1.9046546302204845E-004  0.39484627751871221        9.4798151840242838E-004
 0.2600  0.74564896747829235        1.5664539810729386E-003  0.17038273652187444        1.5792657653219643E-004  0.39919036052919998        8.5878020618802842E-004
 0.2800  0.78116109118114629        1.4906695814551267E-003  0.17605917651521574        1.3164937699321661E-004  0.40195991267112491        7.8163329312625591E-004
 0.3000  0.81739392761927365        1.4570010135841946E-003  0.18128925869087126        1.1025544659000096E-004  0.40348765779039975        7.2960557239882672E-004
 0.3200  0.85427685500376072        1.3984760385808059E-003  0.18613179197678029        9.2729610180452619E-005  0.40401884811774957        6.6900364547490068E-004
 0.3400  0.89173647584260496        1.3469551493390372E-003  0.19063444194672163        7.8302244987015222E-005  0.40375564611892767        6.1547842022269099E-004
 0.3600  0.92971286611356541        1.3009289053016917E-003  0.19483613614162246        6.6376735235702605E-005  0.40285815671097996        5.6787298747734444E-004
 0.3800  0.96815741772795183        1.2592437673628798E-003  0.19876893521618377        5.6483542407024102E-005  0.40145333910594239        5.2526062114626501E-004
 0.4000   1.0070308699239492        1.2210234177443301E-003  0.20245948279746934        4.8249457466058617E-005  0.39964213574344071        4.8689982825039487E-004


# triplet j3 / nf 2 / mode 2 / nplat  4 / jkb  20 / start     1 / nmeas 10000
 0.0010  0.44788148751627976        4.7800149906610323E-003   1.0879129960908375E-003   2.4194249801845918E-005   3.2934340277143170E-003   5.0760258372028269E-005
 0.0020  0.44790111003098226        4.7792386669316071E-003   2.1757257360253443E-003   4.8369543148760306E-005   6.5864277376222642E-003   1.0148542712989160E-004
 0.0030  0.44793381116823933        4.7779453953184885E-003   3.2633380104140288E-003   7.2506955381092028E-005   9.8785410669908012E-003   1.5214047542861446E-004
 0.0040  0.44797958653001707        4.7761359673584485E-003   4.3506497033719308E-003   9.6587625336234863E-005   1.3169334457614198E-002   2.0269048743910985E-004
 0.0050  0.44803842978033509        4.7738115979378904E-003   5.4375608391963696E-003   1.2059278688647507E-004   1.6458369114039827E-002   2.5310072236820028E-004
 0.0060  0.44811033293734254        4.7709738455736705E-003   6.5239716289557000E-003   1.4450380020266607E-004   1.9745207248186333E-002   3.0333667130084361E-004
 0.0070  0.44819528615704002        4.7676245768107466E-003   7.6097825169582616E-003   1.6830218268539375E-004   2.3029412336266993E-002   3.5336411292117084E-004
 0.0080  0.44829327782777695        4.7637658961695254E-003   8.6948942270723382E-003   1.9196963945841198E-004   2.6310549365770920E-002   4.0314916582289475E-004
 0.0090  0.44840429461461456        4.7594003318300344E-003   9.7792078088653374E-003   2.1548809333912737E-004   2.9588185080155743E-002   4.5265834951212285E-004
 0.0100  0.44852832145110433        4.7545308357446452E-003   1.0862624683531594E-002   2.3883971425466113E-004   3.2861888223774234E-002   5.0185864073237600E-004
 0.0200  0.45047959333130255        4.6789635541349952E-003   2.1626143441552791E-002   4.5948917904878068E-004   6.5289660904527785E-002   9.7002957155208405E-004
 0.0400  0.45815696542755519        4.3998257631297109E-003   4.2486580162773964E-002   7.9015138215316285E-004  0.12724964736665142        1.7010188766733707E-003
 0.0600  0.47053408112927930        4.0048165586345158E-003   6.1951718002926856E-002   9.3491093010105656E-004  0.18324250286678237        2.0842579907543925E-003
 0.0800  0.48852443605484897        3.8159601755840635E-003   7.9622715663872495E-002   9.1978514685847070E-004  0.23104266862748890        2.2445146157436132E-003
 0.1000  0.50796589247249313        3.3840426815591519E-003   9.5353256542626941E-002   8.1200377240727188E-004  0.27186181394893960        2.1494459397321595E-003
 0.1200  0.53039349354873433        2.9737516811021241E-003  0.10920130827378230        6.7405830578675437E-004  0.30522587943106455        1.9534523335747686E-003
 0.1400  0.55609441300756535        2.7169497290043879E-003  0.12134793798162126        5.4346401343576467E-004  0.33147187454232907        1.7814918521103285E-003
 0.1600  0.58392948331495231        2.4210526667009773E-003  0.13202286194734925        4.3475173884625369E-004  0.35199715781277163        1.5702953636025140E-003
 0.1800  0.61363495778062993        2.1861781730931991E-003  0.14145545716130611        3.4916401879717102E-004  0.36774858554711998        1.3865545208219116E-003
 0.2000  0.64491332632601106        1.9984002695859942E-003  0.14985056241417041        2.8283994489015446E-004  0.37962764700580598        1.2297039880897311E-003
 0.2200  0.67804593720314488        1.6466026724224290E-003  0.15738072236593573        2.3119304141968876E-004  0.38809941433937445        9.8464711843014910E-004
 0.2400  0.71180000930027787        1.5307620921124030E-003  0.16418692631438336        1.9046546302204845E-004  0.39439546787245328        8.7847545067033155E-004
 0.2600  0.74538423349068406        1.6295966084646171E-003  0.17038273652187444        1.5792657653219643E-004  0.39933213875740692        8.9244020711154405E-004
 0.2800  0.78092854432481673        1.5461553502815074E-003  0.17605917651521574        1.3164937699321661E-004  0.40207960929989006        8.1014433579861510E-004
 0.3000  0.81720618680143509        1.4750782459781115E-003  0.18128925869087126        1.1025544659000096E-004  0.40358035300500383        7.3873805271208205E-004
 0.3200  0.85412703499649989        1.4136542645955578E-003  0.18613179197678029        9.2729610180452619E-005  0.40408971592110715        6.7633573907736910E-004
 0.3400  0.89161807432489681        1.3597909053958389E-003  0.19063444194672163        7.8302244987015222E-005  0.40380926244037774        6.2140116733480654E-004
 0.3600  0.92962016922289781        1.3118793420984094E-003  0.19483613614162246        6.6376735235702605E-005  0.40289832763211908        5.7269686204227635E-004
 0.3800  0.96808550704701435        1.2686870849870295E-003  0.19876893521618377        5.6483542407024102E-005  0.40148315959470043        5.2923153251252129E-004
 0.4000   1.0069755758564243        1.2292743851720228E-003  0.20245948279746934        4.8249457466058617E-005  0.39966408050532909        4.9021222432502065E-004


