# triplet j1 / nf 6 / mode 2 / nplat  5 / jkb  20 / start     1 / nmeas 30000
 0.0010   3.8033555299095824E-003   7.1905057986812980E-004   1.3626173499151711E-003   4.4229406091058058E-005  0.43404527290126416        8.2361057547440372E-002
 0.0020   7.3407653429270504E-003   1.5218719111207465E-003   2.7250055976547772E-003   8.8497904238184671E-005  0.44975122355391056        9.3527040129079100E-002
 0.0030   1.1019955965775839E-002   2.0500644985869910E-003   4.0869508697795164E-003   1.3285522669978606E-004  0.44936110057750839        8.3914002615727942E-002
 0.0040   1.4689651629270484E-002   2.6451460081383369E-003   5.4482693157015911E-003   1.7737205207465922E-004  0.44943074708242398        8.1258388121091915E-002
 0.0050   1.8357413376908965E-002   3.2567114435469945E-003   6.8088210436003695E-003   2.2214967483040577E-004  0.44949459336670117        8.0079377305254551E-002
 0.0060   2.2024912175205229E-002   3.8724708379512516E-003   8.1685227960141688E-003   2.6732879194711032E-004  0.44951915259452263        7.9377041431054465E-002
 0.0070   2.5692874355264978E-002   4.4877271655643057E-003   9.5273589936347297E-003   3.1309722818934375E-004  0.44950817006209404        7.8861415009796779E-002
 0.0080   2.9362026196235940E-002   5.1000487545438469E-003   1.0885390814051927E-002   3.5969648256108653E-004  0.44946510741888179        7.8422409133507773E-002
 0.0090   3.3033293157864359E-002   5.7079232446459165E-003   1.2242763016107328E-002   4.0742701122916005E-004  0.44939072260650448        7.8010797849100699E-002
 0.0100   3.6707841653010130E-002   6.3102507727881034E-003   1.3599708268211283E-002   4.5665214695198909E-004  0.44928399138908048        7.7601504011393138E-002
 0.0200   7.4059411046353149E-002   1.1894603808504755E-002   2.7254348597507305E-002   1.1531531553531493E-003  0.44582831231397124        7.2222513021485649E-002
 0.0400  0.15566086723478020        1.8906247119314115E-002   5.6061454232000846E-002   3.9988656534055015E-003  0.43022706458160226        5.4460736058411133E-002
 0.0600  0.22560372973750439        1.3683047389589365E-002   8.0011467926530994E-002   2.9664837243815897E-003  0.43433063901817970        2.7545509325641870E-002
 0.0800  0.27578024104051424        7.6332382512742138E-003   9.5809917617582799E-002   1.0761880322152462E-003  0.44895424039423704        1.2679701516969477E-002
 0.1000  0.32079501165270158        5.3827776516330852E-003  0.10815658969408080        6.5716867565608324E-004  0.45847312590198197        7.8180233471350051E-003
 0.1200  0.36575018236815143        4.6988074256033427E-003  0.11886468824105846        6.2637707054859367E-004  0.46179316148190047        6.0561632232497145E-003
 0.1400  0.41111963916108629        4.3425063219169630E-003  0.12839932912068480        5.3099198307954688E-004  0.46120304870270379        4.9639842231267847E-003
 0.1600  0.45652116958699301        3.9654215497903619E-003  0.13698132091975115        4.1073392317189189E-004  0.45861129098628378        4.0424781317675261E-003
 0.1800  0.50162443260448197        3.5338875019302212E-003  0.14477764553663622        3.0341798397448972E-004  0.45511727838304322        3.2415239939010817E-003
 0.2000  0.54627706134707255        3.0860860280163922E-003  0.15192013459774958        2.2013978848066024E-004  0.45125777678477058        2.5701730889727517E-003
 0.2200  0.59045225068891372        2.6595777402765529E-003  0.15850960767932482        1.5978990542919670E-004  0.44726956943439455        2.0272134554669544E-003
 0.2400  0.63418591203249663        2.2770970144577536E-003  0.16462248552590258        1.1756742279618986E-004  0.44324985855046689        1.5993762100258155E-003
 0.2600  0.67753759986799045        1.9483646721821866E-003  0.17031749290427423        8.8483037490726452E-005  0.43923597005642756        1.2682339771256706E-003
 0.2800  0.72057146866525479        1.6745720007789767E-003  0.17564084254333420        6.8469916593896606E-005  0.43524090766295737        1.0150294703108987E-003
 0.3000  0.76334849484628597        1.4520809779127581E-003  0.18062983902203636        5.4539616337446961E-005  0.43126828227747155        8.2296042697473429E-004
 0.3200  0.80592400695133282        1.2748856580706892E-003  0.18531530828174916        4.4623224971973291E-005  0.42731834964601789        6.7792700822149200E-004
 0.3400  0.84834743394424583        1.1361290568291770E-003  0.18972324086252479        3.7346375626156770E-005  0.42339036744080250        5.6854465819202945E-004
 0.3600  0.89066284436420085        1.0290090418222611E-003  0.19387592243311244        3.1822791249890994E-005  0.41948346962968569        4.8586285911233085E-004
 0.3800  0.93290965879809173        9.4730298457720819E-004  0.19779272893763725        2.7491130034529051E-005  0.41559696546075742        4.2299613711566049E-004
 0.4000  0.97512331279978914        8.8563614282503671E-004  0.20149069943438472        2.3997289727267142E-005  0.41173042089882295        3.7474880251010790E-004


# triplet j3 / nf 6 / mode 2 / nplat  5 / jkb  20 / start     1 / nmeas 30000
 0.0010  0.19119486680007877        1.8524337738467310E-002   1.3626173499151711E-003   4.4229406091058058E-005   8.6342720207353216E-003   8.4820599097415147E-004
 0.0020  0.19124603649896546        1.8516122915829866E-002   2.7250055976547772E-003   8.8497904238184671E-005   1.7263198000035115E-002   1.6947384817248964E-003
 0.0030  0.19133082264537088        1.8502359218204385E-002   4.0869508697795164E-003   1.3285522669978606E-004   2.5881556733151481E-002   2.5379430008776582E-003
 0.0040  0.19144849257806673        1.8482940486049267E-002   5.4482693157015911E-003   1.7737205207465922E-004   3.4484372361571342E-002   3.3762026510455504E-003
 0.0050  0.19159804034595518        1.8457714229905695E-002   6.8088210436003695E-003   2.2214967483040577E-004   4.3067027440462723E-002   4.2079540574618251E-003
 0.0060  0.19177820884955907        1.8426486117893649E-002   8.1685227960141688E-003   2.6732879194711032E-004   5.1625364093026892E-002   5.0317021497789469E-003
 0.0070  0.19198751419438226        1.8389016352897254E-002   9.5273589936347297E-003   3.1309722818934375E-004   6.0155770980904785E-002   5.8460309214079763E-003
 0.0080  0.19222427778388287        1.8345025509260888E-002   1.0885390814051927E-002   3.5969648256108653E-004   6.8655252138154904E-002   6.6496132935965208E-003
 0.0090  0.19248666405419609        1.8294195724461410E-002   1.2242763016107328E-002   4.0742701122916005E-004   7.7121475169342021E-002   7.4412171419648973E-003
 0.0100  0.19277271925291112        1.8236175109410273E-002   1.3599708268211283E-002   4.5665214695198909E-004   8.5552798534244259E-002   8.2197097287286924E-003
 0.0200  0.19651865481565770        1.7176926452784531E-002   2.7254348597507305E-002   1.1531531553531493E-003  0.16801347571167885        1.5109423679251581E-002
 0.0400  0.20911244324330042        1.2318674389212069E-002   5.6061454232000846E-002   3.9988656534055015E-003  0.32025601605509235        2.2054232370119466E-002
 0.0600  0.23812264882172257        7.6729969665886742E-003   8.0011467926530994E-002   2.9664837243815897E-003  0.41149639728363474        1.5297299355511523E-002
 0.0800  0.27846975096291954        5.8811186788039378E-003   9.5809917617582799E-002   1.0761880322152462E-003  0.44461816123278081        9.7164298500839446E-003
 0.1000  0.32270915276206352        5.2018612699432625E-003  0.10815658969408080        6.5716867565608324E-004  0.45575370424841116        7.4757931346910193E-003
 0.1200  0.36827897631275630        4.7609648500338275E-003  0.11886468824105846        6.2637707054859367E-004  0.45862225077147306        6.0507779280150114E-003
 0.1400  0.41411508015258625        4.3528063403868401E-003  0.12839932912068480        5.3099198307954688E-004  0.45786700376326378        4.9049252529045186E-003
 0.1600  0.45966129708148690        3.9445519829071516E-003  0.13698132091975115        4.1073392317189189E-004  0.45547833649728298        3.9678586606714172E-003
 0.1800  0.50468467339615686        3.5458766327475999E-003  0.14477764553663622        3.0341798397448972E-004  0.45235759786623353        3.2133843704747630E-003
 0.2000  0.54914437556671791        3.1743573067527166E-003  0.15192013459774958        2.2013978848066024E-004  0.44890156975130108        2.6152017229016701E-003
 0.2200  0.59308623285243278        2.8432004796401251E-003  0.15850960767932482        1.5978990542919670E-004  0.44528318026715830        2.1464128744356470E-003
 0.2400  0.63658395433248427        2.5580312162179824E-003  0.16462248552590258        1.1756742279618986E-004  0.44158011506567840        1.7814253664334187E-003
 0.2600  0.67971389625652001        2.3182379891007457E-003  0.17031749290427423        8.8483037490726452E-005  0.43782963180056628        1.4975901658847493E-003
 0.2800  0.72254641091005989        2.1195731411642496E-003  0.17564084254333420        6.8469916593896606E-005  0.43405125999156657        1.2760869263489800E-003
 0.3000  0.76514392708092649        1.9563714037727211E-003  0.18062983902203636        5.4539616337446961E-005  0.43025629884746108        1.1020242175138301E-003
 0.3200  0.80756135369667070        1.8229423397032147E-003  0.18531530828174916        4.4623224971973291E-005  0.42645195317247037        9.6401627442650403E-004
 0.3400  0.84984705726467646        1.7142226478186957E-003  0.18972324086252479        3.7346375626156770E-005  0.42264326116652357        8.5352608025760488E-004
 0.3600  0.89204378951014640        1.6259316066119900E-003  0.19387592243311244        3.1822791249890994E-005  0.41883408036426900        7.6418394293827356E-004
 0.3800  0.93418944277402727        1.5544871979754217E-003  0.19779272893763725        2.7491130034529051E-005  0.41502762233559348        6.9120618992094614E-004
 0.4000  0.97631767362747746        1.4968701092978739E-003  0.20149069943438472        2.3997289727267142E-005  0.41122673782560548        6.3095973704026698E-004


