# triplet j1 / nf 0 / mode 2 / nplat  8 / jkb  20 / start  4001 / nmeas  2000
 0.0010  0.16127368991500959        1.1927176603999272E-002   2.8205742789541066        3.9339601457656866E-002  0.46571502106806878        3.4595260993779423E-002
 0.0020  0.16151468731492000        1.0935311373552661E-002   1.4167051999978191        1.9709134153186005E-002  0.46607705024323465        3.1721734908227751E-002
 0.0030  0.16251505041469316        9.7115672504887798E-003  0.95103894493340746        1.3178284471771376E-002  0.46481612850249004        2.7962526709118637E-002
 0.0050  0.16574681893413926        7.9689392775230596E-003  0.58194727083260189        7.9419574113956688E-003  0.46025298715948920        2.2350250231600303E-002
 0.0060  0.16775737627135570        7.4369450247574222E-003  0.49090115543703400        6.6212331846888092E-003  0.45751572447685801        2.0515729301727188E-002
 0.0070  0.16995724064633211        7.0247794762482380E-003  0.42647780451233830        5.6706208368821637E-003  0.45464515077564432        1.9033211709761237E-002
 0.0080  0.17230226355485767        6.6815978866917383E-003  0.37864726439710888        4.9518942893032828E-003  0.45173778726171360        1.7764947822589035E-002
 0.0090  0.17475607449199962        6.3794622078056518E-003  0.34184445823273146        4.3884569281831759E-003  0.44886758482262040        1.6637266291603090E-002
 0.0100  0.17728961864865858        6.1039067858626441E-003  0.31273524867899416        3.9343748057687113E-003  0.44608755647741255        1.5612582951952782E-002
 0.0300  0.23022359718138197        2.9122246796353182E-003  0.15436696818331377        1.1579010936916361E-003  0.41802569452377469        5.5153608408909857E-003
 0.0500  0.27994734082588418        1.7091060013757504E-003  0.13475187598244026        6.3823466854398558E-004  0.41465896893325116        2.7153205018833268E-003
 0.0700  0.32676253836863178        1.2095278177256853E-003  0.13225302004767808        4.3378668214850334E-004  0.41642285348951996        1.6859228376220545E-003
 0.0900  0.37163773335516842        1.0047142672606200E-003  0.13464081148542112        3.2344367036930849E-004  0.41889464658568643        1.2392144771536618E-003
 0.1100  0.41517340983776918        9.2598281293397491E-004  0.13886502357099534        2.5315116448688024E-004  0.42099626761787284        1.0143567135544470E-003
 0.1300  0.45775213788765617        9.0390425434291356E-004  0.14384120423821742        2.0418322820652351E-004  0.42247201668175033        8.8648938293806468E-004
 0.1500  0.49963388850859503        9.1109704598483728E-004  0.14909987721486845        1.6820214376216504E-004  0.42329913675716352        8.0798273451128258E-004
 0.1700  0.54100355870599104        9.3661739713790529E-004  0.15441203862771188        1.4080477550589755E-004  0.42352584247234298        7.5823408922499295E-004
 0.1900  0.58199745582419238        9.7558178177846618E-004  0.15965777175770474        1.1939666493512949E-004  0.42321957238908320        7.2686347350981904E-004
 0.2100  0.62271895130916166        1.0253610616189662E-003  0.16477205937161163        1.0233432377103228E-004  0.42244905909559982        7.0786129452959489E-004
 0.2300  0.66324826185360786        1.0842393054955311E-003  0.16971963517538691        8.8521322737580260E-005  0.42127805832235166        6.9738874635036341E-004
 0.2500  0.70364889839025990        1.1509362452136371E-003  0.17448223143420438        7.7196335152284097E-005  0.41976342373237902        6.9284458661479924E-004
 0.2700  0.74397210000807346        1.2244214210010104E-003  0.17905165994086333        6.7813230342909795E-005  0.41795488590066199        6.9240417869683606E-004
 0.2900  0.78425996532706377        1.3038339343347063E-003  0.18342585611430948        5.9969501588202045E-005  0.41589550671302089        6.9476166610671298E-004
 0.3100  0.82454771262128046        1.3884387749656859E-003  0.18760652264163538        5.3361690209604354E-005  0.41362237154787335        6.9896979476035109E-004
 0.3300  0.86486533277454303        1.4776024024826500E-003  0.19159767998055746        4.7756649975415234E-005  0.41116733170225395        7.0433637837195113E-004
 0.3500  0.90523881368531345        1.5707743791631098E-003  0.19540475202406071        4.2972404139930080E-005  0.40855771294500787        7.1035310130576222E-004
 0.3700  0.94569106003535053        1.6674757249137489E-003  0.19903397820644728        3.8865064217321959E-005  0.40581695526377948        7.1664685220353304E-004
 0.3900  0.98624258912411711        1.7672895707928520E-003  0.20249203029877733        3.5319619164153364E-005  0.40296517567654871        7.2294494271663576E-004
 0.4100   1.0269120636386746        1.8698532555937225E-003  0.20578576054200060        3.2243326912464373E-005  0.40001965462871863        7.2904980667376105E-004


# triplet j3 / nf 0 / mode 2 / nplat  8 / jkb  20 / start  4001 / nmeas  2000
 0.0010  0.23848377692909353        1.3628769047967998E-002   2.8205742789541066        3.9339601457656866E-002  0.31493790002673860        1.8131446734535754E-002
 0.0020  0.23717473815700396        1.3787791288551078E-002   1.4167051999978191        1.9709134153186005E-002  0.31739589814520586        1.8582943844336706E-002
 0.0030  0.23553485632672072        1.3966387671224989E-002  0.95103894493340746        1.3178284471771376E-002  0.32071523397946822        1.9146658180198336E-002
 0.0050  0.23230580332221615        1.3534083621664774E-002  0.58194727083260189        7.9419574113956688E-003  0.32838382612770978        1.9262343812980004E-002
 0.0060  0.23120219210755391        1.3461845199181784E-002  0.49090115543703400        6.6212331846888092E-003  0.33196760308146972        1.9458174876703413E-002
 0.0070  0.23026461401892992        1.3368437819767522E-002  0.42647780451233830        5.6706208368821637E-003  0.33557147123227449        1.9609541063247152E-002
 0.0080  0.22952092791277198        1.3251895376135652E-002  0.37864726439710888        4.9518942893032828E-003  0.33912133410351530        1.9705084718435392E-002
 0.0090  0.22898359638938448        1.3111748629135320E-002  0.34184445823273146        4.3884569281831759E-003  0.34256749534545411        1.9738495498727471E-002
 0.0100  0.22865327958050186        1.2948902635198907E-002  0.31273524867899416        3.9343748057687113E-003  0.34588042173236533        1.9708073355732818E-002
 0.0300  0.25105893663196227        9.2913739289346587E-003  0.15436696818331377        1.1579010936916361E-003  0.38333381156867657        1.4259361691122539E-002
 0.0500  0.28621166376201207        5.7850322160578607E-003  0.13475187598244026        6.3823466854398558E-004  0.40558331612575549        8.2538993417955418E-003
 0.0700  0.33048845380955516        4.1453675115094490E-003  0.13225302004767808        4.3378668214850334E-004  0.41172811658756431        5.2083243474445916E-003
 0.0900  0.37448929319032120        3.4628617686262970E-003  0.13464081148542112        3.2344367036930849E-004  0.41570496086947240        3.8762726415128589E-003
 0.1100  0.41776995439577141        3.2416759233889602E-003  0.13886502357099534        2.5315116448688024E-004  0.41837967071778348        3.2687289349670385E-003
 0.1300  0.46034985123893241        3.2473704244088708E-003  0.14384120423821742        2.0418322820652351E-004  0.42008804458895782        2.9783200087729876E-003
 0.1500  0.50234429709519413        3.3651752408018387E-003  0.14909987721486845        1.6820214376216504E-004  0.42101521789593438        2.8303367389360379E-003
 0.1700  0.54387433391642315        3.5373293001150809E-003  0.15441203862771188        1.4080477550589755E-004  0.42129031228875868        2.7467738565043003E-003
 0.1900  0.58504550800240651        3.7339449953701404E-003  0.15965777175770474        1.1939666493512949E-004  0.42101462367682319        2.6916555990937662E-003
 0.2100  0.62594541872402132        3.9391972665069304E-003  0.16477205937161163        1.0233432377103228E-004  0.42027152398976175        2.6480690707635741E-003
 0.2300  0.66664597453785479        4.1446148305096520E-003  0.16971963517538691        8.8521322737580260E-005  0.41913091897549060        2.6080766687922403E-003
 0.2500  0.70720641294367192        4.3457144556021529E-003  0.17448223143420438        7.7196335152284097E-005  0.41765185565043500        2.5680924250055513E-003
 0.2700  0.74767598978343541        4.5402346151527297E-003  0.17905165994086333        6.7813230342909795E-005  0.41588439166304653        2.5266701645204046E-003
 0.2900  0.78809617301934243        4.7271835237172651E-003  0.18342585611430948        5.9969501588202045E-005  0.41387105640269378        2.4834162755625333E-003
 0.3100  0.82850233533667794        4.9062960315446047E-003  0.18760652264163538        5.3361690209604354E-005  0.41164806157148071        2.4384355921499971E-003
 0.3300  0.86892507959853771        5.0777264992722185E-003  0.19159767998055746        4.7756649975415234E-005  0.40924629695691106        2.3920512182826381E-003
 0.3500  0.90939124330464227        5.2418593096484100E-003  0.19540475202406071        4.2972404139930080E-005  0.40669217139627561        2.3446574931243022E-003
 0.3700  0.94992468583796408        5.3991971481863370E-003  0.19903397820644728        3.8865064217321959E-005  0.40400830963265005        2.2966476633094111E-003
 0.3900  0.99054690345177354        5.5502942999122087E-003  0.20249203029877733        3.5319619164153364E-005  0.40121413413256229        2.2483803968365661E-003
 0.4100   1.0312775148386630        5.6957155514459129E-003  0.20578576054200060        3.2243326912464373E-005  0.39832635068657740        2.2001660957768603E-003


