# triplet j1 / nf 1 / mode 2 / nplat  8 / jkb  20 / start     1 / nmeas  2000
 0.0010   4.0035362245623311E-002   4.3105671890780227E-003  0.11028733343950395        1.0346725449924829E-002  0.37096595418794576        4.3567541495523027E-002
 0.0020   5.6045757238925964E-002   5.6360471386325793E-003  0.10832850870502542        9.3062314788424933E-003  0.37141431358426569        4.0614535005184825E-002
 0.0030   6.7966904795894997E-002   6.3894701455984781E-003  0.10662339991547487        8.4007357704299623E-003  0.37213832278184422        3.7931700525961023E-002
 0.0050   8.6125413022156580E-002   7.0997866496855643E-003  0.10385270049459266        6.9144059212805946E-003  0.37417742279868110        3.3265598188397513E-002
 0.0060   9.3534008842707531E-002   7.2336596546892897E-003  0.10273734271914052        6.3023283784993857E-003  0.37539219510659722        3.1231680593649273E-002
 0.0070  0.10020834249936635        7.2796117492809299E-003  0.10177462504019884        5.7612861080937241E-003  0.37668636013565027        2.9367978278686601E-002
 0.0080  0.10631111243107767        7.2632036791571448E-003  0.10094751682514075        5.2815612504567375E-003  0.37803250917140296        2.7655865416993965E-002
 0.0090  0.11195689377521664        7.2020535208408296E-003  0.10024123131135340        4.8550014945705575E-003  0.37940985591486143        2.6079118740292891E-002
 0.0100  0.11722982240271795        7.1086618347769069E-003   9.9642872468174742E-002   4.4747262273637234E-003  0.38080269223811908        2.4623609292005182E-002
 0.0300  0.19106520680965414        4.2243520248962767E-003   9.9473194454406000E-002   1.4116426493066873E-003  0.40434031858539704        9.3888524564689248E-003
 0.0500  0.24721309654558096        2.5119653908469712E-003  0.10658980739901322        8.0087272555776643E-004  0.41762488032915018        4.5242900182698850E-003
 0.0700  0.29830707796573269        1.7250226597149807E-003  0.11464815142311238        5.4945107177198956E-004  0.42470168895565724        2.6584330792157997E-003
 0.0900  0.34659328914039572        1.3978197907961853E-003  0.12254259975747345        3.9860015341584555E-004  0.42850870403540847        1.8634163798304784E-003
 0.1100  0.39295907224574955        1.2743675520944661E-003  0.13006883819967829        2.9706584346476836E-004  0.43047769257279767        1.4800630789060620E-003
 0.1300  0.43792654900156769        1.2406589736830391E-003  0.13720002908708095        2.2614828229114439E-004  0.43128316001068628        1.2724892556805339E-003
 0.1500  0.48184815558333988        1.2528211152804992E-003  0.14394711502220692        1.7582303063202413E-004  0.43127264170310131        1.1518412852747836E-003
 0.1700  0.52497603296360729        1.2927099344937508E-003  0.15032958544402841        1.3976570593509811E-004  0.43064777892771600        1.0791655715923659E-003
 0.1900  0.56749699938051257        1.3509615622473335E-003  0.15636854905948486        1.1370360312570913E-004  0.42953932659326333        1.0344017612758767E-003
 0.2100  0.60955294619119149        1.4217876046393506E-003  0.16208474542228105        9.4661370104570194E-005  0.42803992776700567        1.0062005370171120E-003
 0.2300  0.65125395267186303        1.5012709000526891E-003  0.16749786669203270        8.0544986780416148E-005  0.42621937087080680        9.8785095236946863E-004
 0.2500  0.69268716399318730        1.5866432905877836E-003  0.17262632842648887        6.9882645444398862E-005  0.42413233072612794        9.7528736150248976E-004
 0.2700  0.73392294421484516        1.6759068835829458E-003  0.17748722996047608        6.1648027425400360E-005  0.42182272275365235        9.6601039694014926E-004
 0.2900  0.77501919652274676        1.7676192056763167E-003  0.18209640111231579        5.5132389249570280E-005  0.41932641231527756        9.5847991892798897E-004
 0.3100  0.81602442974076916        1.8607601101855956E-003  0.18646848601418492        4.9850035358403094E-005  0.41667304503006969        9.5176017347670919E-004
 0.3300  0.85697996105170060        1.9546377173468360E-003  0.19061703921453682        4.5469078694611924E-005  0.41388735744353256        9.4530231133805145E-004
 0.3500  0.89792152303338646        2.0488142336735839E-003  0.19455462172641430        4.1762035375142165E-005  0.41099015088159330        9.3880529924306589E-004
 0.3700  0.93888045320521629        2.1430406047380059E-003  0.19829289135207953        3.8571494922745684E-005  0.40799903423344497        9.3212279968267074E-004
 0.3900  0.97988459372031478        2.2372037369281159E-003  0.20184268510062836        3.5786940611695120E-005  0.40492899845594371        9.2520212677719440E-004
 0.4100   1.0209589810700248        2.3312803833914673E-003  0.20521409326856932        3.3329212234191680E-005  0.40179286827991623        9.1804274298159030E-004


# triplet j3 / nf 1 / mode 2 / nplat  8 / jkb  20 / start     1 / nmeas  2000
 0.0010  0.14082264176755874        5.8930574307813578E-003  0.11028733343950395        1.0346725449924829E-002  0.10546426462601062        6.6296407096744659E-003
 0.0020  0.14100225032581123        5.7100085976307651E-003  0.10832850870502542        9.3062314788424933E-003  0.14763024282312151        8.7151123525883636E-003
 0.0030  0.14142328290376543        5.5987710625179611E-003  0.10662339991547487        8.4007357704299623E-003  0.17884671771216684        9.9885373861710626E-003
 0.0050  0.14313772539529396        4.8818163123248845E-003  0.10385270049459266        6.9144059212805946E-003  0.22514110094390280        1.0730023902900359E-002
 0.0060  0.14472362448589757        4.9685184863163248E-003  0.10273734271914052        6.3023283784993857E-003  0.24261371991830744        1.1169186686731732E-002
 0.0070  0.14419573916201070        6.0502029680212571E-003  0.10177462504019884        5.7612861080937241E-003  0.26177691525893315        1.3249171313031324E-002
 0.0080  0.14551493350911196        6.0504769882180655E-003  0.10094751682514075        5.2815612504567375E-003  0.27618510084126063        1.3567462786103405E-002
 0.0090  0.14701088033326729        6.0575888145605258E-003  0.10024123131135340        4.8550014945705575E-003  0.28894153167191183        1.3809767908406295E-002
 0.0100  0.14866686847910024        6.0687983877184401E-003   9.9642872468174742E-002   4.4747262273637234E-003  0.30027828283628177        1.3989763446747541E-002
 0.0300  0.19790079497061250        6.2994095986054089E-003   9.9473194454406000E-002   1.4116426493066873E-003  0.39037421049002080        1.2731044846416521E-002
 0.0500  0.25219530908827315        6.3738070451091677E-003  0.10658980739901322        8.0087272555776643E-004  0.40937454480769159        1.0459924908225133E-002
 0.0700  0.30328037184683398        6.1959849391059587E-003  0.11464815142311238        5.4945107177198956E-004  0.41773728734234328        8.5928311867481712E-003
 0.0900  0.35164081442372064        6.0226394299998211E-003  0.12254259975747345        3.9860015341584555E-004  0.42235780109972920        7.2663675782356123E-003
 0.1100  0.39814343129248919        5.9723804378829333E-003  0.13006883819967829        2.9706584346476836E-004  0.42487229827390272        6.3917701158136865E-003
 0.1300  0.44326493791144395        6.0027759131133411E-003  0.13720002908708095        2.2614828229114439E-004  0.42608907168674715        5.7808528973474519E-003
 0.1500  0.48730101570009604        6.0584270077021409E-003  0.14394711502220692        1.7582303063202413E-004  0.42644673469362726        5.3082418977639647E-003
 0.1700  0.53048305749149982        6.1111390439156053E-003  0.15032958544402841        1.3976570593509811E-004  0.42617715946504753        4.9135357964533435E-003
 0.1900  0.57300117697552244        6.1523689010552071E-003  0.15636854905948486        1.1370360312570913E-004  0.42541322557879496        4.5703207705457107E-003
 0.2100  0.61500951396399339        6.1826468046379361E-003  0.16208474542228105        9.4661370104570194E-005  0.42424221598809059        4.2666756314496818E-003
 0.2300  0.65663157858096965        6.2054612238363312E-003  0.16749786669203270        8.0544986780416148E-005  0.42272875542293076        3.9962679723098372E-003
 0.2500  0.69796610935445680        6.2245073420031547E-003  0.17262632842648887        6.9882645444398862E-005  0.42092447955707635        3.7547987416896461E-003
 0.2700  0.73909243276252190        6.2427167838545400E-003  0.17748722996047608        6.1648027425400360E-005  0.41887233706742050        3.5387374204666148E-003
 0.2900  0.78007492521314881        6.2620999903631883E-003  0.18209640111231579        5.5132389249570280E-005  0.41660872391783749        3.3449470512019993E-003
 0.3100  0.82096652000930359        6.2838864232310941E-003  0.18646848601418492        4.9850035358403094E-005  0.41416473835639389        3.1706055387970269E-003
 0.3300  0.86181139155443520        6.3087315562030486E-003  0.19061703921453682        4.5469078694611924E-005  0.41156704928440957        3.0132006318522699E-003
 0.3500  0.90264698130124943        6.3369020208238246E-003  0.19455462172641430        4.1762035375142165E-005  0.40883857130870876        2.8705272010224421E-003
 0.3700  0.94350553066992149        6.3684215338738305E-003  0.19829289135207953        3.8571494922745684E-005  0.40599901719325365        2.7406742231890773E-003
 0.3900  0.98441523464775937        6.4031700199800859E-003  0.20184268510062836        3.5786940611695120E-005  0.40306536629286560        2.6219989987701620E-003
 0.4100   1.0254011218939729        6.4409504887034561E-003  0.20521409326856932        3.3329212234191680E-005  0.40005226115081466        2.5130966513899496E-003


