# triplet j1 / nf 1 / mode 2 / nplat  8 / jkb  20 / start  6001 / nmeas  2000
 0.0010   3.8484898781553832E-002   4.3703499766055377E-003   8.5480359685861707E-002   9.9212131652514478E-003  0.33974871250709848        4.3327791687034101E-002
 0.0020   5.3914500584709556E-002   5.6995275059709910E-003   8.5400825927406970E-002   9.1601799263433311E-003  0.34281154897355753        4.0636865287693051E-002
 0.0030   6.5397359711520733E-002   6.4418554443561975E-003   8.5389629191886224E-002   8.4719457442218263E-003  0.34611304973305362        3.8172693894846996E-002
 0.0050   8.2834167147423310E-002   7.1130049779713784E-003   8.5543222476273939E-002   7.2828346181849305E-003  0.35308827257277442        3.3840849368172082E-002
 0.0060   8.9920594065884610E-002   7.2290263114623676E-003   8.5695471407601559E-002   6.7688735318255271E-003  0.35662385613626479        3.1942955055246101E-002
 0.0070   9.6291247024500023E-002   7.2626690654844315E-003   8.5890780943662384E-002   6.3012499980196991E-003  0.36012268748403009        3.0203814680745834E-002
 0.0080  0.10210802355518502        7.2411295246227834E-003   8.6124439300713132E-002   5.8752429530731240E-003  0.36354931040799882        2.8608712746228900E-002
 0.0090  0.10748578447828537        7.1826368123585997E-003   8.6392229009341209E-002   5.4866776704246322E-003  0.36687875344663301        2.7143576794250213E-002
 0.0100  0.11250916735169303        7.0995843987534642E-003   8.6690370346713772E-002   5.1318505576865396E-003  0.37009440226064527        2.5795293605346915E-002
 0.0300  0.18456560733611149        4.9845228345800933E-003   9.5610170886607365E-002   1.8255772418815613E-003  0.41037122083094030        1.1754904817146906E-002
 0.0500  0.24180712397903309        3.7244411732958883E-003  0.10534494894320932        9.5800711972957302E-004  0.42446097454059273        6.8167045838004826E-003
 0.0700  0.29444010798467329        2.9648272150497902E-003  0.11430234964855830        5.9367455785619622E-004  0.42963002874829359        4.4676649825086644E-003
 0.0900  0.34402255030398288        2.4590201602073631E-003  0.12253321560269589        4.0370114307659426E-004  0.43169424285941560        3.1665689594227954E-003
 0.1100  0.39134263332125979        2.1084879032570772E-003  0.13018647969521788        2.9363379955831681E-004  0.43245121258747604        2.3804671844697449E-003
 0.1300  0.43697317612109504        1.8659868344221044E-003  0.13735929909903485        2.2491782231597786E-004  0.43247492166959034        1.8804147042011683E-003
 0.1500  0.48134044552787764        1.7029238168692555E-003  0.14411177987965484        1.7928065606018814E-004  0.43197440267206266        1.5517137207778271E-003
 0.1700  0.52475864576223363        1.5992897634537690E-003  0.15048469999536201        1.4730971869821664E-004  0.43104839198494183        1.3305255316618265E-003
 0.1900  0.56746025251071686        1.5404852090863817E-003  0.15650879992381517        1.2386295408759048E-004  0.42975974373666809        1.1789984979650990E-003
 0.2100  0.60962006787949075        1.5159020617168536E-003  0.16220917752399838        1.0599510118414592E-004  0.42815705184828634        1.0738207454793836E-003
 0.2300  0.65137221582076676        1.5178349325338273E-003  0.16760739946134323        9.1945875437570202E-005  0.42628129835009204        1.0001834425358846E-003
 0.2500  0.69282157275522349        1.5405975086118231E-003  0.17272257555119103        8.0619408004789170E-005  0.42416824544944243        9.4838515304203916E-004
 0.2700  0.73405151006835390        1.5798893909133394E-003  0.17757194976885737        7.1305679230773212E-005  0.42184948685748075        9.1188316812286724E-004
 0.2900  0.77512931271745156        1.6323840426489631E-003  0.18217125552023741        6.3526564499888024E-005  0.41935300729132385        8.8615841074082770E-004
 0.3100  0.81611008943450569        1.6954662342571771E-003  0.18653494932313611        5.6948085967807435E-005  0.41670355399424724        8.6803409387439204E-004
 0.3300  0.85703965382399105        1.7670618031309052E-003  0.19067637762951059        5.1328998050716569E-005  0.41392294154945808        8.5525130107203461E-004
 0.3500  0.89795667391761347        1.8455175432115121E-003  0.19460790419414531        4.6489738600159401E-005  0.41103033516523924        8.4619191246032371E-004
 0.3700  0.93889429276220437        1.9295141917784432E-003  0.19834101238115953        4.2293126420187839E-005  0.40804252237718841        8.3969267581595404E-004
 0.3900  0.97988135770075524        2.0179976259064977E-003  0.20188639037325373        3.8632052684683776E-005  0.40497417340473812        8.3491576924653549E-004
 0.4100   1.0209433626579243        2.1101260806191853E-003  0.20525400395307655        3.5421367100125063E-005  0.40183808458603432        8.3125828712296156E-004


# triplet j3 / nf 1 / mode 2 / nplat  8 / jkb  20 / start  6001 / nmeas  2000
 0.0010  0.13365247426603549        5.6930298372473761E-003   8.5480359685861707E-002   9.9212131652514478E-003   9.7829799888124166E-002   7.0424727112874293E-003
 0.0020  0.13425716818694258        5.7463067088717994E-003   8.5400825927406970E-002   9.1601799263433311E-003  0.13766500297283646        9.4460017729104066E-003
 0.0030  0.13559494868471789        4.8012893385898855E-003   8.5389629191886224E-002   8.4719457442218263E-003  0.16693010937209798        1.0174131155717640E-002
 0.0050  0.13603009212421358        6.0327404768390864E-003   8.5543222476273939E-002   7.2828346181849305E-003  0.21500958009629995        1.3217133827987100E-002
 0.0060  0.13734081680945912        6.0289930205058660E-003   8.5695471407601559E-002   6.7688735318255271E-003  0.23349088600753745        1.3787425417516760E-002
 0.0070  0.13884749870048160        6.0181694803412072E-003   8.5890780943662384E-002   6.3012499980196991E-003  0.24974639791282957        1.4181178094882979E-002
 0.0080  0.14053047577791244        6.0000147218553426E-003   8.6124439300713132E-002   5.8752429530731240E-003  0.26415125505784182        1.4435157727337675E-002
 0.0090  0.14237008126147185        5.9751293081218796E-003   8.6392229009341209E-002   5.4866776704246322E-003  0.27698411262548378        1.4577214933435391E-002
 0.0100  0.14434750474454242        5.9445977007581930E-003   8.6690370346713772E-002   5.1318505576865396E-003  0.28846368431209096        1.4629651717705505E-002
 0.0300  0.19593695143725937        5.4133685305182847E-003   9.5610170886607365E-002   1.8255772418815613E-003  0.38655502726945679        1.1299431153059111E-002
 0.0500  0.25068079648074754        5.7107134428609372E-003  0.10534494894320932        9.5800711972957302E-004  0.40943578022691085        9.5112632852781213E-003
 0.0700  0.30289527157585194        6.2737871871426454E-003  0.11430234964855830        5.9367455785619622E-004  0.41763713048398404        8.7181309911014120E-003
 0.0900  0.35218048801065127        6.6248223097880353E-003  0.12253321560269589        4.0370114307659426E-004  0.42169444201449208        7.9627989931842762E-003
 0.1100  0.39913604662783619        6.7382246682931518E-003  0.13018647969521788        2.9363379955831681E-004  0.42400729712782614        7.1740552181242334E-003
 0.1300  0.44438179766574198        6.7171585147877003E-003  0.13735929909903485        2.2491782231597786E-004  0.42526480856632853        6.4376133565143450E-003
 0.1500  0.48838294590945747        6.6405406980771554E-003  0.14411177987965484        1.7928065606018814E-004  0.42574531559780859        5.7949113375529255E-003
 0.1700  0.53147261465786899        6.5525808532503442E-003  0.15048469999536201        1.4730971869821664E-004  0.42560305874201726        5.2514373823256853E-003
 0.1900  0.57389048615813509        6.4749258444145950E-003  0.15650879992381517        1.2386295408759048E-004  0.42494444250562469        4.7973883063929029E-003
 0.2100  0.61581182110772592        6.4164788685506400E-003  0.16220917752399838        1.0599510118414592E-004  0.42385209582583688        4.4185165571469891E-003
 0.2300  0.65736723320287116        6.3793768731590676E-003  0.16760739946134323        9.1945875437570202E-005  0.42239372430594108        4.1007289840661685E-003
 0.2500  0.69865608974842630        6.3624471120856188E-003  0.17272257555119103        8.0619408004789170E-005  0.42062599215434421        3.8317697700639883E-003
 0.2700  0.73975564390877568        6.3631360883498996E-003  0.17757194976885737        7.1305679230773212E-005  0.41859667499539910        3.6016124440934089E-003
 0.2900  0.78072731492176140        6.3785376345717841E-003  0.18217125552023741        6.3526564499888024E-005  0.41634614559411781        3.4023201356231806E-003
 0.3100  0.82162103007851972        6.4058914816019314E-003  0.18653494932313611        5.6948085967807435E-005  0.41390855670456916        3.2277185340660133E-003
 0.3300  0.86247826103882086        6.4427935820042465E-003  0.19067637762951059        5.1328998050716569E-005  0.41131283020174358        3.0730441722587459E-003
 0.3500  0.90333416405444655        6.4872484706922492E-003  0.19460790419414531        4.6489738600159401E-005  0.40858349803536731        2.9346274906082658E-003
 0.3700  0.94421911179714135        6.5376492887867484E-003  0.19834101238115953        4.2293126420187839E-005  0.40574141179483392        2.8096333615191850E-003
 0.3900  0.98515980740744646        6.5927276767561750E-003  0.20188639037325373        3.8632052684683776E-005  0.40280433680487604        2.6958577489117437E-003
 0.4100   1.0261801086863904        6.6514965341113496E-003  0.20525400395307655        3.5421367100125063E-005  0.39978744651993880        2.5915727689012845E-003


