# triplet j1 / nf 1 / mode 2 / nplat  8 / jkb  20 / start  4001 / nmeas  2000
 0.0010   3.1963366806769873E-002   3.0189386596695595E-003   6.9957409616041979E-002   9.4819309800555467E-003  0.37006613056746840        4.3019251284450687E-002
 0.0020   4.5476603884053092E-002   4.0442594019457212E-003   7.1403097147196476E-002   8.9821525004535087E-003  0.37162121233256235        4.0478981349418158E-002
 0.0030   5.5972566026880957E-002   4.6909576950579304E-003   7.2786399509740016E-002   8.5075030904674907E-003  0.37335805575051928        3.8146934980798776E-002
 0.0050   7.2807092402077694E-002   5.4352989260522807E-003   7.5378869243035412E-002   7.6310326296953144E-003  0.37709530179220224        3.4012451143388446E-002
 0.0060   7.9992772405874421E-002   5.6440964616310558E-003   7.6594346233441607E-002   7.2276845005653303E-003  0.37899914560517872        3.2169133128681464E-002
 0.0070   8.6624966412176083E-002   5.7817087286903953E-003   7.7760029877874559E-002   6.8464567677830619E-003  0.38088962927231196        3.0454032424195178E-002
 0.0080   9.2815825670047897E-002   5.8648993388403904E-003   7.8878818000935449E-002   6.4864360539981375E-003  0.38275260568568814        2.8854974880235980E-002
 0.0090   9.8643509126858625E-002   5.9057396391246275E-003   7.9953491071880489E-002   6.1466810661482242E-003  0.38457978728992365        2.7361775491810042E-002
 0.0100  0.10416523095614985        5.9132855390117882E-003   8.0986707783338385E-002   5.8262366798455898E-003  0.38636616664020251        2.5965723697738963E-002
 0.0300  0.18422498380942900        4.1961876823127667E-003   9.5998840961147386E-002   2.1809619482566411E-003  0.41196478416213583        1.0485691748990278E-002
 0.0500  0.24360233717249682        2.7869807003041104E-003  0.10619144159931952        9.8421599642826594E-004  0.42302234422326096        5.2216276963350941E-003
 0.0700  0.29639190902085327        1.9869806410773684E-003  0.11489144658924239        5.3387260227517734E-004  0.42789924743086682        3.0359840141503487E-003
 0.0900  0.34567658139517876        1.5690845910192337E-003  0.12289168192928940        3.4796824632993273E-004  0.43025659733209032        2.0457971824312266E-003
 0.1100  0.39266279272059568        1.3842505413990294E-003  0.13040157890743950        2.6094614988537046E-004  0.43135319013860818        1.5807062437521572E-003
 0.1300  0.43801195818076888        1.3203370397391000E-003  0.13749168820961821        2.1165613633110874E-004  0.43165713996852662        1.3429302500651359E-003
 0.1500  0.48216017591576216        1.3114662881626433E-003  0.14419702541092427        1.7816163152533239E-004  0.43136751962458841        1.2031934117483212E-003
 0.1700  0.52541484808814298        1.3282858551296039E-003  0.15054272652678027        1.5257899455252093E-004  0.43059303984081310        1.1102246833206923E-003
 0.1900  0.56799844381672160        1.3592069706834442E-003  0.15655063072075751        1.3183877158694728E-004  0.42940991034878473        1.0433547586692921E-003
 0.2100  0.61007626716310459        1.3996607825283922E-003  0.16224091552494546        1.1455323242606578E-004  0.42787874049530800        9.9321024621741171E-004
 0.2300  0.65177424483321167        1.4476853440725964E-003  0.16763245627631893        9.9964463087781074E-005  0.42605020151623069        9.5480782312924099E-004
 0.2500  0.69319039436485352        1.5022938061336521E-003  0.17274289597323969        8.7577880645531601E-005  0.42396749803359690        9.2509343348295102E-004
 0.2700  0.73440248828850896        1.5628881938960875E-003  0.17758867926398783        7.7027057603520511E-005  0.42166774259125472        9.0200221761370218E-004
 0.2900  0.77547336952055845        1.6290402537113644E-003  0.18218510274936364        6.8020103664037616E-005  0.41918288216092170        8.8404939437115176E-004
 0.3100  0.81645472242754658        1.7003936872650365E-003  0.18654638256966916        6.0316126099439494E-005  0.41654042449389761        8.7011978629914519E-004
 0.3300  0.85738979936019466        1.7766182004341619E-003  0.19068573097861474        5.3713269175939173E-005  0.41376404935435040        8.5934873592712741E-004
 0.3500  0.89831540916456820        1.8573880576612987E-003  0.19461543475179346        4.8041430639287823E-005  0.41087414278210249        8.5104990332651362E-004
 0.3700  0.93926338899033190        1.9423746408227013E-003  0.19834693099026873        4.3157123616150445E-005  0.40788826223289415        8.4466978388733746E-004
 0.3900  0.98026170095260690        2.0312481613131840E-003  0.20189087804145758        3.8939347375178103E-005  0.40482154196771369        8.3975844411082897E-004
 0.4100   1.0213352663238697        2.1236836009601288E-003  0.20525722063270727        3.5286176637520095E-005  0.40168704001970068        8.3594954394398849E-004


# triplet j3 / nf 1 / mode 2 / nplat  8 / jkb  20 / start  4001 / nmeas  2000
 0.0010  0.13973696143519618        6.3869848462959370E-003   6.9957409616041979E-002   9.4819309800555467E-003   8.4648752574855060E-002   6.9193960794051252E-003
 0.0020  0.13972672653369064        5.9462911697787330E-003   7.1403097147196476E-002   8.9821525004535087E-003  0.12095088096180806        9.1852281341648113E-003
 0.0030  0.13957614525836254        5.0393938230246082E-003   7.2786399509740016E-002   8.5075030904674907E-003  0.14972335271532924        1.0285227991437338E-002
 0.0050  0.14135623005860362        5.1733042587415951E-003   7.5378869243035412E-002   7.6310326296953144E-003  0.19422711309287061        1.2131895546583690E-002
 0.0060  0.14238349047472182        5.0564822781742165E-003   7.6594346233441607E-002   7.2276845005653303E-003  0.21292631818011451        1.2573985628055506E-002
 0.0070  0.14361416465698243        4.9904160249708935E-003   7.7760029877874559E-002   6.8464567677830619E-003  0.22974440871669305        1.2885159737882642E-002
 0.0080  0.14502740644373036        4.9646859978029097E-003   7.8878818000935449E-002   6.4864360539981375E-003  0.24495714289604337        1.3105651906071164E-002
 0.0090  0.14660433493737202        4.9700196811556718E-003   7.9953491071880489E-002   6.1466810661482242E-003  0.25876656221485511        1.3262476949226559E-002
 0.0100  0.14832778475029912        4.9983984947247796E-003   8.0986707783338385E-002   5.8262366798455898E-003  0.27133096506140475        1.3373731750238928E-002
 0.0300  0.19710965305620162        5.7626696042049064E-003   9.5998840961147386E-002   2.1809619482566411E-003  0.38503545876915912        1.2076674700798132E-002
 0.0500  0.25042102938415417        5.4923850014002322E-003  0.10619144159931952        9.8421599642826594E-004  0.41150390597146652        9.2246152256962536E-003
 0.0700  0.30127219308270226        5.1657798914540630E-003  0.11489144658924239        5.3387260227517734E-004  0.42096774188451602        7.2841093066054281E-003
 0.0900  0.34975622808669882        4.9793422982934770E-003  0.12289168192928940        3.4796824632993273E-004  0.42523797360832510        6.0838070202594383E-003
 0.1100  0.39649515571478844        4.9129660521419344E-003  0.13040157890743950        2.6094614988537046E-004  0.42718390337813306        5.3104584615768519E-003
 0.1300  0.44189122783424201        4.9257259792841439E-003  0.13749168820961821        2.1165613633110874E-004  0.42786771320848005        4.7807638094954927E-003
 0.1500  0.48619011663102463        4.9860197812983623E-003  0.14419702541092427        1.7816163152533239E-004  0.42779199336209922        4.3950829407663813E-003
 0.1700  0.52960331422565332        5.0698523154829823E-003  0.15054272652678027        1.5257899455252093E-004  0.42718761484067336        4.0951605844543517E-003
 0.1900  0.57232405012748810        5.1636661684880897E-003  0.15655063072075751        1.3183877158694728E-004  0.42616444439694046        3.8491588592624300E-003
 0.2100  0.61451504521401434        5.2618591402730456E-003  0.16224091552494546        1.1455323242606578E-004  0.42478807774172150        3.6403893035538040E-003
 0.2300  0.65630636295959877        5.3625550279858590E-003  0.16763245627631893        9.9964463087781074E-005  0.42310811539606086        3.4594373542344652E-003
 0.2500  0.69780041765041712        5.4651229608547597E-003  0.17274289597323969        8.7577880645531601E-005  0.42116655382545493        3.3002736342758899E-003
 0.2700  0.73907830104847472        5.5692152552474549E-003  0.17758867926398783        7.7027057603520511E-005  0.41900004228334808        3.1586201984305450E-003
 0.2900  0.78020516070650192        5.6744935520069446E-003  0.18218510274936364        6.8020103664037616E-005  0.41664062024443893        3.0312580295370805E-003
 0.3100  0.82123427327296405        5.7805950946097327E-003  0.18654638256966916        6.0316126099439494E-005  0.41411617577117216        2.9156956831980075E-003
 0.3300  0.86221002466362251        5.8871624554040205E-003  0.19068573097861474        5.3713269175939173E-005  0.41145088216387998        2.8099806069619422E-003
 0.3500  0.90317006151387202        5.9938693912449407E-003  0.19461543475179346        4.8041430639287823E-005  0.40866564273596284        2.7125700745975782E-003
 0.3700  0.94414686272200421        6.1004383760147182E-003  0.19834693099026873        4.3157123616150445E-005  0.40577851459434450        2.6222379013249759E-003
 0.3900  0.98516890473558261        6.2066470715278982E-003  0.20189087804145758        3.8939347375178103E-005  0.40280509403414111        2.5380033047951683E-003
 0.4100   1.0262615325635178        6.3123271737422606E-003  0.20525722063270727        3.5286176637520095E-005  0.39975885968616492        2.4590760000504819E-003


