# triplet j1 / nf 4 / mode 2 / nplat  8 / jkb  20 / start  4001 / nmeas  2000
 0.0010   3.5057930900745079E-003   6.7002058963425051E-004   1.4626167117044141E-003   2.0054347284922014E-004  0.48785861980476192        9.9055865063479326E-002
 0.0020   7.0078846537748587E-003   9.2641569576590516E-004   2.9254097539278441E-003   4.0184945868420885E-004  0.48813101545227761        7.2718633830428939E-002
 0.0030   1.0494650938245986E-002   1.3236178754468166E-003   4.3885522716572353E-003   6.0466363766960253E-004  0.48895429444185257        7.0268375833517457E-002
 0.0050   1.7466327540265621E-002   2.1731720546049721E-003   7.3165433945060771E-003   1.0176150208935175E-003  0.48972398669286654        6.9803450071510897E-002
 0.0060   2.0955333717965704E-002   2.6079106607453514E-003   8.7816939974263639E-003   1.2290102169713922E-003  0.48987490411608281        6.9941768378722513E-002
 0.0070   2.4447285156931280E-002   3.0478273492857231E-003   1.0247791946694609E-002   1.4443979363596643E-003  0.48994635319332136        7.0165004280051138E-002
 0.0080   2.7942584455632257E-002   3.4929979820187388E-003   1.1714947753658533E-002   1.6641959416334590E-003  0.48996335198173668        7.0445156145139659E-002
 0.0090   3.1441675897201281E-002   3.9436951477327302E-003   1.3183250501345379E-002   1.8887118533671276E-003  0.48993878189549595        7.0768091040447290E-002
 0.0100   3.4945053138440853E-002   4.4002163945445196E-003   1.4652765103279333E-002   2.1181308250514384E-003  0.48987929751234610        7.1124365361223629E-002
 0.0300  0.10669672110482369        1.4328536150109074E-002   4.4100633872511993E-002   6.8390837008313618E-003  0.48211091912129123        7.4761039106343866E-002
 0.0500  0.18042367652779068        1.9751236638747120E-002   7.1124687048563687E-002   7.0466675285473217E-003  0.46743007930399549        5.6165471010811707E-002
 0.0700  0.24796924868174661        1.7613049915204248E-002   9.1909943543462116E-002   4.3326511869670745E-003  0.45745401253617007        3.4234839056116344E-002
 0.0900  0.30618390998008777        1.3168114349243547E-002  0.10691506446142400        2.4014618499822674E-003  0.45307837990358374        2.0139057917738644E-002
 0.1100  0.35803125919843537        9.3737764817969586E-003  0.11845586482218330        1.3921190283513840E-003  0.45088800133466783        1.2098567976108882E-002
 0.1300  0.40638732100985531        6.7092041650397925E-003  0.12807275888123168        8.6407419955086134E-004  0.44902953388565769        7.5663726508960732E-003
 0.1500  0.45276438404927766        4.9938443704159929E-003  0.13651471486150085        5.6980577969866766E-004  0.44696972126134804        5.0174061567062897E-003
 0.1700  0.49790011383365396        3.9686121422829335E-003  0.14414063242072622        3.9503005765258631E-004  0.44462148470138801        3.5959339315647459E-003
 0.1900  0.54219473645570737        3.3968354686817370E-003  0.15113865462281875        2.8587388176238231E-004  0.44200204337648341        2.8005041978268514E-003
 0.2100  0.58588242937388990        3.0922911434234689E-003  0.15761961674970315        2.1531549159596068E-004  0.43915648980568667        2.3371985157271259E-003
 0.2300  0.62910317373762659        2.9328442527526140E-003  0.16365634716234054        1.6865814868347132E-004  0.43613753674874794        2.0456312276378964E-003
 0.2500  0.67194764568298937        2.8501984626242657E-003  0.16930116596098232        1.3716712965491698E-004  0.43299166870383293        1.8449764194211277E-003
 0.2700  0.71448413415233314        2.8088628122049843E-003  0.17459429072336899        1.1529667668088697E-004  0.42975338848296885        1.6954447261135974E-003
 0.2900  0.75677118890166928        2.7904435820639666E-003  0.17956818826344537        9.9458596429092104E-005  0.42644606130728890        1.5768639649087529E-003
 0.3100  0.79886247464540694        2.7855932978516078E-003  0.18424998889400129        8.7383494271701584E-005  0.42308493222436222        1.4786833834605968E-003
 0.3300  0.84080822057612581        2.7901816255118126E-003  0.18866291640403732        7.7693745955488734E-005  0.41968001661111198        1.3953663363377613E-003
 0.3500  0.88265521185257967        2.8030260047211099E-003  0.19282719098123144        6.9584543618882890E-005  0.41623832708150715        1.3239694510653295E-003
 0.3700  0.92444631263746668        2.8242607685950707E-003  0.19676063564600985        6.2596217001137689E-005  0.41276538891351566        1.2627408804544639E-003
 0.3900  0.96622012402116897        2.8542693852841063E-003  0.20047910715356390        5.6465469978156743E-005  0.40926610899394794        1.2103684650998517E-003
 0.4100   1.0080110117248151        2.8931681349207788E-003  0.20399681711017970        5.1035667103779784E-005  0.40574515759557073        1.1656651367093469E-003


# triplet j3 / nf 4 / mode 2 / nplat  8 / jkb  20 / start  4001 / nmeas  2000
 0.0010  0.19832775330454983        6.4876458513159332E-002   1.4626167117044141E-003   2.0054347284922014E-004   8.6237621802655907E-003   2.8822694463800083E-003
 0.0020  0.19835351305366755        6.4775944946516964E-002   2.9254097539278441E-003   4.0184945868420885E-004   1.7245804218723439E-002   5.7551414620246608E-003
 0.0030  0.19839673712224401        6.4608936525167832E-002   4.3885522716572353E-003   6.0466363766960253E-004   2.5864360066374624E-002   8.6092701768529772E-003
 0.0050  0.19853747246080203        6.4078764108525699E-002   7.3165433945060771E-003   1.0176150208935175E-003   4.3083451450662912E-002   1.4224472755939882E-002
 0.0060  0.19863633027486374        6.3717979614726680E-002   8.7816939974263639E-003   1.2290102169713922E-003   5.1679831587726446E-002   1.6967561839719404E-002
 0.0070  0.19875532754640260        6.3295423198757528E-002   1.0247791946694609E-002   1.4443979363596643E-003   6.0264337846839724E-002   1.9656030848511610E-002
 0.0080  0.19889548863129297        6.2812921172374428E-002   1.1714947753658533E-002   1.6641959416334590E-003   6.8834353343700319E-002   2.2281522012333806E-002
 0.0090  0.19905795663192016        6.2272518048733197E-002   1.3183250501345379E-002   1.8887118533671276E-003   7.7386991459539409E-002   2.4836007181266429E-002
 0.0100  0.19924397337791028        6.1676456394660392E-002   1.4652765103279333E-002   2.1181308250514384E-003   8.5919075958806088E-002   2.7311827772807239E-002
 0.0300  0.21000197783073105        4.2439705893452959E-002   4.4100633872511993E-002   6.8390837008313618E-003  0.24494842767879446        5.3020741682915186E-002
 0.0500  0.23775787833915224        2.3933776488284052E-002   7.1124687048563687E-002   7.0466675285473217E-003  0.35471149901246357        3.9796190577066619E-002
 0.0700  0.27871793669721845        1.5432288323043627E-002   9.1909943543462116E-002   4.3326511869670745E-003  0.40698682380916335        2.4491198841557371E-002
 0.0900  0.32557747879276605        1.3233704639300235E-002  0.10691506446142400        2.4014618499822674E-003  0.42609000598171964        1.7968152607199257E-002
 0.1100  0.37316963205853948        1.2883777483727744E-002  0.11845586482218330        1.3921190283513840E-003  0.43259682730558557        1.5150292099875279E-002
 0.1300  0.41979315769668202        1.2694514524855306E-002  0.12807275888123168        8.6407419955086134E-004  0.43469005147993811        1.3226532121396760E-002
 0.1500  0.46545263204804971        1.2506114357377942E-002  0.13651471486150085        5.6980577969866766E-004  0.43478531777790069        1.1717309767074757E-002
 0.1700  0.51017442745747332        1.2262599469679803E-002  0.14414063242072622        3.9503005765258631E-004  0.43392431280606025        1.0446780086776308E-002
 0.1900  0.55398681570688324        1.1888556710983983E-002  0.15113865462281875        2.8587388176238231E-004  0.43259365498726415        9.2924700326711147E-003
 0.2100  0.59703368155500447        1.1394628866964662E-002  0.15761961674970315        2.1531549159596068E-004  0.43095403001808907        8.2301970532718434E-003
 0.2300  0.63950792947338153        1.0844122447215162E-002  0.16365634716234054        1.6865814868347132E-004  0.42904160513019646        7.2786076565787092E-003
 0.2500  0.68158150468716450        1.0297997588217240E-002  0.16930116596098232        1.3716712965491698E-004  0.42687151923148209        6.4519086993200143E-003
 0.2700  0.72338623219950426        9.7959842419988261E-003  0.17459429072336899        1.1529667668088697E-004  0.42446477967333324        5.7497446338188084E-003
 0.2900  0.76501876495744536        9.3580998899937713E-003  0.17956818826344537        9.9458596429092104E-005  0.42184859718559031        5.1615895657967474E-003
 0.3100  0.80654959007371918        8.9905726214292193E-003  0.18424998889400129        8.7383494271701584E-005  0.41905256676287700        4.6722172934226189E-003
 0.3300  0.84803064405340844        8.6912122481090717E-003  0.18866291640403732        7.7693745955488734E-005  0.41610572737265900        4.2654036534194783E-003
 0.3500  0.88950109791893450        8.4534450905710528E-003  0.19282719098123144        6.9584543618882890E-005  0.41303482326311181        3.9260169907447120E-003
 0.3700  0.93099162191483564        8.2690485444583545E-003  0.19676063564600985        6.2596217001137689E-005  0.40986345395960522        3.6409825618098149E-003
 0.3900  0.97252739007347888        8.1297772059358182E-003  0.20047910715356390        5.6465469978156743E-005  0.40661183903511061        3.3995265702493798E-003
 0.4100   1.0141300900887191        8.0281728989069837E-003  0.20399681711017970        5.1035667103779784E-005  0.40329696437128265        3.1930242237987608E-003


