# triplet j1 / nf 5 / mode 2 / nplat  8 / jkb  20 / start  6001 / nmeas  2000
 0.0010   3.1065075643149564E-003   2.9808333865020470E-003   1.5782916139457067E-003   1.1959584003491901E-004  0.57192121522841288       0.54921169741526110     
 0.0020   6.2213457244036721E-003   1.8223040108183552E-003   3.1559517495738645E-003   2.3887816451544891E-004  0.57109826003896980       0.16867178947831227     
 0.0030   9.3187902351751749E-003   2.0498906199590602E-003   4.7323997265225617E-003   3.5749276592910589E-004  0.57181665353607491       0.12762551532395380     
 0.0050   1.5512900762693349E-002   3.1611350206927021E-003   7.8796098057770537E-003   5.9108878842339539E-004  0.57221513640552235       0.11856167296330809     
 0.0060   1.8617056306820964E-002   3.7501128104112701E-003   9.4494781249364040E-003   7.0515468391988139E-004  0.57198352879940184       0.11717697997838958     
 0.0070   2.1724659720049142E-002   4.3413717918981817E-003   1.1016340428926965E-002   8.1672713707984742E-004  0.57164934367374032       0.11618494030813019     
 0.0080   2.4835612953935160E-002   4.9309413649790126E-003   1.2579864962133994E-002   9.2526109779268522E-004  0.57124590245505469       0.11534617120855316     
 0.0090   2.7950220039818431E-002   5.5165770484302294E-003   1.4139757316763320E-002   1.0301840868760406E-003  0.57078427402065923       0.11455934317121150     
 0.0100   3.1069065145486300E-002   6.0967318059700635E-003   1.5695754578127552E-002   1.1309018664002897E-003  0.57026656809758702       0.11377452116397493     
 0.0300   9.5492167043698811E-002   1.5015803848433085E-002   4.5619655779224416E-002   1.6485547910858093E-003  0.54787802068108504        8.6718749018441926E-002
 0.0500  0.16484814878189336        1.7278265803262201E-002   7.1111511186791598E-002   2.9802409804875639E-003  0.51154739746633449        5.4677959284795047E-002
 0.0700  0.23198427503516206        1.6754655537950504E-002   9.0252003808620390E-002   3.5309196233332930E-003  0.48454475510122202        3.6256274089195531E-002
 0.0900  0.29128979283450801        1.4908776671112187E-002  0.10465120320600466        2.7098145018863186E-003  0.47117593261981061        2.4875290774979027E-002
 0.1100  0.34472900716859389        1.3004399595410712E-002  0.11623306062716504        1.8766989021609588E-003  0.46387220297095710        1.7895123267459023E-002
 0.1300  0.39466658123839121        1.1267502359877076E-002  0.12608019621579569        1.2825109917138069E-003  0.45875388837978776        1.3303370538692979E-002
 0.1500  0.44236103550072164        9.6568390337936280E-003  0.13475753988559783        8.9125541604098723E-004  0.45452764037482474        1.0035637068421201E-002
 0.1700  0.48846799690868131        8.2043309136410839E-003  0.14258130294636812        6.4596250654794837E-004  0.45074885570433637        7.6393418654221784E-003
 0.1900  0.53339146528801884        6.9566206513350919E-003  0.14974176666097130        5.0066012913116929E-004  0.44721587584956191        5.8804179304288570E-003
 0.2100  0.57743044598005899        5.9391761375712122E-003  0.15635991445135233        4.1717612533222128E-004  0.44380038865378280        4.6029541590347101E-003
 0.2300  0.62082671533438227        5.1535185874320251E-003  0.16251667975638900        3.6600861599149850E-004  0.44041032212320486        3.6893555736000872E-003
 0.2500  0.66377061737268228        4.5790111043167818E-003  0.16826925660425299        3.2891004387135590E-004  0.43698785428730569        3.0446566372868554E-003
 0.2700  0.70640112666118715        4.1782566150689541E-003  0.17366043953098875        2.9714726732850817E-004  0.43350683033444132        2.5908117640207357E-003
 0.2900  0.74881445420798709        3.9079793574285163E-003  0.17872399098996505        2.6753196286713205E-004  0.42996311916733548        2.2668876357472569E-003
 0.3100  0.79107731745761878        3.7293841220232982E-003  0.18348773209141345        2.3936030019954438E-004  0.42636390283467906        2.0291587503669497E-003
 0.3300  0.83323841751323746        3.6131161497821858E-003  0.18797534349026712        2.1279127086204150E-004  0.42272032115402408        1.8485634837042864E-003
 0.3500  0.87533597235902616        3.5393195083129048E-003  0.19220744371247750        1.8814727803548203E-004  0.41904372824194636        1.7067226748594471E-003
 0.3700  0.91740199780712961        3.4954632778826378E-003  0.19620226394561605        1.6566700656175530E-004  0.41534423372278384        1.5922199596627878E-003
 0.3900  0.95946460262648625        3.4739035043758835E-003  0.19997609522218324        1.4545087565609298E-004  0.41163034811218263        1.4978763198214076E-003
 0.4100   1.0015492347423760        3.4699677316045517E-003  0.20354360383115708        1.2747736296048372E-004  0.40790906101779600        1.4190026940655834E-003


# triplet j3 / nf 5 / mode 2 / nplat  8 / jkb  20 / start  6001 / nmeas  2000
 0.0010  0.16628223404698636        5.2376950895310991E-002   1.5782916139457067E-003   1.1959584003491901E-004   1.0684710795966520E-002   3.3898174627819953E-003
 0.0020  0.16639418104098691        5.2344124460504356E-002   3.1559517495738645E-003   2.3887816451544891E-004   2.1352908473599996E-002   6.7656135977162378E-003
 0.0030  0.16657988642879820        5.2288800934672829E-002   4.7323997265225617E-003   3.5749276592910589E-004   3.1988492497623110E-002   1.0113498910429765E-002
 0.0050  0.16716953424866796        5.2108886699962949E-002   7.8796098057770537E-003   5.9108878842339539E-004   5.3100085885060946E-002   1.6671371592778570E-002
 0.0060  0.16757195300116184        5.1983495333233959E-002   9.4494781249364040E-003   7.0515468391988139E-004   6.3546729458710691E-002   1.9855289116236487E-002
 0.0070  0.16804513131521137        5.1834001032570166E-002   1.1016340428926965E-002   8.1672713707984742E-004   7.3902096260121064E-002   2.2959333105519893E-002
 0.0080  0.16858840880532938        5.1660078637496810E-002   1.2579864962133994E-002   9.2526109779268522E-004   8.4153129123350809E-002   2.5971853642170629E-002
 0.0090  0.16920120152307530        5.1461429896674231E-002   1.4139757316763320E-002   1.0301840868760406E-003   9.4287427692821280E-002   2.8881865519582054E-002
 0.0100  0.16988301913173570        5.1237785891674249E-002   1.5695754578127552E-002   1.1309018664002897E-003  0.10429323216099480        3.1679093319773650E-002
 0.0300  0.19774148374200207        4.1745370144700020E-002   4.5619655779224416E-002   1.6485547910858093E-003  0.26457806667775308        5.6059500495844045E-002
 0.0500  0.24040238925877536        2.9518185342864042E-002   7.1111511186791598E-002   2.9802409804875639E-003  0.35077705236842799        4.3693420796511090E-002
 0.0700  0.28295262055266623        2.1037667988292777E-002   9.0252003808620390E-002   3.5309196233332930E-003  0.39726355428231402        3.0541912027885955E-002
 0.0900  0.32556874851858475        1.6624927706359465E-002  0.10465120320600466        2.7098145018863186E-003  0.42156607606210716        2.2208093970859519E-002
 0.1100  0.36803246235744891        1.4083995239907415E-002  0.11623306062716504        1.8766989021609588E-003  0.43450026923976848        1.6993571423053286E-002
 0.1300  0.41165751551999369        1.2956386940264856E-002  0.12608019621579569        1.2825109917138069E-003  0.43981907758435124        1.4022315110307817E-002
 0.1500  0.45736374103393590        1.3123920693120985E-002  0.13475753988559783        8.9125541604098723E-004  0.43961796622830290        1.2698203201403954E-002
 0.1700  0.50240796133435739        1.3239010460030376E-002  0.14258130294636812        6.4596250654794837E-004  0.43824224056881117        1.1590762790474158E-002
 0.1900  0.54597001655280031        1.2780840947597750E-002  0.14974176666097130        5.0066012913116929E-004  0.43691251183643237        1.0253915326856147E-002
 0.2100  0.58868497027600408        1.2103152595507942E-002  0.15635991445135233        4.1717612533222128E-004  0.43531577887291462        8.9687573058897640E-003
 0.2300  0.63098369763159134        1.1445944405172711E-002  0.16251667975638900        3.6600861599149850E-004  0.43332101084289137        7.8755051195506433E-003
 0.2500  0.67307430261278889        1.0890358876927164E-002  0.16826925660425299        3.2891004387135590E-004  0.43094751455920061        6.9854502465403253E-003
 0.2700  0.71505680917937253        1.0446096715774860E-002  0.17366043953098875        2.9714726732850817E-004  0.42825927874879033        6.2670585243385151E-003
 0.2900  0.75697947382024289        1.0097614552762967E-002  0.17872399098996505        2.6753196286713205E-004  0.42532540120804824        5.6824882365212300E-003
 0.3100  0.79886706239320870        9.8243683871711545E-003  0.18348773209141345        2.3936030019954438E-004  0.42220643257564111        5.1995402838464237E-003
 0.3300  0.84073558260094716        9.6083523905026984E-003  0.18797534349026712        2.1279127086204150E-004  0.41895076018954469        4.7938500936642895E-003
 0.3500  0.88259922779161382        9.4358674445988774E-003  0.19220744371247750        1.8814727803548203E-004  0.41559525294329847        4.4477820400398932E-003
 0.3700  0.92447297743937129        9.2971024865373224E-003  0.19620226394561605        1.6566700656175530E-004  0.41216740682930608        4.1486748657642569E-003
 0.3900  0.96637311961225292        9.1851632483432779E-003  0.19997609522218324        1.4545087565609298E-004  0.40868763872377262        3.8873281664755419E-003
 0.4100   1.0083169885468581        9.0951659120232925E-003  0.20354360383115708        1.2747736296048372E-004  0.40517120364660919        3.6569048817769296E-003


