# triplet j1 / nf 2 / mode 2 / nplat  8 / jkb  20 / start     1 / nmeas  2000
 0.0010   7.4705575052891804E-003   1.5589436727059865E-003   4.2677910924595530E-003   8.3066921907548206E-004  0.39107815806147955        9.0047840056154252E-002
 0.0020   1.4884307659211967E-002   3.1013345182090979E-003   8.5089327727467436E-003   1.6449212634771244E-003  0.39195743192354027        9.0029029189766477E-002
 0.0030   2.2262981406504827E-002   4.6017470035992864E-003   1.2697589133522412E-002   2.4271685403173902E-003  0.39206036208008244        8.9282608380628597E-002
 0.0050   3.6793776383448870E-002   7.3883960288350509E-003   2.0822635038932402E-002   3.8418123634316264E-003  0.39218725758315914        8.6666381444723328E-002
 0.0060   4.3904610003115262E-002   8.6428135870086614E-003   2.4717733235707251E-002   4.4531806981219458E-003  0.39226975092602251        8.4920889262496246E-002
 0.0070   5.0888742427739476E-002   9.7885837605879173E-003   2.8478655546502574E-002   4.9911141191182513E-003  0.39237564316545814        8.2937467426881240E-002
 0.0080   5.7731318698863339E-002   1.0817908044059295E-002   3.2092592663893020E-002   5.4520365366969590E-003  0.39251017146743894        8.0753989026246961E-002
 0.0090   6.4419903171651360E-002   1.1726349169618915E-002   3.5550104332461654E-002   5.8350187396955114E-003  0.39267804909598242        7.8407854237094371E-002
 0.0100   7.0944543474165886E-002   1.2512621384762989E-002   3.8845017797034809E-002   6.1414698040070156E-003  0.39288338400567263        7.5935408973453924E-002
 0.0300  0.16754093641413292        1.2178672790782415E-002   7.6910136656758610E-002   4.3808246389346484E-003  0.40545856430896299        3.1654503744323222E-002
 0.0500  0.22907977124953754        6.8920689849013613E-003   9.3268721290648074E-002   2.1293332843565983E-003  0.42158123383280338        1.3565905539605398E-002
 0.0700  0.28141593357750927        4.1923789232358247E-003  0.10530774503113241        1.1962018808043737E-003  0.43146491978931789        6.8790075822881477E-003
 0.0900  0.33047270138275175        2.8959334415883959E-003  0.11552424574335814        7.4249339000059518E-004  0.43635226325103899        4.0727667977985289E-003
 0.1100  0.37764144180869730        2.2365469315544020E-003  0.12457721738342541        4.9715174965606144E-004  0.43838027661731932        2.7396616939329189E-003
 0.1300  0.42347082596472485        1.8975265800815558E-003  0.13279014431299796        3.5396635442019105E-004  0.43877926814688079        2.0512519593093768E-003
 0.1500  0.46827518660910455        1.7426029620283834E-003  0.14034481340769436        2.6419095691162061E-004  0.43818516024707677        1.6819768973703713E-003
 0.1700  0.51227449429007532        1.6985968121496018E-003  0.14735145465861535        2.0433353139153818E-004  0.43693208686311125        1.4801123016297193E-003
 0.1900  0.55563761290453806        1.7195223441766184E-003  0.15388373362682151        1.6252716400889968E-004  0.43520764819043345        1.3662981200732777E-003
 0.2100  0.59849705044405588        1.7767817002990350E-003  0.15999566069917454        1.3234714949102161E-004  0.43312847153501288        1.2982641813168378E-003
 0.2300  0.64095776528747483        1.8536492755802587E-003  0.16572963597928372        1.1002741503260115E-004  0.43077410681654227        1.2539780659171220E-003
 0.2500  0.68310421231213692        1.9407623310935286E-003  0.17112043647476741        9.3195498776305798E-005  0.42820228299142127        1.2221376103341336E-003
 0.2700  0.72500573990061612        2.0329503516664264E-003  0.17619737479215053        8.0273748604839788E-005  0.42545648889467225        1.1969302855669381E-003
 0.2900  0.76672048834477025        2.1273161330133349E-003  0.18098560405785399        7.0175996147797006E-005  0.42257027487626536        1.1753075961690497E-003
 0.3100  0.80829814159209445        2.2221891041291938E-003  0.18550699031525206        6.2139995238232832E-005  0.41956997717827427        1.1556285851713041E-003
 0.3300  0.84978186954877799        2.3165870098277256E-003  0.18978074011403079        5.5625876626126876E-005  0.41647657069735794        1.1369945798375728E-003
 0.3500  0.89120972017839029        2.4099475873702219E-003  0.19382387332236584        5.0249585384479734E-005  0.41330697972206148        1.1189194858253369E-003
 0.3700  0.93261563863539720        2.5019900268255478E-003  0.19765158928865542        4.5736949996814312E-005  0.41007502645394273        1.1011581976411589E-003
 0.3900  0.97403022938036043        2.5926339317559124E-003  0.20127755531149077        4.1891267151256347E-005  0.40679212810074861        1.0836098806484991E-003
 0.4100   1.0154813439261763        2.6819439770481724E-003  0.20471413665520843        3.8570254153594653E-005  0.40346781295426093        1.0662590990374167E-003


# triplet j3 / nf 2 / mode 2 / nplat  8 / jkb  20 / start     1 / nmeas  2000
 0.0010  0.12552134358577235        1.5414775717707966E-002   4.2677910924595530E-003   8.3066921907548206E-004   2.3275498695283326E-002   3.6470699794836537E-003
 0.0020  0.12576763721656625        1.5387578020618407E-002   8.5089327727467436E-003   1.6449212634771244E-003   4.6387251404100806E-002   7.2328729243713334E-003
 0.0030  0.12617652716386824        1.5342731999613203E-002   1.2697589133522412E-002   2.4271685403173902E-003   6.9176357500160227E-002   1.0699031333688469E-002
 0.0050  0.12747176534026244        1.5203141000032202E-002   2.0822635038932402E-002   3.8418123634316264E-003  0.11320193312954012        1.7068650567904835E-002
 0.0060  0.12835083476072198        1.5110494244626458E-002   2.4717733235707251E-002   4.4531806981219458E-003  0.13418261332334247        1.9890926188496749E-002
 0.0070  0.12937809092485461        1.5004307695787976E-002   2.8478655546502574E-002   4.9911141191182513E-003  0.15433450051108841        2.2433506259799500E-002
 0.0080  0.13054813754207881        1.4886016629347886E-002   3.2092592663893020E-002   5.4520365366969590E-003  0.17357681410221809        2.4680496724338842E-002
 0.0090  0.13185504240719803        1.4757127970501284E-002   3.5550104332461654E-002   5.8350187396955114E-003  0.19184918102923618        2.6625608995924196E-002
 0.0100  0.13329244904787324        1.4619183557434244E-002   3.8845017797034809E-002   6.1414698040070156E-003  0.20911111256465117        2.8271177162377169E-002
 0.0300  0.17930053558397507        1.1688092047319958E-002   7.6910136656758610E-002   4.3808246389346484E-003  0.37886617192862915        2.6951433751318584E-002
 0.0500  0.23483730081460216        1.0323161757116943E-002   9.3268721290648074E-002   2.1293332843565983E-003  0.41124528460561882        1.8677408893225673E-002
 0.0700  0.28838252791527424        1.0168205656444589E-002  0.10530774503113241        1.1962018808043737E-003  0.42104181583472744        1.5037060566866642E-002
 0.0900  0.33890590435495332        1.0342812319736589E-002  0.11552424574335814        7.4249339000059518E-004  0.42549424290943566        1.3057129512899885E-002
 0.1100  0.38665478920828344        1.0196707160175318E-002  0.12457721738342541        4.9715174965606144E-004  0.42816115134961158        1.1323571147131974E-002
 0.1300  0.43234472552187991        9.7284590598816379E-003  0.13279014431299796        3.5396635442019105E-004  0.42977329924417845        9.6875469192866746E-003
 0.1500  0.47680153096082034        9.2496862395436835E-003  0.14034481340769436        2.6419095691162061E-004  0.43034936836413223        8.3583603629241634E-003
 0.1700  0.52047840696803027        8.8831482668619947E-003  0.14735145465861535        2.0433353139153818E-004  0.43004505247545455        7.3457514295327923E-003
 0.1900  0.56356854134573031        8.6145912170516731E-003  0.15388373362682151        1.6252716400889968E-004  0.42908310350485557        6.5627877702353933E-003
 0.2100  0.60618054239198571        8.4087928628984003E-003  0.15999566069917454        1.3234714949102161E-004  0.42763845842715825        5.9347355335062513E-003
 0.2300  0.64840024523639184        8.2409357664508867E-003  0.16572963597928372        1.1002741503260115E-004  0.42582958732252835        5.4139877279212861E-003
 0.2500  0.69030384715272475        8.0971270462921550E-003  0.17112043647476741        9.3195498776305798E-005  0.42373627850924978        4.9716815924780427E-003
 0.2700  0.73195969612076339        7.9704084998200794E-003  0.17619737479215053        8.0273748604839788E-005  0.42141445514195180        4.5898431959543688E-003
 0.2900  0.77342850478645375        7.8576277323455755E-003  0.18098560405785399        7.0175996147797006E-005  0.41890528407996758        4.2566326809890523E-003
 0.3100  0.81476373384126399        7.7575141512096187E-003  0.18550699031525206        6.2139995238232832E-005  0.41624046178656859        3.9637145022167562E-003
 0.3300  0.85601223717006514        7.6695864570835567E-003  0.18978074011403079        5.5625876626126876E-005  0.41344530311913286        3.7048286536838578E-003
 0.3500  0.89721506247107141        7.5935901902906529E-003  0.19382387332236584        5.0249585384479734E-005  0.41054058625743411        3.4750225725130673E-003
 0.3700  0.93840826642164055        7.5292312769631147E-003  0.19765158928865542        4.5736949996814312E-005  0.40754370604929674        3.2702289140484637E-003
 0.3900  0.97962370846833657        7.4760889625531367E-003  0.20127755531149077        4.1891267151256347E-005  0.40446941659222208        3.0870327297045606E-003
 0.4100   1.0208897588033035        7.4336084977691787E-003  0.20471413665520843        3.8570254153594653E-005  0.40133034286681318        2.9225313393935106E-003


