# triplet j1 / nf 4 / mode 2 / nplat  5 / jkb  20 / start     1 / nmeas 30000
 0.0010   4.3126487117658499E-003   7.1785920043751354E-004   1.4669241831683521E-003   6.9557927682437878E-005  0.39716845546137236        6.6777661794102272E-002
 0.0020   8.2859152174122822E-003   1.4468473983071371E-003   2.9359052800223772E-003   1.4002715932428253E-004  0.41358095378754972        7.2887928547154729E-002
 0.0030   1.2446247884654808E-002   2.0759777489656739E-003   4.4089722728056597E-003   2.1231686457095903E-004  0.41324333967263460        6.9641581327387611E-002
 0.0040   1.6625581279610349E-002   2.7367106766529830E-003   5.8880982429564245E-003   2.8732941613446940E-004  0.41281519908992931        6.8695291672168923E-002
 0.0050   2.0827586511285811E-002   3.4097160985551629E-003   7.3751723499161951E-003   3.6595114537399718E-004  0.41233209423568307        6.8274258134218807E-002
 0.0060   2.5056874991479808E-002   4.0908398479449007E-003   8.8719717912822630E-003   4.4903730949003202E-004  0.41178810076173183        6.8032275324769423E-002
 0.0070   2.9317796148338914E-002   4.7786944003942282E-003   1.0380133845642240E-002   5.3739110222052460E-004  0.41118207496586345        6.7861088153668592E-002
 0.0080   3.3614080751132897E-002   5.4724682481628066E-003   1.1901128185623076E-002   6.3173755823298897E-004  0.41051858072626934        6.7715905109183544E-002
 0.0090   3.7948741493575001E-002   6.1712949439599804E-003   1.3436229748619145E-002   7.3269401253565675E-004  0.40980531374731149        6.7573507633803820E-002
 0.0100   4.2324033058154714E-002   6.8740004124898200E-003   1.4986492560783158E-002   8.4073926606766211E-004  0.40905146661725122        6.7419063718890698E-002
 0.0200   8.8157774217294399E-002   1.3519513521284545E-002   3.1356131449891654E-002   2.2723323705264031E-003  0.40172662592660907        6.3303435080043879E-002
 0.0400  0.17440304628788200        1.4957119161413077E-002   6.3399836797532347E-002   3.4755871389450573E-003  0.40835229149498409        3.6766217846779754E-002
 0.0600  0.23444989669179764        8.0127204792834559E-003   8.5092234407222023E-002   1.6136845628811603E-003  0.43100820838817483        1.5286845107588442E-002
 0.0800  0.28347536600145379        4.3474257606322024E-003  0.10004440208975028        7.1458310551659012E-004  0.44631456842986272        7.0278948296161568E-003
 0.1000  0.33067646122113958        3.0548499636957279E-003  0.11203719714461879        5.1445249893167894E-004  0.45268159167610084        4.3091673713788132E-003
 0.1200  0.37748356879885425        2.5739308571932819E-003  0.12231921349070213        3.9480692385931911E-004  0.45389448771009600        3.1804550235526897E-003
 0.1400  0.42377974116471029        2.2592015067862794E-003  0.13140881040483907        2.9034371921179443E-004  0.45263805735306512        2.4643137860948130E-003
 0.1600  0.46941060557480174        1.9682906019262820E-003  0.13959515199335859        2.0937063334340120E-004  0.45025366806986689        1.9179198642742588E-003
 0.1800  0.51435004132557582        1.6951913406253337E-003  0.14706117970493343        1.5114538586515015E-004  0.44734387363915673        1.4921671987190030E-003
 0.2000  0.55865043186696917        1.4519647859370759E-003  0.15393059000428003        1.1063779462519499E-004  0.44417317215400398        1.1654153092655031E-003
 0.2200  0.60239438545769752        1.2456857578220161E-003  0.16029164017256273        8.2753114014326069E-005  0.44086016537364475        9.1872599813535205E-004
 0.2400  0.64566977829128003        1.0773123256458534E-003  0.16621028510655514        6.3503654882390590E-005  0.43746076386130334        7.3468013503149806E-004
 0.2600  0.68855952918921881        9.4394532472171205E-004  0.17173772404193507        5.0049285800550369E-005  0.43400329862724313        5.9832604395822209E-004
 0.2800  0.73113834127319410        8.4082082628062339E-004  0.17691492948603446        4.0456840449003964E-005  0.43050350950151212        4.9752694869867483E-004
 0.3000  0.77347230066892658        7.6263028347392883E-004  0.18177549934970622        3.3444926005259634E-005  0.42697115164892474        4.2281462193464640E-004
 0.3200  0.81561948466483458        7.0430737443419409E-004  0.18634753737660106        2.8177818783444577E-005  0.42341303476605485        3.6702625221306359E-004
 0.3400  0.85763085800914851        6.6143953048678199E-004  0.19065494288832130        2.4114176455445314E-005  0.41983446927359586        3.2488000975235972E-004
 0.3600  0.89955121016064310        6.3041714727337522E-004  0.19471832474700718        2.0902125168348072E-005  0.41623995726532603        2.9256060397586420E-004
 0.3800  0.94142006422473445        6.0841983249391616E-004  0.19855566667311667        1.8309777373259267E-005  0.41263350522080333        2.6735409265157969E-004
 0.4000  0.98327252308579249        5.9331302610274089E-004  0.20218282259285850        1.6180982058948113E-005  0.40901875069105209        2.4734668092001169E-004


# triplet j3 / nf 4 / mode 2 / nplat  5 / jkb  20 / start     1 / nmeas 30000
 0.0010  0.18050472992759370        1.3587153782333978E-002   1.4669241831683521E-003   6.9557927682437878E-005   9.4892140969746255E-003   7.4887563962363366E-004
 0.0020  0.18048852786816738        1.3560302656583985E-002   2.9359052800223772E-003   1.4002715932428253E-004   1.8986784141334576E-002   1.4966331178929233E-003
 0.0030  0.18046262849958047        1.3515871494264128E-002   4.4089722728056597E-003   2.1231686457095903E-004   2.8500798669571486E-002   2.2421823735268081E-003
 0.0040  0.18042866660341422        1.3454322503747979E-002   5.8880982429564245E-003   2.8732941613446940E-004   3.8038814868669404E-002   2.9844846376143358E-003
 0.0050  0.18038888206333334        1.3376279566845631E-002   7.3751723499161951E-003   3.6595114537399718E-004   4.7607603450074011E-002   3.7225697191422785E-003
 0.0060  0.18034607940303721        1.3282490445929662E-002   8.8719717912822630E-003   4.4903730949003202E-004   5.7212904200188777E-002   4.4555385853290138E-003
 0.0070  0.18030356928698205        1.3173806481828768E-002   1.0380133845642240E-002   5.3739110222052460E-004   6.6859199190409835E-002   5.1825568699079110E-003
 0.0080  0.18026510689656225        1.3051143274074138E-002   1.1901128185623076E-002   6.3173755823298897E-004   7.6549505114660910E-002   5.9028297348743515E-003
 0.0090  0.18023481361403423        1.2915452355961029E-002   1.3436229748619145E-002   7.3269401253565675E-004   8.6285194309869861E-002   6.6155654946989011E-003
 0.0100  0.18021710676497979        1.2767693259419382E-002   1.4986492560783158E-002   8.4073926606766211E-004   9.6065840287696019E-002   7.3199257455222183E-003
 0.0200  0.18174951099525866        1.0812061435111341E-002   3.1356131449891654E-002   2.2723323705264031E-003  0.19485788430229878        1.3572854683000110E-002
 0.0400  0.20203692315474434        6.3614935454190434E-003   6.3399836797532347E-002   3.4755871389450573E-003  0.35249934756141144        1.4715441263562062E-002
 0.0600  0.24063845968195260        4.0175466913558991E-003   8.5092234407222023E-002   1.6136845628811603E-003  0.41992385615948535        8.0625707990753491E-003
 0.0800  0.28587876131988460        3.2844475719838355E-003  0.10004440208975028        7.1458310551659012E-004  0.44256238222561534        5.3245686266782154E-003
 0.1000  0.33279299089439013        3.0012214345999477E-003  0.11203719714461879        5.1445249893167894E-004  0.44980258265988993        4.1858375658449928E-003
 0.1200  0.37970210011844513        2.7788059400619385E-003  0.12231921349070213        3.9480692385931911E-004  0.45124246356679948        3.3817070502975798E-003
 0.1400  0.42600185094790854        2.5468286729652197E-003  0.13140881040483907        2.9034371921179443E-004  0.45027700785702646        2.7375303167601461E-003
 0.1600  0.47153423698761371        2.3139432039068946E-003  0.13959515199335859        2.0937063334340120E-004  0.44822587717316453        2.2250984368588755E-003
 0.1800  0.51632460735573160        2.0971916926576257E-003  0.14706117970493343        1.5114538586515015E-004  0.44563310873641482        1.8244881671691624E-003
 0.2000  0.56046106110923388        1.9064406392074441E-003  0.15393059000428003        1.1063779462519499E-004  0.44273822334143198        1.5143812629690495E-003
 0.2200  0.60404491147497319        1.7444431555106224E-003  0.16029164017256273        8.2753114014326069E-005  0.43965553446109745        1.2747590665006167E-003
 0.2400  0.64717280814515177        1.6098315084511375E-003  0.16621028510655514        6.3503654882390590E-005  0.43644478083527732        1.0888459210642455E-003
 0.2600  0.68993142156281850        1.4995234338233022E-003  0.17173772404193507        5.0049285800550369E-005  0.43314030587623154        9.4351710185938654E-004
 0.2800  0.73239663263356702        1.4100368980914911E-003  0.17691492948603446        4.0456840449003964E-005  0.42976388451898306        8.2885511759560467E-004
 0.3000  0.77463418381209870        1.3380316100512291E-003  0.18177549934970622        3.3444926005259634E-005  0.42633073247547654        7.3744805189960259E-004
 0.3200  0.81670079834726084        1.2804876997505265E-003  0.18634753737660106        2.8177818783444577E-005  0.42285243496165070        6.6375165532748853E-004
 0.3400  0.85864546365552763        1.2347677133568700E-003  0.19065494288832130        2.4114176455445314E-005  0.41933837811478852        6.0360877315021805E-004
 0.3600  0.90051074472481474        1.1986395874220681E-003  0.19471832474700718        2.0902125168348072E-005  0.41579643493277746        5.5390242129063692E-004
 0.3800  0.94233399917588345        1.1702716208448513E-003  0.19855566667311667        1.8309777373259267E-005  0.41223330722013030        5.1229958363748884E-004
 0.4000  0.98414841285902543        1.1481948863422597E-003  0.20218282259285850        1.6180982058948113E-005  0.40865472496473909        4.7705322514452343E-004


