# triplet j1 / nf 0 / mode 2 / nplat  8 / jkb  20 / start     1 / nmeas  2000
 0.0010  0.14020400896107271        1.4338878987807321E-002   2.8817098015989000        5.2841096138847223E-002  0.54147659313060736        5.5599720817427256E-002
 0.0020  0.14502977852811530        1.2253338064843772E-002   1.4484779907115766        2.6160405473560480E-002  0.52484221802464692        4.4595658292400857E-002
 0.0030  0.15004548959175953        1.0500319872445582E-002  0.97297538782066684        1.7212397858985182E-002  0.50921783667472320        3.5919050850313279E-002
 0.0050  0.15861166811106470        8.4897857965207067E-003  0.59568658870266189        1.0019492827720872E-002  0.48660187567364438        2.6365198423259014E-002
 0.0060  0.16233050439293331        7.8796624020044358E-003  0.50247088019319919        8.2202339829488078E-003  0.47835017145109948        2.3546903053603952E-002
 0.0070  0.16583208730232454        7.3890527539517111E-003  0.43644980858917015        6.9379760179600382E-003  0.47137072246705181        2.1334610565794408E-002
 0.0080  0.16918827865278777        6.9722579606089179E-003  0.38739032709980281        5.9797949792973950E-003  0.46533327131572050        1.9509825142812028E-002
 0.0090  0.17244219411252409        6.6053731156456973E-003  0.34961209587817738        5.2380486660545192E-003  0.46002977028596437        1.7955194571869192E-002
 0.0100  0.17561944116021203        6.2751692308526587E-003  0.31970998491358638        4.6479175348745471E-003  0.45532396281673970        1.6602708144497491E-002
 0.0300  0.23202051783549812        2.8190756934145882E-003  0.15639779401738022        1.2678475214167866E-003  0.41750775335264939        5.3475935676599454E-003
 0.0500  0.28209774754816447        1.6368409664172369E-003  0.13575681302819154        6.6493905796130711E-004  0.41302962077348271        2.6012788700349233E-003
 0.0700  0.32882077740274812        1.1946290641505605E-003  0.13281725319372267        4.2302130405589482E-004  0.41469806909920304        1.6450104732321895E-003
 0.0900  0.37344386044644484        1.0190642546582301E-003  0.13497296504955489        2.9751482124651288E-004  0.41738258349574503        1.2283527585409528E-003
 0.1100  0.41669539188540733        9.4094807679929733E-004  0.13906340666852529        2.2327891473636392E-004  0.41975808972039474        1.0059829063182378E-003
 0.1300  0.45901083474867804        9.0662119518674072E-004  0.14395807238377031        1.7550994712596356E-004  0.42148463607311343        8.7124708036947530E-004
 0.1500  0.50066538515503867        8.9974267877368638E-004  0.14916515746861184        1.4284327607331891E-004  0.42251949933370275        7.8579590335505758E-004
 0.1700  0.54184445953704619        9.1459586879732817E-004  0.15444387512877822        1.1942021127055535E-004  0.42291215405035382        7.3233195269911016E-004
 0.1900  0.58268005121266231        9.4804866742636607E-004  0.15966766737064805        1.0196241541931738E-004  0.42273688107952667        7.0093247427066693E-004
 0.2100  0.62327012236995016        9.9740193467429605E-004  0.16476755529026363        8.8522624417462794E-005  0.42206970958013634        6.8487661178464547E-004
 0.2300  0.66368973053262004        1.0600234073989679E-003  0.16970579356101129        7.7889987954710824E-005  0.42098066766200937        6.7928153494066609E-004
 0.2500  0.70399791251506949        1.1334336831502426E-003  0.17446250244577419        6.9282783943522936E-005  0.41953160117571986        6.8056157473353940E-004
 0.2700  0.74424219737254349        1.2154283430680596E-003  0.17902841424369381        6.2179557680568963E-005  0.41777608150721635        6.8612023138309283E-004
 0.2900  0.78446168382502279        1.3041384154357529E-003  0.18340072568958610        5.6222035704330549E-005  0.41576007855219271        6.9411720311247851E-004
 0.3100  0.82468919901564997        1.3980308910046333E-003  0.18758062624920735        5.1157247330514127E-005  0.41352286572353703        7.0327709832077121E-004
 0.3300  0.86495284271396511        1.4958759034031490E-003  0.19157177620176841        4.6801988697280650E-005  0.41109793984386661        7.1273659055600379E-004
 0.3500  0.90527711284189871        1.5967016261994715E-003  0.19537934519329311        4.3020468032313905E-005  0.40851386788000499        7.2192727539568805E-004
 0.3700  0.94568374012008882        1.6997483791519165E-003  0.19900939280347946        3.9709846434927915E-005  0.40579503146234336        7.3048864938238560E-004
 0.3900  0.98619231574066157        1.8044268331977491E-003  0.20246846374243044        3.6790765087336122E-005  0.40296226678515590        7.3820471258974709E-004
 0.4100   1.0268207708789845        1.9102832909350985E-003  0.20576332092866909        3.4200888594871259E-005  0.40003340732706871        7.4495887683289925E-004


# triplet j3 / nf 0 / mode 2 / nplat  8 / jkb  20 / start     1 / nmeas  2000
 0.0010  0.24007039513065090        1.1583051632555097E-002   2.8817098015989000        5.2841096138847223E-002  0.31622886726278432        1.5530613139376776E-002
 0.0020  0.23883977034859510        1.2034893461568372E-002   1.4484779907115766        2.6160405473560480E-002  0.31869797283435164        1.6314709900109477E-002
 0.0030  0.23740067989401825        1.2530390984802209E-002  0.97297538782066684        1.7212397858985182E-002  0.32184339003083312        1.7224296256891276E-002
 0.0050  0.23447704827991467        1.3431143821446136E-002  0.59568658870266189        1.0019492827720872E-002  0.32916115147625286        1.9056904093791530E-002
 0.0060  0.23316201017789373        1.3764712044046272E-002  0.50247088019319919        8.2202339829488078E-003  0.33303377573755899        1.9848469041181292E-002
 0.0070  0.23184402656330491        1.3096170965050110E-002  0.43644980858917015        6.9379760179600382E-003  0.33715939098638836        1.9232730515346609E-002
 0.0080  0.23118726258559452        1.3015443894499212E-002  0.38739032709980281        5.9797949792973950E-003  0.34054183735416171        1.9351239953924976E-002
 0.0090  0.23070711184156067        1.2903641630903972E-002  0.34961209587817738        5.2380486660545192E-003  0.34384957755299467        1.9403529239110505E-002
 0.0100  0.23040803696418696        1.2762352687444646E-002  0.31970998491358638        4.6479175348745471E-003  0.34705273718016183        1.9388152136513761E-002
 0.0300  0.25224918496361232        8.6378877102433905E-003  0.15639779401738022        1.2678475214167866E-003  0.38402647424684833        1.3242201696046370E-002
 0.0500  0.28852760816416972        5.4022850813446347E-003  0.13575681302819154        6.6493905796130711E-004  0.40382522293872186        7.6254786134880752E-003
 0.0700  0.33223738518296886        3.6070382276273943E-003  0.13281725319372267        4.2302130405589482E-004  0.41043346579892553        4.5036795923575632E-003
 0.0900  0.37577878007067500        2.8981796328805612E-003  0.13497296504955489        2.9751482124651288E-004  0.41478915662679622        3.2315445075187985E-003
 0.1100  0.41869231652425204        2.7164000003306803E-003  0.13906340666852529        2.2327891473636392E-004  0.41775608194849312        2.7309963721336029E-003
 0.1300  0.46097368788246945        2.7799680632095741E-003  0.14395807238377031        1.7550994712596356E-004  0.41968992964949653        2.5438977980574359E-003
 0.1500  0.50272400301171705        2.9538703980517157E-003  0.14916515746861184        1.4284327607331891E-004  0.42078931302687766        2.4806398576647111E-003
 0.1700  0.54405350913225725        3.1742780486686117E-003  0.15444387512877822        1.1942021127055535E-004  0.42119498118585963        2.4628497012802418E-003
 0.1900  0.58505778340092618        3.4101612891931821E-003  0.15966766737064805        1.0196241541931738E-004  0.42101883695153280        2.4576968961611775E-003
 0.2100  0.62581560655793134        3.6459065290250854E-003  0.16476755529026363        8.8522624417462794E-005  0.42035295505899034        2.4515143281963114E-003
 0.2300  0.66639188963135587        3.8736321904008510E-003  0.16970579356101129        7.7889987954710824E-005  0.41927362896718962        2.4390707968314591E-003
 0.2500  0.70684077770335341        4.0896055574761621E-003  0.17446250244577419        6.9282783943522936E-005  0.41784427381432643        2.4189666672807131E-003
 0.2700  0.74720803001929292        4.2924106656527751E-003  0.17902841424369381        6.2179557680568963E-005  0.41611783655830548        2.3915221891170693E-003
 0.2900  0.78753277225637675        4.4819276636659201E-003  0.18340072568958610        5.6222035704330549E-005  0.41413876701768709        2.3577597434857765E-003
 0.3100  0.82784882767008861        4.6587378360946619E-003  0.18758062624920735        5.1157247330514127E-005  0.41194458397434025        2.3189078467865630E-003
 0.3300  0.86818575099412110        4.8237702579954373E-003  0.19157177620176841        4.6801988697280650E-005  0.40956711313753735        2.2761662025058433E-003
 0.3500  0.90856965895379505        4.9780962844384767E-003  0.19537934519329311        4.3020468032313905E-005  0.40703346323068745        2.2306058418129198E-003
 0.3700  0.94902389851539426        5.1228126670192125E-003  0.19900939280347946        3.9709846434927915E-005  0.40436680643741774        2.1831369997330099E-003
 0.3900  0.98956958095844272        5.2589746482192131E-003  0.20246846374243044        3.6790765087336122E-005  0.40158701185222473        2.1345083425556711E-003
 0.4100   1.0302260250039081        5.3875658892727539E-003  0.20576332092866909        3.4200888594871259E-005  0.39871115825031622        2.0853228542208131E-003


