# triplet j1 / nf 4 / mode 2 / nplat  8 / jkb  20 / start     1 / nmeas  2000
 0.0010   4.7457230305328535E-003   2.4178310611187455E-003   1.5343097572671736E-003   3.7279861311533734E-004  0.36912132227100253       0.19333107083675727     
 0.0020   9.3122947356816706E-003   4.2699125808804556E-003   3.0720243098643078E-003   7.4691217764249009E-004  0.37643119524870616       0.17856609269336371     
 0.0030   1.4031069278994361E-002   6.4159168116236266E-003   4.6165050360291397E-003   1.1235728633749479E-003  0.37509520553815973       0.17748779745785465     
 0.0050   2.3483719264022436E-002   1.0702885080774483E-002   7.7387288613725760E-003   1.8885628643680640E-003  0.37460014004365200       0.17673981783026860     
 0.0060   2.8238686667386825E-002   1.2833721764722170E-002   9.3225770670989760E-003   2.2782217405760727E-003  0.37455372415478977       0.17626951574294089     
 0.0070   3.3018328013694392E-002   1.4949645950993620E-002   1.0925307887607868E-002   2.6729434433267756E-003  0.37456378294737169       0.17567125886000115     
 0.0080   3.7824956636956023E-002   1.7043755409917215E-002   1.2549383754802730E-002   3.0724002907844346E-003  0.37462154664336444       0.17492102725869044     
 0.0090   4.2659750330320066E-002   1.9107415286416060E-002   1.4196942552459348E-002   3.4757722310841798E-003  0.37472731878431004       0.17399685599641043     
 0.0100   4.7522767667250658E-002   2.1130360672810940E-002   1.5869747907430010E-002   3.8817170122851970E-003  0.37488519222381672       0.17287809177605848     
 0.0300  0.14319821696962487        3.7928572053857579E-002   5.2947063679925764E-002   8.2166245865848385E-003  0.39360350296103597       0.10863421525393575     
 0.0500  0.21276728981057413        2.2573153167680819E-002   8.0489192904468126E-002   4.7394182997173790E-003  0.42166147598852766        4.6425962065035527E-002
 0.0700  0.26587643173521897        1.0693803028838371E-002   9.6656626122914382E-002   2.6813632325751471E-003  0.43752209719611113        1.8614585161788849E-002
 0.0900  0.31469997592230348        6.7913261316767210E-003  0.10877575539532099        1.7006851069226131E-003  0.44463699755528840        1.0205574675991501E-002
 0.1100  0.36185645976294234        5.1083959895015995E-003  0.11902309481788965        1.1169013179508798E-003  0.44718850322122222        6.6525875043159030E-003
 0.1300  0.40773710426219462        4.2539309635909314E-003  0.12808152748819729        7.5510364447503597E-004  0.44755837556668615        4.8521849941430082E-003
 0.1500  0.45269338670538795        3.6270373257399841E-003  0.13628121498238774        5.3271120160423987E-004  0.44665734049939321        3.6836123899637811E-003
 0.1700  0.49695574183996871        3.1425510682864155E-003  0.14380902290325906        3.9335408951180097E-004  0.44495369075763835        2.8787631660211633E-003
 0.1900  0.54067675104473190        2.8012752668939403E-003  0.15077858671839311        3.0165868077731555E-004  0.44271469426473992        2.3360905652445806E-003
 0.2100  0.58396520083403347        2.5963589961306125E-003  0.15726518188894309        2.3808031621714768E-004  0.44010263441166020        1.9848887270410131E-003
 0.2300  0.62690419417464760        2.5036675617393163E-003  0.16332346932252478        1.9233390263264489E-004  0.43722203245254887        1.7650098278937710E-003
 0.2500  0.66956085573526825        2.4911506209486433E-003  0.16899625603355226        1.5869171479752665E-004  0.43414368486176719        1.6280742375225912E-003
 0.2700  0.71199142138126581        2.5293682198789906E-003  0.17431883097855994        1.3356802014557990E-004  0.43091763866581828        1.5397224065521417E-003
 0.2900  0.75424408168068957        2.5965313993742598E-003  0.17932121325590442        1.1449637118970686E-004  0.42758052873179547        1.4782880372903240E-003
 0.3100  0.79636080657021779        2.6785676028422572E-003  0.18402942267855718        9.9720286828875579E-005  0.42415989102158791        1.4312870772295292E-003
 0.3300  0.83837867245776176        2.7671636937035313E-003  0.18846627920569103        8.7997311001138841E-005  0.42067681224524334        1.3919603417727828E-003
 0.3500  0.88033090184201035        2.8577339566802670E-003  0.19265195979062222        7.8466390450266131E-005  0.41714763787591053        1.3568085142874661E-003
 0.3700  0.92224767853270628        2.9479278433949051E-003  0.19660441735994016        7.0540585889523080E-005  0.41358513867020008        1.3240888074883765E-003
 0.3900  0.96415677723068283        3.0366776496516938E-003  0.20033971208747556        6.3821798587843583E-005  0.40999934760347639        1.2929712821329741E-003
 0.4100   1.0060840273924827        3.1236249282212136E-003  0.20387228096027077        5.8037737657463995E-005  0.40639818805639449        1.2630842335960575E-003


# triplet j3 / nf 4 / mode 2 / nplat  8 / jkb  20 / start     1 / nmeas  2000
 0.0010  0.16031878092474569       0.14650755649964384        1.5343097572671736E-003   3.7279861311533734E-004   1.0926652199186281E-002   1.0073186560377938E-002
 0.0020  0.16024615091807612       0.14585481249115223        3.0720243098643078E-003   7.4691217764249009E-004   2.1875335025382282E-002   2.0087567626507905E-002
 0.0030  0.16013552240942658       0.14479914883256637        4.6165050360291397E-003   1.1235728633749479E-003   3.2865829741813339E-002   2.9986145450457583E-002
 0.0050  0.15984095754900127       0.14158064419874059        7.7387288613725760E-003   1.8885628643680640E-003   5.5035984893620146E-002   4.9209027967546233E-002
 0.0060  0.15967441323118492       0.13944211607881327        9.3225770670989760E-003   2.2782217405760727E-003   6.6240451694637825E-002   5.8410631761483395E-002
 0.0070  0.15950375060563929       0.13694261800514812        1.0925307887607868E-002   2.6729434433267756E-003   7.7537172639809346E-002   6.7242187972175058E-002
 0.0080  0.15933195808027045       0.13404573951573520        1.2549383754802730E-002   3.0724002907844346E-003   8.8934096635628360E-002   7.5608000205056272E-002
 0.0090  0.15915393122588259       0.13065319474356224        1.4196942552459348E-002   3.4757722310841798E-003  0.10044221803482049        8.3367052175973261E-002
 0.0100  0.15892127593940861       0.12637968717132950        1.5869747907430010E-002   3.8817170122851970E-003  0.11210318937243831        9.0196409167801528E-002
 0.0300  0.16837692221709849        3.6603560709974038E-002   5.2947063679925764E-002   8.2166245865848385E-003  0.33474492272964934        7.7266873504946709E-002
 0.0500  0.21619719064560278        1.9416914162734476E-002   8.0489192904468126E-002   4.7394182997173790E-003  0.41497194850542912        3.9220516305624890E-002
 0.0700  0.27224190287512451        1.6915928438866388E-002   9.6656626122914382E-002   2.6813632325751471E-003  0.42729209860529810        2.7203550186584182E-002
 0.0900  0.32389314053095813        1.5702705250383871E-002  0.10877575539532099        1.7006851069226131E-003  0.43201672068581565        2.1215194880674849E-002
 0.1100  0.37213739104529014        1.4557276602715335E-002  0.11902309481788965        1.1169013179508798E-003  0.43483415672849413        1.7131768421845613E-002
 0.1300  0.41827074369537803        1.3509127804775235E-002  0.12808152748819729        7.5510364447503597E-004  0.43628716278266649        1.4149581081581890E-002
 0.1500  0.46305729994750494        1.2595685971689962E-002  0.13628121498238774        5.3271120160423987E-004  0.43666048281803238        1.1908283456169733E-002
 0.1700  0.50696270780285213        1.1833633632777615E-002  0.14380902290325906        3.9335408951180097E-004  0.43617072433833604        1.0198651900612818E-002
 0.1900  0.55026823404959657        1.1214393814982652E-002  0.15077858671839311        3.0165868077731555E-004  0.43499792959745331        8.8758732667621049E-003
 0.2100  0.59314282675258700        1.0714767371054999E-002  0.15726518188894309        2.3808031621714768E-004  0.43329298054378168        7.8340447857462928E-003
 0.2300  0.63569166321746406        1.0308787811317454E-002  0.16332346932252478        1.9233390263264489E-004  0.43117810377245902        6.9968710718561929E-003
 0.2500  0.67798597835766972        9.9740926965119926E-003  0.16899625603355226        1.5869171479752665E-004  0.42874871520537117        6.3106862052851754E-003
 0.2700  0.72007956380647453        9.6937154135689589E-003  0.17431883097855994        1.3356802014557990E-004  0.42607744681724019        5.7381794427613982E-003
 0.2900  0.76201702949661088        9.4556012259220164E-003  0.17932121325590442        1.1449637118970686E-004  0.42321899741650215        5.2533134385250131E-003
 0.3100  0.80383754176420597        9.2513822630566588E-003  0.18402942267855718        9.9720286828875579E-005  0.42021465206432412        4.8375987008384240E-003
 0.3300  0.84557639967133158        9.0751744764209427E-003  0.18846627920569103        8.7997311001138841E-005  0.41709592122133077        4.4775536064754909E-003
 0.3500  0.88726575532507201        8.9226749695796390E-003  0.19265195979062222        7.8466390450266131E-005  0.41388721930107797        4.1630574120497098E-003
 0.3700  0.92893508584888251        8.7905940890386381E-003  0.19660441735994016        7.0540585889523080E-005  0.41060773763934399        3.8863151521969209E-003
 0.3900  0.97061159290872234        8.6763245685138116E-003  0.20033971208747556        6.3821798587843583E-005  0.40727274693619409        3.6412005696579842E-003
 0.4100   1.0123205655833045        8.5777559764374702E-003  0.20387228096027077        5.8037737657463995E-005  0.40389451688081773        3.4228262319970569E-003


