# triplet j1 / nf 0 / mode 2 / nplat  8 / jkb  20 / start  8001 / nmeas  2000
 0.0010  0.18379401823553465        1.7784769921981011E-002   2.8411842575791537        4.5381510407592252E-002  0.41014113124097856        3.9822118791228489E-002
 0.0020  0.16934006068924204        8.2205305663019933E-003   1.4278449236914246        2.2618323687536718E-002  0.44628347443273270        2.1951082323156425E-002
 0.0030  0.16590775013445322        8.3050752458080565E-003  0.95917923638388614        1.4996355051322940E-002  0.45725539231593748        2.3166891214822599E-002
 0.0050  0.16747131256556705        7.7668964209994147E-003  0.58768491176926718        8.8793687140473407E-003  0.45775368195430371        2.1509265558560694E-002
 0.0060  0.16937786306471939        7.3540129002132868E-003  0.49599699119026885        7.3522927595532092E-003  0.45548438675739972        2.0062197298139971E-002
 0.0070  0.17152596287144675        6.9810338802418857E-003  0.43108976795006798        6.2645762732696283E-003  0.45291636105238336        1.8724955151304588E-002
 0.0080  0.17382518958447332        6.6484913237912771E-003  0.38287654121781239        5.4514107723778061E-003  0.45027378042936006        1.7517913700949097E-002
 0.0090  0.17623126273113351        6.3486101787819651E-003  0.34576074802780421        4.8209526696041897E-003  0.44765263382272236        1.6425577227296137E-002
 0.0100  0.17871630769389857        6.0745573765871056E-003  0.31638896302497288        4.3180315224847724E-003  0.44510397943764018        1.5430942476028935E-002
 0.0300  0.23162708123953024        3.0270456980700960E-003  0.15591052761769247        1.3247646957997303E-003  0.41756492494213543        5.7381127189624443E-003
 0.0500  0.28175963050380304        1.8984812097448927E-003  0.13558543377925933        7.4376913549028753E-004  0.41326416501835911        3.0064195083208162E-003
 0.0700  0.32871908115064474        1.4201233719323867E-003  0.13273687127812286        5.0656818900186060E-004  0.41470081789966118        1.9585559362413200E-003
 0.0900  0.37352774726297217        1.2088851488833597E-003  0.13493460255083403        3.7860574972333112E-004  0.41722954188688077        1.4717311450446933E-003
 0.1100  0.41689310757928549        1.1052441990261172E-003  0.13904936421274966        2.9826300213808349E-004  0.41953783146279472        1.1998227417515097E-003
 0.1300  0.45926790229329162        1.0445494923470541E-003  0.14395955486295423        2.4303202797790169E-004  0.42125088608381667        1.0219397109754419E-003
 0.1500  0.50094728038563130        1.0053354803256323E-003  0.14917687504307611        2.0274909680336579E-004  0.42229832303637677        8.9476668620078941E-004
 0.1700  0.54213097979401326        9.8255575556709432E-004  0.15446230209071429        1.7211882891135711E-004  0.42271385692893004        8.0150816427355552E-004
 0.1900  0.58295982635558552        9.7615151466518089E-004  0.15969034461139486        1.4809705141319066E-004  0.42256400513761821        7.3420226105468697E-004
 0.2100  0.62353696071575426        9.8672053369430767E-004  0.16479274537331393        1.2880506944984210E-004  0.42192133626226525        6.8773211306427770E-004
 0.2300  0.66394048558188379        1.0140742499563258E-003  0.16973227430061213        1.1301894507578606E-004  0.42085450398460095        6.5788918417811096E-004
 0.2500  0.70423128982516325        1.0570204546532544E-003  0.17448942637099168        9.9905998797589869E-005  0.41942493147588356        6.4088717899350625E-004
 0.2700  0.74445808035750349        1.1136601885894293E-003  0.17905520663089028        8.8879059692527546E-005  0.41768618275269193        6.3337209473100353E-004
 0.2900  0.78466073646129175        1.1818077985511852E-003  0.18342700891812094        7.9511374807326361E-005  0.41568439133201385        6.3252755079454292E-004
 0.3100  0.82487261493366204        1.2593264679183977E-003  0.18760616356392032        7.1484684888573882E-005  0.41345905754302686        6.3612066359916748E-004
 0.3300  0.86512217769936062        1.3443209502261152E-003  0.19159643015733802        6.4556353991799547E-005  0.41104392014261565        6.4246763229076150E-004
 0.3500  0.90543416692748446        1.4352092864370837E-003  0.19540304722427959        5.8537842309333263E-005  0.40846778215113555        6.5034919223567176E-004
 0.3700  0.94583047147646493        1.5307189536397912E-003  0.19903212116294181        5.3280255407601459E-005  0.40575524662904955        6.5891068905418531E-004
 0.3900  0.98633077556902560        1.6298501897630819E-003  0.20249022767318181        4.8664344228217626E-005  0.40292735364501098        6.6757049756057329E-004
 0.4100   1.0269530555679658        1.7318280988318172E-003  0.20578414943042994        4.4593432264621698E-005  0.40000212158454662        6.7594450871573787E-004


# triplet j3 / nf 0 / mode 2 / nplat  8 / jkb  20 / start  8001 / nmeas  2000
 0.0010  0.23784239837226423        1.0985714503468840E-002   2.8411842575791537        4.5381510407592252E-002  0.31693880935585855        1.4856320362735775E-002
 0.0020  0.23681244495471326        1.1583621664068585E-002   1.4278449236914246        2.2618323687536718E-002  0.31912879688184059        1.5813423463142212E-002
 0.0030  0.23541803747263176        1.2146108218160871E-002  0.95917923638388614        1.4996355051322940E-002  0.32224469369643438        1.6815581762464723E-002
 0.0050  0.23215825773919979        1.2635908564223270E-002  0.58768491176926718        8.8793687140473407E-003  0.33020841341222840        1.8144877575673936E-002
 0.0060  0.23094356628409746        1.2589417190938201E-002  0.49599699119026885        7.3522927595532092E-003  0.33405984557026797        1.8378134671112423E-002
 0.0070  0.22987810727343799        1.2527001050654385E-002  0.43108976795006798        6.2645762732696283E-003  0.33794829725709363        1.8579171618618457E-002
 0.0080  0.22898891238415783        1.2445439170680845E-002  0.38287654121781239        5.4514107723778061E-003  0.34180224899599077        1.8735476660005322E-002
 0.0090  0.22829449442228342        1.2341734508681160E-002  0.34576074802780421        4.8209526696041897E-003  0.34556413251723050        1.8836095606726121E-002
 0.0100  0.22780623873991349        1.2213825360897245E-002  0.31638896302497288        4.3180315224847724E-003  0.34918859195851631        1.8872767478345286E-002
 0.0300  0.24538997340362478        8.0808703845671199E-003  0.15591052761769247        1.3247646957997303E-003  0.39414546344672147        1.3087068081548128E-002
 0.0500  0.28728258515454258        4.4714599483314443E-003  0.13558543377925933        7.4376913549028753E-004  0.40531923775816925        6.4058660995834297E-003
 0.0700  0.33152659849492211        3.0397121903818860E-003  0.13273687127812286        5.0656818900186060E-004  0.41118894360593949        3.8509026489564301E-003
 0.0900  0.37543547122534132        2.5684340018191890E-003  0.13493460255083403        3.7860574972333112E-004  0.41510944707466696        2.8989499760988672E-003
 0.1100  0.41859206981192665        2.5129366276120165E-003  0.13904936421274966        2.9826300213808349E-004  0.41783503061628152        2.5481074321409688E-003
 0.1300  0.46103980923751980        2.6385796934472526E-003  0.14395955486295423        2.4303202797790169E-004  0.41963189927322297        2.4275784832372732E-003
 0.1500  0.50290322441017210        2.8428656783287816E-003  0.14917687504307611        2.0274909680336579E-004  0.42065587605766558        2.3950495940943881E-003
 0.1700  0.54430447940729454        3.0770689969566714E-003  0.15446230209071429        1.7211882891135711E-004  0.42102588918417783        2.3916803694643976E-003
 0.1900  0.58534885170075701        3.3166108162649335E-003  0.15969034461139486        1.4809705141319066E-004  0.42083936501011521        2.3924650640809813E-003
 0.2100  0.62612446094345597        3.5494185272083520E-003  0.16479274537331393        1.2880506944984210E-004  0.42017771878403132        2.3875866510337579E-003
 0.2300  0.66670443762746845        3.7702378001666145E-003  0.16973227430061213        1.1301894507578606E-004  0.41910977033422780        2.3741848998417377E-003
 0.2500  0.70714937438626901        3.9774331398191188E-003  0.17448942637099168        9.9905998797589869E-005  0.41769415512025876        2.3524041681408083E-003
 0.2700  0.74750964827984578        4.1711722545289169E-003  0.17905520663089028        8.8879059692527546E-005  0.41598105726056378        2.3235072139690732E-003
 0.2900  0.78782745660555664        4.3524310347853520E-003  0.18342700891812094        7.9511374807326361E-005  0.41401352276218861        2.2890183259767446E-003
 0.3100  0.82813852879866323        4.5224804884612477E-003  0.18760616356392032        7.1484684888573882E-005  0.41182850707147844        2.2503716341843571E-003
 0.3300  0.86847350351491093        4.6826302970015450E-003  0.19159643015733802        6.4556353991799547E-005  0.40945775534274126        2.2087893172674628E-003
 0.3500  0.90885902620003756        4.8341139987855310E-003  0.19540304722427959        5.8537842309333263E-005  0.40692855039911285        2.1652630688224588E-003
 0.3700  0.94931861053066902        4.9780438747274863E-003  0.19903212116294181        5.3280255407601459E-005  0.40426435547141826        2.1205748537895955E-003
 0.3900  0.98987331432104764        5.1154013996731109E-003  0.20249022767318181        4.8664344228217626E-005  0.40148536531793283        2.0753301709033676E-003
 0.4100   1.0305422682500509        5.2470423026771146E-003  0.20578414943042994        4.4593432264621698E-005  0.39860897864234579        2.0299911635350948E-003


