# triplet j1 / nf 3 / mode 2 / nplat  8 / jkb  20 / start     1 / nmeas  2000
 0.0010   4.6514945852050580E-003   1.3345569556905443E-003   1.6973914915986766E-003   3.5596673351472312E-004  0.39610788582395734       0.12099907723430552     
 0.0020   9.3072950191491980E-003   2.6570114916294749E-003   3.4687930769188207E-003   7.4585144240507976E-004  0.40021716597251034       0.12208579623507620     
 0.0030   1.4155943852986273E-002   4.1192219467289905E-003   5.3130000123380742E-003   1.1683538836364802E-003  0.39884734205818134       0.12406911871697256     
 0.0050   2.4201561672139431E-002   7.2363414591203037E-003   9.2113933230261388E-003   2.1001167543146567E-003  0.39656946602012261       0.12690089059096821     
 0.0060   2.9377146601115109E-002   8.8561886320457379E-003   1.1259374406052845E-002   2.6009421078060616E-003  0.39567457353428348       0.12773722005100463     
 0.0070   3.4639784634721525E-002   1.0492699534706194E-002   1.3367676151817961E-002   3.1176649987104382E-003  0.39492696933335797       0.12818540205128875     
 0.0080   3.9977214435039383E-002   1.2126390741363836E-002   1.5531083851814490E-002   3.6436109450856003E-003  0.39431958115583915       0.12824184105000810     
 0.0090   4.5376384058413738E-002   1.3737279967781848E-002   1.7743559773528306E-002   4.1714439020237781E-003  0.39384627703527902       0.12790579287098544     
 0.0100   5.0823594886513369E-002   1.5305512521533943E-002   1.9998300626874223E-002   4.6934193218608148E-003  0.39350129285510593       0.12718137290103065     
 0.0300  0.15119646308282286        2.4419280261747826E-002   6.2282354391229061E-002   7.4474623237568132E-003  0.40431188136832580        6.9629841972264378E-002
 0.0500  0.21847338061240071        1.3865630751098510E-002   8.5512775285798898E-002   3.8033708670198942E-003  0.42326949677203968        2.8464640915757962E-002
 0.0700  0.27165024582203373        7.6378514783302263E-003   9.9935807443519334E-002   2.0806989746282667E-003  0.43542612074200077        1.3054862387911596E-002
 0.0900  0.32082204481555543        5.0034407447979981E-003  0.11136271293028786        1.2598288323638356E-003  0.44130815323101119        7.3212026143028453E-003
 0.1100  0.36806515747835883        3.7828404150199091E-003  0.12119103432378435        8.0485648861113545E-004  0.44363099282287322        4.7915494124740037E-003
 0.1300  0.41401861578909949        3.0662030568400882E-003  0.12995351823273474        5.3964819221717555E-004  0.44397736137258664        3.4148537151305852E-003
 0.1500  0.45902614420704529        2.5987974100691461E-003  0.13792675294543719        3.8056023007577582E-004  0.44314664088022271        2.5823064368358482E-003
 0.1700  0.50329829923061942        2.3127247129077597E-003  0.14526949569354450        2.8158177029320795E-004  0.44157167777380946        2.0737221769762102E-003
 0.1900  0.54697900126938825        2.1704295892558882E-003  0.15208077432301276        2.1724881746378375E-004  0.43949941559510108        1.7719747205934455E-003
 0.2100  0.59017986567962977        2.1315123774405579E-003  0.15842854046640811        1.7355054596359773E-004  0.43707600677884451        1.5966074255453887E-003
 0.2300  0.63299359418711787        2.1576884774613695E-003  0.16436367071469948        1.4264867070196461E-004  0.43439269838493982        1.4926668712859918E-003
 0.2500  0.67549793716497519        2.2205076942354582E-003  0.16992677927937325        1.2000035264585677E-004  0.43151101682638998        1.4266295399936813E-003
 0.2700  0.71775776515204615        2.3021198405354147E-003  0.17515164476657119        1.0286535942632999E-004  0.42847559468354590        1.3800304517438435E-003
 0.2900  0.75982743261679464        2.3923665730711868E-003  0.18006706691337476        8.9531004380531603E-005  0.42532036005341300        1.3433169783712633E-003
 0.3100  0.80175321371632235        2.4857747079962134E-003  0.18469798263648596        7.8894166893802754E-005  0.42207167831620956        1.3117022325687788E-003
 0.3300  0.84357535566747932        2.5795087087465076E-003  0.18906621259589848        7.0225000650784778E-005  0.41875021813450436        1.2828257567980611E-003
 0.3500  0.88532960086337975        2.6721737036106037E-003  0.19319100520613569        6.3028180779851206E-005  0.41537225674682288        1.2555399245432199E-003
 0.3700  0.92704823829082084        2.7631572523438880E-003  0.19708945595971997        5.6959242370007359E-005  0.41195067829041865        1.2293010908552211E-003
 0.3900  0.96876081907130540        2.8522766239820170E-003  0.20077684129353415        5.1773019480006760E-005  0.40849575175546249        1.2038673473381606E-003
 0.4100   1.0104946487960744        2.9395866884541293E-003  0.20426688916474484        4.7291230645474730E-005  0.40501573466927038        1.1791463657138661E-003


# triplet j3 / nf 3 / mode 2 / nplat  8 / jkb  20 / start     1 / nmeas  2000
 0.0010  0.13715138322994133        9.6858929331130078E-002   1.6973914915986766E-003   3.5596673351472312E-004   1.3434014609813491E-002   9.5913636943505479E-003
 0.0020  0.13648050953626917        9.1452826042759949E-002   3.4687930769188207E-003   7.4585144240507976E-004   2.7292829196567916E-002   1.8522262256470058E-002
 0.0030  0.13561727181855676        8.3355132043934480E-002   5.3130000123380742E-003   1.1683538836364802E-003   4.1632312052717939E-002   2.5994896904193869E-002
 0.0050  0.13408747658164424        6.7317721391735766E-002   9.2113933230261388E-003   2.1001167543146567E-003   7.1577157195060914E-002   3.6849550701064875E-002
 0.0060  0.13363304878898413        6.1451909767520484E-002   1.1259374406052845E-002   2.6009421078060616E-003   8.6982898754372637E-002   4.1241978367317071E-002
 0.0070  0.13353155305703321        5.7362194868397609E-002   1.3367676151817961E-002   3.1176649987104382E-003  0.10244908301416814        4.5602558738204117E-002
 0.0080  0.13364472394804525        5.3878035905220660E-002   1.5531083851814490E-002   3.6436109450856003E-003  0.11795301741900500        4.9524020635874480E-002
 0.0090  0.13394253155358221        5.0782736829841420E-002   1.7743559773528306E-002   4.1714439020237781E-003  0.13342528112200130        5.2962168331280611E-002
 0.0100  0.13441009315381580        4.7980906943973119E-002   1.9998300626874223E-002   4.6934193218608148E-003  0.14879202763813726        5.5911043793601040E-002
 0.0300  0.16935581433679084        2.0988312890922307E-002   6.2282354391229061E-002   7.4474623237568132E-003  0.36095912434210853        4.9667380530145605E-002
 0.0500  0.22472728034578801        1.5417319277445954E-002   8.5512775285798898E-002   3.8033708670198942E-003  0.41149039728335912        2.9676256685474814E-002
 0.0700  0.27914956779406092        1.3887906223517661E-002   9.9935807443519334E-002   2.0806989746282667E-003  0.42372844662314252        2.1537375465910877E-002
 0.0900  0.33017048033862950        1.3274825589456422E-002  0.11136271293028786        1.2598288323638356E-003  0.42881296949424658        1.7410627243934225E-002
 0.1100  0.37844075507184710        1.2815428952371116E-002  0.12119103432378435        8.0485648861113545E-004  0.43146809387543833        1.4681211900791960E-002
 0.1300  0.42463489241741798        1.2232232196944682E-002  0.12995351823273474        5.3964819221717555E-004  0.43287750460337648        1.2502022242310144E-002
 0.1500  0.46938153899815505        1.1561127296482310E-002  0.13792675294543719        3.8056023007577582E-004  0.43337003478177349        1.0690874321843950E-002
 0.1700  0.51318483917779256        1.0921377738071694E-002  0.14526949569354450        2.8158177029320795E-004  0.43306477012851452        9.2258490928374161E-003
 0.1900  0.55636806951546403        1.0378882592769803E-002  0.15208077432301276        2.1724881746378375E-004  0.43208258088938811        8.0662794087739010E-003
 0.2100  0.59911268208750623        9.9410612405392423E-003  0.15842854046640811        1.7355054596359773E-004  0.43055916972702440        7.1481483861637598E-003
 0.2300  0.64152237515855892        9.5903888325598752E-003  0.16436367071469948        1.4264867070196461E-004  0.42861762284029853        6.4102847105493611E-003
 0.2500  0.68366540286855060        9.3058413596552106E-003  0.16992677927937325        1.2000035264585677E-004  0.42635593450709036        5.8053769698492323E-003
 0.2700  0.72559459834770690        9.0702567205101330E-003  0.17515164476657119        1.0286535942632999E-004  0.42384781524363146        5.2997487456502854E-003
 0.2900  0.76735550954343734        8.8713563625032552E-003  0.18006706691337476        8.9531004380531603E-005  0.42114779030037314        4.8699928629361653E-003
 0.3100  0.80898941461917906        8.7008539658461614E-003  0.18469798263648596        7.8894166893802754E-005  0.41829635640901291        4.4997536143419527E-003
 0.3300  0.85053435089532226        8.5532865904451912E-003  0.18906621259589848        7.0225000650784778E-005  0.41532404167662385        4.1773636360998576E-003
 0.3500  0.89202545839586111        8.4250417643964015E-003  0.19319100520613569        6.3028180779851206E-005  0.41225432616766255        3.8942587034983362E-003
 0.3700  0.93349515114772474        8.3136598363504777E-003  0.19708945595971997        5.6959242370007359E-005  0.40910566070139798        3.6439535419337562E-003
 0.3900  0.97497328641253533        8.2173727263891647E-003  0.20077684129353415        5.1773019480006760E-005  0.40589284298639272        3.4213891406699279E-003
 0.4100   1.0164873778021877        8.1348194813980323E-003  0.20426688916474484        4.7291230645474730E-005  0.40262795338040414        3.2225174757022990E-003


