# triplet j1 / nf 4 / mode 2 / nplat  8 / jkb  20 / start  6001 / nmeas  2000
 0.0010   3.2338318607783374E-003   9.1315916915972581E-004   1.5819971104833815E-003   9.6385507136923459E-005  0.55004776614068740       0.15622197042193575     
 0.0020   6.3705215489302464E-003   1.7668646677387811E-003   3.1644562484840523E-003   1.9204255123428591E-004  0.55847605130298539       0.15581762757480205     
 0.0030   9.5317418560058511E-003   2.1624391852957088E-003   4.7478274087656720E-003   2.8626150698076174E-004  0.55995201885801937       0.12815138237959478     
 0.0050   1.5905168218598758E-002   3.3939226346013686E-003   7.9189745346203710E-003   4.6775668644964658E-004  0.55949499578026340       0.12052587812417767     
 0.0060   1.9113062246230248E-002   4.0396569730235341E-003   9.5074848351358876E-003   5.5388424881025672E-004  0.55884731606641669       0.11923210600642728     
 0.0070   2.2334492000168436E-002   4.6897143361612206E-003   1.1098354016307278E-002   6.3631907313174089E-004  0.55810668678432840       0.11827631176444896     
 0.0080   2.5570583985291412E-002   5.3410506918225272E-003   1.2691801274009491E-002   7.1475020629936117E-004  0.55728964869696751       0.11745671418404173     
 0.0090   2.8822789905306585E-002   5.9919977713760704E-003   1.4287969496594291E-002   7.8901364057946933E-004  0.55639791468661115       0.11668584873438446     
 0.0100   3.2092616634409148E-002   6.6414125188096352E-003   1.5886917221553803E-002   8.5911568752953344E-004  0.55543045104661093       0.11592059537172020     
 0.0300  0.10218153998897760        1.7711994798091556E-002   4.7698822988750965E-002   2.5686205096656367E-003  0.52354861227327931        9.1839459778459323E-002
 0.0500  0.17553669390895676        2.0098842330622823E-002   7.4227474565351725E-002   4.0698723347710845E-003  0.49081115865389108        5.7785969051160235E-002
 0.0700  0.24086649961203488        1.6193652324983050E-002   9.2974614880170420E-002   3.1677657267255546E-003  0.47366338093617782        3.2851198604334823E-002
 0.0900  0.29806855997293280        1.2389037077445864E-002  0.10681011794541494        2.0624876098863467E-003  0.46518561921236706        1.9849944566432028E-002
 0.1100  0.35050115962684036        9.9007412855470264E-003  0.11796338685633388        1.3360345792625473E-003  0.45961637994937238        1.3241287406527847E-002
 0.1300  0.40000845116881223        8.1700985529797338E-003  0.12751226494006157        9.0283063467791523E-004  0.45519081172647252        9.4358088422499386E-003
 0.1500  0.44746440334494986        6.8278186904131765E-003  0.13598609643584686        6.4913224491145490E-004  0.45138735519196932        6.9714279019324494E-003
 0.1700  0.49340105902665621        5.7536297595206492E-003  0.14366835132982039        5.0017175113665265E-004  0.44794009237178950        5.2813789002280924E-003
 0.1900  0.53821687155672171        4.9157369906573925E-003  0.15072425314001664        4.0900872467095111E-004  0.44465794961319965        4.1057965979100566E-003
 0.2100  0.58221705410032609        4.2916242157980877E-003  0.15725829518084866        3.4762146923183383E-004  0.44141440765135292        3.2901166655916452E-003
 0.2300  0.62562368687867254        3.8469188151332170E-003  0.16334196974947959        3.0112756105951909E-004  0.43814173813648283        2.7242077303542057E-003
 0.2500  0.66859269564907475        3.5402804229742479E-003  0.16902776627732599        2.6259402784096082E-004  0.43481288041359384        2.3270293755458596E-003
 0.2700  0.71123441830536227        3.3333998585851057E-003  0.17435650569638420        2.2912765836147482E-004  0.43142289944877943        2.0417587839419507E-003
 0.2900  0.75363027043132691        3.1965210714597009E-003  0.17936134029428413        1.9959744346754497E-004  0.42797665790929540        1.8308147474855546E-003
 0.3100  0.79584359451405084        3.1089390258735384E-003  0.18407004452433029        1.7353126003529987E-004  0.42448239039993690        1.6702559117240561E-003
 0.3300  0.83792602443284880        3.0570718424256854E-003  0.18850640540883012        1.5065119397674164E-004  0.42094886684033983        1.5449651528274789E-003
 0.3500  0.87992113905838154        3.0321594370799538E-003  0.19269112062671356        1.3070668823895554E-004  0.41738431061272235        1.4452328192555706E-003
 0.3700  0.92186664534557361        3.0284414297151148E-003  0.19664241410977149        1.1343149113922639E-004  0.41379606528943091        1.3645982861080453E-003
 0.3900  0.96379578044049041        3.0419397571287044E-003  0.20037648014209170        9.8545190803219415E-005  0.41019055152716027        1.2985699025965366E-003
 0.4100   1.0057382799851400        3.0697230506518498E-003  0.20390781709454409        8.5766344286657186E-005  0.40657332691055631        1.2438889090218683E-003


# triplet j3 / nf 4 / mode 2 / nplat  8 / jkb  20 / start  6001 / nmeas  2000
 0.0010  0.16984243648415720        4.4411089128265920E-002   1.5819971104833815E-003   9.6385507136923459E-005   1.0473012681148322E-002   2.7570475960003006E-003
 0.0020  0.16991473761893394        4.4360260549599441E-002   3.1644562484840523E-003   1.9204255123428591E-004   2.0938641163464868E-002   5.5033261876876825E-003
 0.0030  0.17003575582336219        4.4275620559321542E-002   4.7478274087656720E-003   2.8626150698076174E-004   3.1389386718452990E-002   8.2280797243450571E-003
 0.0050  0.17042728759414713        4.4005405914949114E-002   7.9189745346203710E-003   4.6775668644964658E-004   5.2215007062371976E-002   1.3570153510077659E-002
 0.0060  0.17070016565247853        4.3820196301099928E-002   9.5074848351358876E-003   5.5388424881025672E-004   6.2573363636106355E-002   1.6166199075783691E-002
 0.0070  0.17102644129447012        4.3601910389129389E-002   1.1098354016307278E-002   6.3631907313174089E-004   7.2883638558338709E-002   1.8698239788720792E-002
 0.0080  0.17140787083867884        4.3350860605368233E-002   1.2691801274009491E-002   7.1475020629936117E-004   8.3136332634053928E-002   2.1155970559813535E-002
 0.0090  0.17184637302396247        4.3067417700674425E-002   1.4287969496594291E-002   7.8901364057946933E-004   9.3321377207808046E-002   2.3529326183133303E-002
 0.0100  0.17234398225373795        4.2752024524658830E-002   1.5886917221553803E-002   8.5911568752953344E-004  0.10342813424301754        2.5808568333182395E-002
 0.0300  0.19627700240577331        3.1601368242211422E-002   4.7698822988750965E-002   2.5686205096656367E-003  0.27255869411831946        4.4492434987173840E-002
 0.0500  0.23677705504318355        2.1264520659587807E-002   7.4227474565351725E-002   4.0698723347710845E-003  0.36386704829999439        3.4166877993590236E-002
 0.0700  0.28115783113505444        1.6798956248565651E-002   9.2974614880170420E-002   3.1677657267255546E-003  0.40578503575700131        2.5211566805913532E-002
 0.0900  0.32596339103441724        1.4761406090111793E-002  0.10681011794541494        2.0624876098863467E-003  0.42537662649394581        1.9696323190706473E-002
 0.1100  0.37102426530884475        1.3544596299827049E-002  0.11796338685633388        1.3360345792625473E-003  0.43419282569469492        1.6040199862620990E-002
 0.1300  0.41656511415167158        1.2978057577393525E-002  0.12751226494006157        9.0283063467791523E-004  0.43709894419695738        1.3705422416058880E-002
 0.1500  0.46179470344880086        1.2597009104065200E-002  0.13598609643584686        6.4913224491145490E-004  0.43738001336956212        1.1976598620072989E-002
 0.1700  0.50606497740802936        1.2053781480857255E-002  0.14366835132982039        5.0017175113665265E-004  0.43673070815675158        1.0430075615737498E-002
 0.1900  0.54952560872010747        1.1424944651622585E-002  0.15072425314001664        4.0900872467095111E-004  0.43550729348363804        9.0737010238192053E-003
 0.2100  0.59246055970425271        1.0838387590515773E-002  0.15725829518084866        3.4762146923183383E-004  0.43378245496797480        7.9500232964141177E-003
 0.2300  0.63504734980347621        1.0343002440970374E-002  0.16334196974947959        3.0112756105951909E-004  0.43164001813912584        7.0413615488606985E-003
 0.2500  0.67738559550335697        9.9412108072028747E-003  0.16902776627732599        2.6259402784096082E-004  0.42916873011248252        6.3072330667483922E-003
 0.2700  0.71953695109579219        9.6199536123924047E-003  0.17435650569638420        2.2912765836147482E-004  0.42644483298011382        5.7082973236367643E-003
 0.2900  0.76154574925607643        9.3639613793429256E-003  0.17936134029428413        1.9959744346754497E-004  0.42352828409002408        5.2130300771605831E-003
 0.3100  0.80344822321767762        9.1599958704464413E-003  0.18407004452433029        1.7353126003529987E-004  0.42046466918662495        4.7977517855369361E-003
 0.3300  0.84527639570673629        8.9976008061524691E-003  0.18850640540883012        1.5065119397674164E-004  0.41728837132157914        4.4449824784653655E-003
 0.3500  0.88705965368914308        8.8687504301421475E-003  0.19269112062671356        1.3070668823895554E-004  0.41402545645272537        4.1417739985863834E-003
 0.3700  0.92882538880743404        8.7672865521248398E-003  0.19664241410977149        1.1343149113922639E-004  0.41069591245276749        3.8784138745240004E-003
 0.3900  0.97059928337901158        8.6884194239060780E-003  0.20037648014209170        9.8545190803219415E-005  0.40731528397807137        3.6475001243171496E-003
 0.4100   1.0124054929020514        8.6283579285745225E-003  0.20390781709454409        8.5766344286657186E-005  0.40389583162249793        3.4433027977922260E-003


