# triplet j1 / nf 6 / mode 2 / nplat  8 / jkb  20 / start  4001 / nmeas  2000
 0.0010   3.5495385025848133E-003   7.5876651658072104E-004   1.4155019262649545E-003   2.1845900336213159E-004  0.47402182583496510       0.10772931327562016     
 0.0020   6.9894001774446820E-003   1.0205802460737101E-003   2.8306393487131510E-003   4.3649779283117923E-004  0.48142912334725912        7.9495757175377074E-002
 0.0030   1.0486151176963958E-002   1.4541934418056304E-003   4.2450494418658060E-003   6.5370331588130565E-004  0.48128340487004212        7.6340457762986327E-002
 0.0050   1.7472871746080903E-002   2.3755462415966824E-003   7.0702546119111717E-003   1.0840391095059058E-003  0.48123060303092707        7.5110770147338413E-002
 0.0060   2.0965413761388735E-002   2.8412626191260870E-003   8.4803470665243026E-003   1.2964385476591561E-003  0.48116496599004038        7.4865304014970047E-002
 0.0070   2.4457910761677481E-002   3.3076472415997948E-003   9.8883099354126550E-003   1.5065535307836457E-003  0.48106714457621386        7.4670198073048907E-002
 0.0080   2.7950322981697476E-002   3.7740652594485083E-003   1.1293812345831024E-002   1.7140973616119777E-003  0.48094281857391041        7.4493721230807400E-002
 0.0090   3.1442476383161486E-002   4.2400831338572538E-003   1.2696533907136541E-002   1.9188205614357335E-003  0.48079738572481112        7.4321870150400676E-002
 0.0100   3.4934112795177691E-002   4.7053913178555619E-003   1.4096165782096019E-002   2.1205121719224907E-003  0.48063542713720692        7.4148390379064982E-002
 0.0300  0.10373753383169260        1.3276600510334859E-002   4.1083026692383673E-002   5.4140020055314054E-003  0.47859804671361394        6.8893470678149452E-002
 0.0500  0.16859672268314449        1.8658231391821694E-002   6.5396151808877159E-002   6.6186054769198496E-003  0.47965278279034318        5.8368293282770295E-002
 0.0700  0.23120440221221572        1.9693353934259857E-002   8.6010644469958555E-002   5.0480083695577053E-003  0.47461779769525375        4.2758577709770325E-002
 0.0900  0.29099194003738815        1.7733886878765821E-002  0.10231051430079995        3.0939850605081736E-003  0.46635369971614532        2.9282653068623529E-002
 0.1100  0.34618198774727277        1.4704051970851418E-002  0.11505461711973747        1.9842895385255494E-003  0.45957764872583023        1.9918750671306589E-002
 0.1300  0.39677380123711742        1.1406835862917341E-002  0.12546195217288214        1.3363529732120182E-003  0.45519733020955738        1.3309103965967345E-002
 0.1500  0.44429228171955221        8.5780186319795969E-003  0.13439484530179485        9.1413465268735581E-004  0.45194248007727655        8.8600604470127249E-003
 0.1700  0.48997612109087729        6.5272688168730129E-003  0.14233660530647127        6.3810267578945292E-004  0.44897570921575330        6.0651554840705372E-003
 0.1900  0.53453622833232450        5.2165128403216356E-003  0.14955173089145565        4.5915719459355061E-004  0.44597485737091541        4.4057641846973299E-003
 0.2100  0.57836444937889520        4.4479882221233743E-003  0.15619370271425767        3.4225327871086075E-004  0.44284813014541263        3.4401682546367105E-003
 0.2300  0.62167946448523037        4.0066000422785148E-003  0.16235896096577485        2.6423543188421126E-004  0.43959275452107610        2.8555811997702839E-003
 0.2500  0.66461252638325119        3.7404027677972128E-003  0.16811285689455821        2.1073631450640624E-004  0.43623142115339081        2.4702644283442010E-003
 0.2700  0.70725315689313162        3.5682417330047088E-003  0.17350266688423630        1.7304769465264642E-004  0.43278785260842606        2.1941468831162842E-003
 0.2900  0.74966912250012441        3.4532057327736226E-003  0.17856454682151002        1.4581733659884032E-004  0.42928132056952012        1.9851544454438665E-003
 0.3100  0.79191475655889454        3.3784267480968747E-003  0.18332746553040477        1.2562793040729877E-004  0.42572698222230188        1.8220631766417208E-003
 0.3300  0.83403508187756814        3.3341372464381442E-003  0.18781552513140995        1.1021187347640316E-004  0.42213697484532964        1.6920732117163446E-003
 0.3500  0.87606867061689897        3.3128346116440407E-003  0.19204937235501457        9.8035914788338998E-005  0.41852105983565857        1.5862292248782124E-003
 0.3700  0.91804994560588482        3.3083691620918979E-003  0.19604707991850318        8.8068907838708720E-005  0.41488691660442617        1.4980259433714008E-003
 0.3900  0.96001080670537464        3.3162026327519028E-003  0.19982471337632077        7.9632363270430731E-005  0.41124040562058106        1.4229250654066237E-003
 0.4100   1.0019814583265649        3.3335169567826513E-003  0.20339670948851915        7.2292055130895947E-005  0.40758594779423057        1.3579409654693273E-003


# triplet j3 / nf 6 / mode 2 / nplat  8 / jkb  20 / start  4001 / nmeas  2000
 0.0010  0.21343949059029382        8.3902106341843780E-002   1.4155019262649545E-003   2.1845900336213159E-004   7.8830712967569074E-003   3.1579427264527187E-003
 0.0020  0.21348110010295102        8.3816045195824487E-002   2.8306393487131510E-003   4.3649779283117923E-004   1.5762054807323230E-002   6.3066324817238079E-003
 0.0030  0.21355041178836678        8.3672920063319542E-002   4.2450494418658060E-003   6.5370331588130565E-004   2.3632876659740253E-002   9.4368835726680103E-003
 0.0050  0.21377189551932940        8.3217492446315128E-002   7.0702546119111717E-003   1.0840391095059058E-003   3.9333891794434965E-002   1.5606056426878644E-002
 0.0060  0.21392389376484186        8.2906632561500215E-002   8.4803470665243026E-003   1.2964385476591561E-003   4.7156128387205232E-002   1.8627523828497434E-002
 0.0070  0.21410324939660849        8.2541570561283639E-002   9.8883099354126550E-003   1.5065535307836457E-003   5.4954314451457431E-002   2.1595758114918991E-002
 0.0080  0.21430983027486117        8.2123416598988933E-002   1.1293812345831024E-002   1.7140973616119777E-003   6.2724640757860523E-002   2.4502834530580414E-002
 0.0090  0.21454349203653170        8.1653415286763772E-002   1.2696533907136541E-002   1.9188205614357335E-003   7.0463383914549177E-002   2.7341233926249320E-002
 0.0100  0.21480407829938325        8.1132930540616877E-002   1.4096165782096019E-002   2.1205121719224907E-003   7.8166915441743756E-002   3.0103879927024652E-002
 0.0300  0.22546748778641945        6.2847427077357090E-002   4.1083026692383673E-002   5.4140020055314054E-003  0.22020283966514306        6.3071544694184856E-002
 0.0500  0.24692700881317153        4.0198736889483895E-002   6.5396151808877159E-002   6.6186054769198496E-003  0.32749713201882996        5.5831591593762289E-002
 0.0700  0.28008153279446696        2.4584253896825437E-002   8.6010644469958555E-002   5.0480083695577053E-003  0.39179207247460940        3.6260680284837789E-002
 0.0900  0.32202903242633762        1.7790086229859468E-002  0.10231051430079995        3.0939850605081736E-003  0.42140662536399259        2.4136343836046445E-002
 0.1100  0.36755335623899166        1.5807004214830528E-002  0.11505461711973747        1.9842895385255494E-003  0.43285553310708152        1.8985921777333634E-002
 0.1300  0.41285308726567055        1.4785118805963738E-002  0.12546195217288214        1.3363529732120182E-003  0.43746887353178693        1.5838952602620970E-002
 0.1500  0.45804024579490732        1.4175375959144688E-002  0.13439484530179485        9.1413465268735581E-004  0.43837753892358727        1.3648529563028472E-002
 0.1700  0.50324276825772374        1.4079488522611924E-002  0.14233660530647127        6.3810267578945292E-004  0.43713966765419904        1.2269277035699326E-002
 0.1900  0.54784297623805989        1.4110563824780693E-002  0.14955173089145565        4.5915719459355061E-004  0.43514241950690913        1.1227671198441052E-002
 0.2100  0.59147265196403509        1.3903294233673187E-002  0.15619370271425767        3.4225327871086075E-004  0.43303374061257344        1.0190042678657783E-002
 0.2300  0.63423008808346482        1.3416344507528670E-002  0.16235896096577485        2.6423543188421126E-004  0.43089376136044405        9.1217603387250164E-003
 0.2500  0.67640138373930347        1.2788230437106102E-002  0.16811285689455821        2.1073631450640624E-004  0.42862843552705249        8.1082188616750650E-003
 0.2700  0.71822992718274570        1.2145082323062922E-002  0.17350266688423630        1.7304769465264642E-004  0.42617351830902933        7.2096171528350126E-003
 0.2900  0.75986672030501390        1.1549662698889346E-002  0.17856454682151002        1.4581733659884032E-004  0.42352025993172487        6.4396565728684777E-003
 0.3100  0.80139931664360131        1.1021915298229793E-002  0.18332746553040477        1.2562793040729877E-004  0.42068850382743694        5.7876661869029847E-003
 0.3300  0.84288259818638844        1.0562883747497823E-002  0.18781552513140995        1.1021187347640316E-004  0.41770591436604543        5.2360650650324740E-003
 0.3500  0.88435605652229399        1.0167494224603913E-002  0.19204937235501457        9.8035914788338998E-005  0.41459905861588675        4.7678445286173767E-003
 0.3700  0.92585163461594733        9.8295958388713439E-003  0.19604707991850318        8.8068907838708720E-005  0.41139087190711982        4.3686382618108744E-003
 0.3900  0.96739687750345704        9.5433909310654423E-003  0.19982471337632077        7.9632363270430731E-005  0.40810058697780804        4.0267421746650019E-003
 0.4100   1.0090161348815021        9.3035774624338399E-003  0.20339670948851915        7.2292055130895947E-005  0.40474433286662920        3.7326158281700680E-003


