# triplet j1 / nf 3 / mode 2 / nplat  8 / jkb  20 / start  4001 / nmeas  2000
 0.0010   3.7172597233865977E-003   6.5150426074835630E-004   1.5491682714874394E-003   2.0173722335433712E-004  0.47352333807944369        8.8533927359512182E-002
 0.0020   7.4782605148082390E-003   1.0439926208324242E-003   3.1165588396892519E-003   4.2264245014799623E-004  0.47213595042192225        7.3275182339514300E-002
 0.0030   1.1243264948370902E-002   1.5661104413613998E-003   4.7017106201599681E-003   6.6225394398725069E-004  0.47240134788701316        7.3734795888946922E-002
 0.0050   1.8868395054544230E-002   2.7010438334125440E-003   7.9230489584875448E-003   1.1944319108028558E-003  0.47174923993865603        7.6321565829227569E-002
 0.0060   2.2729929965614362E-002   3.2993161748969672E-003   9.5579035169569438E-003   1.4847547849794623E-003  0.47116589466376324        7.7566914176497928E-002
 0.0070   2.6622734631391719E-002   3.9146012503707408E-003   1.1207853102413753E-002   1.7893047727564225E-003  0.47051402103783435        7.8721542461475225E-002
 0.0080   3.0545634574219559E-002   4.5446614739581993E-003   1.2872020366688329E-002   2.1063255620116963E-003  0.46982291876496879        7.9773759071517375E-002
 0.0090   3.4497420092182693E-002   5.1871881751718507E-003   1.4549443829991375E-002   2.4338331700736828E-003  0.46910799135704495        8.0715414820094714E-002
 0.0100   3.8476803932818208E-002   5.8396972653799780E-003   1.6239079295277136E-002   2.7696395951046777E-003  0.46837823831806480        8.1539353485843749E-002
 0.0300  0.12104470744398771        1.6747063414575884E-002   5.0461636777934638E-002   7.6471404627278475E-003  0.45458016997305939        7.1707480924182693E-002
 0.0500  0.19781323354943403        1.6916828906005262E-002   7.8376427142489796E-002   5.7394958160352982E-003  0.44754569995657728        4.1634228133104197E-002
 0.0700  0.26140002602272083        1.2399078328968926E-002   9.7240438540906332E-002   3.0324228645231465E-003  0.44635648175417786        2.2286759676172500E-002
 0.0900  0.31599984008901755        8.4919447641378133E-003  0.11056924291121434        1.5886620631024664E-003  0.44644355492366505        1.2418692199628743E-002
 0.1100  0.36600129261873993        5.8895917162866398E-003  0.12112501453513143        9.0262816647063062E-004  0.44601107436384413        7.3669742206668607E-003
 0.1300  0.41351530394920699        4.2913133697706860E-003  0.13017045980548725        5.5973650538621630E-004  0.44488862963502279        4.7149378169539400E-003
 0.1500  0.45947327367640611        3.3734999914321567E-003  0.13825017821118857        3.7421263160050677E-004  0.44323415848500153        3.3090965709091495E-003
 0.1700  0.50435416385249832        2.8824032519351394E-003  0.14562216622858612        2.6652031917966752E-004  0.44118180327553597        2.5534894185971070E-003
 0.1900  0.54844494299565905        2.6348242624498921E-003  0.15242683842363400        2.0065477259675681E-004  0.43882310172110495        2.1278759633562437E-003
 0.2100  0.59192523885739956        2.5145964718596117E-003  0.15875166637957336        1.5870872632270852E-004  0.43623141056522702        1.8659681298109495E-003
 0.2300  0.63491531782364941        2.4574208311742224E-003  0.16465743260443222        1.3084902888877884E-004  0.43346474491533560        1.6865297491372338E-003
 0.2500  0.67750760790287579        2.4312372950122314E-003  0.17018986187920085        1.1134317968701289E-004  0.43056395400817687        1.5514856583200172E-003
 0.2700  0.71978160785137080        2.4216634821177360E-003  0.17538528192383337        9.6826720160412205E-005  0.42755570656963299        1.4433199164873422E-003
 0.2900  0.76180855185598384        2.4233533541020385E-003  0.18027364592876960        8.5371986728134536E-005  0.42445756102795273        1.3539574030757785E-003
 0.3100  0.80365207794442617        2.4350257089859060E-003  0.18488029304208645        7.5903727638632475E-005  0.42128217427822540        1.2793901138736566E-003
 0.3300  0.84536813082135320        2.4566991582419678E-003  0.18922705676745358        6.7828485331733273E-005  0.41803987909673118        1.2171614134081120E-003
 0.3500  0.88700523360144179        2.4884021422808913E-003  0.19333301063198630        6.0812668675356567E-005  0.41473992487614336        1.1653372414164793E-003
 0.3700  0.92860522460948336        2.5297803771365283E-003  0.19721499753366742        5.4657886579034825E-005  0.41139092412338835        1.1221929156429978E-003
 0.3900  0.97020424541720296        2.5801395516138457E-003  0.20088802160043642        4.9234540192173216E-005  0.40800092859998899        1.0861798887382838E-003
 0.4100   1.0118337554376173        2.6386092607466691E-003  0.20436554766848630        4.4448059417652966E-005  0.40457738617386430        1.0559535462080557E-003


# triplet j3 / nf 3 / mode 2 / nplat  8 / jkb  20 / start  4001 / nmeas  2000
 0.0010  0.18089238787947262        4.7090415275568911E-002   1.5491682714874394E-003   2.0173722335433712E-004   9.7306981977544945E-003   2.6111557514983705E-003
 0.0020  0.18046009483525524        4.6440264895424639E-002   3.1165588396892519E-003   4.2264245014799623E-004   1.9565298571326818E-002   5.2068481849548700E-003
 0.0030  0.18009282440552662        4.5774564843503847E-002   4.7017106201599681E-003   6.6225394398725069E-004   2.9492199557608977E-002   7.7785299377232256E-003
 0.0050  0.17955721353642087        4.4395327738132935E-002   7.9230489584875448E-003   1.1944319108028558E-003   4.9572784353985606E-002   1.2813747579496122E-002
 0.0060  0.17939061734392719        4.3681680656435698E-002   9.5579035169569438E-003   1.4847547849794623E-003   5.9699709753275550E-002   1.5258538144908232E-002
 0.0070  0.17929251336661584        4.2952268227863841E-002   1.1207853102413753E-002   1.7893047727564225E-003   6.9865549248146835E-002   1.7642035710080196E-002
 0.0080  0.17926354956568827        4.2207528614496122E-002   1.2872020366688329E-002   2.1063255620116963E-003   8.0055534022153610E-002   1.9954665372228019E-002
 0.0090  0.17930427086388190        4.1448095185719049E-002   1.4549443829991375E-002   2.4338331700736828E-003   9.0254489580614938E-002   2.2186990995764880E-002
 0.0100  0.17941511104019428        4.0674788655883171E-002   1.6239079295277136E-002   2.7696395951046777E-003  0.10044693302408395        2.4329845892329970E-002
 0.0300  0.19597715908270968        2.4612940696453672E-002   5.0461636777934638E-002   7.6471404627278475E-003  0.28077008535981879        4.1182793252961931E-002
 0.0500  0.23356417209891356        1.4604557022308416E-002   7.8376427142489796E-002   5.7394958160352982E-003  0.37904127706737073        2.7465566554068531E-002
 0.0700  0.28076922567040452        1.1452220124465942E-002   9.7240438540906332E-002   3.0324228645231465E-003  0.41556404790217372        1.8146608564929067E-002
 0.0900  0.33010462578142558        1.1086362386389438E-002  0.11056924291121434        1.5886620631024664E-003  0.42736781294928705        1.4677588338597071E-002
 0.1100  0.37843702008202151        1.1180847997839409E-002  0.12112501453513143        9.0262816647063062E-004  0.43135481223285060        1.2845241680809668E-002
 0.1300  0.42523100259456831        1.1117696908562194E-002  0.13017045980548725        5.5973650538621630E-004  0.43263133634326068        1.1349360267452641E-002
 0.1500  0.47066036291696645        1.0867588485181970E-002  0.13825017821118857        3.7421263160050677E-004  0.43269896054586432        1.0008204018106478E-002
 0.1700  0.51494471718439805        1.0458887992910412E-002  0.14562216622858612        2.6652031917966752E-004  0.43210828671981583        8.7853256010546037E-003
 0.1900  0.55832717412097843        9.9522581152552379E-003  0.15242683842363400        2.0065477259675681E-004  0.43105605846163098        7.6888695755446407E-003
 0.2100  0.60105264041196715        9.4274886732705603E-003  0.15875166637957336        1.5870872632270852E-004  0.42960693379358317        6.7417900340289100E-003
 0.2300  0.64332259110001166        8.9457424044820464E-003  0.16465743260443222        1.3084902888877884E-004  0.42780000281457925        5.9512143382931199E-003
 0.2500  0.68528224326092801        8.5371110201655324E-003  0.17018986187920085        1.1134317968701289E-004  0.42567913789969913        5.3048545688445681E-003
 0.2700  0.72703120442343327        8.2081466739988597E-003  0.17538528192383337        9.6826720160412205E-005  0.42329233194987220        4.7803779149768969E-003
 0.2900  0.76863850942649015        7.9529013042781722E-003  0.18027364592876960        8.5371986728134536E-005  0.42068592182857856        4.3538666866779971E-003
 0.3100  0.81015435721223328        7.7607650584652337E-003  0.18488029304208645        7.5903727638632475E-005  0.41790097374116725        4.0041454111405337E-003
 0.3300  0.85161766511238546        7.6206321995051576E-003  0.18922705676745358        6.7828485331733273E-005  0.41497212385108440        3.7140894097791007E-003
 0.3500  0.89306052609836195        7.5226411164577758E-003  0.19333301063198630        6.0812668675356567E-005  0.41192782929932109        3.4704538142079351E-003
 0.3700  0.93451072230264776        7.4586352331239680E-003  0.19721499753366742        5.4657886579034825E-005  0.40879120204913200        3.2631878048859290E-003
 0.3900  0.97599313659982645        7.4220770717564246E-003  0.20088802160043642        4.9234540192173216E-005  0.40558095976055331        3.0846978666186332E-003
 0.4100   1.0175305659315372        7.4077849625828109E-003  0.20436554766848630        4.4448059417652966E-005  0.40231229382546108        2.9292244628610934E-003


