# triplet j1 / nf 4 / mode 2 / nplat  8 / jkb  20 / start  8001 / nmeas  2000
 0.0010   4.1212482558863981E-003   3.2336890083702412E-003   1.9310779586893040E-003   1.1352866717649882E-004  0.47685476301228807       0.37442095920737317     
 0.0020   8.2433671750679095E-003   6.3474438843046359E-003   3.8683184330537356E-003   2.3221087552110432E-004  0.47718464429032692       0.36771417217443447     
 0.0030   1.2347882794596560E-002   9.2452694251014093E-003   5.8177319208436613E-003   3.6111994551342403E-004  0.47847580224229680       0.35855835061878216     
 0.0050   2.0626509856344247E-002   1.5689626253966714E-002   9.7754510438912250E-003   6.6877659979074392E-004  0.47933887679357551       0.36497927678996944     
 0.0060   2.4845806211998854E-002   1.8995536888001239E-002   1.1793659548584315E-002   8.5599837059770526E-004  0.47880846829020246       0.36647893690824368     
 0.0070   2.9124671774215741E-002   2.2354290697135137E-002   1.3843555283237659E-002   1.0699566469836394E-003  0.47799879063496736       0.36734693730567258     
 0.0080   3.3468571622272805E-002   2.5752347341926499E-002   1.5928161642655252E-002   1.3127849671370345E-003  0.47698600921409595       0.36754223614387255     
 0.0090   3.7882086151955693E-002   2.9166526283644141E-002   1.8049497990956634E-002   1.5853967053718312E-003  0.47581149391524391       0.36693669503930310     
 0.0100   4.2368478249656921E-002   3.2564073693906993E-002   2.0208474606008546E-002   1.8873341867306104E-003  0.47450293012008682       0.36537164516109705     
 0.0300  0.13833276504418626        4.5911275378986482E-002   6.4145725776427825E-002   6.2133861058680474E-003  0.44847106608328141       0.15041954795436524     
 0.0500  0.20681989069706663        1.8638126924160316E-002   8.8334371061553230E-002   2.6474930644920991E-003  0.45443581988411297        4.1515053646005162E-002
 0.0700  0.25942315778807001        1.2914148510032022E-002  0.10118042766519603        1.0279726753777661E-003  0.45877900144120293        2.2956735657482793E-002
 0.0900  0.30965864492810047        1.0690791663928657E-002  0.11122300571999118        6.0611612915513447E-004  0.45693072009784730        1.5824332546732298E-002
 0.1100  0.35851991475246880        8.3402242007205099E-003  0.12034137611534938        5.2854295327443444E-004  0.45384289682664913        1.0604653425127635E-002
 0.1300  0.40594104108821855        6.4089794632802115E-003  0.12885800718567117        4.7520523612038299E-004  0.45089915155040156        7.1671632584232479E-003
 0.1500  0.45210753855135355        5.0823756773947498E-003  0.13681971223626824        4.1373910985833883E-004  0.44811885236046184        5.0828978322823995E-003
 0.1700  0.49729719399969158        4.2444400960231230E-003  0.14424914375298112        3.5365316572820476E-004  0.44532807125318846        3.8398851784355635E-003
 0.1900  0.54173474084846551        3.7229476954575192E-003  0.15117797292104251        3.0077020774786612E-004  0.44243489223371857        3.0722202502581251E-003
 0.2100  0.58557014538337882        3.3867422569388811E-003  0.15764390483964522        2.5621007616043613E-004  0.43942454376098128        2.5664481509692530E-003
 0.2300  0.62891179832902333        3.1581532006258132E-003  0.16368577045668820        2.1899208613079582E-004  0.43630946781254848        2.2103328731970556E-003
 0.2500  0.67184999997139705        2.9964576123379448E-003  0.16934067880896536        1.8770702206985098E-004  0.43310513099863129        1.9465104161211070E-003
 0.2700  0.71446366556422214        2.8808904524492097E-003  0.17464269121175191        1.6117626984401065E-004  0.42982526546901728        1.7444715810444403E-003
 0.2900  0.75682151072887838        2.8002965399756869E-003  0.17962236239554211        1.3855296623618965E-004  0.42648202484972475        1.5865649947301753E-003
 0.3100  0.79898305042299489        2.7480119171325794E-003  0.18430675680579969        1.1923350636739754E-004  0.42308624575969572        1.4615785136422271E-003
 0.3300  0.84099999599535080        2.7195481801536503E-003  0.18871970960717541        1.0275659682562282E-004  0.41964746487123716        1.3618180207441467E-003
 0.3500  0.88291764223751423        2.7115483907882809E-003  0.19288219197872186        8.8738861298176717E-005  0.41617394912094219        1.2817015838450132E-003
 0.3700  0.92477602272728332        2.7212927280932998E-003  0.19681269769075826        7.6843887623019813E-005  0.41267281072736051        1.2170212915782615E-003
 0.3900  0.96661081898970680        2.7464543974398984E-003  0.20052760654021351        6.6770618341776666E-005  0.40915016879328608        1.1645221291797458E-003
 0.4100   1.0084540803979680        2.7849769879509630E-003  0.20404150499483187        5.8250183726097141E-005  0.40561131135014322        1.1216436235006917E-003


# triplet j3 / nf 4 / mode 2 / nplat  8 / jkb  20 / start  8001 / nmeas  2000
 0.0010  0.12146155556559840        2.9926623502178396E-002   1.9310779586893040E-003   1.1352866717649882E-004   1.6179908541630178E-002   4.0148001631309452E-003
 0.0020  0.12166590399709377        2.9812721834622070E-002   3.8683184330537356E-003   2.3221087552110432E-004   3.2331229243020287E-002   7.9815777184891051E-003
 0.0030  0.12200572270855792        2.9625707374472097E-002   5.8177319208436613E-003   3.6111994551342403E-004   4.8425295100719266E-002   1.1854399528217568E-002
 0.0050  0.12308678064394463        2.9050011509021624E-002   9.7754510438912250E-003   6.6877659979074392E-004   8.0326157000663020E-002   1.9156060108847989E-002
 0.0060  0.12382444038164549        2.8673280927550213E-002   1.1793659548584315E-002   8.5599837059770526E-004   9.6074590598882861E-002   2.2518967604705963E-002
 0.0070  0.12469043260865215        2.8246784155419664E-002   1.3843555283237659E-002   1.0699566469836394E-003  0.11164896611922967        2.5657807889621513E-002
 0.0080  0.12568195613149938        2.7778333874309825E-002   1.5928161642655252E-002   1.3127849671370345E-003  0.12701935029958542        2.8557737558187888E-002
 0.0090  0.12679584423920423        2.7275931427339774E-002   1.8049497990956634E-002   1.5853967053718312E-003  0.14215554234241151        3.1210857869005550E-002
 0.0100  0.12802859129862684        2.6747497517064813E-002   2.0208474606008546E-002   1.8873341867306104E-003  0.15702716768396560        3.3615320955574041E-002
 0.0300  0.17060932439253595        1.7609931975515952E-002   6.4145725776427825E-002   6.2133861058680474E-003  0.36362750297795815        4.1459227277292468E-002
 0.0500  0.22434096052381558        1.3986988836980858E-002   8.8334371061553230E-002   2.6474930644920991E-003  0.41894429968479474        2.6863835150551775E-002
 0.0700  0.27634330803919288        1.3075687009338213E-002  0.10118042766519603        1.0279726753777661E-003  0.43068854507544096        2.0495919783589975E-002
 0.0900  0.32654912387712992        1.3308167632536031E-002  0.11122300571999118        6.0611612915513447E-004  0.43329636267760963        1.7697963810345742E-002
 0.1100  0.37474083135794944        1.3518499161912143E-002  0.12034137611534938        5.2854295327443444E-004  0.43419799249439889        1.5692367813350195E-002
 0.1300  0.42097194889617456        1.3227817426235298E-002  0.12885800718567117        4.7520523612038299E-004  0.43479968555175086        1.3685817162754787E-002
 0.1500  0.46578156521086000        1.2590339566712712E-002  0.13681971223626824        4.1373910985833883E-004  0.43496335289145555        1.1775684920532726E-002
 0.1700  0.50966016031579364        1.1845782484620683E-002  0.14424914375298112        3.5365316572820476E-004  0.43452562606872175        1.0113503993991706E-002
 0.1900  0.55290894165528559        1.1125931109556817E-002  0.15117797292104251        3.0077020774786612E-004  0.43349335420222540        8.7336385788293232E-003
 0.2100  0.59571439037305096        1.0489007384202477E-002  0.15764390483964522        2.5621007616043613E-004  0.43194171256129371        7.6134847765317532E-003
 0.2300  0.63819968365056723        9.9550442639457417E-003  0.16368577045668820        2.1899208613079582E-004  0.42995974310167628        6.7129496683220385E-003
 0.2500  0.68044698200657872        9.5226204552985843E-003  0.16934067880896536        1.8770702206985098E-004  0.42763314401213565        5.9892693639849630E-003
 0.2700  0.72251201741361060        9.1796367936656607E-003  0.17464269121175191        1.6117626984401065E-004  0.42503726902484040        5.4037305761936655E-003
 0.2900  0.76443559397239325        8.9107699122572739E-003  0.17962236239554211        1.3855296623618965E-004  0.42223409387336330        4.9245348150935980E-003
 0.3100  0.80625123634207796        8.7015268935948693E-003  0.18430675680579969        1.1923350636739754E-004  0.41927221192585035        4.5270586480847747E-003
 0.3300  0.84798921541036343        8.5397492212743904E-003  0.18871970960717541        1.0275659682562282E-004  0.41618868478814436        4.1927956518282633E-003
 0.3500  0.88967819358295586        8.4157637557780857E-003  0.19288219197872186        8.8738861298176717E-005  0.41301149625656836        3.9079689770799564E-003
 0.3700  0.93134568003769180        8.3220253603269647E-003  0.19681269769075826        7.6843887623019813E-005  0.40976184114226283        3.6622945315735352E-003
 0.3900  0.97301804347177356        8.2526642095757941E-003  0.20052760654021351        6.6770618341776666E-005  0.40645595670141121        3.4480251692349077E-003
 0.4100   1.0147204279860556        8.2030887868725453E-003  0.20404150499483187        5.8250183726097141E-005  0.40310648204693844        3.2592560479199756E-003


