# triplet j1 / nf 2 / mode 2 / nplat  8 / jkb  20 / start  2001 / nmeas  2000
 0.0010   7.5362980839672970E-003   1.1687911001368424E-003   4.3595094906882697E-003   8.8226646745178435E-004  0.39181020536376565        7.2555291892883594E-002
 0.0020   1.5038915305406101E-002   2.2823944472654388E-003   8.6912891303440806E-003   1.7461742561288159E-003  0.39206274925786555        7.1355613236098653E-002
 0.0030   2.2479931768124975E-002   3.3671961536114662E-003   1.2968468307325856E-002   2.5742963572004791E-003  0.39239636806714590        7.0508135400482175E-002
 0.0050   3.7056895680197627E-002   5.3568204698581472E-003   2.1260547982869613E-002   4.0630373991271613E-003  0.39347594958770399        6.8182791644160662E-002
 0.0060   4.4142102515357835E-002   6.2339505475798905E-003   2.5232654111117185E-002   4.7001987517503192E-003  0.39420222860041532        6.6687703590012637E-002
 0.0070   5.1063595527745004E-002   7.0202632584269323E-003   2.9065502068838171E-002   5.2553633664077972E-003  0.39504042611472667        6.5000806553273352E-002
 0.0080   5.7804873106537341E-002   7.7107908767027030E-003   3.2745929801071195E-002   5.7245970983354350E-003  0.39598086719102998        6.3151430728516131E-002
 0.0090   6.4353295382375983E-002   8.3037623880970017E-003   3.6264302056742741E-002   6.1069411466297850E-003  0.39701336154257211        6.1170323891169408E-002
 0.0100   7.0700006788476683E-002   8.8002433230530679E-003   3.9614394577063290E-002   6.4040666564694274E-003  0.39812738729515595        5.9088098532718777E-002
 0.0300  0.16123654809328672        8.0379876483638608E-003   7.7981943654359079E-002   3.8034687182221883E-003  0.42423760385081294        2.3544059446500700E-002
 0.0500  0.22109391154079547        5.6991345558862171E-003   9.4133772184476883E-002   1.4549830376783142E-003  0.43882963434853067        1.1809158960353621E-002
 0.0700  0.27485105473736665        4.7368310765819720E-003  0.10595488395762290        8.1462991055141474E-004  0.44312586472963222        7.8245899970205372E-003
 0.0900  0.32605051604072727        4.0642811437220190E-003  0.11603807492655463        5.6069331529136888E-004  0.44325293326907206        5.6280543374068450E-003
 0.1100  0.37514537685394939        3.4797181844678725E-003  0.12501393463727334        4.1925271381962933E-004  0.44206990858755252        4.1669508025863585E-003
 0.1300  0.42241331906148999        2.9837780998402297E-003  0.13317073923215766        3.2884240826924299E-004  0.44050767120673068        3.1587652943326529E-003
 0.1500  0.46818590415595707        2.5882990877829693E-003  0.14067476230624637        2.6543023522131799E-004  0.43878360129311084        2.4608201450481344E-003
 0.1700  0.51278615211444567        2.2921574998398570E-003  0.14763305835309004        2.1816697319725545E-004  0.43691301146026573        1.9795055881019143E-003
 0.1900  0.55648700641046223        2.0843792880408571E-003  0.15412027788241106        1.8174020772739806E-004  0.43487722290699271        1.6489346104292858E-003
 0.2100  0.59950409067032995        1.9498073328439432E-003  0.16019179623994081        1.5313783127484575E-004  0.43266586191943035        1.4223036365155696E-003
 0.2300  0.64200364588537406        1.8730194681216741E-003  0.16589069978882917        1.3039480675517177E-004  0.43028126923315307        1.2666671267487198E-003
 0.2500  0.68411366776855420        1.8403219462196075E-003  0.17125177327436533        1.1211720523041094E-004  0.42773449290827398        1.1591286947629032E-003
 0.2700  0.72593374336643102        1.8404813502568144E-003  0.17630391373678941        9.7278202891452987E-005  0.42504104677638960        1.0839802939608422E-003
 0.2900  0.76754262037206256        1.8647603023685645E-003  0.18107166696570920        8.5109633664630873E-005  0.42221800192856884        1.0305753432634248E-003
 0.3100  0.80900374066600178        1.9066125570878242E-003  0.18557624963342512        7.5032466953248606E-005  0.41928228342973017        9.9176867676883614E-004
 0.3300  0.85036921809768673        1.9612622113894178E-003  0.18983625678361821        6.6607717372946617E-005  0.41624978059005530        9.6279744481087655E-004
 0.3500  0.89168269517877263        2.0252852467207354E-003  0.19386816911411550        5.9500552509162238E-005  0.41313494949471952        9.4049559267727874E-004
 0.3700  0.93298140406601537        2.0962509733701870E-003  0.19768672805150744        5.3453817222379304E-005  0.40995069683622248        9.2275570841403494E-004
 0.3900  0.97429767210177898        2.1724417622017676E-003  0.20130522044761148        4.8268507043850997E-005  0.40670841217828702        9.0816862785577485E-004
 0.4100   1.0156600328880852        2.2526432941558042E-003  0.20473569953435858        4.3789357690529177E-005  0.40341807398445151        8.9578476569263826E-004


# triplet j3 / nf 2 / mode 2 / nplat  8 / jkb  20 / start  2001 / nmeas  2000
 0.0010  0.13634213028707115        1.4261329367778630E-002   4.3595094906882697E-003   8.8226646745178435E-004   2.1657271261235265E-002   3.1518757136895304E-003
 0.0020  0.13655270834799352        1.4241529056156440E-002   8.6912891303440806E-003   1.7461742561288159E-003   4.3178920080206136E-002   6.2525072827445474E-003
 0.0030  0.13690249610847952        1.4208862758924447E-002   1.2968468307325856E-002   2.5742963572004791E-003   6.4433036876258482E-002   9.2530362800423652E-003
 0.0050  0.13801209342649620        1.4107049499088540E-002   2.1260547982869613E-002   4.0630373991271613E-003  0.10565014162547962        1.4782935501986821E-002
 0.0060  0.13876652233783823        1.4039374554588931E-002   2.5232654111117185E-002   4.7001987517503192E-003  0.12539706907331821        1.7244009522981777E-002
 0.0070  0.13964949564608894        1.3961729481424989E-002   2.9065502068838171E-002   5.2553633664077972E-003  0.14444867446820159        1.9470345019939248E-002
 0.0080  0.14065698024129553        1.3875151604107837E-002   3.2745929801071195E-002   5.7245970983354350E-003  0.16273364991433203        2.1448320877429223E-002
 0.0090  0.14178452002280589        1.3780750089247860E-002   3.6264302056742741E-002   6.1069411466297850E-003  0.18019680936952512        2.3172349079625388E-002
 0.0100  0.14302730757601792        1.3679677485885038E-002   3.9614394577063290E-002   6.4040666564694274E-003  0.19679884534976491        2.4644084502168945E-002
 0.0300  0.18407309902411492        1.1645427348744247E-002   7.7981943654359079E-002   3.8034687182221883E-003  0.37160566741645978        2.5195873551944806E-002
 0.0500  0.23607942512798971        1.0852547461804991E-002   9.4133772184476883E-002   1.4549830376783142E-003  0.41097423168297359        1.9157562262856927E-002
 0.0700  0.28789096223539523        1.0474130389755028E-002  0.10595488395762290        8.1462991055141474E-004  0.42305465359750344        1.5477375744117318E-002
 0.0900  0.33785692923874522        1.0123340847939406E-002  0.11603807492655463        5.6069331529136888E-004  0.42776345583494163        1.2858843271995280E-002
 0.1100  0.38590651587905067        9.7517023645166401E-003  0.12501393463727334        4.1925271381962933E-004  0.42974263358861092        1.0883305807050513E-002
 0.1300  0.43226918598730041        9.3573701320909478E-003  0.13317073923215766        3.2884240826924299E-004  0.43046396435009682        9.3334367521871551E-003
 0.1500  0.47726630810622311        8.9597379803650311E-003  0.14067476230624637        2.6543023522131799E-004  0.43043536409551014        8.0907760721005365E-003
 0.1700  0.52121165213029130        8.5849699899358360E-003  0.14763305835309004        2.1816697319725545E-004  0.42985021735361861        7.0872597645588098E-003
 0.1900  0.56436565083012846        8.2519490805251401E-003  0.15412027788241106        1.8174020772739806E-004  0.42880625987007426        6.2749444525932946E-003
 0.2100  0.60692841502958939        7.9684359428611844E-003  0.16019179623994081        1.5313783127484575E-004  0.42737322506387659        5.6147515764895335E-003
 0.2300  0.64905000062542173        7.7340028461966503E-003  0.16589069978882917        1.3039480675517177E-004  0.42560995815065833        5.0742755392970450E-003
 0.2500  0.69084362190963167        7.5440523010216025E-003  0.17125177327436533        1.1211720523041094E-004  0.42356765481274000        4.6274609933412677E-003
 0.2700  0.73239645788228758        7.3925947990190711E-003  0.17630391373678941        9.7278202891452987E-005  0.42129045662364728        4.2539702300423421E-003
 0.2900  0.77377733600586429        7.2736898657171792E-003  0.18107166696570920        8.5109633664630873E-005  0.41881597778673402        3.9381994127011301E-003
 0.3100  0.81504195937092205        7.1820327703638514E-003  0.18557624963342512        7.5032466953248606E-005  0.41617604074205167        3.6682485163401506E-003
 0.3300  0.85623645682605409        7.1131119627972127E-003  0.18983625678361821        6.6607717372946617E-005  0.41339748807916943        3.4350303681485281E-003
 0.3500  0.89739983799998857        7.0631800318519487E-003  0.19386816911411550        5.9500552509162238E-005  0.41050295491361827        3.2315665711565894E-003
 0.3700  0.93856572699970164        7.0291604957243457E-003  0.19768672805150744        5.3453817222379304E-005  0.40751155271219686        3.0524562435483692E-003
 0.3900  0.97976361389627120        7.0085383617218989E-003  0.20130522044761148        4.8268507043850997E-005  0.40443945211815946        2.8934810915821263E-003
 0.4100   1.0210197736924769        6.9992599676800124E-003  0.20473569953435858        4.3789357690529177E-005  0.40130037130319590        2.7513153562385645E-003


