# triplet j1 / nf 3 / mode 2 / nplat  8 / jkb  20 / start  8001 / nmeas  2000
 0.0010   5.0280152214221075E-003   3.1070190255915054E-003   2.0791065115841412E-003   1.1558162557726988E-004  0.40556155855641790       0.25086670847640363     
 0.0020   1.0132280848972882E-002   6.0547015995370216E-003   4.2484779922106241E-003   2.6936028306930764E-004  0.40685481765977560       0.24346427617897315     
 0.0030   1.5304344547956197E-002   9.2921227972831109E-003   6.5055571180620371E-003   4.6228036057796817E-004  0.40822832769182466       0.24828224720028313     
 0.0050   2.6030911286209300E-002   1.5890444946805440E-002   1.1265759578085817E-002   9.5955933866581275E-004  0.40774708720314817       0.24951224549608209     
 0.0060   3.1548103511333303E-002   1.9157248581451628E-002   1.3756829223836069E-002   1.2572064511763982E-003  0.40726448435131740       0.24800618525963453     
 0.0070   3.7149216384429654E-002   2.2331682293880804E-002   1.6311546857792607E-002   1.5809855144115362E-003  0.40678219416832007       0.24532422833867162     
 0.0080   4.2819484036438281E-002   2.5358614078510595E-002   1.8920568853426196E-002   1.9247131974829868E-003  0.40633633228875610       0.24152694835294633     
 0.0090   4.8542987467373289E-002   2.8185024549087608E-002   2.1573450389298150E-002   2.2814389014866347E-003  0.40594720655548389       0.23667639453916947     
 0.0100   5.4302720853092207E-002   3.0763062783977904E-002   2.4258849767220380E-002   2.6437057109492098E-003  0.40562854503864493       0.23085335057204973     
 0.0300  0.15441950609824603        2.8550258605801692E-002   6.9662002288660124E-002   4.4897051582155666E-003  0.41866961468459518        7.8573798422441540E-002
 0.0500  0.21661390897799204        1.2977694112063730E-002   9.0670314070320709E-002   1.8178132136233282E-003  0.43958839676508482        2.6702565512702368E-002
 0.0700  0.26882872618413872        8.8843000190220178E-003  0.10302719346875180        8.1253260231877898E-004  0.44674970911471990        1.4868993627245910E-002
 0.0900  0.31891806705697634        6.8087957715983836E-003  0.11311461011157549        5.4028577946951188E-004  0.44742112019448066        9.6118725953030608E-003
 0.1100  0.36742368622717331        5.1942651399425966E-003  0.12224280418873440        4.5466048620436135E-004  0.44632975695053489        6.3641183240574209E-003
 0.1300  0.41445093783927534        4.0616516131926602E-003  0.13067870740212170        3.9150863957588698E-004  0.44475000566506012        4.4092086388340182E-003
 0.1500  0.46024611850068969        3.3403968479669647E-003  0.13850266076265300        3.3336839631426733E-004  0.44289374945168647        3.2583473612228827E-003
 0.1700  0.50507178404136222        2.9005766501428872E-003  0.14576968370899746        2.8260010446818430E-004  0.44077804773812473        2.5671495412595098E-003
 0.1900  0.54913202228040137        2.6320022287364313E-003  0.15253209972241516        2.3974875830669106E-004  0.43842534520976773        2.1294431810429770E-003
 0.2100  0.59257833345324851        2.4637947399630358E-003  0.15883937484393021        2.0381882854533234E-004  0.43587098658712908        1.8336937798773569E-003
 0.2300  0.63553115403475824        2.3566001852011000E-003  0.16473632185365616        1.7361452316626253E-004  0.43314843903036521        1.6222856499404868E-003
 0.2500  0.67809090134917571        2.2898060047709390E-003  0.17026237922655960        1.4816534115033499E-004  0.43028522539845160        1.4650174593202072E-003
 0.2700  0.72034228208093742        2.2524597579485946E-003  0.17545173698569227        1.2672518527067318E-004  0.42730385270910137        1.3450308989293989E-003
 0.2900  0.76235692100610963        2.2383041712987482E-003  0.18033387692720113        1.0869304420351389E-004  0.42422309603169117        1.2520766513751279E-003
 0.3100  0.80419566027839584        2.2433377659484346E-003  0.18493424591085178        9.3557955385362618E-005  0.42105884028742663        1.1793804183872780E-003
 0.3300  0.84591056897600414        2.2646617623533825E-003  0.18927491534763868        8.0873677922619174E-005  0.41782463929230251        1.1221511942707105E-003
 0.3500  0.88754661092625042        2.2999504890815815E-003  0.19337516354893117        7.0249397654331038E-005  0.41453212911161319        1.0768365828077034E-003
 0.3700  0.92914299080179563        2.3472146856719908E-003  0.19725196302165426        6.1346031894789956E-005  0.41119135162074344        1.0407237278417525E-003
 0.3900  0.97073423765577438        2.4047037064186924E-003  0.20092037659513351        5.3873202864767835E-005  0.40781100916035135        1.0117081757113145E-003
 0.4100   1.0123510777114284        2.4708679744807308E-003  0.20439387484992469        4.7585397107508402E-005  0.40439866679261444        9.8814682472911776E-004


# triplet j3 / nf 3 / mode 2 / nplat  8 / jkb  20 / start  8001 / nmeas  2000
 0.0010  0.12612963029503890        2.3937821121727060E-002   2.0791065115841412E-003   1.1558162557726988E-004   1.6167253363665413E-002   3.1010753201894704E-003
 0.0020  0.12672829359135909        2.3202282707280707E-002   4.2484779922106241E-003   2.6936028306930764E-004   3.2529178453071038E-002   6.0442794869106954E-003
 0.0030  0.12739626356161413        2.2501336636339297E-002   6.5055571180620371E-003   4.6228036057796817E-004   4.9041210523494048E-002   8.8354063626600223E-003
 0.0050  0.12896637166227809        2.1199418676346324E-002   1.1265759578085817E-002   9.5955933866581275E-004   8.2300743344087879E-002   1.3975210432510000E-002
 0.0060  0.12987957469220071        2.0596604620264032E-002   1.3756829223836069E-002   1.2572064511763982E-003   9.8925655856622496E-002   1.6326116083214891E-002
 0.0070  0.13088405325380026        2.0024652657064237E-002   1.6311546857792607E-002   1.5809855144115362E-003  0.11545821952188992        1.8529573242711418E-002
 0.0080  0.13198296540791207        1.9482606556273326E-002   1.8920568853426196E-002   1.9247131974829868E-003  0.13182846771239642        2.0582599374355210E-002
 0.0090  0.13317846983200263        1.8969470665511700E-002   2.1573450389298150E-002   2.2814389014866347E-003  0.14796603523899887        2.2481113622039871E-002
 0.0100  0.13447174197939810        1.8484209822023555E-002   2.4258849767220380E-002   2.6437057109492098E-003  0.16380195070763720        2.4220429348129159E-002
 0.0300  0.17680369076853952        1.2914522192805913E-002   6.9662002288660124E-002   4.4897051582155666E-003  0.36566405846456534        2.9193488474334745E-002
 0.0500  0.23011596863922607        1.1020934694101939E-002   9.0670314070320709E-002   1.8178132136233282E-003  0.41379553764884597        2.0247342383569508E-002
 0.0700  0.28211579052633151        1.0630324606586611E-002  0.10302719346875180        8.1253260231877898E-004  0.42570873115744684        1.6128607814907894E-002
 0.0900  0.33214771131074827        1.0888975064653179E-002  0.11311461011157549        5.4028577946951188E-004  0.42960006633733322        1.4121128444362280E-002
 0.1100  0.38013869810758832        1.1015151529663821E-002  0.12224280418873440        4.5466048620436135E-004  0.43140076342669587        1.2526272408923433E-002
 0.1300  0.42625780992060264        1.0730819515599666E-002  0.13067870740212170        3.9150863957588698E-004  0.43243092011907314        1.0905479890075821E-002
 0.1500  0.47100537837359163        1.0201457524229105E-002  0.13850266076265300        3.3336839631426733E-004  0.43277664853260750        9.3879242580236395E-003
 0.1700  0.51483693960365806        9.6336742296692403E-003  0.14576968370899746        2.8260010446818430E-004  0.43241760218050518        8.1022858308311095E-003
 0.1900  0.55804274366935924        9.1313126471962262E-003  0.15253209972241516        2.3974875830669106E-004  0.43142465190205825        7.0675848386261746E-003
 0.2100  0.60079479789530688        8.7235432339584310E-003  0.15883937484393021        2.0381882854533234E-004  0.42991001875724100        6.2483863504859015E-003
 0.2300  0.64319995524184137        8.4058804089893017E-003  0.16473632185365616        1.7361452316626253E-004  0.42798405858380056        5.5978020780015937E-003
 0.2500  0.68533182844334173        8.1632281312145356E-003  0.17026237922655960        1.4816534115033499E-004  0.42573901315863211        5.0745091591284973E-003
 0.2700  0.72724737846405296        7.9797637566389207E-003  0.17545173698569227        1.2672518527067318E-004  0.42324667165185981        4.6466132020930905E-003
 0.2900  0.76899474599258644        7.8421612553222185E-003  0.18033387692720113        1.0869304420351389E-004  0.42056127820867722        4.2907304450279966E-003
 0.3100  0.81061663961540487        7.7400634161809059E-003  0.18493424591085178        9.3557955385362618E-005  0.41772358909589757        3.9899765602287836E-003
 0.3300  0.85215172694893182        7.6656511497738529E-003  0.18927491534763868        8.0873677922619174E-005  0.41476449225940087        3.7321246129202660E-003
 0.3500  0.89363526803877380        7.6130631171257733E-003  0.19337516354893117        7.0249397654331038E-005  0.41170777326247121        3.5082205547476565E-003
 0.3700  0.93509949037557283        7.5778867939440666E-003  0.19725196302165426        6.1346031894789956E-005  0.40857209972735814        3.3116081235310593E-003
 0.3900  0.97657391611683197        7.5567767525679137E-003  0.20092037659513351        5.3873202864767835E-005  0.40537239685761300        3.1372622022480582E-003
 0.4100   1.0180856665109599        7.5471708747572941E-003  0.20439387484992469        4.7585397107508402E-005  0.40212080340506479        2.9813292308702140E-003


