# triplet j1 / nf 1 / mode 2 / nplat  8 / jkb  20 / start  8001 / nmeas  2000
 0.0010   3.8793012289865411E-002   7.1662940040168434E-003   7.8282477511606385E-002   9.1235364902960830E-003  0.32254757030046732        6.2478983751558546E-002
 0.0020   5.4649089273022103E-002   9.3083802961454534E-003   7.9711641966347807E-002   8.6005064686699492E-003  0.32674424304712574        5.8379111595581498E-002
 0.0030   6.6652136734648024E-002   1.0483333268331075E-002   8.1050918467047928E-002   8.1039610308888711E-003  0.33085714580975484        5.4604107300381670E-002
 0.0050   8.5267942749192319E-002   1.1473804180409265E-002   8.3485413604809128E-002   7.1888676172426674E-003  0.33885938368716234        4.7874688600783220E-002
 0.0060   9.2933564302224492E-002   1.1574291038497731E-002   8.4592749725562355E-002   6.7691087786160417E-003  0.34283456378703897        4.4847078637351934E-002
 0.0070   9.9845380063176545E-002   1.1512885454974876E-002   8.5634389190893806E-002   6.3734942217210265E-003  0.34678487344826131        4.2017641508933806E-002
 0.0080  0.10615489823592142        1.1337066665892613E-002   8.6615621195993753E-002   6.0011104346397292E-003  0.35068570670989163        3.9373377880694144E-002
 0.0090  0.11197295855194388        1.1081551728267677E-002   8.7541414123047917E-002   5.6509770544301181E-003  0.35451113294316805        3.6903355994992657E-002
 0.0100  0.11738424207898535        1.0772149048087959E-002   8.8416416991127719E-002   5.3220712032987670E-003  0.35823800145921636        3.4597747214751638E-002
 0.0300  0.19158400090378119        5.0031619784932360E-003  0.10004265236441037        1.7558903578461253E-003  0.40439798723945691        1.1141083899764167E-002
 0.0500  0.24844859448557707        2.8997004819227984E-003  0.10819219199760216        7.6359672267366924E-004  0.41865994849297744        5.1047449065656104E-003
 0.0700  0.30019376313036389        1.9638151312560722E-003  0.11592599186189664        4.6318971462850738E-004  0.42437790352362870        2.9027761941557480E-003
 0.0900  0.34878671892848923        1.5098130393961099E-003  0.12346933641167555        3.4875483533636448E-004  0.42742101373852492        1.9461868054369328E-003
 0.1100  0.39523151339221174        1.3041121645986813E-003  0.13074845711704361        2.8380670576163116E-004  0.42911931354464578        1.4905566000052704E-003
 0.1300  0.44015464572290480        1.2161375850868960E-003  0.13771162837823683        2.3654940159493251E-004  0.42989925324446898        1.2438645784709280E-003
 0.1500  0.48396410373610266        1.1803349814022708E-003  0.14434130466034048        1.9928332632397042E-004  0.42997458890859352        1.0898582410041535E-003
 0.1700  0.52694382791088146        1.1705936932492865E-003  0.15063896573556729        1.6928053282274069E-004  0.42948084522902030        9.8412650685683048E-004
 0.1900  0.56930060274021510        1.1781111524358182E-003  0.15661500583915836        1.4495615890089861E-004  0.42851580056708222        9.0867419208742403E-004
 0.2100  0.61118901712060891        1.2000695721512743E-003  0.16228357857291406        1.2512816396772461E-004  0.42715588261004106        8.5473454185051509E-004
 0.2300  0.65272706151017701        1.2352050893726146E-003  0.16766011334024900        1.0886173985201387E-004  0.42546336929001655        8.1689908363284821E-004
 0.2500  0.69400662693388337        1.2823772875788725E-003  0.17276013454246367        9.5417327728064682E-005  0.42348999204297894        7.9121070179024688E-004
 0.2700  0.73510073049522673        1.3402651481157885E-003  0.17759870891290855        8.4215158882883554E-005  0.42127911335248791        7.7456012734237144E-004
 0.2900  0.77606854351413412        1.4074282681401239E-003  0.18219019957463078        7.4803836289347663E-005  0.41886726602218866        7.6448235006404462E-004
 0.3100  0.81695892703138429        1.4824355042995759E-003  0.18654817216799202        6.6832805078695278E-005  0.41628534395231415        7.5905384214482771E-004
 0.3300  0.85781295578440642        1.5639668264919948E-003  0.19068537692521728        6.0029507498696107E-005  0.41355955691810170        7.5680766036946296E-004
 0.3500  0.89866574448007397        1.6508657395210267E-003  0.19461376831166602        5.4181120289520859E-005  0.41071220943148778        7.5664901296826044E-004
 0.3700  0.93954779353068729        1.7421551504701051E-003  0.19834454248669689        4.9120381521803357E-005  0.40776233780045745        7.5777675666250722E-004
 0.3900  0.98048599586075980        1.8370296087632696E-003  0.20188818228509225        4.4714798572556537E-005  0.40472623334382357        7.5961479774980549E-004
 0.4100   1.0215044029937841        1.9348351861002942E-003  0.20525450432688219        4.0858529623106643E-005  0.40161787279890743        7.6175540831845080E-004


# triplet j3 / nf 1 / mode 2 / nplat  8 / jkb  20 / start  8001 / nmeas  2000
 0.0010  0.14736106342049113        6.1833842376253388E-003   7.8282477511606385E-002   9.1235364902960830E-003   8.4911112666362129E-002   6.0973445926829706E-003
 0.0020  0.14693661844821726        5.9164249697904025E-003   7.9711641966347807E-002   8.6005064686699492E-003  0.12152365758996445        8.1806525825834295E-003
 0.0030  0.14681354909837235        5.7132936181416554E-003   8.1050918467047928E-002   8.1039610308888711E-003  0.15020640708965491        9.5161457455127246E-003
 0.0050  0.14753884372933057        4.7438923927592353E-003   8.3485413604809128E-002   7.1888676172426674E-003  0.19583888417392745        1.0523584072948814E-002
 0.0060  0.14862071826364429        4.0243291734821255E-003   8.4592749725562355E-002   6.7691087786160417E-003  0.21437682680424575        1.0356882617139386E-002
 0.0070  0.15042145978723800        4.1161683186915297E-003   8.5634389190893806E-002   6.3734942217210265E-003  0.23018568985154775        1.0632582838799278E-002
 0.0080  0.15119462170726908        4.6995853151078340E-003   8.6615621195993753E-002   6.0011104346397292E-003  0.24621911208360758        1.1459736151656033E-002
 0.0090  0.15157942897902671        5.0504099289856181E-003   8.7541414123047917E-002   5.6509770544301181E-003  0.26188026081520938        1.2148164060055295E-002
 0.0100  0.15309128697737728        4.9731986034074471E-003   8.8416416991127719E-002   5.3220712032987670E-003  0.27468249248825394        1.2164105407314545E-002
 0.0300  0.20002850450058760        4.2417529407878856E-003  0.10004265236441037        1.7558903578461253E-003  0.38732571913291397        8.8890752561789702E-003
 0.0500  0.25334028644417961        4.1991814365558329E-003  0.10819219199760216        7.6359672267366924E-004  0.41057613548330324        6.9579313196291076E-003
 0.0700  0.30441233063486378        4.3123828024002738E-003  0.11592599186189664        4.6318971462850738E-004  0.41849684466606241        5.9871955743956715E-003
 0.0900  0.35292474056580886        4.4647097861262829E-003  0.12346933641167555        3.4875483533636448E-004  0.42240952771955226        5.3769317403083152E-003
 0.1100  0.39941944517799743        4.6177898917828530E-003  0.13074845711704361        2.8380670576163116E-004  0.42461997723344719        4.9307232626177467E-003
 0.1300  0.44440399013488341        4.7586240935868400E-003  0.13771162837823683        2.3654940159493251E-004  0.42578860160757953        4.5739349658384630E-003
 0.1500  0.48826276832370252        4.8845359114409086E-003  0.14434130466034048        1.9928332632397042E-004  0.42618909335411004        4.2736953815937341E-003
 0.1700  0.53127775898631358        4.9967849843399539E-003  0.15063896573556729        1.6928053282274069E-004  0.42597732875396144        4.0135541046447268E-003
 0.1900  0.57365740785416752        5.0979629901760333E-003  0.15661500583915836        1.4495615890089861E-004  0.42526131486575802        3.7843214009469031E-003
 0.2100  0.61555852846315773        5.1908544623235492E-003  0.16228357857291406        1.2512816396772461E-004  0.42412373800023284        3.5802673724963110E-003
 0.2300  0.65710136385984785        5.2779250516168776E-003  0.16766011334024900        1.0886173985201387E-004  0.42263107351596435        3.3974004243944515E-003
 0.2500  0.69837985312439088        5.3611420015701201E-003  0.17276013454246367        9.5417327728064682E-005  0.42083811496443113        3.2326710124110361E-003
 0.2700  0.73946873549785264        5.4419730395260614E-003  0.17759870891290855        8.4215158882883554E-005  0.41879063860529447        3.0836054229274176E-003
 0.2900  0.78042853219484032        5.5214592573668737E-003  0.18219019957463078        7.4803836289347663E-005  0.41652719711999331        2.9481315025539565E-003
 0.3100  0.82130910187394679        5.6003073089045830E-003  0.18654817216799202        6.6832805078695278E-005  0.41408043227356012        2.8244880262061284E-003
 0.3300  0.86215221264821595        5.6789776794797311E-003  0.19068537692521728        6.0029507498696107E-005  0.41147809018911335        2.7111708928285170E-003
 0.3500  0.90299343074910399        5.7577561995757016E-003  0.19461376831166602        5.4181120289520859E-005  0.40874383011802468        2.6068939132158314E-003
 0.3700  0.94386352648411176        5.8368092885910045E-003  0.19834454248669689        4.9120381521803357E-005  0.40589788037728947        2.5105572569804661E-003
 0.3900  0.98478953134675962        5.9162239681403326E-003  0.20188818228509225        4.4714798572556537E-005  0.40295757755304945        2.4212201723992702E-003
 0.4100   1.0257955433955093        5.9960349778933678E-003  0.20525450432688219        4.0858529623106643E-005  0.39993781219509777        2.3380767730677870E-003


