# triplet j1 / nf 1 / mode 2 / nplat  5 / jkb  20 / start     1 / nmeas 30000
 0.0010   3.9110390821057016E-002   1.3230336200580732E-003   8.5287410582434817E-002   3.3102753485381707E-003  0.33393758843226634        1.3023402915927110E-002
 0.0020   5.4906987623201078E-002   1.7054002224202701E-003   8.5620022648113470E-002   3.0529658569929861E-003  0.33704667513044800        1.2070645311386815E-002
 0.0030   6.6697811488725445E-002   1.9008741902291331E-003   8.5965443716029530E-002   2.8175871541869964E-003  0.34050696193782631        1.1194354579451957E-002
 0.0040   7.6356830925939825E-002   1.9969416236436280E-003   8.6322472719193633E-002   2.6021989082325872E-003  0.34415892323218594        1.0388517518769302E-002
 0.0050   8.4633881806865707E-002   2.0330030625332045E-003   8.6690013508751357E-002   2.4050440177971963E-003  0.34788866179982436        9.6499735581386803E-003
 0.0060   9.1928855305478535E-002   2.0315361002334717E-003   8.7067065127907697E-002   2.2245295803901355E-003  0.35161364750932278        8.9751861609876620E-003
 0.0070   9.8488289728704839E-002   2.0065271954914231E-003   8.7452713081280734E-002   2.0592100618325548E-003  0.35527615957745923        8.3597894995073394E-003
 0.0080  0.10447769170348148        1.9669954687347724E-003   8.7846121483789952E-002   1.9077723786219453E-003  0.35883741402714453        7.7989415272518544E-003
 0.0090  0.11001439372170302        1.9188437554847140E-003   8.8246525988621399E-002   1.7690226465143491E-003  0.36227265300393507        7.2877063426281400E-003
 0.0100  0.11518474536943571        1.8659495246202103E-003   8.8653227406976634E-002   1.6418743864422382E-003  0.36556727089377716        6.8213044645967251E-003
 0.0200  0.15606052696683151        1.3649448005189394E-003   9.2949266002705144E-002   8.2815514958605862E-004  0.39071484192967693        3.8350381891714457E-003
 0.0400  0.21794894720408320        8.8203440403732201E-004  0.10189292460762318        3.2589226388420593E-004  0.41424972798823873        1.8026019710598101E-003
 0.0600  0.27196146532066334        7.2344423104461341E-004  0.11057145484475726        1.9637988104763052E-004  0.42355007451321691        1.1878074210896501E-003
 0.0800  0.32217481423059607        6.2772980494917442E-004  0.11879231942210129        1.3763971362771530E-004  0.42792000067043451        8.6984022178446751E-004
 0.1000  0.36984155978006827        5.4363566114568398E-004  0.12655018249709196        1.0319689763398085E-004  0.43016064402765319        6.5617404826830259E-004
 0.1200  0.41567422778099905        4.7070405493238819E-004  0.13387179848389832        8.0830490965599309E-005  0.43121818883599478        5.0536137133434886E-004
 0.1400  0.46015704494886489        4.1166424297663334E-004  0.14078709276067461        6.5311044004100845E-005  0.43147373157835361        3.9876669527155051E-004
 0.1600  0.50363419411895305        3.6651973525067907E-004  0.14732397838057423        5.3985565529395414E-005  0.43111834111627045        3.2353692198701481E-004
 0.1800  0.54635585653084007        3.3347005297862045E-004  0.15350772898837212        4.5397880068406435E-005  0.43026970719999280        2.7021352296820270E-004
 0.2000  0.58850760840097016        3.1014294664516109E-004  0.15936120060689257        3.8694485066410628E-005  0.42901177294936305        2.3201056619938319E-004
 0.2200  0.63022992931471211        2.9431337964007934E-004  0.16490515989862545        3.3343890428852446E-005  0.42740976178316820        2.0422152193697436E-004
 0.2400  0.67163131025866385        2.8418717283095157E-004  0.17015857476762802        2.8997303256326098E-005  0.42551669520979674        1.8366305591105487E-004
 0.2600  0.71279718180764740        2.7842939808910699E-004  0.17513885004861238        2.5415661467663714E-005  0.42337669149800256        1.6820632262603736E-004
 0.2800  0.75379608967177780        2.7608417380743243E-004  0.17986201669977531        2.2429280996966460E-005  0.42102691764220318        1.5642321821944625E-004
 0.3000  0.79468403435377999        2.7647117086998963E-004  0.18434288562500289        1.9914269369131533E-005  0.41849890696414471        1.4734042331552167E-004
 0.3200  0.83550756727129238        2.7909979990893135E-004  0.18859517515487104        1.7777997672514941E-005  0.41581953486259021        1.4027959765138578E-004
 0.3400  0.87630603568705012        2.8360396045292314E-004  0.19263161871984028        1.5949824430994873E-005  0.41301178149781614        1.3475457517507700E-004
 0.3600  0.91711323219738727        2.8970178193419476E-004  0.19646405729303137        1.4375012903685028E-005  0.41009534819817239        1.3040863168634165E-004
 0.3800  0.95795862820691058        2.9716956944889300E-004  0.20010351981334229        1.3010458368206269E-005  0.40708716210693419        1.2697458555012048E-004
 0.4000  0.99886830685863226        3.0582454358584507E-004  0.20356029388165775        1.1821779263083641E-005  0.40400179480522558        1.2424870201466136E-004


# triplet j3 / nf 1 / mode 2 / nplat  5 / jkb  20 / start     1 / nmeas 30000
 0.0010  0.14410822450832741        1.5802041959988443E-003   8.5287410582434817E-002   3.3102753485381707E-003   9.0629314447438200E-002   2.0201509025949776E-003
 0.0020  0.14364679811232861        1.5816683013601114E-003   8.5620022648113470E-002   3.0529658569929861E-003  0.12883139661322024        2.6996129710964460E-003
 0.0030  0.14347310001381269        1.5901330064146512E-003   8.5965443716029530E-002   2.8175871541869964E-003  0.15829496369522419        3.1316790448518914E-003
 0.0040  0.14357926433212884        1.6013735749035056E-003   8.6322472719193633E-002   2.6021989082325872E-003  0.18302701880478350        3.4318241750496683E-003
 0.0050  0.14395125417933818        1.6124927644945665E-003   8.6690013508751357E-002   2.4050440177971963E-003  0.20453568155810545        3.6467979973951680E-003
 0.0060  0.14818080317685509        1.1837373402658615E-003   8.7067065127907697E-002   2.2245295803901355E-003  0.21813513918356722        3.2866186128911487E-003
 0.0070  0.14542196003985922        1.6277671178426118E-003   8.7452713081280734E-002   2.0592100618325548E-003  0.24061387515734003        3.9087900300629223E-003
 0.0080  0.14648238139790082        1.6303850168295586E-003   8.7846121483789952E-002   1.9077723786219453E-003  0.25593866208772470        3.9797569412916220E-003
 0.0090  0.14773381366457866        1.6294036271326869E-003   8.8246525988621399E-002   1.7690226465143491E-003  0.26977714372601130        4.0205861770606106E-003
 0.0100  0.14915768650017922        1.6249881982724214E-003   8.8653227406976634E-002   1.6418743864422382E-003  0.28230374177363404        4.0364299303436765E-003
 0.0200  0.16961847272333253        1.4716116982291681E-003   9.2949266002705144E-002   8.2815514958605862E-004  0.35948421858959462        3.5060143064531402E-003
 0.0400  0.22159221980246635        1.1422273301854664E-003  0.10189292460762318        3.2589226388420593E-004  0.40743890816698064        2.1989506561922679E-003
 0.0600  0.27358134759554770        9.3501006486489656E-004  0.11057145484475726        1.9637988104763052E-004  0.42104222350561016        1.4867641063690447E-003
 0.0800  0.32314368658971609        7.9385414929155284E-004  0.11879231942210129        1.3763971362771530E-004  0.42663698052252547        1.0768506999667136E-003
 0.1000  0.37053141764702419        6.9481439412626925E-004  0.12655018249709196        1.0319689763398085E-004  0.42935976806895110        8.2394103323260213E-004
 0.1200  0.41622544794975602        6.2736749967813685E-004  0.13387179848389832        8.0830490965599309E-005  0.43064711331912742        6.6199691813105749E-004
 0.1400  0.46063490659837253        5.8402486033596094E-004  0.14078709276067461        6.5311044004100845E-005  0.43102612166834087        5.5555458933936408E-004
 0.1600  0.50407307418929725        5.5849442153724053E-004  0.14732397838057423        5.3985565529395414E-005  0.43074298036489506        4.8372882615040194E-004
 0.1800  0.54677517390929165        5.4570527224403315E-004  0.15350772898837212        4.5397880068406435E-005  0.42993973690459647        4.3378243234276132E-004
 0.2000  0.58891869083382009        5.4183075836681431E-004  0.15936120060689257        3.8694485066410628E-005  0.42871231021182354        3.9785311699186068E-004
 0.2200  0.63063940953876241        5.4412302626250886E-004  0.16490515989862545        3.3343890428852446E-005  0.42713224052082865        3.7105604528357271E-004
 0.2400  0.67204299957030689        5.5066695172677281E-004  0.17015857476762802        2.8997303256326098E-005  0.42525602636054816        3.5033048551121255E-004
 0.2600  0.71321316931021750        5.6014663387076260E-004  0.17513885004861238        2.5415661467663714E-005  0.42312975352753157        3.3373478056844227E-004
 0.2800  0.75421741663650654        5.7166510157792886E-004  0.17986201669977531        2.2429280996966460E-005  0.42079172021853406        3.2001977333841295E-004
 0.3000  0.79511111084676900        5.8461145513040848E-004  0.18434288562500289        1.9914269369131533E-005  0.41827411945574772        3.0836795685168560E-004
 0.3200  0.83594043078347646        5.9856862089421035E-004  0.18859517515487104        1.7777997672514941E-005  0.41560421676375553        2.9823415610946745E-004
 0.3400  0.87674450843925777        6.1325171675255866E-004  0.19263161871984028        1.5949824430994873E-005  0.41280522826505067        2.8924794944615556E-004
 0.3600  0.91755701980308058        6.2846400603303455E-004  0.19646405729303137        1.4375012903685028E-005  0.40989700059823592        2.8115170261262834E-004
 0.3800  0.95840737735000758        6.4406947563875867E-004  0.20010351981334229        1.3010458368206269E-005  0.40689655420941739        2.7376262260119433E-004
 0.4000  0.99932164408524471        6.5997377730577173E-004  0.20356029388165775        1.1821779263083641E-005  0.40381852142744229        2.6694820465915733E-004


