# triplet j1 / nf 0 / mode 2 / nplat  5 / jkb  20 / start     1 / nmeas 30000
 0.0010  0.15953306860343511        4.2828437582609199E-003   2.8371464098669152        1.1397309984675101E-002  0.47217735269250116        1.2711559214696943E-002
 0.0020  0.15753274084705085        3.8045463074587679E-003   1.4255625835097843        5.6296152755118765E-003  0.47934953506985639        1.1615315737369158E-002
 0.0030  0.15804928420013431        3.5474762573918760E-003  0.95723493932774950        3.7053330514913311E-003  0.47950414196240526        1.0802590858032342E-002
 0.0040  0.15949101339297980        3.3359587077869831E-003  0.72448519040086168        2.7433147771080595E-003  0.47733527747124377        1.0024896620385249E-002
 0.0050  0.16136113304934624        3.1354698508778553E-003  0.58584109054128697        2.1667519796930487E-003  0.47434134426925528        9.2587542201086476E-003
 0.0060  0.16348128670386927        2.9456204129510847E-003  0.49416995680894438        1.7834148646961949E-003  0.47104320707288516        8.5297535813012686E-003
 0.0070  0.16577310273293125        2.7689383688354074E-003  0.42928487396534254        1.5108016426452094E-003  0.46765194485075012        7.8545029387631273E-003
 0.0080  0.16819291021124655        2.6059812305219564E-003  0.38110021575812747        1.3075405403035856E-003  0.46427137046496308        7.2373781143147339E-003
 0.0090  0.17071110877227530        2.4561106416686410E-003  0.34401812705602147        1.1505637777784877E-003  0.46096200823040906        6.6767498173353227E-003
 0.0100  0.17330541474474787        2.3183016911252686E-003  0.31468365070362914        1.0259795322333529E-003  0.45776222959898583        6.1687745868842341E-003
 0.0200  0.20086975109064864        1.4071590722512179E-003  0.18995969118596470        4.8620665557725203E-004  0.43395648389489799        3.0903202859723583E-003
 0.0400  0.25452960893129761        7.0196749856067740E-004  0.14100872521137556        2.3789388856043070E-004  0.41728202419609672        1.2034505992088774E-003
 0.0600  0.30378800252480787        4.4113451102173663E-004  0.13270829992267549        1.5723358997585672E-004  0.41540244416200023        6.5147679488415503E-004
 0.0800  0.35001596133406176        3.2564247828979504E-004  0.13318945617405153        1.1570849620393882E-004  0.41706818762032272        4.2823389587297696E-004
 0.1000  0.39428809990495761        2.6983763648506532E-004  0.13664814823049665        8.9914924612121330E-005  0.41927908940425729        3.1837609575295633E-004
 0.1200  0.43725621384505875        2.4021632852719182E-004  0.14130145776165998        7.2263197989500387E-005  0.42115596104554637        2.5520628520229820E-004
 0.1400  0.47932632269162262        2.2295168909500484E-004  0.14643976701662650        5.9447637665025094E-005  0.42245188367228048        2.1439192059831625E-004
 0.1600  0.52076390335166767        2.1210204508156661E-004  0.15173415185316955        4.9763561584004883E-005  0.42313191773436215        1.8578125227876248E-004
 0.1800  0.56175076348845565        2.0495448495279369E-004  0.15701733176785726        4.2230408814968024E-005  0.42323480553218251        1.6457206345924324E-004
 0.2000  0.60241655414083117        2.0024121803666650E-004  0.16219965042860199        3.6239131983463529E-005  0.42282246622888098        1.4826965529218409E-004
 0.2200  0.64285701696618325        1.9739715417605813E-004  0.16723212805294879        3.1389572156615510E-005  0.42196050912082772        1.3548489991383213E-004
 0.2400  0.68314505935281788        1.9620330323949769E-004  0.17208848145223352        2.7407365557590316E-005  0.42071072947128146        1.2538904253682243E-004
 0.2600  0.72333775902935471        1.9659193986614132E-004  0.17675567348056209        2.4097965985247972E-005  0.41912852286217961        1.1744096141999909E-004
 0.2800  0.76348095116108095        1.9854245710755199E-004  0.18122864047477044        2.1319639469916635E-005  0.41726237326809779        1.1124972565035039E-004
 0.3000  0.80361231805613886        2.0202989127828566E-004  0.18550721011413873        1.8966707253943901E-005  0.41515420108325007        1.0650662388037058E-004
 0.3200  0.84376352451010639        2.0700446199846970E-004  0.18959423231231076        1.6958824667255103E-005  0.41284002967750827        1.0295318693178341E-004
 0.3400  0.88396172541801443        2.1338968462266699E-004  0.19349441255906621        1.5233860140016729E-005  0.41035072940771661        1.0036770796380991E-004
 0.3600  0.92423065333899712        2.2108735124192535E-004  0.19721356728508524        1.3743095014115145E-005  0.40771273248906542        9.8559084186775840E-005
 0.3800  0.96459142050073743        2.2998757296604838E-004  0.20075814063495998        1.2447783971588884E-005  0.40494867632105025        9.7364690633769356E-005
 0.4000   1.0050631160729930        2.3997698830932179E-004  0.20413488733707441        1.1316765450461506E-005  0.40207796641519583        9.6648143439992835E-005


# triplet j3 / nf 0 / mode 2 / nplat  5 / jkb  20 / start     1 / nmeas 30000
 0.0010  0.24453831781709456        5.9610141206362516E-003   2.8371464098669152        1.1397309984675101E-002  0.30804130278030123        7.5344492215417488E-003
 0.0020  0.24352073344624225        6.1173675082897431E-003   1.4255625835097843        5.6296152755118765E-003  0.31008959695000143        7.8136381401129312E-003
 0.0030  0.24233364686573294        6.3045878931470688E-003  0.95723493932774950        3.7053330514913311E-003  0.31273117616286783        8.1585434853960713E-003
 0.0040  0.24110628249280783        6.5043133709806154E-003  0.72448519040086168        2.7433147771080595E-003  0.31575571712603068        8.5390798839395463E-003
 0.0050  0.23990515998930032        6.7051944926032449E-003  0.58584109054128697        2.1667519796930487E-003  0.31904381200825660        8.9365659983019555E-003
 0.0060  0.23877688815406239        6.8977062412027678E-003  0.49416995680894438        1.7834148646961949E-003  0.32250503882815701        9.3345746269020285E-003
 0.0070  0.23775691768774296        7.0736442404202120E-003  0.42928487396534254        1.5108016426452094E-003  0.32606459846024105        9.7178904316828751E-003
 0.0080  0.23687034512567426        7.2269269578680599E-003  0.38110021575812747        1.3075405403035856E-003  0.32966200511438393        1.0073891873260125E-002
 0.0090  0.23613307037505202        7.3539047588730066E-003  0.34401812705602147        1.1505637777784877E-003  0.33324995690744103        1.0393371935359762E-002
 0.0100  0.23555374048599212        7.4530811615543362E-003  0.31468365070362914        1.0259795322333529E-003  0.33679224490960902        1.0670470631220333E-002
 0.0200  0.24046940994922752        5.8481318944500933E-003  0.18995969118596470        4.8620665557725203E-004  0.36249405245576122        8.8279260324488559E-003
 0.0400  0.26135751383954303        2.5090667895049873E-003  0.14100872521137556        2.3789388856043070E-004  0.40638062733447705        3.9163394856152958E-003
 0.0600  0.30630046920625659        1.2337019213118296E-003  0.13270829992267549        1.5723358997585672E-004  0.41199505532236191        1.6772660665076817E-003
 0.0800  0.35107973850329677        6.9127528741142678E-004  0.13318945617405153        1.1570849620393882E-004  0.41580446440491836        8.3840400934698017E-004
 0.1000  0.39479885853514024        4.5125679922035800E-004  0.13664814823049665        8.9914924612121330E-005  0.41873666024384149        4.9805041332328910E-004
 0.1200  0.43754241961586510        3.4549285958468656E-004  0.14130145776165998        7.2263197989500387E-005  0.42088047400461776        3.4932760016493443E-004
 0.1400  0.47952324770370447        3.0094209058653047E-004  0.14643976701662650        5.9447637665025094E-005  0.42227839606204565        2.7853210529979775E-004
 0.1600  0.52093170696388624        2.8551069851242373E-004  0.15173415185316955        4.9763561584004883E-005  0.42299561759503174        2.4198852773899213E-004
 0.1800  0.56191728427772103        2.8571409527752741E-004  0.15701733176785726        4.2230408814968024E-005  0.42310938245687635        2.2253243350361642E-004
 0.2000  0.60259465686369551        2.9548395455781905E-004  0.16219965042860199        3.6239131983463529E-005  0.42269749692876218        2.1258166524456597E-004
 0.2200  0.64305229288183674        3.1145482151521384E-004  0.16723212805294879        3.1389572156615510E-005  0.42183237222480813        2.0810980227642774E-004
 0.2400  0.68335948458941120        3.3140002665569201E-004  0.17208848145223352        2.7407365557590316E-005  0.42057871842916000        2.0669403988115819E-004
 0.2600  0.72357151827898525        3.5376286928268639E-004  0.17675567348056209        2.4097965985247972E-005  0.41899311790699834        2.0683235309380867E-004
 0.2800  0.76373336855001095        3.7747220082889183E-004  0.18122864047477044        2.1319639469916635E-005  0.41712446613571852        2.0761693854522289E-004
 0.3000  0.80388233808144072        4.0181676899409257E-004  0.18550721011413873        1.8966707253943901E-005  0.41501475287973782        2.0852525734124669E-004
 0.3200  0.84404995944578642        4.2634237209542009E-004  0.18959423231231076        1.6958824667255103E-005  0.41269992919409082        2.0927650485267322E-004
 0.3400  0.88426337836814262        4.5077116451965255E-004  0.19349441255906621        1.5233860140016729E-005  0.41021074452183165        2.0973579201435461E-004
 0.3600  0.92454637687993080        4.7494331798459153E-004  0.19721356728508524        1.3743095014115145E-005  0.40757350258042679        2.0985326349335647E-004
 0.3800  0.96492014183293906        4.9877474319722913E-004  0.20075814063495998        1.2447783971588884E-005  0.40481072162139947        2.0962582528528427E-004
 0.4000   1.0054038434905201        5.2222979371487077E-004  0.20413488733707441        1.1316765450461506E-005  0.40194170377006255        2.0907479708720929E-004


