# triplet j1 / nf 5 / mode 2 / nplat  5 / jkb  20 / start     1 / nmeas 30000
 0.0010   3.9802658128882387E-003   7.0273230434407270E-004   1.3977673176151289E-003   5.7244546259001889E-005  0.42006873820561846        7.4662025775034627E-002
 0.0020   7.6428526318560739E-003   1.4483203417852578E-003   2.7954270309795853E-003   1.1456286488505019E-004  0.43752068484892304        8.3393467729771464E-002
 0.0030   1.1466923800131259E-002   2.0069319155548381E-003   4.1930152800294723E-003   1.7211258837018993E-004  0.43741323664273596        7.7080287740137268E-002
 0.0040   1.5290785420439022E-002   2.6130657484253954E-003   5.5907209495930574E-003   2.3013991031227207E-004  0.43737011776193530        7.5283006977869715E-002
 0.0050   1.9117842721784829E-002   3.2312666990242009E-003   6.9888784551015550E-003   2.8897514661082213E-004  0.43728528111905002        7.4460095099246323E-002
 0.0060   2.2950161594127969E-002   3.8532246787909494E-003   8.3879576223004661E-003   3.4902723393198307E-004  0.43715252282250300        7.3957236599801177E-002
 0.0070   2.6789957750086933E-002   4.4760326121053304E-003   9.7885507912089213E-003   4.1077724443284265E-004  0.43696956412349419        7.3581801730771557E-002
 0.0080   3.0639721853432649E-002   5.0984699113915642E-003   1.1191357298364353E-002   4.7477070895661689E-004  0.43673354770072625        7.3260808318388174E-002
 0.0090   3.4502186750644107E-002   5.7199663258147770E-003   1.2597165511436637E-002   5.4160825890388581E-004  0.43644150906299356        7.2961484054440973E-002
 0.0100   3.8380238374975222E-002   6.3402605682907152E-003   1.4006832609556336E-002   6.1193389054006969E-004  0.43609117625289173        7.2667594781388345E-002
 0.0200   7.8610369380748987E-002   1.2430023420145932E-002   2.8504659451238121E-002   1.6389984581548771E-003  0.42954442532424875        6.9033934013013928E-002
 0.0400  0.16378875205632532        1.8316778637184533E-002   5.8911488201982332E-002   3.9925585113028128E-003  0.41914174437513269        4.8977929545614529E-002
 0.0600  0.22923827400985453        1.1390281849400470E-002   8.1909517203623092E-002   2.3222664856478183E-003  0.43248462843175456        2.2346540948050782E-002
 0.0800  0.27854417756468608        6.2227579286699766E-003   9.7390990575444814E-002   8.9465737314259634E-004  0.44815195787188661        1.0221258252394281E-002
 0.1000  0.32462434775820520        4.3118106166225778E-003  0.10970593770427038        6.2084431984746856E-004  0.45629843025783851        6.1967669839676515E-003
 0.1200  0.37062496399442818        3.6602257365859637E-003  0.12030924129042926        5.2877678787908295E-004  0.45848005372213985        4.6386121200239000E-003
 0.1400  0.41659535592933133        3.2822877212684222E-003  0.12968805817884246        4.1375060851147629E-004  0.45741940560172090        3.6770571710450532E-003
 0.1600  0.46221827056699005        2.9177461842580378E-003  0.13811416420128975        3.0612719228755773E-004  0.45482778838341736        2.9150050924383873E-003
 0.1800  0.50731620251599041        2.5466187840224117E-003  0.14577509398282470        2.2147788925952309E-004  0.45155866719303062        2.2925366789943915E-003
 0.2000  0.55185220458098816        2.1928337210235537E-003  0.15280457555772589        1.5999661071033940E-004  0.44799729656798160        1.7955413614605361E-003
 0.2200  0.59586385005306919        1.8758663834081779E-003  0.15929948281246245        1.1696516368454086E-004  0.44431040392967147        1.4082328891912607E-003
 0.2400  0.63941742609921981        1.6047251294993587E-003  0.16533189767347442        8.7289503150102539E-005  0.44056954844418877        1.1117829747708901E-003
 0.2600  0.68258525370574608        1.3806933273877845E-003  0.17095720912260354        6.6842581403006164E-005  0.43680588386485486        8.8766224885698428E-004
 0.2800  0.72543641263358083        1.2005617559707141E-003  0.17621931512267303        5.2616982822393964E-005  0.43303342222080521        7.1955923440345242E-004
 0.3000  0.76803374885546205        1.0589158920091795E-003  0.18115394991629508        4.2533363680959758E-005  0.42925881761349410        5.9397619188292358E-004
 0.3200  0.81043345597816829        9.4957566609034209E-004  0.18579085513290350        3.5200077408647277E-005  0.42548552768045006        5.0016327662296442E-004
 0.3400  0.85268555956919789        8.6646802035311569E-004  0.19015523922240660        2.9706978696922631E-005  0.42171562857903788        4.2979629823627804E-004
 0.3600  0.89483461108733875        8.0412715775388913E-004  0.19426879000693151        2.5467532239747184E-005  0.41795063759805928        3.7658168508245194E-004
 0.3800  0.93692036795292222        7.5792794623642085E-004  0.19815039866942860        2.2105369296812764E-005  0.41419189004596979        3.3585884372372204E-004
 0.4000  0.97897841996761237        7.2413292512067066E-004  0.20181669181185979        1.9377134461001155E-005  0.41044069694075508        3.0423442262720289E-004


# triplet j3 / nf 5 / mode 2 / nplat  5 / jkb  20 / start     1 / nmeas 30000
 0.0010  0.18761640787049874        1.7231614598045508E-002   1.3977673176151289E-003   5.7244546259001889E-005   8.9117218303049594E-003   8.3859269706868878E-004
 0.0020  0.18766420429590222        1.7219823192652767E-002   2.7954270309795853E-003   1.1456286488505019E-004   1.7818561244724706E-002   1.6752807002923717E-003
 0.0030  0.18773989971592220        1.7199324092756010E-002   4.1930152800294723E-003   1.7211258837018993E-004   2.6716666309828902E-002   2.5082490700245133E-003
 0.0040  0.18784033850208620        1.7169442198182498E-002   5.5907209495930574E-003   2.3013991031227207E-004   3.5603282411757489E-002   3.3357833032368386E-003
 0.0050  0.18796249949474081        1.7129523913005155E-002   6.9888784551015550E-003   2.8897514661082213E-004   4.4476697487305837E-002   4.1562692894296397E-003
 0.0060  0.18810354853446146        1.7078954544768817E-002   8.3879576223004661E-003   3.4902723393198307E-004   5.3336160419212492E-002   4.9681940309913662E-003
 0.0070  0.18826088784239528        1.7017170530232967E-002   9.7885507912089213E-003   4.1077724443284265E-004   6.2181774956582878E-002   5.7701461138870295E-003
 0.0080  0.18843220846480432        1.6943671342694450E-002   1.1191357298364353E-002   4.7477070895661689E-004   7.1014369223998730E-002   6.5608160719808984E-003
 0.0090  0.18861553272381473        1.6858037994787283E-002   1.2597165511436637E-002   5.4160825890388581E-004   7.9835346718097083E-002   7.3390002053632620E-003
 0.0100  0.18880926075199830        1.6759945810002098E-002   1.4006832609556336E-002   6.1193389054006969E-004   8.8646516760604255E-002   8.1036033753982845E-003
 0.0200  0.19128234972106056        1.5098404115493907E-002   2.8504659451238121E-002   1.6389984581548771E-003  0.17652776635910894        1.4829268277658748E-002
 0.0400  0.20565153927991767        9.7076972459282009E-003   5.8911488201982332E-002   3.9925585113028128E-003  0.33382051739701318        1.9397643203240018E-002
 0.0600  0.23880433900380107        5.9093875675317728E-003   8.1909517203623092E-002   2.3222664856478183E-003  0.41516008532789106        1.1839740687508008E-002
 0.0800  0.28130362654992869        4.5518114790100766E-003   9.7390990575444814E-002   8.9465737314259634E-004  0.44375580955147181        7.4641500477994806E-003
 0.1000  0.32681810681567663        4.0451874988796811E-003  0.10970593770427038        6.2084431984746856E-004  0.45323553749451712        5.7546418156783907E-003
 0.1200  0.37312476841491671        3.7172387031159208E-003  0.12030924129042926        5.2877678787908295E-004  0.45540839897815366        4.6460549268962804E-003
 0.1400  0.41927807352741220        3.4041094581030804E-003  0.12968805817884246        4.1375060851147629E-004  0.45449264370647668        3.7605631800376534E-003
 0.1600  0.46488539177543570        3.0871500094868808E-003  0.13811416420128975        3.0612719228755773E-004  0.45221836924044329        3.0445643247814609E-003
 0.1800  0.50984700844194852        2.7819323116603963E-003  0.14577509398282470        2.2147788925952309E-004  0.44931719606163728        2.4753032626619429E-003
 0.2000  0.55419480478091054        2.5043978011940952E-003  0.15280457555772589        1.5999661071033940E-004  0.44610359683017958        2.0294188293657300E-003
 0.2200  0.59800608024112889        2.2627734336749948E-003  0.15929948281246245        1.1696516368454086E-004  0.44271875596551807        1.6830536418246719E-003
 0.2400  0.64136641556083507        2.0583991851658139E-003  0.16533189767347442        8.7289503150102539E-005  0.43923074212974295        1.4144261975971315E-003
 0.2600  0.68435644027988884        1.8885691012814816E-003  0.17095720912260354        6.6842581403006164E-005  0.43567538421369123        1.2053150069516545E-003
 0.2800  0.72704833881899988        1.7489261482110845E-003  0.17621931512267303        5.2616982822393964E-005  0.43207335137658431        1.0413590032818840E-003
 0.3000  0.76950574085309786        1.6348926932169352E-003  0.18115394991629508        4.2533363680959758E-005  0.42843768593000442        9.1164767363944481E-004
 0.3200  0.81178452036325777        1.5422921449675519E-003  0.18579085513290350        3.5200077408647277E-005  0.42477738613746668        8.0802809095465854E-004
 0.3400  0.85393368134294201        1.4674901940598308E-003  0.19015523922240660        2.9706978696922631E-005  0.42109924293942952        7.2440876522806576E-004
 0.3600  0.89599618973430561        1.4073559225400987E-003  0.19426879000693151        2.5467532239747184E-005  0.41740880210625431        6.5620148431554397E-004
 0.3800  0.93800979978052901        1.3592070414788736E-003  0.19815039866942860        2.2105369296812764E-005  0.41371083555393967        5.9992459379808920E-004
 0.4000  0.98000789924989307        1.3207817572077321E-003  0.20181669181185979        1.9377134461001155E-005  0.41000953695272974        5.5293081185447555E-004


