# triplet j1 / nf 0 / mode 2 / nplat  8 / jkb  20 / start  2001 / nmeas  2000
 0.0010  0.15380845842669275        2.1093483766109991E-002   2.9270930204081211        3.4837741768525471E-002  0.49745412962218077        6.8285677017118060E-002
 0.0020  0.15127399362268304        1.8142795752340096E-002   1.4704360624529589        1.7395642833909340E-002  0.50697762889211617        6.0877428497679964E-002
 0.0030  0.15284394353657524        1.5707083319687950E-002  0.98707854944446094        1.1558756797167596E-002  0.50350437423191363        5.1826789286260277E-002
 0.0050  0.15847995273997578        1.1678732385696434E-002  0.60365243945680824        6.8675381786435247E-003  0.49025174367255780        3.6235188027160151E-002
 0.0060  0.16152891607112591        1.0288140699339060E-002  0.50897316078836474        5.6904372551771438E-003  0.48382442047772523        3.0934329639992181E-002
 0.0070  0.16459086822400146        9.2284723780565320E-003  0.44194045582927644        4.8479957242207744E-003  0.47790344516216282        2.6923551693580770E-002
 0.0080  0.16763837456274008        8.4076336093394013E-003  0.39214610443155096        4.2149552879859210E-003  0.47250945435902364        2.3833618644917402E-002
 0.0090  0.17066056146519501        7.7545579308944210E-003  0.35381255252792532        3.7217736680547038E-003  0.46761636413320995        2.1389647857435561E-002
 0.0100  0.17365424885249944        7.2199265526034012E-003  0.32347670379269516        3.3267740838857731E-003  0.46318137596914766        1.9404166963542253E-002
 0.0300  0.22964952609447098        3.1916671090994908E-003  0.15747364172792680        1.0081667762355708E-003  0.42326660737986466        6.0365739772961806E-003
 0.0500  0.28048740750823248        1.9533141012530795E-003  0.13617632429038307        5.8785226270530178E-004  0.41604224896190012        3.0332897224178445E-003
 0.0700  0.32781394553594079        1.3990925234428806E-003  0.13300847381605008        4.0556426951647974E-004  0.41627108789073908        1.8865723936528369E-003
 0.0900  0.37284443926971844        1.1307985493849628E-003  0.13507387337034105        3.0180835700191342E-004  0.41820985171112923        1.3517038273613037E-003
 0.1100  0.41635772780741465        9.9094549916974939E-004  0.13912317361257071        2.3559741131604035E-004  0.42018877715932351        1.0614653898757623E-003
 0.1300  0.45883654378219141        9.1214161760831615E-004  0.14399648283750921        1.9027985880650422E-004  0.42170098599217232        8.8340684607289349E-004
 0.1500  0.50058921490185204        8.6695105528144471E-004  0.14919120071180955        1.5761993814613037E-004  0.42262067895351696        7.6521065982955471E-004
 0.1700  0.54182314086043737        8.4533577652556337E-004  0.15446210387118378        1.3311106880820378E-004  0.42295375207177999        6.8458309004146441E-004
 0.1900  0.58268477787976602        8.4413899561213573E-004  0.15968060668753301        1.1411613167625245E-004  0.42275058050277253        6.3079591460651701E-004
 0.2100  0.62328171247681996        8.6217141004600053E-004  0.16477671478781136        9.9008597780711214E-005  0.42207359220463614        5.9745641714284761E-004
 0.2300  0.66369551176942643        8.9810731036587090E-004  0.16971213538931426        8.6739385319964775E-005  0.42098486642167560        5.7974263876409539E-004
 0.2500  0.70398966570452692        9.4992664709542631E-004  0.17446667570027741        7.6604831779608718E-005  0.41954153349385365        5.7355122509621776E-004
 0.2700  0.74421475967110673        1.0151216460740039E-003  0.17903087978602092        6.8116369727469177E-005  0.41779436093020617        5.7539437857601441E-004
 0.2900  0.78441198569635351        1.0911043731985648E-003  0.18340182572283495        6.0924310064048026E-005  0.41578766687361884        5.8246251093334886E-004
 0.3100  0.82461559872236867        1.1755194536988060E-003  0.18758062452229418        5.4771618246977913E-005  0.41355977241612207        5.9262815105806958E-004
 0.3300  0.86485467045452635        1.2663895733181049E-003  0.19157088201403744        4.9464896404142198E-005  0.41114364527140995        6.0436496408783780E-004
 0.3500  0.90515436202669386        1.3621378344182793E-003  0.19537772823104579        4.4855680219071001E-005  0.40856757705780083        6.1662647177190995E-004
 0.3700  0.94553686200148612        1.4615461324019303E-003  0.19900719268114567        4.0827930484673402E-005  0.40585582352388955        6.2872403941470565E-004
 0.3900  0.98602208297265359        1.5636912420069044E-003  0.20246579642317186        3.7289565549091196E-005  0.40302918182928132        6.4022383059556627E-004
 0.4100   1.0266281883884925        1.6678814118689053E-003  0.20576028326096735        3.4166495758213891E-005  0.40010549514957977        6.5086792807279403E-004


# triplet j3 / nf 0 / mode 2 / nplat  8 / jkb  20 / start  2001 / nmeas  2000
 0.0010  0.23975490244162978        1.1647371849298524E-002   2.9270930204081211        3.4837741768525471E-002  0.31912862692685678        1.5619257089947320E-002
 0.0020  0.23883195785769523        1.1955596262393110E-002   1.4704360624529589        1.7395642833909340E-002  0.32111502701646466        1.6186406104179325E-002
 0.0030  0.23764925161751843        1.2330314420773602E-002  0.98707854944446094        1.1558756797167596E-002  0.32382847251452607        1.6908323313033959E-002
 0.0050  0.23488952030267188        1.3049526865816646E-002  0.60365243945680824        6.8675381786435247E-003  0.33077283766343446        1.8472495760398101E-002
 0.0060  0.23354201042891481        1.3342436912382929E-002  0.50897316078836474        5.6904372551771438E-003  0.33463629976027504        1.9209334036514900E-002
 0.0070  0.23233456374152503        1.3578653287000865E-002  0.44194045582927644        4.8479957242207744E-003  0.33855721550750589        1.9873716712801286E-002
 0.0080  0.23098496074304858        1.2495132898790305E-002  0.39214610443155096        4.2149552879859210E-003  0.34292586253002522        1.8641898708322838E-002
 0.0090  0.23045610812523099        1.2407822056062650E-002  0.35381255252792532        3.7217736680547038E-003  0.34628577173541863        1.8732871867751376E-002
 0.0100  0.23011352928634432        1.2298436633184327E-002  0.32347670379269516        3.3267740838857731E-003  0.34953796143946525        1.8767354463682513E-002
 0.0300  0.25201096867968459        8.7671788441423069E-003  0.15747364172792680        1.0081667762355708E-003  0.38570930585148089        1.3475078232358358E-002
 0.0500  0.28793265456194045        5.6330211103563605E-003  0.13617632429038307        5.8785226270530178E-004  0.40528439541793793        7.9769627083407287E-003
 0.0700  0.33189745950824290        3.8717477443493131E-003  0.13300847381605008        4.0556426951647974E-004  0.41114947952957287        4.8370489641637740E-003
 0.0900  0.37570727948916943        3.2076266020957286E-003  0.13507387337034105        3.0180835700191342E-004  0.41502314746287211        3.5734964206215192E-003
 0.1100  0.41884788683062862        3.0558391644998220E-003  0.13912317361257071        2.3559741131604035E-004  0.41769064619628099        3.0678501150077147E-003
 0.1300  0.46131452344183371        3.1387327311346693E-003  0.14399648283750921        1.9027985880650422E-004  0.41943579291317867        2.8672184421437629E-003
 0.1500  0.50320507815231819        3.3220164165124241E-003  0.14919120071180955        1.5761993814613037E-004  0.42042372595967831        2.7843887477701839E-003
 0.1700  0.54462998436531396        3.5411364988796835E-003  0.15446210387118378        1.3311106880820378E-004  0.42077398778052572        2.7418366827015343E-003
 0.1900  0.58569032846962621        3.7656262410992215E-003  0.15968060668753301        1.1411613167625245E-004  0.42058117767190484        2.7082495838714224E-003
 0.2100  0.62647314407800359        3.9818119430225334E-003  0.16477671478781136        9.9008597780711214E-005  0.41992342980275155        2.6719788745151207E-003
 0.2300  0.66705173372141147        4.1843345141855991E-003  0.16971213538931426        8.6739385319964775E-005  0.41886671189375707        2.6296794579465351E-003
 0.2500  0.70748744796760965        4.3719001791884538E-003  0.17446667570027741        7.6604831779608718E-005  0.41746734131037833        2.5813560550475619E-003
 0.2700  0.74783169761351753        4.5451089808755405E-003  0.17903087978602092        6.8116369727469177E-005  0.41577367060510217        2.5281920239206088E-003
 0.2900  0.78812782053786867        4.7053512471498275E-003  0.18340182572283495        6.0924310064048026E-005  0.41382732711783293        2.4716248683201202E-003
 0.3100  0.82841267174025390        4.8542526632265881E-003  0.18758062452229418        5.4771618246977913E-005  0.41166419946475080        2.4129787580891445E-003
 0.3300  0.86871793809386488        4.9934124935573391E-003  0.19157088201403744        4.9464896404142198E-005  0.40931525210690151        2.3533477094395323E-003
 0.3500  0.90907119868682384        5.1242888165618054E-003  0.19537772823104579        4.4855680219071001E-005  0.40680721718029933        2.2935826063888083E-003
 0.3700  0.94949677713616143        5.2481625991498545E-003  0.19900719268114567        4.0827930484673402E-005  0.40416318521613692        2.2343197053039184E-003
 0.3900  0.99001641801179885        5.3661354113493870E-003  0.20246579642317186        3.7289565549091196E-005  0.40140311426768305        2.1760187797571703E-003
 0.4100   1.0306498261803256        5.4791445682605324E-003  0.20576028326096735        3.4166495758213891E-005  0.39854426713678609        2.1190009316818573E-003


