# triplet j1 / nf 5 / mode 2 / nplat  8 / jkb  20 / start  4001 / nmeas  2000
 0.0010   3.5074225912586072E-003   7.0951159271609541E-004   1.4318960571945410E-003   2.0902786378575161E-004  0.48248370398080842       0.10376002460999315     
 0.0020   6.9591796183273002E-003   9.5524572844353723E-004   2.8634328692804570E-003   4.1771695623755040E-004  0.48631252246251877        7.5592535856818910E-002
 0.0030   1.0428865952817303E-002   1.3545304744232362E-003   4.2942716614903535E-003   6.2579448239603994E-004  0.48672460059249312        7.2485515672128575E-002
 0.0050   1.7361890769757138E-002   2.2059356595343998E-003   7.1526124011225094E-003   1.0393724555932756E-003  0.48711928780633623        7.1296512946600069E-002
 0.0060   2.0826917131064916E-002   2.6364095399499920E-003   8.5795486525686564E-003   1.2446639705862358E-003  0.48718942705145452        7.1079165105212283E-002
 0.0070   2.4290953392120979E-002   3.0673672742496882E-003   1.0004654616771212E-002   1.4489139318059473E-003  0.48721483933578136        7.0921403055174137E-002
 0.0080   2.7753654328114059E-002   3.4981856235917867E-003   1.1427700766818252E-002   1.6521502342378596E-003  0.48721342478163265        7.0792879044105195E-002
 0.0090   3.1214617797227735E-002   3.9284853923588527E-003   1.2848477325704606E-002   1.8544379464785271E-003  0.48719639055853159        7.0680628783566332E-002
 0.0100   3.4673416618732626E-002   4.3580524492786406E-003   1.4266793072886797E-002   2.0558689920845401E-003  0.48717112682712527        7.0579215307489770E-002
 0.0300  0.10308385329712490        1.2694919555275602E-002   4.1914063232036343E-002   5.8657341289597344E-003  0.48647985740474931        6.8906111501734771E-002
 0.0500  0.17122241490255097        1.8995733975798589E-002   6.7285794185243233E-002   7.0363582088197683E-003  0.47907231408726741        5.8756297025828491E-002
 0.0700  0.23753573445415455        1.9561404428009375E-002   8.8286187202073568E-002   4.9206417292887439E-003  0.46803835598559146        4.0690698585822478E-002
 0.0900  0.29780609126099766        1.6416345440815681E-002  0.10422867267934087        2.9101404196862197E-003  0.45993480940390141        2.6153988479129808E-002
 0.1100  0.35161336173349222        1.2527496133661196E-002  0.11650026999721515        1.7723326934669262E-003  0.45531235580835333        1.6587734473419189E-002
 0.1300  0.40104326502923138        9.2141165386837413E-003  0.12656651339494229        1.1342112869149657E-003  0.45232944001851516        1.0588220965212109E-002
 0.1500  0.44793272205412965        6.8034722296193475E-003  0.13528324950484164        7.5697804588213972E-004  0.44974863220977224        6.9459752331381547E-003
 0.1700  0.49331235990492672        5.2239234390229492E-003  0.14308832562201637        5.2526706543542926E-004  0.44711533208469800        4.8053168877450550E-003
 0.1900  0.53773110192399109        4.2762132318114824E-003  0.15021316186623485        3.7822494892623618E-004  0.44430442211743215        3.5772570402019185E-003
 0.2100  0.58149694586259904        3.7408712981056047E-003  0.15679139527388614        2.8208086269684217E-004  0.44130446299392501        2.8666082606102787E-003
 0.2300  0.62478797225484750        3.4420724876188117E-003  0.16290794722897833        2.1762924971711995E-004  0.43814452693213696        2.4314959925477450E-003
 0.2500  0.66771326760952798        3.2709991077209629E-003  0.16862156289412966        1.7356283697759212E-004  0.43486209268114556        2.1420296141803599E-003
 0.2700  0.71034787563588098        3.1710170724127164E-003  0.17397583874614173        1.4286979678411680E-004  0.43148953125011413        1.9343148679233518E-003
 0.2900  0.75275010692636768        3.1139579380286427E-003  0.17900499835615580        1.2097802724128288E-004  0.42805123054644362        1.7766496819762556E-003
 0.3100  0.79496920992438025        3.0845288014244888E-003  0.18373709647712708        1.0483403728716215E-004  0.42456477692946770        1.6517838406639451E-003
 0.3300  0.83704901994875114        3.0733466679871064E-003  0.18819588134763707        9.2417240823961189E-005  0.42104269115278786        1.5493720413260672E-003
 0.3500  0.87902998884747219        3.0745638733938301E-003  0.19240192401298326        8.2431141227449830E-005  0.41749380318917140        1.4629950339167274E-003
 0.3700  0.92095018743093227        3.0849883392018531E-003  0.19637333459190665        7.4073624660571093E-005  0.41392435117149984        1.3887550262055989E-003
 0.3900  0.96284551279997233        3.1033271386229811E-003  0.20012624001537285        6.6863208824038194E-005  0.41033891758735319        1.3243299809212667E-003
 0.4100   1.0047494776692194        3.1293514380660763E-003  0.20367512032460319        6.0515264721581562E-005  0.40674116468323873        1.2682595712554862E-003


# triplet j3 / nf 5 / mode 2 / nplat  8 / jkb  20 / start  4001 / nmeas  2000
 0.0010  0.20733636208925860        7.6098796154071918E-002   1.4318960571945410E-003   2.0902786378575161E-004   8.1619751895130269E-003   3.0543569131335248E-003
 0.0020  0.20738152712914057        7.6022402829791974E-002   2.8634328692804570E-003   4.1771695623755040E-004   1.6319371553045827E-002   6.0996656846906954E-003
 0.0030  0.20745596983303669        7.5893947180998941E-002   4.2942716614903535E-003   6.2579448239603994E-004   2.4467773183885107E-002   9.1269023262884053E-003
 0.0050  0.20769011138320520        7.5478422084030786E-002   7.1526124011225094E-003   1.0393724555932756E-003   4.0720821084885783E-002   1.5091555994982778E-002
 0.0060  0.20784861250605643        7.5190720024605431E-002   8.5795486525686564E-003   1.2446639705862358E-003   4.8817520126750807E-002   1.8011600971137496E-002
 0.0070  0.20803400909668063        7.4849693684678184E-002   1.0004654616771212E-002   1.4489139318059473E-003   5.6889318268894588E-002   2.0878943682897552E-002
 0.0080  0.20824582405780193        7.4455610582243079E-002   1.1427700766818252E-002   1.6521502342378596E-003   6.4932648885448002E-002   2.3685576294143768E-002
 0.0090  0.20848364073572903        7.4008962988731150E-002   1.2848477325704606E-002   1.8544379464785271E-003   7.2944088417711675E-002   2.6423847648431024E-002
 0.0100  0.20874710556756609        7.3510462403641536E-002   1.4266793072886797E-002   2.0558689920845401E-003   8.0920343298493652E-002   2.9086503920299031E-002
 0.0300  0.21947716752860030        5.5188917906007939E-002   4.1914063232036343E-002   5.8657341289597344E-003  0.22848945435831064        5.9638173645092996E-002
 0.0500  0.24282559296551323        3.3282753108999613E-002   6.7285794185243233E-002   7.0363582088197683E-003  0.33780590229064178        4.9555792793487770E-002
 0.0700  0.27907385760962738        2.0132284716207902E-002   8.8286187202073568E-002   4.9206417292887439E-003  0.39837423538705979        3.0808335853152461E-002
 0.0900  0.32326274640656893        1.5518403890040239E-002  0.10422867267934087        2.9101404196862197E-003  0.42371535027168994        2.1183326714196725E-002
 0.1100  0.36977432557390794        1.4399119387472790E-002  0.11650026999721515        1.7723326934669262E-003  0.43295030777514754        1.7177850733908533E-002
 0.1300  0.41578783784017226        1.3828066910118089E-002  0.12656651339494229        1.1342112869149657E-003  0.43628903730368435        1.4640981088063491E-002
 0.1500  0.46132480711277596        1.3500369658499082E-002  0.13528324950484164        7.5697804588213972E-004  0.43669259914001651        1.2837793017180469E-002
 0.1700  0.50632148788565512        1.3363201197823088E-002  0.14308832562201637        5.2526706543542926E-004  0.43562741242020753        1.1525161817334017E-002
 0.1900  0.55049621121834436        1.3164651223199375E-002  0.15021316186623485        3.7822494892623618E-004  0.43400172721651492        1.0393156612235324E-002
 0.2100  0.59381098891465778        1.2777641633112903E-002  0.15679139527388614        2.8208086269684217E-004  0.43215299517365896        9.3072022687469454E-003
 0.2300  0.63644524801793234        1.2247461109502859E-002  0.16290794722897833        2.1762924971711995E-004  0.43011937223039209        8.2820050060010662E-003
 0.2500  0.67861265693011386        1.1665631345021431E-002  0.16862156289412966        1.7356283697759212E-004  0.42787764993535599        7.3586887949227582E-003
 0.2700  0.72047622719441173        1.1097104748574530E-002  0.17397583874614173        1.4286979678411680E-004  0.42542371325172579        6.5548987449830631E-003
 0.2900  0.76214659784957095        1.0574669216962870E-002  0.17900499835615580        1.2097802724128288E-004  0.42277379505851465        5.8676621441144427E-003
 0.3100  0.80370041620079458        1.0111620415835951E-002  0.18373709647712708        1.0483403728716215E-004  0.41995240822796281        5.2849180888045596E-003
 0.3300  0.84519426153261423        9.7114737898274482E-003  0.18819588134763707        9.2417240823961189E-005  0.41698505068757635        4.7923466221963295E-003
 0.3500  0.88667215335336735        9.3728284158907191E-003  0.19240192401298326        8.2431141227449830E-005  0.41389545366156200        4.3761017367124292E-003
 0.3700  0.92816941902595973        9.0916169938749323E-003  0.19637333459190665        7.4073624660571093E-005  0.41070487885031043        4.0236873673502871E-003
 0.3900  0.96971499971236075        8.8623425777415547E-003  0.20012624001537285        6.6863208824038194E-005  0.40743206575475693        3.7241928900463069E-003
 0.4100   1.0113331333540905        8.6789343854242178E-003  0.20367512032460319        6.0515264721581562E-005  0.40409332917501523        3.4683180332412676E-003


