# triplet j1 / nf 6 / mode 2 / nplat  8 / jkb  20 / start  6001 / nmeas  2000
 0.0010   3.0856265210974791E-003   2.9120497118695025E-003   1.5825225820912958E-003   1.3590648215624354E-004  0.57656277214270768       0.54469212186465832     
 0.0020   6.1673583368535914E-003   1.9676203067298067E-003   3.1643754669559900E-003   2.7152610434870748E-004  0.57686583357514187       0.18569867799906897     
 0.0030   9.2560689350601171E-003   2.0292442272864535E-003   4.7448936944531946E-003   4.0656884492289641E-004  0.57645085574180899       0.12876809342321674     
 0.0050   1.5404636129504396E-002   3.1065112357805923E-003   7.8993174161426580E-003   6.7372905911363930E-004  0.57695685577269196       0.11892262635908837     
 0.0060   1.8482510136010856E-002   3.6835251642322120E-003   9.4719567647739093E-003   8.0522285271153308E-004  0.57683223701034081       0.11754699532735048     
 0.0070   2.1562432247484685E-002   4.2641116835685361E-003   1.1040736669052243E-002   9.3488662859629351E-004  0.57658759682764560       0.11660784491224334     
 0.0080   2.4643973882637192E-002   4.8441157733155240E-003   1.2605078271988117E-002   1.0623695100101529E-003  0.57626471042967831       0.11584668556349154     
 0.0090   2.7726990611738032E-002   5.4212967060107376E-003   1.4164429236467423E-002   1.1873005715070735E-003  0.57588140655593334       0.11515649842215663     
 0.0100   3.0811527958559789E-002   5.9941730589389234E-003   1.5718265439661303E-002   1.3092868933975417E-003  0.57544533196018410       0.11448565299597459     
 0.0300   9.3246127972341927E-002   1.5053487428009627E-002   4.5052420418130054E-002   2.3737836659893392E-003  0.55757575667101156        9.1204696843432395E-002
 0.0500  0.15817885844901178        1.5925258484522191E-002   6.9642157572125954E-002   1.5469436159321667E-003  0.52757920819985704        5.3438261676670325E-002
 0.0700  0.22600514554520948        1.5641437361786355E-002   8.8603974913007880E-002   3.3784336410786022E-003  0.49280180919362182        3.5376369613623733E-002
 0.0900  0.28751028895051145        1.6748222316753079E-002  0.10318707477790112        3.1619597906437000E-003  0.47401874037897124        2.8551961941683333E-002
 0.1100  0.34174642458825000        1.6187177694612222E-002  0.11500719665003944        2.3967704314026058E-003  0.46544660785926645        2.2573540498322633E-002
 0.1300  0.39168791987719526        1.4719203441666636E-002  0.12506131343575141        1.7217550847396044E-003  0.46037103252141731        1.7588093840657293E-002
 0.1500  0.43917246849337321        1.2930656130731744E-002  0.13389354317863672        1.2158227702650192E-003  0.45635765298695496        1.3595458702979164E-002
 0.1700  0.48520137862669166        1.1175039172826721E-002  0.14182276325664331        8.5704092940353481E-004  0.45257483710512220        1.0512908399179208E-002
 0.1900  0.53017924650423742        9.5814973717026925E-003  0.14905232450170117        6.1914309230266893E-004  0.44888847103129864        8.1657922696520592E-003
 0.2100  0.57429724100664237        8.1905579601453723E-003  0.15571749493093559        4.7727009909332357E-004  0.44530402389776241        6.3874313438010179E-003
 0.2300  0.61770868622850950        7.0152775544276664E-003  0.16191015876462059        4.0218793695091451E-004  0.44180665835532063        5.0474852503814890E-003
 0.2500  0.66057460557204450        6.0598301374002149E-003  0.16769430749331549        3.6333943775600794E-004  0.43835128929213779        4.0491912450243278E-003
 0.2700  0.70306236026227797        5.3238514991540732E-003  0.17311622189395026        3.3849702290516517E-004  0.43488248312774180        3.3204259132695630E-003
 0.2900  0.74531812779260342        4.7924837065783689E-003  0.17821100460582107        3.1658349579324489E-004  0.43135970311625260        2.8000318007780980E-003
 0.3100  0.78744693568344848        4.4317332855735650E-003  0.18300662780491886        2.9383714437554535E-004  0.42776766853949921        2.4318364728503905E-003
 0.3300  0.82951538733973673        4.1981531640027181E-003  0.18752637648840104        2.6982336426013858E-004  0.42411018508559595        2.1679872951607918E-003
 0.3500  0.87156478831632811        4.0515400348215408E-003  0.19179030425874366        2.4523407453056248E-004  0.42039996177732591        1.9726594361258974E-003
 0.3700  0.91362283553042878        3.9615010545162432E-003  0.19581610267539720        2.2094216568745880E-004  0.41665165873957866        1.8218437348813780E-003
 0.3900  0.95571077366061852        3.9079024696793800E-003  0.19961963103848174        1.9766680254902782E-004  0.41287866688963915        1.7005922027402147E-003
 0.4100  0.99784702616936549        3.8785443161874372E-003  0.20321525261601620        1.7589622537539265E-004  0.40909211569275961        1.5999315859459913E-003


# triplet j3 / nf 6 / mode 2 / nplat  8 / jkb  20 / start  6001 / nmeas  2000
 0.0010  0.16430090586096852        5.8671562857775451E-002   1.5825225820912958E-003   1.3590648215624354E-004   1.0828043652458378E-002   3.8945294790436224E-003
 0.0020  0.16442240806175706        5.8637575035094106E-002   3.1643754669559900E-003   2.7152610434870748E-004   2.1637794689209035E-002   7.7722762705157719E-003
 0.0030  0.16462473447556825        5.8580962960097564E-002   4.7448936944531946E-003   4.0656884492289641E-004   3.2411100770597986E-002   1.1616632669268717E-002
 0.0050  0.16527071711193664        5.8400080403214961E-002   7.8993174161426580E-003   6.7372905911363930E-004   5.3777284814354731E-002   1.9140630583736658E-002
 0.0060  0.16571356515860708        5.8275963605644999E-002   9.4719567647739093E-003   8.0522285271153308E-004   6.4335757046306577E-002   2.2789418395396732E-002
 0.0070  0.16623563639784358        5.8129522950797395E-002   1.1040736669052243E-002   9.3488662859629351E-004   7.4789204413316754E-002   2.6343391487143555E-002
 0.0080  0.16683632734212675        5.7960870424942829E-002   1.2605078271988117E-002   1.0623695100101529E-003   8.5122063639005568E-002   2.9789149825461214E-002
 0.0090  0.16751497319807662        5.7770128378266790E-002   1.4164429236467423E-002   1.1873005715070735E-003   9.5319588740107875E-002   3.3114297688021432E-002
 0.0100  0.16827085743714321        5.7557429908422844E-002   1.5718265439661303E-002   1.3092868933975417E-003  0.10536791815503181        3.6307522502030634E-002
 0.0300  0.19819557101117857        4.9101612059764925E-002   4.5052420418130054E-002   2.3737836659893392E-003  0.26232564176667755        6.5355817582814196E-002
 0.0500  0.24256020220903610        3.6860053699441224E-002   6.9642157572125954E-002   1.5469436159321667E-003  0.34404603943465079        5.2421543965429064E-002
 0.0700  0.28495297086778798        2.5742901750305858E-002   8.8603974913007880E-002   3.3784336410786022E-003  0.39085658336028717        3.6088025283351782E-002
 0.0900  0.32645159622819747        1.8773843950838382E-002  0.10318707477790112        3.1619597906437000E-003  0.41747464735644552        2.4845921229876420E-002
 0.1100  0.36709053484175164        1.4737278199702273E-002  0.11500719665003944        2.3967704314026058E-003  0.43331194616936791        1.7972226306197884E-002
 0.1300  0.40784298420352422        1.2672478574402632E-002  0.12506131343575141        1.7217550847396044E-003  0.44213528020392601        1.4071096115036763E-002
 0.1500  0.45348305047197329        1.2907300348399875E-002  0.13389354317863672        1.2158227702650192E-003  0.44195635706677816        1.2738258365042830E-002
 0.1700  0.50031308154749576        1.4197851630277274E-002  0.14182276325664331        8.5704092940353481E-004  0.43890504364977223        1.2525620442158344E-002
 0.1900  0.54444604707330180        1.4322609958949982E-002  0.14905232450170117        6.1914309230266893E-004  0.43712568511636385        1.1535142392125743E-002
 0.2100  0.58707534775695458        1.3699412131122272E-002  0.15571749493093559        4.7727009909332357E-004  0.43561166945731522        1.0186902051779540E-002
 0.2300  0.62901433678324359        1.2865614919822571E-002  0.16191015876462059        4.0218793695091451E-004  0.43386580327455437        8.8904683911231897E-003
 0.2500  0.67064685645666078        1.2064760698194784E-002  0.16769430749331549        3.6333943775600794E-004  0.43176781824647764        7.7814607653866261E-003
 0.2700  0.71218121268708789        1.1392101093710916E-002  0.17311622189395026        3.3849702290516517E-004  0.42931419641204160        6.8801547608047173E-003
 0.2900  0.75372875285861063        1.0865502235546880E-002  0.17821100460582107        3.1658349579324489E-004  0.42654629415747886        6.1606101103887203E-003
 0.3100  0.79534129153116739        1.0467167580582151E-002  0.18300662780491886        2.9383714437554535E-004  0.42352175520448465        5.5841605034739434E-003
 0.3300  0.83703528257726556        1.0168256540098886E-002  0.18752637648840104        2.6982336426013858E-004  0.42029999425207126        5.1147260237749169E-003
 0.3500  0.87881045438047312        9.9415931039637754E-003  0.19179030425874366        2.4523407453056248E-004  0.41693382443083155        4.7241137787005089E-003
 0.3700  0.92066242411970223        9.7661654259422713E-003  0.19581610267539720        2.2094216568745880E-004  0.41346584797362995        4.3921446099736746E-003
 0.3900  0.96258920212957988        9.6273013118913855E-003  0.19961963103848174        1.9766680254902782E-004  0.40992833629141767        4.1049040530636753E-003
 0.4100   1.0045933089873744        9.5153138082955096E-003  0.20321525261601620        1.7589622537539265E-004  0.40634488346814635        3.8528358180210413E-003


