# triplet j1 / nf 5 / mode 2 / nplat  8 / jkb  20 / start  2001 / nmeas  2000
 0.0010   3.5501580230702951E-003   6.7075120522315523E-004   1.6399200345864771E-003   7.7426520251684086E-005  0.51012739765588277        9.7130639051153433E-002
 0.0020   7.3503947364712699E-003   6.7609008966754689E-004   3.2795798867015884E-003   1.5628432689759433E-004  0.49275205059287847        4.6819380759344963E-002
 0.0030   1.1113651044423925E-002   8.7313833848872064E-004   4.9195570490772472E-003   2.4013876169994385E-004  0.48885703509391087        4.0217393898055932E-002
 0.0050   1.8605445309583829E-002   1.3409570574105841E-003   8.2071028784552157E-003   4.4804356055715800E-004  0.48691692389008806        3.7526249389383648E-002
 0.0060   2.2366255083593797E-002   1.5695481991873414E-003   9.8599454766094552E-003   5.8955148226284349E-004  0.48633397039674192        3.7096460384261246E-002
 0.0070   2.6153970217924517E-002   1.7880278116110004E-003   1.1523457276008798E-002   7.7032659684576877E-004  0.48564373548640705        3.6956871692904979E-002
 0.0080   2.9983604111533071E-002   1.9987031646499487E-003   1.3201748984048200E-002   1.0022749650221345E-003  0.48472106280976562        3.7183175773585112E-002
 0.0090   3.3872269038727101E-002   2.2113323091264860E-003   1.4899267159642647E-002   1.2975227544544960E-003  0.48347543871868387        3.7939937821542952E-002
 0.0100   3.7835715702271941E-002   2.4458670413142697E-003   1.6620621572001837E-002   1.6676196653284024E-003  0.48187752934408973        3.9430553871972286E-002
 0.0300  0.12760696381759243        1.8671671169963728E-002   5.6910196852426924E-002   1.3814052269050808E-002  0.45792704503507159        8.7054355622936813E-002
 0.0500  0.19870892487798353        1.5131503976784587E-002   8.2494051332071217E-002   4.6360343683061970E-003  0.45708181444665619        3.7100431035954264E-002
 0.0700  0.24925956528468474        1.2736970990971092E-002   9.5807328070354525E-002   1.4405712921451777E-003  0.46463460159139941        2.3998061153840820E-002
 0.0900  0.29743745205760919        1.0698236889108178E-002  0.10704581759171260        1.0995542367151913E-003  0.46668673007614420        1.6956059933977412E-002
 0.1100  0.34610422361651622        8.9003655146025189E-003  0.11728666536321791        9.6329637961195633E-004  0.46411837250560417        1.2086423048485340E-002
 0.1300  0.39474999001535571        7.5628404040221061E-003  0.12660961987585875        7.7451243493739869E-004  0.45961892086921402        8.9171489932433935E-003
 0.1500  0.44255253266491257        6.5927622201161218E-003  0.13510194527607788        5.9642303744397132E-004  0.45491116714530500        6.8508573856143938E-003
 0.1700  0.48912635926626258        5.7934763689663788E-003  0.14287177361236597        4.6040062113538387E-004  0.45060043720468240        5.3863094992168134E-003
 0.1900  0.53453048663899938        5.0864265442665656E-003  0.15002071087736277        3.6781838101205389E-004  0.44667837533331406        4.2855798334390724E-003
 0.2100  0.57898428357278731        4.4805456893883345E-003  0.15663419717013749        3.0691170307759695E-004  0.44299738528215932        3.4555567286798164E-003
 0.2300  0.62270454765239391        3.9919917004616482E-003  0.16278124420420514        2.6471374991717504E-004  0.43943946800925882        2.8396973279967521E-003
 0.2500  0.66586922386895153        3.6209200484733682E-003  0.16851709253547362        2.3243014593647866E-004  0.43593128577928197        2.3895311858939529E-003
 0.2700  0.70861871557625744        3.3546965903802398E-003  0.17388619945326439        2.0553933532795857E-004  0.43243099918599021        2.0630781333285109E-003
 0.2900  0.75106301159752209        3.1749117870957461E-003  0.17892478637216416        1.8209021422342750E-004  0.42891662115317608        1.8262154051153002E-003
 0.3100  0.79328869299697369        3.0626032670072528E-003  0.18366282520205562        1.6130568205712331E-004  0.42537818203951472        1.6528223941944158E-003
 0.3300  0.83536469291296012        3.0010996656793247E-003  0.18812553102064192        1.4284704194133231E-004  0.42181276810808543        1.5238271237558141E-003
 0.3500  0.87734666153791807        2.9770420212598433E-003  0.19233446409355587        1.2650682540046035E-004  0.41822149294640271        1.4257728195011072E-003
 0.3700  0.91928018466321304        2.9803277381105957E-003  0.19630833683367907        1.1210367329528635E-004  0.41460767074013188        1.3493707094296506E-003
 0.3900  0.96120318539968519        3.0035841246775891E-003  0.20006360387966474        9.9456389999168462E-005  0.41097570000766392        1.2882803274029721E-003
 0.4100   1.0031477619991882        3.0415377134865949E-003  0.20361489564414048        8.8383611854003739E-005  0.40733036899859015        1.2381831971389455E-003


# triplet j3 / nf 5 / mode 2 / nplat  8 / jkb  20 / start  2001 / nmeas  2000
 0.0010  0.17706632596325264        4.4530364695780825E-002   1.6399200345864771E-003   7.7426520251684086E-005   1.0227991481293030E-002   2.5835422893921082E-003
 0.0020  0.17712054929714130        4.4469149336659138E-002   3.2795798867015884E-003   1.5628432689759433E-004   2.0448909476828141E-002   5.1571171815245360E-003
 0.0030  0.17718218944508787        4.4336866364265516E-002   4.9195570490772472E-003   2.4013876169994385E-004   3.0663276685206624E-002   7.7093803947804896E-003
 0.0050  0.17724399050269962        4.3770450389747841E-002   8.2071028784552157E-003   4.4804356055715800E-004   5.1112064065212078E-002   1.2699009051316443E-002
 0.0060  0.17721112386526064        4.3301069085498980E-002   9.8599454766094552E-003   5.8955148226284349E-004   6.1381415570621725E-002   1.5110231654770058E-002
 0.0070  0.17712233420635826        4.2693079010733069E-002   1.1523457276008798E-002   7.7032659684576877E-004   7.1710390738386892E-002   1.7450268659405788E-002
 0.0080  0.17697571443677254        4.1944221391558144E-002   1.3201748984048200E-002   1.0022749650221345E-003   8.2122479336010620E-002   1.9711546074218753E-002
 0.0090  0.17677662470170522        4.1059917508434809E-002   1.4899267159642647E-002   1.2975227544544960E-003   9.2639002252303496E-002   2.1892105432662248E-002
 0.0100  0.17653757852443333        4.0053088002192427E-002   1.6620621572001837E-002   1.6676196653284024E-003  0.10327648852990694        2.3997487986374334E-002
 0.0300  0.19220918487717109        2.4130550549109082E-002   5.6910196852426924E-002   1.3814052269050808E-002  0.30401606408262621        5.3086343917245461E-002
 0.0500  0.23306366618225832        2.3894146907333769E-002   8.2494051332071217E-002   4.6360343683061970E-003  0.38970568608041162        4.1426869658494250E-002
 0.0700  0.27667987874422678        2.1980672013214606E-002   9.5807328070354525E-002   1.4405712921451777E-003  0.41858706652086641        3.3402977461341347E-002
 0.0900  0.32203493759781265        1.9588548389062304E-002  0.10704581759171260        1.0995542367151913E-003  0.43104053534807640        2.6312369003134623E-002
 0.1100  0.36816587907122639        1.7787654309460513E-002  0.11728666536321791        9.6329637961195633E-004  0.43630694236913958        2.1155847331405301E-002
 0.1300  0.41465408576103530        1.6838496936984294E-002  0.12660961987585875        7.7451243493739869E-004  0.43755643717098536        1.7818858971789926E-002
 0.1500  0.46122157312321865        1.6700497133807411E-002  0.13510194527607788        5.9642303744397132E-004  0.43649755538195834        1.5834598102322132E-002
 0.1700  0.50681640444142062        1.6593040230858627E-002  0.14287177361236597        4.6040062113538387E-004  0.43487256805869046        1.4254848415438070E-002
 0.1900  0.55032360639417932        1.5478631444848241E-002  0.15002071087736277        3.6781838101205389E-004  0.43385965378162517        1.2214502894862254E-002
 0.2100  0.59258648075490727        1.3931250831997604E-002  0.15663419717013749        3.0691170307759695E-004  0.43282884789316051        1.0184304056348386E-002
 0.2300  0.63448853579086628        1.2590237381162689E-002  0.16278124420420514        2.6471374991717504E-004  0.43127801325240794        8.5650864911839143E-003
 0.2500  0.67629414946622624        1.1568732427221652E-002  0.16851709253547362        2.3243014593647866E-004  0.42921150087006732        7.3480845021934764E-003
 0.2700  0.71804956563870737        1.0810676263742717E-002  0.17388619945326439        2.0553933532795857E-004  0.42675145823111066        6.4299532983960895E-003
 0.2900  0.75976192682835064        1.0245739533148059E-002  0.17892478637216416        1.8209021422342750E-004  0.42400572841592021        5.7219816025334824E-003
 0.3100  0.80143923319205157        9.8194817883226065E-003  0.18366282520205562        1.6130568205712331E-004  0.42105213730994329        5.1621736568480819E-003
 0.3300  0.84309499671375177        9.4935504993816661E-003  0.18812553102064192        1.4284704194133231E-004  0.41794518396010899        4.7088861470034066E-003
 0.3500  0.88474651126931270        9.2413952588184904E-003  0.19233446409355587        1.2650682540046035E-004  0.41472356878075334        4.3340364637947078E-003
 0.3700  0.92641288352825102        9.0445292083972152E-003  0.19630833683367907        1.1210367329528635E-004  0.41141549615458273        4.0183492541442881E-003
 0.3900  0.96811374408842665        8.8898963252065713E-003  0.20006360387966474        9.9456389999168462E-005  0.40804208635752021        3.7482997707630637E-003
 0.4100   1.0098685503721461        8.7681165620899729E-003  0.20361489564414048        8.8383611854003739E-005  0.40461953974570419        3.5141796762805147E-003


