# triplet j1 / nf 2 / mode 2 / nplat  5 / jkb  20 / start     1 / nmeas 30000
 0.0010   7.9944581933357687E-003   6.9565588528767693E-004   3.3734097052455034E-003   2.4172990291423957E-004  0.32490807652974979        3.0575389111712030E-002
 0.0020   1.5799810665404014E-002   1.3740433006366323E-003   6.7347195024351327E-003   4.8018868387968714E-004  0.32850188739672564        3.0875666982155946E-002
 0.0030   2.3624232205275247E-002   2.0240490345258375E-003   1.0072064626725229E-002   7.1220885107407090E-004  0.32906157673796010        3.0499125637067831E-002
 0.0040   3.1350668473611426E-002   2.6441788356597364E-003   1.3374040608191650E-002   9.3482420802805789E-004  0.32993584947685245        3.0121939738220565E-002
 0.0050   3.8951508185411134E-002   3.2244718093218171E-003   1.6629909168331680E-002   1.1453561334610384E-003  0.33107063403437909        2.9683377285571390E-002
 0.0060   4.6401843277707133E-002   3.7575745539438869E-003   1.9829776973025355E-002   1.3414840719194426E-003  0.33244078944481970        2.9174832827209882E-002
 0.0070   5.3680208460871189E-002   4.2381602386362266E-003   2.2964741228369424E-002   1.5212971895389210E-003  0.33402625328854968        2.8598805280936269E-002
 0.0080   6.0768881152385101E-002   4.6627559684431991E-003   2.6026998286228589E-002   1.6833256812246629E-003  0.33580781016319972        2.7961201844222766E-002
 0.0090   6.7654039717918224E-002   5.0296785046423757E-003   2.9009913700737872E-002   1.8265517462007644E-003  0.33776584927105074        2.7269504927269459E-002
 0.0100   7.4325704628539740E-002   5.3388273368618145E-003   3.1908054343786622E-002   1.9504016198722703E-003  0.33988040276065012        2.6531708045074171E-002
 0.0200  0.12926910632094676        5.9071195045770257E-003   5.5807612738396073E-002   2.2378160021071652E-003  0.36549544750467361        1.8238659348351012E-002
 0.0400  0.19924051458881090        3.1654953987085991E-003   8.2780924786652790E-002   1.0438330953564880E-003  0.40844395764358110        6.9815595523191444E-003
 0.0600  0.25326876855418412        1.7375011041777676E-003   9.8307385381207868E-002   4.7159295135714357E-004  0.42884668477189514        3.1166532981249406E-003
 0.0800  0.30366929779494889        1.2774197904394198E-003  0.11003914391843267        2.8881517745972849E-004  0.43695096985139142        1.9254529421654522E-003
 0.1000  0.35221349165197108        1.0854543176307637E-003  0.11996249192485986        1.9849384704825264E-004  0.43977622739886907        1.4032922525862076E-003
 0.1200  0.39925488001162257        9.4010333606721808E-004  0.12875428675208431        1.4216671183137121E-004  0.44028737898122300        1.0648356676123544E-003
 0.1400  0.44502279689617930        8.1042525189601265E-004  0.13672321082501956        1.0527845444936580E-004  0.43966093709440951        8.1835859485198661E-004
 0.1600  0.48973890576751483        6.9926427343582011E-004  0.14404178609268306        8.0507738497609765E-005  0.43838393594432773        6.3781448616937939E-004
 0.1800  0.53360496519542255        6.0927020770455015E-004  0.15082005186458891        6.3398340149857586E-005  0.43667761659718918        5.0697549077656913E-004
 0.2000  0.57679338828527937        5.3963124320054406E-004  0.15713452827923988        5.1210426515021576E-005  0.43465585611822483        4.1277350083040131E-004
 0.2200  0.61944695244232184        4.8755221470842545E-004  0.16304171163316344        4.2258833486207909E-005  0.43238595705801597        3.4490322667478173E-004
 0.2400  0.66168254952128280        4.4966324906677664E-004  0.16858521737047177        3.5495740556335721E-005  0.42991310375000835        2.9564326194516207E-004
 0.2600  0.70359582781779528        4.2281108810853706E-004  0.17379991821307988        3.0256563735147389E-005  0.42727078656761502        2.5943897604315826E-004
 0.2800  0.74526547918884245        4.0438140870545911E-004  0.17871449859699665        2.6109026143710539E-005  0.42448554117714016        2.3240384171359469E-004
 0.3000  0.78675682260180735        3.9235438237523649E-004  0.18335310669184768        2.2764162673578890E-005  0.42157926655427269        2.1186349049650467E-004
 0.3200  0.82812467043736127        3.8523072259252946E-004  0.18773646270091407        2.0023552483947963E-005  0.41857046402398002        1.9598779065600755E-004
 0.3400  0.86941557130038905        3.8191745575694456E-004  0.19188262571372025        1.7747447780631003E-005  0.41547497324484867        1.8351871580807015E-004
 0.3600  0.91066955345519318        3.8162020236274347E-004  0.19580753900757408        1.5835040864188108E-005  0.41230645657310216        1.7358136418791010E-004
 0.3800  0.95192147361856394        3.8375583123348813E-004  0.19952542758326167        1.4212113825258671E-005  0.40907675043394398        1.6555672970934205E-004
 0.4000  0.99320206709139747        3.8788923259015573E-004  0.20304909471876600        1.2822881309889149E-005  0.40579613615400817        1.5899843803369459E-004


# triplet j3 / nf 2 / mode 2 / nplat  5 / jkb  20 / start     1 / nmeas 30000
 0.0010  0.13732106337439473        1.9917211354173593E-003   3.3734097052455034E-003   2.4172990291423957E-004   1.8915263038798705E-002   7.3113465914942670E-004
 0.0020  0.13750548775728358        1.9877385056742245E-003   6.7347195024351327E-003   4.8018868387968714E-004   3.7745894427556832E-002   1.4520677819486571E-003
 0.0030  0.13781198547497100        1.9811698955537250E-003   1.0072064626725229E-002   7.1220885107407090E-004   5.6408933315189973E-002   2.1529365084831196E-003
 0.0040  0.13823925943496473        1.9721189350774193E-003   1.3374040608191650E-002   9.3482420802805789E-004   7.4824687840391729E-002   2.8245356264443608E-003
 0.0050  0.13878552005057637        1.9607262693839469E-003   1.6629909168331680E-002   1.1453561334610384E-003   9.2918198576046732E-002   3.4585980705313314E-003
 0.0060  0.13944852087118384        1.9471654074147348E-003   1.9829776973025355E-002   1.3414840719194426E-003  0.11062050220801889        4.0480220687723941E-003
 0.0070  0.14022559049829927        1.9316390916198965E-003   2.2964741228369424E-002   1.5212971895389210E-003  0.12786966233635205        4.5870357607959737E-003
 0.0080  0.14111367224021085        1.9143735080489692E-003   2.6026998286228589E-002   1.6833256812246629E-003  0.14461153608923819        5.0712935622104910E-003
 0.0090  0.14210937068613030        1.8956112754528202E-003   2.9009913700737872E-002   1.8265517462007644E-003  0.16080026300595177        5.4979043407109036E-003
 0.0100  0.14320899864216771        1.8756108398298775E-003   3.1908054343786622E-002   1.9504016198722703E-003  0.17639848517995910        5.8653999456902313E-003
 0.0200  0.15899659301209412        1.6621165839729119E-003   5.5807612738396073E-002   2.2378160021071652E-003  0.29715900805314610        6.7190752410731117E-003
 0.0400  0.20482894356884221        1.5006006529946149E-003   8.2780924786652790E-002   1.0438330953564880E-003  0.39730021980143915        3.8401154824529255E-003
 0.0600  0.25526949091274059        1.4948393480124081E-003   9.8307385381207868E-002   4.7159295135714357E-004  0.42548551870560153        2.6925192687127040E-003
 0.0800  0.30511729154725997        1.4351265485663511E-003  0.11003914391843267        2.8881517745972849E-004  0.43487733360743219        2.1235798713377567E-003
 0.1000  0.35350107312446205        1.3347765248990916E-003  0.11996249192485986        1.9849384704825264E-004  0.43817439994913626        1.6937409317273004E-003
 0.1200  0.40042290334449943        1.2256774444268674E-003  0.12875428675208431        1.4216671183137121E-004  0.43900307199596844        1.3654518816199970E-003
 0.1400  0.44607963754426716        1.1255935814422854E-003  0.13672321082501956        1.0527845444936580E-004  0.43861930346984923        1.1195779637433651E-003
 0.1600  0.49069670559188044        1.0412871856653352E-003  0.14404178609268306        8.0507738497609765E-005  0.43752824636649429        9.3647712171955491E-004
 0.1800  0.53447911825364236        9.7375693702713383E-004  0.15082005186458891        6.3398340149857586E-005  0.43596342017497569        7.9954106502667618E-004
 0.2000  0.57759960071212990        9.2149580070575348E-004  0.15713452827923988        5.1210426515021576E-005  0.43404916429888524        6.9607977221630441E-004
 0.2200  0.62019945826711198        8.8214279515521168E-004  0.16304171163316344        4.2258833486207909E-005  0.43186133075125854        6.1680382571418298E-004
 0.2400  0.66239331929622325        8.5326988924365184E-004  0.16858521737047177        3.5495740556335721E-005  0.42945179287760854        5.5504782475840895E-004
 0.2600  0.70427442225749060        8.3272618494309957E-004  0.17379991821307988        3.0256563735147389E-005  0.42685909537048250        5.0607921104334371E-004
 0.2800  0.74591927140546521        8.1874510916738049E-004  0.17871449859699665        2.6109026143710539E-005  0.42411348302885343        4.6655038601268664E-004
 0.3000  0.78739137981533269        8.0993508610642279E-004  0.18335310669184768        2.2764162673578890E-005  0.42123951662619058        4.3408830993103657E-004
 0.3200  0.82874414922301687        8.0522178767714395E-004  0.18773646270091407        2.0023552483947963E-005  0.41825758637288835        4.0699779243562133E-004
 0.3400  0.87002306498972781        8.0378068520971344E-004  0.19188262571372025        1.7747447780631003E-005  0.41518486780456654        3.8405351006651434E-004
 0.3600  0.91126736821925081        8.0497904132531409E-004  0.19580753900757408        1.5835040864188108E-005  0.41203597296351419        3.6435807297186310E-004
 0.3800  0.95251133479989569        8.0832756886118739E-004  0.19952542758326167        1.4212113825258671E-005  0.40882342169500879        3.4724430065864931E-004
 0.4000  0.99378527600302546        8.1344539020786926E-004  0.20304909471876600        1.2822881309889149E-005  0.40555799223235434        3.3220924130797033E-004


