# triplet j1 / nf 3 / mode 2 / nplat  8 / jkb  20 / start  2001 / nmeas  2000
 0.0010   4.1922370982473353E-003   6.1277179326293832E-004   1.8021571753166008E-003   1.3457897552195366E-004  0.45286159689874561        6.8319533243576536E-002
 0.0020   8.5641343684548701E-003   1.0444471266847974E-003   3.7211655057367526E-003   3.5148677157742237E-004  0.45049089349390725        5.8915773384804415E-002
 0.0030   1.3115333933382481E-002   1.6298957407853757E-003   5.7544821027305081E-003   6.5085020704388477E-004  0.44802205553225877        6.1171211232164090E-002
 0.0050   2.2696112436722090E-002   3.0192546102198658E-003   1.0146478379378423E-002   1.4814383118125678E-003  0.44381930893649346        6.7346929927385835E-002
 0.0060   2.7697883366022021E-002   3.7993840971692217E-003   1.2492283702074706E-002   1.9985053254055547E-003  0.44204345039768234        7.0192535452275120E-002
 0.0070   3.2820389496247548E-002   4.6215155468299204E-003   1.4926521507446918E-002   2.5699382319088289E-003  0.44045302053205199        7.2693384940018591E-002
 0.0080   3.8046829929722942E-002   5.4726787790666193E-003   1.7438502390424496E-002   3.1828727581880195E-003  0.43903192998745183        7.4788275749996996E-002
 0.0090   4.3359182619574235E-002   6.3387667338714376E-003   2.0015988105219686E-002   3.8226891384037327E-003  0.43776766819410168        7.6441077996889095E-002
 0.0100   4.8738435552767211E-002   7.2050434201809937E-003   2.2645404585764348E-002   4.4735779940882981E-003  0.43664999068900989        7.7633323757918357E-002
 0.0300  0.14574555356330277        1.2961646453768908E-002   6.7265270237012606E-002   6.9596092603202656E-003  0.43588884680502654        4.4846599321084146E-002
 0.0500  0.20818894722273096        9.1452680350386732E-003   8.7275393571626503E-002   2.4301242202053258E-003  0.44873323769568363        2.0678142305629383E-002
 0.0700  0.26089837967806112        7.4247153800689617E-003  0.10041974114911283        1.1884448163792269E-003  0.45446682339982752        1.3209970369396624E-002
 0.0900  0.31197411763105015        6.3947535208080785E-003  0.11153241188147636        8.3797152488574301E-004  0.45416978116583584        9.4644904231258372E-003
 0.1100  0.36183756635891384        5.5124162077834684E-003  0.12134360180925907        6.2366887186652111E-004  0.45155029210533476        6.9763315013834362E-003
 0.1300  0.41020481136418202        4.7204773415368481E-003  0.13015495013649456        4.7638737409338831E-004  0.44845231375945815        5.2254662041133467E-003
 0.1500  0.45706716799680724        4.0390838195644976E-003  0.13816871769613592        3.7729911799398556E-004  0.44543615488387495        3.9830073705697045E-003
 0.1700  0.50262549774370846        3.4856212765425778E-003  0.14552739947515761        3.0809144243715021E-004  0.44255507633451718        3.1045902966346569E-003
 0.1900  0.54713943464334847        3.0613802812719530E-003  0.15233342174567610        2.5649097914831452E-004  0.43973535003986730        2.4881227189333319E-003
 0.2100  0.59084698467874153        2.7537198804272914E-003  0.15866251360016606        2.1595464267752724E-004  0.43690477061101896        2.0578459321404087E-003
 0.2300  0.63394137048548826        2.5430126856914870E-003  0.16457239435521298        1.8316276353240278E-004  0.43401857358702201        1.7577086412785740E-003
 0.2500  0.67657306624822566        2.4086563687477427E-003  0.17010837132366013        1.5627116695812881E-004  0.43105545007541357        1.5473134186305272E-003
 0.2700  0.71885851455528904        2.3323547257777326E-003  0.17530699009096420        1.3408206935958475E-004  0.42800917161062568        1.3982995353802523E-003
 0.2900  0.76088863278118446        2.2992412775765486E-003  0.18019845173155441        1.1570983670763124E-004  0.42488209353310352        1.2911285951001956E-003
 0.3100  0.80273550640425118        2.2978503117857714E-003  0.18480823982672878        1.0045286849533158E-004  0.42168100384807394        1.2125004846708701E-003
 0.3300  0.84445733909544307        2.3196202884108157E-003  0.18915823611503352        8.7740843448797686E-005  0.41841464902175135        1.1534228928633998E-003
 0.3500  0.88610205941211528        2.3582898460720808E-003  0.19326750209775392        7.7107586189032772E-005  0.41509231304667493        1.1078339432139129E-003
 0.3700  0.92770994523511341        2.4093389002443314E-003  0.19715283980316925        6.8172751595060871E-005  0.41172303552215211        1.0716453460769299E-003
 0.3900  0.96931553910160062        2.4695303306836252E-003  0.20082920420124092        6.0627096043426576E-005  0.40831521195422332        1.0420909563045844E-003
 0.4100   1.0109490480929937        2.5365531322081919E-003  0.20431001397589241        5.4219967399667796E-005  0.40487642100522647        1.0172873285182558E-003


# triplet j3 / nf 3 / mode 2 / nplat  8 / jkb  20 / start  2001 / nmeas  2000
 0.0010  0.15963402358178591        3.2820995845152301E-002   1.8021571753166008E-003   1.3457897552195366E-004   1.1892848055150252E-002   2.4851820868323883E-003
 0.0020  0.15802429525762768        3.1279890180093646E-002   3.7211655057367526E-003   3.5148677157742237E-004   2.4414375886678025E-002   4.9683187774565056E-003
 0.0030  0.15678707918971882        2.9955910284885912E-002   5.7544821027305081E-003   6.5085020704388477E-004   3.7477315721379384E-002   7.4675300674275844E-003
 0.0050  0.15523306459388556        2.7786533587186638E-002   1.0146478379378423E-002   1.4814383118125678E-003   6.4889351785738791E-002   1.2543961125533288E-002
 0.0060  0.15484289122547149        2.6881706014469292E-002   1.2492283702074706E-002   1.9985053254055547E-003   7.9071553333375594E-002   1.5114355715420556E-002
 0.0070  0.15467399309102628        2.6069365656110236E-002   1.4926521507446918E-002   2.5699382319088289E-003   9.3460053624873723E-002   1.7687896059911942E-002
 0.0080  0.15470546192989426        2.5335104529095636E-002   1.7438502390424496E-002   3.1828727581880195E-003  0.10797145081742510        2.0241940433393273E-002
 0.0090  0.15492006033942099        2.4667837792415943E-002   2.0015988105219686E-002   3.8226891384037327E-003  0.12252285616586002        2.2748549163611187E-002
 0.0100  0.15530329010649774        2.4058904689969809E-002   2.2645404585764348E-002   4.4735779940882981E-003  0.13703275323864056        2.5176483623486883E-002
 0.0300  0.18509550779071118        1.8300624538547059E-002   6.7265270237012606E-002   6.9596092603202656E-003  0.34322205886001733        3.8299309982406438E-002
 0.0500  0.23120263517893269        1.6313859435232284E-002   8.7275393571626503E-002   2.4301242202053258E-003  0.40406676276596554        2.9060978133101333E-002
 0.0700  0.28032228963156058        1.5058903977118196E-002  0.10041974114911283        1.1884448163792269E-003  0.42297620356301902        2.2859702845210876E-002
 0.0900  0.32965736330585887        1.4328257107906965E-002  0.11153241188147636        8.3797152488574301E-004  0.42980752898408137        1.8750839630352688E-002
 0.1100  0.37801711359583257        1.3799270375488318E-002  0.12134360180925907        6.2366887186652111E-004  0.43222344414475805        1.5817086525928135E-002
 0.1300  0.42484958982638615        1.3164995492709703E-002  0.13015495013649456        4.7638737409338831E-004  0.43299393756435833        1.3440746940026326E-002
 0.1500  0.47013460571400023        1.2327322050378040E-002  0.13816871769613592        3.7729911799398556E-004  0.43305521304256767        1.1370453244775848E-002
 0.1700  0.51423233837673510        1.1425577204152146E-002  0.14552739947515761        3.0809144243715021E-004  0.43256607747348391        9.6219595752139835E-003
 0.1900  0.55752406886385075        1.0608278242748639E-002  0.15233342174567610        2.5649097914831452E-004  0.43154468883075686        8.2192414053209716E-003
 0.2100  0.60026338763381804        9.9324217278106541E-003  0.15866251360016606        2.1595464267752724E-004  0.43005099365606275        7.1219719883947102E-003
 0.2300  0.64260494033313909        9.3959800303071127E-003  0.16457239435521298        1.8316276353240278E-004  0.42816715541165040        6.2650663479562321E-003
 0.2500  0.68465023528709401        8.9767389174087182E-003  0.17010837132366013        1.5627116695812881E-004  0.42597006843682461        5.5884999972365306E-003
 0.2700  0.72647316164796716        8.6503293300505390E-003  0.17530699009096420        1.3408206935958475E-004  0.42352292357518384        5.0456120453531428E-003
 0.2900  0.76813183871098889        8.3959458077512983E-003  0.18019845173155441        1.1570983670763124E-004  0.42087560878107044        4.6022996502768114E-003
 0.3100  0.80967425204632415        8.1972637582238567E-003  0.18480823982672878        1.0045286849533158E-004  0.41806728237872876        4.2341007292599668E-003
 0.3300  0.85114125487214420        8.0418804948981047E-003  0.18915823611503352        8.7740843448797686E-005  0.41512888622058214        3.9234644970090934E-003
 0.3500  0.89256838810143457        7.9204730997995028E-003  0.19326750209775392        7.7107586189032772E-005  0.41208512237271555        3.6576847037723382E-003
 0.3700  0.93398710596438994        7.8260403413363318E-003  0.19715283980316925        6.8172751595060871E-005  0.40895591844589485        3.4274421219894088E-003
 0.3900  0.97542565374634527        7.7533040264878327E-003  0.20082920420124092        6.0627096043426576E-005  0.40575750522726628        3.2258004125316651E-003
 0.4100   1.0169097185543905        7.6982581007801632E-003  0.20431001397589241        5.4219967399667796E-005  0.40250321630556773        3.0475169376547309E-003


