# triplet j1 / nf 4 / mode 2 / nplat  8 / jkb  20 / start  2001 / nmeas  2000
 0.0010   3.7617321455917165E-003   5.9183298696150247E-004   1.6711561317297229E-003   8.7195226936967625E-005  0.48599929904075628        7.7506299522018166E-002
 0.0020   7.6726445176262667E-003   7.1376691505793070E-004   3.3505827566982318E-003   1.8690455521979310E-004  0.47713919435281821        4.6339140089910566E-002
 0.0030   1.1572315947931983E-002   9.9788973000216902E-004   5.0464006604913564E-003   3.1160793998695360E-004  0.47549527660174029        4.3551232194754860E-002
 0.0050   1.9504538083899795E-002   1.6699550981214184E-003   8.5180219032327548E-003   6.8399297176314512E-004  0.47318798280383129        4.4747126770487852E-002
 0.0060   2.3566854308439234E-002   2.0574787221183523E-003   1.0307912083571968E-002   9.5320649659447220E-004  0.47192649352765453        4.6622423639960275E-002
 0.0070   2.7705666428848249E-002   2.4937610596049244E-003   1.2142028288127030E-002   1.2893648248198332E-003  0.47058820420376446        4.9177531824345672E-002
 0.0080   3.1926487054384570E-002   2.9906715253671485E-003   1.4025322092407592E-002   1.6982817394692780E-003  0.46920785974585733        5.2333533904693232E-002
 0.0090   3.6232549504034324E-002   3.5575801260414952E-003   1.5961588648225770E-002   2.1828387065643087E-003  0.46781637075735288        5.5974574851594759E-002
 0.0100   4.0625322749030440E-002   4.1997217693581571E-003   1.7953295167627333E-002   2.7425183146910143E-003  0.46643406334780546        5.9951897363702385E-002
 0.0300  0.13514017801795822        1.6231654620438744E-002   6.1204204140262494E-002   1.0472334958001978E-002  0.44841668734483797        6.6125226193377698E-002
 0.0500  0.20166492598169819        1.2253484261840628E-002   8.4062530695011142E-002   3.5199654525934231E-003  0.45464336645260611        2.9218798536680208E-002
 0.0700  0.25300561908293856        9.9943934064421567E-003   9.7390255503774933E-002   1.3894294107382188E-003  0.46152114539428735        1.8526172492848096E-002
 0.0900  0.30279757051919548        8.5126384771952480E-003  0.10873192830958227        1.0322770541892996E-003  0.46202173994319518        1.3172810375253774E-002
 0.1100  0.35239844015855892        7.3100203309601972E-003  0.11889390181713229        8.1828900332259603E-004  0.45894131206818223        9.6502180182000373E-003
 0.1300  0.40117731023831765        6.3077462733323458E-003  0.12805727467054542        6.2664988967341985E-004  0.45483349450942490        7.2374588894994216E-003
 0.1500  0.44868232001632485        5.4477108156680606E-003  0.13637754582036316        4.8245227052854626E-004  0.45080954827408193        5.5313170306665856E-003
 0.1700  0.49487215767878395        4.7066329447623192E-003  0.14399044084508145        3.8424876857032914E-004  0.44710885259033206        4.2940084581036472E-003
 0.1900  0.53993088719145332        4.0919474508783341E-003  0.15100470090564666        3.1768806408145623E-004  0.44365855429957241        3.3945668635677819E-003
 0.2100  0.58409454133511651        3.6100498744279022E-003  0.15750490544539586        2.6959028132564545E-004  0.44034040731237656        2.7475312724945483E-003
 0.2300  0.62757405713366843        3.2530345905933886E-003  0.16355679374211096        2.3196513924177105E-004  0.43706721202240062        2.2866430665073076E-003
 0.2500  0.67053792874645479        3.0025207675537556E-003  0.16921207499885996        2.0086077427927399E-004  0.43378779553738345        1.9593945370123228E-003
 0.2700  0.71311670469258570        2.8369072451305184E-003  0.17451214270269247        1.7444925816000503E-004  0.43047615058735633        1.7259754863867473E-003
 0.2900  0.75541171526194451        2.7361456367436848E-003  0.17949079227523101        1.5181409843086934E-004  0.42712143630597282        1.5575682335674293E-003
 0.3100  0.79750264057132814        2.6836925953339827E-003  0.18417616653827507        1.3238778435426741E-004  0.42372143038029531        1.4339830712481621E-003
 0.3300  0.83945314287189199        2.6667653501327841E-003  0.18859213698793892        1.1573451902561723E-004  0.42027862155059542        1.3413498065246703E-003
 0.3500  0.88131494610281946        2.6758532516680785E-003  0.19275928472860801        1.0147859356723098E-004  0.41679791495870872        1.2702309922833280E-003
 0.3700  0.92313083109081784        2.7040302144181252E-003  0.19669560206442191        8.9285017680593138E-005  0.41328527185691816        1.2142216687772204E-003
 0.3900  0.96493686820372016        2.7463072449222278E-003  0.20041700083515807        7.8855655659416425E-005  0.40974690378142192        1.1689634650853843E-003
 0.4100   1.0067640948464809        2.7991041178286090E-003  0.20393768723816272        6.9928247051840532E-005  0.40618880780938860        1.1314709828954754E-003


# triplet j3 / nf 4 / mode 2 / nplat  8 / jkb  20 / start  2001 / nmeas  2000
 0.0010  0.17168559501744987        3.9987129770755650E-002   1.6711561317297229E-003   8.7195226936967625E-005   1.0648529865017731E-002   2.4956489265507325E-003
 0.0020  0.17145273410622824        3.9681974358178336E-002   3.3505827566982318E-003   1.8690455521979310E-004   2.1352353712992069E-002   4.9776625787983989E-003
 0.0030  0.17108401912153601        3.9190287702165795E-002   5.0464006604913564E-003   3.1160793998695360E-004   3.2163036622816776E-002   7.4342183840645911E-003
 0.0050  0.17005536767705862        3.7746618895332262E-002   8.5180219032327548E-003   6.8399297176314512E-004   5.4272400557022420E-002   1.2242149359533010E-002
 0.0060  0.16946904717788619        3.6855723552046533E-002   1.0307912083571968E-002   9.5320649659447220E-004   6.5627458833733859E-002   1.4591500413253598E-002
 0.0070  0.16888786321529684        3.5894740995768094E-002   1.2142028288127030E-002   1.2893648248198332E-003   7.7198915083670272E-002   1.6911781835025726E-002
 0.0080  0.16835021753300619        3.4893335899754338E-002   1.4025322092407592E-002   1.6982817394692780E-003   8.8982116444575696E-002   1.9213719205416750E-002
 0.0090  0.16789052716739958        3.3877325376931833E-002   1.5961588648225770E-002   2.1828387065643087E-003  0.10095971522778560        2.1509775168950675E-002
 0.0100  0.16753778223339319        3.2867943368525034E-002   1.7953295167627333E-002   2.7425183146910143E-003  0.11310305121652395        2.3811153881605273E-002
 0.0300  0.18912378025242133        2.2602546811087469E-002   6.1204204140262494E-002   1.0472334958001978E-002  0.32042036635014159        4.7094508257510055E-002
 0.0500  0.23111110163709286        2.0634381565339175E-002   8.4062530695011142E-002   3.5199654525934231E-003  0.39671664491351954        3.6381022528552305E-002
 0.0700  0.27688726327254176        1.8597444830569979E-002   9.7390255503774933E-002   1.3894294107382188E-003  0.42171475036543549        2.8484240660848561E-002
 0.0900  0.32429412482679160        1.7049067725552352E-002  0.10873192830958227        1.0322770541892996E-003  0.43139560562983492        2.2771959663339007E-002
 0.1100  0.37203329091431481        1.6162569736605042E-002  0.11889390181713229        8.1828900332259603E-004  0.43471970505563945        1.8945067698507165E-002
 0.1300  0.41933126475888211        1.5747699449619401E-002  0.12805727467054542        6.2664988967341985E-004  0.43514255498813420        1.6376128450586811E-002
 0.1500  0.46540827516981553        1.5277871997196353E-002  0.13637754582036316        4.8245227052854626E-004  0.43460824569851764        1.4287501126353937E-002
 0.1700  0.50977989472303753        1.4274129098725635E-002  0.14399044084508145        3.8424876857032914E-004  0.43403383477662266        1.2166986462264030E-002
 0.1900  0.55293540323089796        1.3009548330164980E-002  0.15100470090564666        3.1768806408145623E-004  0.43322412606127725        1.0203145313923370E-002
 0.2100  0.59549194524563431        1.1868625772771169E-002  0.15750490544539586        2.6959028132564545E-004  0.43191252256879553        8.6162907568237759E-003
 0.2300  0.63773606256864379        1.0963897757408539E-002  0.16355679374211096        2.3196513924177105E-004  0.43010276443238671        7.4005733923654350E-003
 0.2500  0.67977464530510623        1.0274179935572289E-002  0.16921207499885996        2.0086077427927399E-004  0.42789352610316139        6.4722087891433324E-003
 0.2700  0.72165821379024220        9.7514340662468585E-003  0.17451214270269247        1.7444925816000503E-004  0.42538105725050590        5.7519085971821631E-003
 0.2900  0.76342270977427273        9.3530078700336059E-003  0.17949079227523101        1.5181409843086934E-004  0.42263942727148052        5.1810146333288948E-003
 0.3100  0.80510009183884823        9.0467255389531775E-003  0.18417616653827507        1.3238778435426741E-004  0.41972291770969611        4.7187422442713407E-003
 0.3300  0.84672035181679972        8.8093487726504608E-003  0.18859213698793892        1.1573451902561723E-004  0.41667146536103117        4.3369693692215184E-003
 0.3500  0.88831167304162006        8.6242017878985916E-003  0.19275928472860801        1.0147859356723098E-004  0.41351503431205205        4.0160990230667225E-003
 0.3700  0.92990040619486003        8.4792370898874782E-003  0.19669560206442191        8.9285017680593138E-005  0.41027659945652817        3.7422394934126060E-003
 0.3900  0.97151113697900249        8.3656437788644962E-003  0.20041700083515807        7.8855655659416425E-005  0.40697412416751511        3.5053524651747314E-003
 0.4100   1.0131668544443435        8.2768915172536858E-003  0.20393768723816272        6.9928247051840532E-005  0.40362187692694051        3.2980452083862777E-003


