# triplet j1 / nf 3 / mode 2 / nplat  5 / jkb  20 / start     1 / nmeas 30000
 0.0010   4.8216032299629921E-003   6.5584501187108404E-004   1.6294447661089856E-003   7.8457591489479206E-005  0.37440647449082226        5.1719126151876564E-002
 0.0020   9.6328747029287478E-003   1.3613269001886993E-003   3.3042897843555390E-003   1.6847126541104921E-004  0.37740977835470796        5.4196742261660651E-002
 0.0030   1.4618085728370419E-002   2.0329862261967958E-003   5.0237284412425415E-003   2.7035106251628485E-004  0.37557631666800367        5.3201292570773662E-002
 0.0040   1.9701528567165498E-002   2.7370613635773556E-003   6.7865630380933859E-003   3.8403344055925801E-004  0.37399863271929107        5.3024856602700988E-002
 0.0050   2.4874203768372852E-002   3.4597146241063543E-003   8.5911844250614721E-003   5.0910993026143548E-004  0.37262958539985119        5.2991442517053268E-002
 0.0060   3.0127030460805393E-002   4.1931117697321229E-003   1.0435558672458684E-002   6.4485172770905035E-004  0.37144297455868436        5.2956332170558396E-002
 0.0070   3.5449942927754954E-002   4.9301759379301192E-003   1.2317222050287461E-002   7.9023335776916639E-004  0.37042890079176188        5.2869799759742077E-002
 0.0080   4.0831906793601914E-002   5.6638201136578106E-003   1.4233285393830893E-002   9.4395822898411981E-004  0.36958378490152777        5.2709754149470392E-002
 0.0090   4.6261056451043676E-002   6.3867876331370563E-003   1.6180448651505270E-002   1.1044881987851572E-003  0.36890622691717578        5.2464329159871530E-002
 0.0100   5.1724843743008224E-002   7.0918110181060756E-003   1.8155026047602090E-002   1.2700784470814743E-003  0.36839544235613719        5.2127232765130795E-002
 0.0200  0.10541700707114490        1.1852046318220302E-002   3.8419443106591830E-002   2.7657418234337916E-003  0.37187317053328911        4.3900099123965614E-002
 0.0400  0.18637270961115610        8.7196273573050247E-003   7.0829135391816095E-002   2.3350840117386954E-003  0.40389515578333074        2.0035179934773585E-002
 0.0600  0.24192673137781101        4.2976821439216616E-003   9.0329596678076551E-002   9.5156410473111854E-004  0.43034999352275050        7.9738745523584668E-003
 0.0800  0.29144442848757252        2.4966869754160497E-003  0.10413097926446872        5.0723652004422361E-004  0.44288830283932584        3.9444067013880181E-003
 0.1000  0.33958163362675531        1.9025238128046506E-003  0.11535139750271131        3.5443440334356172E-004  0.44728283794236784        2.5984355206346856E-003
 0.1200  0.38680157224015221        1.6306282419749911E-003  0.12504985497190205        2.5424454477703928E-004  0.44787723288704290        1.9422233072755909E-003
 0.1400  0.43308056720467686        1.4161491705138806E-003  0.13369143169367123        1.8233469460838883E-004  0.44674747425356381        1.4922671804501659E-003
 0.1600  0.47845408533772943        1.2209700306494437E-003  0.14152743044132390        1.3229859270835558E-004  0.44479001860568290        1.1539438016120111E-003
 0.1800  0.52302083744115213        1.0493029151490052E-003  0.14871311073165885        9.8019894523239468E-005  0.44239161588207032        8.9943671640925656E-004
 0.2000  0.56690109233238584        9.0591211888372972E-004  0.15535362956864732        7.4501062056828762E-005  0.43972727449570559        7.1055376064450945E-004
 0.2200  0.61021286536102204        7.9109776729638630E-004  0.16152497696823015        5.8157165529574686E-005  0.43688267463927494        5.7182213609100190E-004
 0.2400  0.65306263493719074        7.0211146831386094E-004  0.16728469688631009        4.6567660507698113E-005  0.43390423534931205        4.7038613333418581E-004
 0.2600  0.69554313743620066        6.3487415438791414E-004  0.17267793027662692        3.8145512252652603E-005  0.43082016138548124        3.9611035844676069E-004
 0.2800  0.73773400046738524        5.8511124148633215E-004  0.17774109155983209        3.1863612096921322E-005  0.42764966428305695        3.4133650340809020E-004
 0.3000  0.77970331200125942        5.4896477688037555E-004  0.18250423774650229        2.7057934262780436E-005  0.42440718022778506        3.0046352159817123E-004
 0.3200  0.82150936927030893        5.2324485078816699E-004  0.18699266158919539        2.3295404918909739E-005  0.42110436940907114        2.6949403118934847E-004
 0.3400  0.86320233221666531        5.0545989686106955E-004  0.19122799830045345        2.0288840207283417E-005  0.41775108911167974        2.4562163680363864E-004
 0.3600  0.90482568322043788        4.9373635024984599E-004  0.19522901473671164        1.7843603309797582E-005  0.41435588371732329        2.2689316503788739E-004
 0.3800  0.94641746268978444        4.8669384641820458E-004  0.19901218484807584        1.5824605229710048E-005  0.41092625001767008        2.1194885328804666E-004
 0.4000  0.98801129057552939        4.8332348074598850E-004  0.20259211770479826        1.4135841681401612E-005  0.40746879786930257        1.9983519652160014E-004


# triplet j3 / nf 3 / mode 2 / nplat  5 / jkb  20 / start     1 / nmeas 30000
 0.0010  0.16517799697906138        8.2701260456053728E-003   1.6294447661089856E-003   7.8457591489479206E-005   1.0929055320563335E-002   6.0716820008176924E-004
 0.0020  0.16450415035468585        8.1057652010773831E-003   3.3042897843555390E-003   1.6847126541104921E-004   2.2099996253665672E-002   1.2260625164651417E-003
 0.0030  0.16391706906273223        7.9457338383787292E-003   5.0237284412425415E-003   2.7035106251628485E-004   3.3493807728451591E-002   1.8569433540639186E-003
 0.0040  0.16341854106811901        7.7890177466066182E-003   6.7865630380933859E-003   3.8403344055925801E-004   4.5088792853245130E-002   2.4991936445204789E-003
 0.0050  0.16301010917684386        7.6347374945744577E-003   8.5911844250614721E-003   5.0910993026143548E-004   5.6860671305389604E-002   3.1512986822472915E-003
 0.0060  0.16269306241310713        7.4821463686547754E-003   1.0435558672458684E-002   6.4485172770905035E-004   6.8782735065660072E-002   3.8108580498219715E-003
 0.0070  0.16246843167246439        7.3306277747668220E-003   1.2317222050287461E-002   7.9023335776916639E-004   8.0826061141110628E-002   4.4746307547082519E-003
 0.0080  0.16233697731178501        7.1796948998968969E-003   1.4233285393830893E-002   9.4395822898411981E-004   9.2959785918289795E-002   5.1386150992177686E-003
 0.0090  0.16229918706067756        7.0289818103022195E-003   1.6180448651505270E-002   1.1044881987851572E-003  0.10515143111700655        5.7981562549446336E-003
 0.0100  0.16235527604030064        6.8782373561304955E-003   1.8155026047602090E-002   1.2700784470814743E-003  0.11736727722219273        6.4480817344921742E-003
 0.0200  0.16793788217145589        5.3767576505316236E-003   3.8419443106591830E-002   2.7657418234337916E-003  0.23343010011078885        1.1244978308109589E-002
 0.0400  0.20020573762049804        3.1735247115989140E-003   7.0829135391816095E-002   2.3350840117386954E-003  0.37598839811897744        8.5984196457091541E-003
 0.0600  0.24531324886410705        2.4387321147312587E-003   9.0329596678076551E-002   9.5156410473111854E-004  0.42440906784898264        4.7747919366741614E-003
 0.0800  0.29335353547978638        2.2449828859329021E-003  0.10413097926446872        5.0723652004422361E-004  0.44000604285790984        3.5337090564961878E-003
 0.1000  0.34137096012400903        2.1104944859411763E-003  0.11535139750271131        3.5443440334356172E-004  0.44493836484071214        2.8344515500347599E-003
 0.1200  0.38855668700403295        1.9547456162508996E-003  0.12504985497190205        2.5424454477703928E-004  0.44585416657487326        2.2883323322983452E-003
 0.1400  0.43474686872111945        1.7898345551843420E-003  0.13369143169367123        1.8233469460838883E-004  0.44503517671360582        1.8571548912035979E-003
 0.1600  0.47999802142580578        1.6339318399100425E-003  0.14152743044132390        1.3229859270835558E-004  0.44335933070555039        1.5233724725495397E-003
 0.1800  0.52443443280135393        1.4967523297925267E-003  0.14871311073165885        9.8019894523239468E-005  0.44119916417316440        1.2675633691422103E-003
 0.2000  0.56819069809920164        1.3811116692056583E-003  0.15535362956864732        7.4501062056828762E-005  0.43872923839459921        1.0716033821567196E-003
 0.2200  0.61139144879980811        1.2861913404633794E-003  0.16152497696823015        5.8157165529574686E-005  0.43604049294695130        9.2065610755124954E-004
 0.2400  0.65414556304345195        1.2096824182001506E-003  0.16728469688631009        4.6567660507698113E-005  0.43318591343683227        8.0333736832469236E-004
 0.2600  0.69654582367781293        1.1488539230405971E-003  0.17267793027662692        3.8145512252652603E-005  0.43019999048825364        7.1114335326955772E-004
 0.2800  0.73867055967761430        1.1010325420851416E-003  0.17774109155983209        3.1863612096921322E-005  0.42710744796403854        6.3777919336189658E-004
 0.3000  0.78058588810163221        1.0638229538788041E-003  0.18250423774650229        2.7057934262780436E-005  0.42392732062513888        5.7860418485245499E-004
 0.3200  0.82234796195317283        1.0351956935714479E-003  0.18699266158919539        2.3295404918909739E-005  0.42067494651359788        5.3020585181098141E-004
 0.3400  0.86400493911780385        1.0134949422895678E-003  0.19122799830045345        2.0288840207283417E-005  0.41736302430799754        4.9007550084116560E-004
 0.3600  0.90559859574956592        9.9740090561358549E-004  0.19522901473671164        1.7843603309797582E-005  0.41400223823294846        4.5636280409735942E-004
 0.3800  0.94716559702790948        9.8587310037582436E-004  0.19901218484807584        1.5824605229710048E-005  0.41060167315482810        4.2769325791527858E-004
 0.4000  0.98873848766815842        9.7809278213371550E-004  0.20259211770479826        1.4135841681401612E-005  0.40716911283747337        4.0303554894926321E-004


