# triplet j1 / nf 2 / mode 2 / nplat  8 / jkb  20 / start  4001 / nmeas  2000
 0.0010   5.8001295149469950E-003   9.5545878835568896E-004   2.6805284455840772E-003   5.3855657322559897E-004  0.39919722776325622        7.7023148321488766E-002
 0.0020   1.1534095614619570E-002   1.8742630821520110E-003   5.3568066610838417E-003   1.0723810056806730E-003  0.40132797559071060        7.6594283222976525E-002
 0.0030   1.7261801094190902E-002   2.7961750777118553E-003   8.0246195507420910E-003   1.5968409603620433E-003  0.40197749825539841        7.6417058085318512E-002
 0.0050   2.8656295560339280E-002   4.5756407739791253E-003   1.3318370435066578E-002   2.6002050706353660E-003  0.40272213188611905        7.5368925344263191E-002
 0.0060   3.4306663398072715E-002   5.4207822820165237E-003   1.5936357693802979E-002   3.0711659780366402E-003  0.40309431770105786        7.4601582465172109E-002
 0.0070   3.9916808834550732E-002   6.2294029257019788E-003   1.8530038739211316E-002   3.5170180194454828E-003  0.40350262772330403        7.3699406951960880E-002
 0.0080   4.5480790225272107E-002   6.9972100627351081E-003   2.1095858717328587E-002   3.9348723101239229E-003  0.40395277279015618        7.2675030207883781E-002
 0.0090   5.0993163323942776E-002   7.7206086576858800E-003   2.3630475819348563E-002   4.3223490814586979E-003  0.40444598820652050        7.1539860762511676E-002
 0.0100   5.6449002503283330E-002   8.3967089074098566E-003   2.6130781056002982E-002   4.6775950895529637E-003  0.40498125451574446        7.0304820857941930E-002
 0.0300  0.15034868970227078        1.2484040299305218E-002   6.6436498455377122E-002   5.6952805502100724E-003  0.41993236230564362        3.9240275040313612E-002
 0.0500  0.21957061546588114        9.0637289839566471E-003   8.9824194451051831E-002   3.0016052092414736E-003  0.43164075780569111        1.9222064483891112E-002
 0.0700  0.27664040379861354        6.0433849126512998E-003  0.10452865529570536        1.4639066383890236E-003  0.43728651993932482        1.0031562113217660E-002
 0.0900  0.32822704527609220        4.1310152408534397E-003  0.11557895590280293        7.7927238431606477E-004  0.43944170675331284        5.7257132169456293E-003
 0.1100  0.37687196210558183        3.0250035745541513E-003  0.12488603989917177        4.6732401355512200E-004  0.43981947814758188        3.6248993572674127E-003
 0.1300  0.42361936464030747        2.4406678190521535E-003  0.13316383244021376        3.1407280363291665E-004  0.43924215365798697        2.5831454623372421E-003
 0.1500  0.46900484085666572        2.1578584974377914E-003  0.14071557315520708        2.3178870204767897E-004  0.43808096590690954        2.0476190525544080E-003
 0.1700  0.51336800466849175        2.0288390435586013E-003  0.14769410017932105        1.8325431377568343E-004  0.43650802667394534        1.7462129715518104E-003
 0.1900  0.55694473354957175        1.9723676844027047E-003  0.15419017941257532        1.5176246315435290E-004  0.43461834486703521        1.5539504848003339E-003
 0.2100  0.59990832618179069        1.9504843643347455E-003  0.16026523267687620        1.2940024460087750E-004  0.43247341413300244        1.4169004522851822E-003
 0.2300  0.64239390244861005        1.9477196306297402E-003  0.16596483222814101        1.1227667453002486E-004  0.43011594371915057        1.3121894778239220E-003
 0.2500  0.68451070302527384        1.9584938499621631E-003  0.17132492592693385        9.8426844499936231E-005  0.42757768872504154        1.2295177371457367E-003
 0.2700  0.72634824066648818        1.9808243585377919E-003  0.17637504306592389        8.6826624976770326E-005  0.42488417644672477        1.1634117699949357E-003
 0.2900  0.76798024909746176        2.0136922642707846E-003  0.18114012084182476        7.6913405272821094E-005  0.42205716007954386        1.1102819017486574E-003
 0.3100  0.80946781137213530        2.0561910306644564E-003  0.18564163927993207        6.8351523406484004E-005  0.41911572774127842        1.0674201447687956E-003
 0.3300  0.85086196103904210        2.1073752701130078E-003  0.18989837767921555        6.0918393455628804E-005  0.41607678659890823        1.0326783438904896E-003
 0.3500  0.89220582392701542        2.1663118544065899E-003  0.19392694687870965        5.4449939092198759E-005  0.41295530181821993        1.0043467958026472E-003
 0.3700  0.93353633971792127        2.2321385939123276E-003  0.19774217944162753        4.8814844522997457E-005  0.40976446150202711        9.8107476084665886E-004
 0.3900  0.97488562408086832        2.3040912157144423E-003  0.20135742468711665        4.3902446120218554E-005  0.40651582735695735        9.6180044349705469E-004
 0.4100   1.0162820340687579        2.3815046359327049E-003  0.20478477718568122        3.9617076919277314E-005  0.40321948723874701        9.4568907267300769E-004


# triplet j3 / nf 2 / mode 2 / nplat  8 / jkb  20 / start  4001 / nmeas  2000
 0.0010  0.14396310777380003        1.5310455752146498E-002   2.6805284455840772E-003   5.3855657322559897E-004   1.6083256737362966E-002   2.3528839205958223E-003
 0.0020  0.14413533879956766        1.5278515549869932E-002   5.3568066610838417E-003   1.0723810056806730E-003   3.2115338832497682E-002   4.6821579815939469E-003
 0.0030  0.14442170864632992        1.5225684003122892E-002   8.0246195507420910E-003   1.5968409603620433E-003   4.8045793698629602E-002   6.9648164964346872E-003
 0.0050  0.14533243124742079        1.5059939310868754E-002   1.3318370435066578E-002   2.6002050706353660E-003   7.9407771142088926E-002   1.1304686990306564E-002
 0.0060  0.14595362512747384        1.4948843228961839E-002   1.5936357693802979E-002   3.0711659780366402E-003   9.4748047970498017E-002   1.3323796371947572E-002
 0.0070  0.14668268476502586        1.4820446275772701E-002   1.8530038739211316E-002   3.5170180194454828E-003  0.10980530715586115        1.5220878902048082E-002
 0.0080  0.14751719622498066        1.4676072891392274E-002   2.1095858717328587E-002   3.9348723101239229E-003  0.12454203164332484        1.6983191970768797E-002
 0.0090  0.14845446322518493        1.4517165881192664E-002   2.3630475819348563E-002   4.3223490814586979E-003  0.13892462297374517        1.8600873480983625E-002
 0.0100  0.14949154198108758        1.4345253912746686E-002   2.6130781056002982E-002   4.6775950895529637E-003  0.15292362060747383        2.0066973293459817E-002
 0.0300  0.18582210103081168        1.0347356493988142E-002   6.6436498455377122E-002   5.6952805502100724E-003  0.33976733707129897        2.3875594790579002E-002
 0.0500  0.23600788704472844        8.6204697498906656E-003   8.9824194451051831E-002   3.0016052092414736E-003  0.40157821858552112        1.6129890439694792E-002
 0.0700  0.28790766516457689        8.5592742472818811E-003  0.10452865529570536        1.4639066383890236E-003  0.42017331974316996        1.2833259744562488E-002
 0.0900  0.33797683621506081        8.6658678674728772E-003  0.11557895590280293        7.7927238431606477E-004  0.42676490671373241        1.1036604979570902E-002
 0.1100  0.38583567392360696        8.5184856473730034E-003  0.12488603989917177        4.6732401355512200E-004  0.42960161774608435        9.5187482692689722E-003
 0.1300  0.43192086143232539        8.2023353777412183E-003  0.13316383244021376        3.1407280363291665E-004  0.43079994200509564        8.1968074772900829E-003
 0.1500  0.47669703529596469        7.8423115715299373E-003  0.14071557315520708        2.3178870204767897E-004  0.43101189746216945        7.0996094725042126E-003
 0.1700  0.52052143430002518        7.5123008329481180E-003  0.14769410017932105        1.8325431377568343E-004  0.43050917773776154        6.2189582405548045E-003
 0.1900  0.56364754646922377        7.2417303697010164E-003  0.15419017941257532        1.5176246315435290E-004  0.42944992805170251        5.5216087046043617E-003
 0.2100  0.60625224457682159        7.0344682626907601E-003  0.16026523267687620        1.2940024460087750E-004  0.42794794462452213        4.9685717332673433E-003
 0.2300  0.64846225323581130        6.8837321960542840E-003  0.16596483222814101        1.1227667453002486E-004  0.42609089150889223        4.5254511422842970E-003
 0.2500  0.69037253304479429        6.7800462761546040E-003  0.17132492592693385        9.8426844499936231E-005  0.42394720284752330        4.1653032124256929E-003
 0.2700  0.73205741423363691        6.7144469962932361E-003  0.17637504306592389        8.6826624976770326E-005  0.42157058729086766        3.8680469610131527E-003
 0.2900  0.77357715753156253        6.6794017010290332E-003  0.18114012084182476        7.6913405272821094E-005  0.41900353413425417        3.6189522494245912E-003
 0.3100  0.81498194663902335        6.6688466297449523E-003  0.18564163927993207        6.8351523406484004E-005  0.41628000748419003        3.4072043097028333E-003
 0.3300  0.85631446213888640        6.6779647206733289E-003  0.18989837767921555        6.0918393455628804E-005  0.41342745713309070        3.2247941588394884E-003
 0.3500  0.89761163857840287        6.7029312349366297E-003  0.19392694687870965        5.4449939092198759E-005  0.41046830217940888        3.0657211297085334E-003
 0.3700  0.93890591669405632        6.7406936158497738E-003  0.19774217944162753        4.8814844522997457E-005  0.40742102987698536        2.9254328221263374E-003
 0.3900  0.98022618246871063        6.7888041929074711E-003  0.20135742468711665        4.3902446120218554E-005  0.40430101046019368        2.8004357079095534E-003
 0.4100   1.0215984755657048        6.8452892371376386E-003  0.20478477718568122        3.9617076919277314E-005  0.40112111604340367        2.6880190339758719E-003


