# triplet j1 / nf 6 / mode 2 / nplat  8 / jkb  20 / start     1 / nmeas  2000
 0.0010   5.5920337431272791E-003   4.5913277964001065E-003   1.4404855296193851E-003   3.9463054727010156E-004  0.30352863193885010       0.25265596071349361     
 0.0020   1.1164060369607249E-002   8.8049015298438636E-003   2.8807751358756982E-003   7.8836805829155486E-004  0.30406224615219291       0.24339106977971822     
 0.0030   1.6321066964883224E-002   1.2289195776917868E-002   4.3206978785723434E-003   1.1803334762226342E-003  0.31196367540087960       0.23873143646353634     
 0.0050   2.7184486702636467E-002   2.0179431952806935E-002   7.1990282061672886E-003   1.9555742118286383E-003  0.31211583329563219       0.23553438173390009     
 0.0060   3.2544382982357629E-002   2.3948415299870112E-002   8.6374297071785521E-003   2.3372592879168591E-003  0.31282888301732947       0.23405985678986843     
 0.0070   3.7853123714339680E-002   2.7575184308518214E-002   1.0075491173562254E-002   2.7139988649607272E-003  0.31375843285571053       0.23243981879671449     
 0.0080   4.3106332001538170E-002   3.1044265131836335E-002   1.1513493269982508E-002   3.0851016653671852E-003  0.31486361514855682       0.23064860665540998     
 0.0090   4.8300034295065616E-002   3.4342841840453109E-002   1.2951853922027147E-002   3.4499064215746879E-003  0.31612204462114679       0.22868171459035180     
 0.0100   5.3430994234320385E-002   3.7460752613847688E-002   1.4391135312580735E-002   3.8077675087372421E-003  0.31751867282800628       0.22654256365916775     
 0.0300  0.14307363622675962        6.0382490211910576E-002   4.4926307766907356E-002   7.9545378050521025E-003  0.36288279191707346       0.15648341003133787     
 0.0500  0.20978603518859812        3.7379655600218359E-002   7.5266670111003534E-002   4.4629846519733170E-003  0.41354690624023183        7.4698833687072863E-002
 0.0700  0.26035209837330053        1.7686642095668170E-002   9.3634838251631672E-002   2.7095616482639274E-003  0.43976601869734006        3.0544947182897509E-002
 0.0900  0.30811814082591715        8.3758819578161822E-003  0.10624238510849457        2.0807495850448943E-003  0.44881554423965686        1.2968066263803986E-002
 0.1100  0.35487001241662186        6.1950794680465243E-003  0.11674681411519633        1.5245095057107713E-003  0.45161104794653401        8.4172779638130094E-003
 0.1300  0.40055166221626654        5.6016765857953409E-003  0.12599878749100904        1.0613391444091757E-003  0.45186772080366155        6.5996822428144118E-003
 0.1500  0.44523708944637941        5.1938001387923103E-003  0.13435317921522319        7.5316271810810047E-004  0.45091352925634454        5.4097283770001810E-003
 0.1700  0.48924128872347611        4.6857414422102079E-003  0.14201837989691524        5.7895444681891619E-004  0.44914713529553235        4.3980770599131823E-003
 0.1900  0.53273059280691959        4.1851902457072498E-003  0.14911934356744003        4.7924238833812300E-004  0.44683908357572194        3.5830984810932402E-003
 0.2100  0.57583099998056864        3.7713032426558942E-003  0.15573374337289667        4.0813942453585137E-004  0.44414110130972373        2.9664741376506840E-003
 0.2300  0.61864236444600063        3.4650311735267419E-003  0.16191489928540323        3.4696047504382865E-004  0.44114632516205371        2.5156729164456208E-003
 0.2500  0.66124038784599626        3.2568552870814254E-003  0.16770379151961731        2.9203177123980417E-004  0.43792231000374016        2.1903722730240004E-003
 0.2700  0.70368002140805186        3.1288249787005352E-003  0.17313454341026652        2.4402479694217913E-004  0.43452375310155222        1.9561719702827982E-003
 0.2900  0.74600122945322611        3.0638656222230858E-003  0.17823676276148309        2.0369996298385463E-004  0.43099585791602929        1.7871734192382010E-003
 0.3100  0.78823472716095089        3.0476253514050908E-003  0.18303658368742531        1.7095707622445235E-004  0.42737511508962867        1.6644100302685226E-003
 0.3300  0.83040606952508966        3.0680048461819418E-003  0.18755722880535769        1.4498218376684532E-004  0.42369013929563815        1.5739009698787871E-003
 0.3500  0.87253808332791383        3.1146902866010639E-003  0.19181940357246102        1.2460819613713966E-004  0.41996287157576823        1.5053301940603338E-003
 0.3700  0.91465226287575130        3.1790907671775193E-003  0.19584162349367926        1.0861680613955991E-004  0.41620984334911626        1.4512329298745929E-003
 0.3900  0.95676961558956697        3.2544435109298012E-003  0.19964050051938018        9.5923981051502009E-005  0.41244329855070710        1.4064170788404646E-003
 0.4100  0.99891111239534147        3.3358287793726240E-003  0.20323099388608867        8.5659611639527804E-005  0.40867215905874565        1.3674612730056207E-003


# triplet j3 / nf 6 / mode 2 / nplat  8 / jkb  20 / start     1 / nmeas  2000
 0.0010  0.18981823360346187       0.18937807542898860        1.4404855296193851E-003   3.9463054727010156E-004   8.9419352376501841E-003   9.0048917548387827E-003
 0.0020  0.18983597394128968       0.18914259093317781        2.8807751358756982E-003   7.8836805829155486E-004   1.7881591153061933E-002   1.7983506833360599E-002
 0.0030  0.18986460694484589       0.18874727302407082        4.3206978785723434E-003   1.1803334762226342E-003   2.6816899256573455E-002   2.6909550195586756E-002
 0.0050  0.18994803422963624       0.18745544775944845        7.1990282061672886E-003   1.9555742118286383E-003   4.4668578721114266E-002   4.4497951885783642E-002
 0.0060  0.18999762499472320       0.18653955271552583        8.6374297071785521E-003   2.3372592879168591E-003   5.3583948626420325E-002   5.3105874716741198E-002
 0.0070  0.19004710420051382       0.18542092280399949        1.0075491173562254E-002   2.7139988649607272E-003   6.2493647694698416E-002   6.1550613086840691E-002
 0.0080  0.19008972193164558       0.18406702418102502        1.1513493269982508E-002   3.0851016653671852E-003   7.1401101500263200E-002   6.9797524285547377E-002
 0.0090  0.19011245637839586       0.18240961347030138        1.2951853922027147E-002   3.4499064215746879E-003   8.0314072457394053E-002   7.7798782761700089E-002
 0.0100  0.19006915717086217       0.18019972032437570        1.4391135312580735E-002   3.8077675087372421E-003   8.9258765754989464E-002   8.5443877117972175E-002
 0.0300  0.18599760663068993        7.9931955483293626E-002   4.4926307766907356E-002   7.9545378050521025E-003  0.27913778840596948       0.12247757404496225     
 0.0500  0.20828498186054001        2.7767771268723290E-002   7.5266670111003534E-002   4.4629846519733170E-003  0.41652722654165264        5.6886417563665734E-002
 0.0700  0.25910848821932464        1.9073674576118162E-002   9.3634838251631672E-002   2.7095616482639274E-003  0.44187670789160005        3.3150103053497575E-002
 0.0900  0.31363742345711010        1.7932570704669252E-002  0.10624238510849457        2.0807495850448943E-003  0.44091744390894144        2.5577016153980253E-002
 0.1100  0.36254809098655522        1.6371394866481939E-002  0.11674681411519633        1.5245095057107713E-003  0.44204678545173570        2.0168851431343001E-002
 0.1300  0.40880367326134348        1.4833806620255749E-002  0.12599878749100904        1.0613391444091757E-003  0.44274642941888043        1.6173306651910583E-002
 0.1500  0.45368417902511904        1.3624812208255685E-002  0.13435317921522319        7.5316271810810047E-004  0.44251802606273838        1.3347232787785709E-002
 0.1700  0.49769665071355274        1.2717469976154992E-002  0.14201837989691524        5.7895444681891619E-004  0.44151658039771491        1.1317757102488255E-002
 0.1900  0.54111656722315327        1.2031064978029566E-002  0.14911934356744003        4.7924238833812300E-004  0.43991417801929311        9.8064654502553524E-003
 0.2100  0.58411918720774592        1.1497983170571555E-002  0.15573374337289667        4.0813942453585137E-004  0.43783909191924891        8.6376359127800229E-003
 0.2300  0.62681713526948268        1.1070167029934934E-002  0.16191489928540323        3.4696047504382865E-004  0.43539302024279575        7.7035783930106553E-003
 0.2500  0.66928266253620805        1.0715358231471798E-002  0.16770379151961731        2.9203177123980417E-004  0.43266012153366062        6.9372164656113147E-003
 0.2700  0.71156485703212469        1.0412663266072457E-002  0.17313454341026652        2.4402479694217913E-004  0.42970880428261937        6.2954186854031445E-003
 0.2900  0.75370120614419944        1.0148763284362731E-002  0.17823676276148309        2.0369996298385463E-004  0.42659270978145597        5.7493408903039793E-003
 0.3100  0.79572427824458236        9.9152199400215097E-003  0.18303658368742531        1.7095707622445235E-004  0.42335255621609785        5.2789399893583078E-003
 0.3300  0.83766515163677879        9.7068590956168547E-003  0.18755722880535769        1.4498218376684532E-004  0.42001850331430318        4.8698785880301578E-003
 0.3500  0.87955482042306932        9.5208174072232907E-003  0.19181940357246102        1.2460819613713966E-004  0.41661257550422109        4.5116886870598168E-003
 0.3700  0.92142420823650095        9.3557722176034371E-003  0.19584162349367926        1.0861680613955991E-004  0.41315093704670774        4.1965333093646499E-003
 0.3900  0.96330327816145311        9.2111399122601859E-003  0.19964050051938018        9.5923981051502009E-005  0.40964587700771266        3.9182844294077578E-003
 0.4100   1.0052198727424924        9.0863444422043995E-003  0.20323099388608867        8.5659611639527804E-005  0.40610733241537622        3.6718671836189409E-003


