# triplet j1 / nf 2 / mode 2 / nplat  8 / jkb  20 / start  8001 / nmeas  2000
 0.0010   8.6602568867875408E-003   3.6530191671341177E-003   4.0456033339158646E-003   5.6385644403253801E-004  0.32845499629516706       0.14042500161568977     
 0.0020   1.7169048146438555E-002   7.2351738087642597E-003   8.0719589198449491E-003   1.1181342244855294E-003  0.33095827833169400       0.14133960062642081     
 0.0030   2.5608712991933739E-002   1.0608009547084176E-002   1.2060279833804588E-002   1.6536459897377709E-003  0.33217471019083394       0.13946997641846068     
 0.0050   4.2047956100780194E-002   1.6421887688931869E-002   1.9852548038655715E-002   2.6356963048170981E-003  0.33509136581811388       0.13274733726679308     
 0.0060   4.9970864672854477E-002   1.8766059743836553E-002   2.3624907237055539E-002   3.0687814467238936E-003  0.33694484365561073       0.12841469468063255     
 0.0070   5.7656847010306232E-002   2.0707468975384710E-002   2.7296632085006069E-002   3.4565735973293146E-003  0.33905305494032301       0.12364873436928769     
 0.0080   6.5084910412242347E-002   2.2250261077687728E-002   3.0856631936377443E-002   3.7959323173903524E-003  0.34139247178099269       0.11858420879859098     
 0.0090   7.2240561992663349E-002   2.3413863520549381E-002   3.4295931128201694E-002   4.0851922674572539E-003  0.34393504948070297       0.11333910798503842     
 0.0100   7.9115402291956238E-002   2.4228535600954931E-002   3.7607673881572851E-002   4.3240680173988744E-003  0.34665078911317226       0.10801371599051914     
 0.0300  0.17095182491222874        1.4294380617622534E-002   7.8858865781540763E-002   3.0944543367672612E-003  0.40237143986379442        3.4558668873215986E-002
 0.0500  0.22922694287533363        7.2382070997194948E-003   9.5928157887849724E-002   1.2494241773769673E-003  0.42727490864231360        1.3775832721843873E-002
 0.0700  0.28162991266194992        4.7457727052249311E-003  0.10723992384539434        6.4527184905572611E-004  0.43507435578490883        7.4474102257175191E-003
 0.0900  0.33149596939744158        3.4267166918395429E-003  0.11682746633867126        4.4915301390570714E-004  0.43745207346651260        4.5995219720698392E-003
 0.1100  0.37937206027703690        2.6457525980815135E-003  0.12551409780170256        3.6124531638066841E-004  0.43801829631145822        3.1191089785570485E-003
 0.1300  0.42565765925748267        2.2008052257836944E-003  0.13351927504941447        3.0210006016943738E-004  0.43772182810428067        2.3167232625520735E-003
 0.1500  0.47072304125559616        1.9563679831246200E-003  0.14094276429061484        2.5491254546880141E-004  0.43683413030977453        1.8580028096011043E-003
 0.1700  0.51484730780556409        1.8225875165258376E-003  0.14785442714599981        2.1570653601477602E-004  0.43548999196097482        1.5740473216855138E-003
 0.1900  0.55823509756761514        1.7494762908862229E-003  0.15431090403767384        1.8293413421443025E-004  0.43378343948802089        1.3835541708277352E-003
 0.2100  0.60104524590083419        1.7127854512853846E-003  0.16035941227420183        1.5559380159646495E-004  0.43178217214129316        1.2481437780860875E-003
 0.2300  0.64340512691288765        1.7011521147269346E-003  0.16603950141662407        1.3285934804927154E-004  0.42953653450255963        1.1486157198188594E-003
 0.2500  0.68541788806399206        1.7088747879257194E-003  0.17138446273347413        1.1400007104043991E-004  0.42708595674292416        1.0742373634070306E-003
 0.2700  0.72716759515752738        1.7326093143592227E-003  0.17642255033500534        9.8368249051529973E-005  0.42446258118399938        1.0182587717163379E-003
 0.2900  0.76872338926553085        1.7699863462459092E-003  0.18117799463979831        8.5400224007867433E-005  0.42169322712743529        9.7602224928039667E-004
 0.3100  0.81014280506927794        1.8190682819761064E-003  0.18567181015363415        7.4616031304680262E-005  0.41880055749124395        9.4411895282934925E-004
 0.3300  0.85147434818947443        1.8781562089592795E-003  0.18992242393294467        6.5614702420861899E-005  0.41580386434065020        9.1997568520550156E-004
 0.3500  0.89275947224524210        1.9457341096694972E-003  0.19394615926725303        5.8066251826066865E-005  0.41271964855198212        9.0162550793464766E-004
 0.3700  0.93403408924424303        2.0204590126138441E-003  0.19775760739670165        5.1702048808346905E-005  0.40956207300537623        8.8756179109235149E-004
 0.3900  0.97532972979632260        2.1011607513319766E-003  0.20136991458776990        4.6305007233255720E-005  0.40634332667404766        8.7663453979624107E-004
 0.4100   1.0166744379145161        2.1868374135200408E-003  0.20479500585294383        4.1700447581778501E-005  0.40307392346839721        8.6797103564864239E-004


# triplet j3 / nf 2 / mode 2 / nplat  8 / jkb  20 / start  8001 / nmeas  2000
 0.0010  0.12966924303144792        9.9772205071399760E-003   4.0456033339158646E-003   5.6385644403253801E-004   2.1936617945514925E-002   2.2772572069974521E-003
 0.0020  0.12992614681237480        9.9611472982166164E-003   8.0719589198449491E-003   1.1181342244855294E-003   4.3734373369395278E-002   4.5186199969512349E-003
 0.0030  0.13035243122595810        9.9346888182787509E-003   1.2060279833804588E-002   1.6536459897377709E-003   6.5258213724531236E-002   6.6897527549112396E-003
 0.0050  0.13170099116881581        9.8527192470177771E-003   1.9852548038655715E-002   2.6356963048170981E-003  0.10698406226578756        1.0700156507173670E-002
 0.0060  0.13261473202895127        9.7986386253364702E-003   2.3624907237055539E-002   3.0687814467238936E-003  0.12696496782012753        1.2490205452054327E-002
 0.0070  0.13368098224935882        9.7369766665392279E-003   2.7296632085006069E-002   3.4565735973293146E-003  0.14623418969652971        1.4112985950068480E-002
 0.0080  0.13489348174495208        9.6687008540685543E-003   3.0856631936377443E-002   3.7959323173903524E-003  0.16471884448272364        1.5557787487049016E-002
 0.0090  0.13624539886341172        9.5948184506896624E-003   3.4295931128201694E-002   4.0851922674572539E-003  0.18236257129218031        1.6819484996744932E-002
 0.0100  0.13772944631358913        9.5163451848842059E-003   3.7607673881572851E-002   4.3240680173988744E-003  0.19912529505904769        1.7898088574762876E-002
 0.0300  0.18404756137794021        8.0446140965140314E-003   7.8858865781540763E-002   3.0944543367672612E-003  0.37374106683231179        1.7906319436816993E-002
 0.0500  0.23844808667191456        7.6376881801202756E-003   9.5928157887849724E-002   1.2494241773769673E-003  0.41075154949838877        1.3425880983383719E-002
 0.0700  0.29079850790574324        7.8222927643438692E-003  0.10723992384539434        6.4527184905572611E-004  0.42135688282442540        1.1404899655396055E-002
 0.0900  0.34052187867167738        8.0235285805118160E-003  0.11682746633867126        4.4915301390570714E-004  0.42585692209962489        1.0067568344892572E-002
 0.1100  0.38792268656182194        7.9516981080102189E-003  0.12551409780170256        3.6124531638066841E-004  0.42836345815065724        8.8022710856278767E-003
 0.1300  0.43361712264873709        7.7139354222230515E-003  0.13351927504941447        3.0210006016943738E-004  0.42968701885812621        7.6594606360807513E-003
 0.1500  0.47813112727722823        7.4568672846810295E-003  0.14094276429061484        2.5491254546880141E-004  0.43006589325115002        6.7185144588637119E-003
 0.1700  0.52179247736952061        7.2385606095464036E-003  0.14785442714599981        2.1570653601477602E-004  0.42969352695093382        5.9691540646468399E-003
 0.1900  0.56480938824860705        7.0694189190388702E-003  0.15431090403767384        1.8293413421443025E-004  0.42873426983339136        5.3722530675568408E-003
 0.2100  0.60732734513977138        6.9442309619470611E-003  0.16035941227420183        1.5559380159646495E-004  0.42731588476480231        4.8903610790612725E-003
 0.2300  0.64945617967905189        6.8545373607960007E-003  0.16603950141662407        1.3285934804927154E-004  0.42553449661825654        4.4944326311038355E-003
 0.2500  0.69128318604693328        6.7925618140313544E-003  0.17138446273347413        1.1400007104043991E-004  0.42346228058359003        4.1633312861702083E-003
 0.2700  0.73288005616683005        6.7521250343563939E-003  0.17642255033500534        9.8368249051529973E-005  0.42115409171901985        3.8819267429774013E-003
 0.2900  0.77430693413436513        6.7285813066132174E-003  0.18117799463979831        8.5400224007867433E-005  0.41865238769961610        3.6393481033913815E-003
 0.3100  0.81561503944145797        6.7185056986640776E-003  0.18567181015363415        7.4616031304680262E-005  0.41599068433421982        3.4276797597710580E-003
 0.3300  0.85684851008230800        6.7193768972550454E-003  0.18992242393294467        6.5614702420861899E-005  0.41319593860309151        3.2410545370857588E-003
 0.3500  0.89804578391839851        6.7293214917057568E-003  0.19394615926725303        5.8066251826066865E-005  0.41029019034957093        3.0750386450967464E-003
 0.3700  0.93924066861197986        6.7469221700819267E-003  0.19775760739670165        5.1702048808346905E-005  0.40729170981692037        2.9262153165616682E-003
 0.3900  0.98046319695818551        6.7710849922166831E-003  0.20136991458776990        4.6305007233255720E-005  0.40421581170928927        2.7919037742262232E-003
 0.4100   1.0217403140597237        6.8009444067000735E-003  0.20479500585294383        4.1700447581778501E-005  0.40107544837100134        2.6699650043065628E-003


