# triplet j1 / nf 6 / mode 2 / nplat  8 / jkb  20 / start  2001 / nmeas  2000
 0.0010   3.4774910835508933E-003   7.6708368757556137E-004   1.6264267784880406E-003   7.2111808941903861E-005  0.51864026536929886       0.11498076221488426     
 0.0020   7.2071339604553282E-003   8.0111908685968447E-004   3.2520634548982149E-003   1.4441202213852001E-004  0.50043411326457965        5.6725316480761311E-002
 0.0030   1.0979157786643963E-002   1.0172640082218220E-003   4.8762394475889608E-003   2.1760518100513005E-004  0.49266205080889702        4.6952125469837312E-002
 0.0050   1.8381051327127793E-002   1.5701514121364583E-003   8.1187992905162442E-003   3.7494724742357624E-004  0.49020253722437912        4.3377177272663860E-002
 0.0060   2.2062167864330295E-002   1.8452619548977344E-003   9.7374102981316393E-003   4.6719363080286033E-004  0.48996400203936730        4.2632547377540672E-002
 0.0070   2.5736995177509617E-002   2.1056358558541660E-003   1.1355172972366831E-002   5.7714694822250383E-004  0.48989505279705792        4.1969178856633954E-002
 0.0080   2.9407842178792491E-002   2.3431050349565076E-003   1.2973451643926163E-002   7.1400794511617207E-004  0.48991935925690167        4.1297438428013707E-002
 0.0090   3.3077189881595317E-002   2.5499118509952848E-003   1.4594174290696678E-002   8.8914533959082772E-004  0.49000150106523144        4.0616311332412031E-002
 0.0100   3.6748989067304408E-002   2.7195810405598710E-003   1.6219826382730274E-002   1.1158702538641130E-003  0.49010902738228679        3.9996841253257268E-002
 0.0300  0.12221234095625701        2.0615125785196295E-002   5.3635589345129034E-002   1.6656827131936305E-002  0.46418071234382990       0.10642306592760255     
 0.0500  0.19758768746557462        1.7903034774265542E-002   8.1620361342363043E-002   5.6924186406529798E-003  0.45723490655405646        4.4391427594417318E-002
 0.0700  0.24801436964828694        1.5667973572707841E-002   9.4986458692800396E-002   1.4191269998694008E-003  0.46496260097991793        2.9578030630111427E-002
 0.0900  0.29475631604502095        1.3173522814510804E-002  0.10603990809780452        1.0713483316554463E-003  0.46871386866400716        2.1081584558340125E-002
 0.1100  0.34219232232425600        1.0578092309677670E-002  0.11624155242731468        1.0472049433288078E-003  0.46732797562887451        1.4598937178596559E-002
 0.1300  0.39028293833872491        8.6063284150913778E-003  0.12561745170760555        9.0231979640399121E-004  0.46305448763141377        1.0345597671847647E-002
 0.1500  0.43814948629418582        7.4155792783289322E-003  0.13419814204769517        7.1855648405105864E-004  0.45794315520884427        7.8469512797227931E-003
 0.1700  0.48496309288344547        6.6442782231284428E-003  0.14206095560177617        5.5258182569443732E-004  0.45317728749323594        6.2710400489158248E-003
 0.1900  0.53056450435795965        5.9662020511908904E-003  0.14929501244183621        4.2672447263337760E-004  0.44892754809521579        5.0887996118702539E-003
 0.2100  0.57518487326366852        5.3286071862487490E-003  0.15598245465118837        3.4174587811843524E-004  0.44499493147161090        4.1512274435178001E-003
 0.2300  0.61905369994665882        4.7611627773910051E-003  0.16219267128971171        2.8734568222344012E-004  0.44123119104226260        3.4159578197287804E-003
 0.2500  0.66234336582274966        4.2876565835882419E-003  0.16798244592306319        2.5116996835344911E-004  0.43755611915631065        2.8513308917530364E-003
 0.2700  0.70519217008908441        3.9163406222625236E-003  0.17339796568429486        2.2426424393401790E-004  0.43392172799030637        2.4261010181460055E-003
 0.2900  0.74771427642029942        3.6426847377645090E-003  0.17847701314427269        2.0186806574671109E-004  0.43029813973744585        2.1103863482369594E-003
 0.3100  0.79000275839557799        3.4540123274847331E-003  0.18325083740694886        1.8196048317322360E-004  0.42666814631300054        1.8774468398061025E-003
 0.3300  0.83213253417460309        3.3342292920772510E-003  0.18774563331716571        1.6382966793125614E-004  0.42302339662171035        1.7050100615184792E-003
 0.3500  0.87416391411322469        3.2674567511955335E-003  0.19198367720900805        1.4726214695392993E-004  0.41936125013258641        1.5757217122542065E-003
 0.3700  0.91614592766006953        3.2400667629251803E-003  0.19598418661124639        1.3218807790806080E-004  0.41568247939358582        1.4767827318069309E-003
 0.3900  0.95811898132614404        3.2413499682422747E-003  0.19976396538635333        1.1855469707792262E-004  0.41198977010626930        1.3991270896048609E-003
 0.4100   1.0001168691557885        3.2633560940775364E-003  0.20333788559433147        1.0629306024152522E-004  0.40828678668069068        1.3364966461479730E-003


# triplet j3 / nf 6 / mode 2 / nplat  8 / jkb  20 / start  2001 / nmeas  2000
 0.0010  0.17983879608855718        4.9261177618743199E-002   1.6264267784880406E-003   7.2111808941903861E-005   1.0028797665572025E-002   2.7560554304251542E-003
 0.0020  0.17991771971449017        4.9222592307044566E-002   3.2520634548982149E-003   1.4441202213852001E-004   2.0046361739149060E-002   5.5023933600442526E-003
 0.0030  0.18004396881804272        4.9150973952491586E-002   4.8762394475889608E-003   2.1760518100513005E-004   3.0042741374963700E-002   8.2288455711928259E-003
 0.0050  0.18040497674292041        4.8861857410319745E-002   8.1187992905162442E-003   3.7494724742357624E-004   4.9945617687973121E-002   1.3576615084872665E-002
 0.0060  0.18061698701889287        4.8612091960607916E-002   9.7374102981316393E-003   4.6719363080286033E-004   5.9848568171170312E-002   1.6171780089470511E-002
 0.0070  0.18083211510408878        4.8266388424627500E-002   1.1355172972366831E-002   5.7714694822250383E-004   6.9724487843689509E-002   1.8694516230742492E-002
 0.0080  0.18103626534057937        4.7804072814390940E-002   1.2973451643926163E-002   7.1400794511617207E-004   7.9583342985217131E-002   2.1128420747015632E-002
 0.0090  0.18121620398903562        4.7205499388500743E-002   1.4594174290696678E-002   8.8914533959082772E-004   8.9439422834295984E-002   2.3457081531953236E-002
 0.0100  0.18136090948777073        4.6454192918229185E-002   1.6219826382730274E-002   1.1158702538641130E-003   9.9310327346331190E-002   2.5665927919228337E-002
 0.0300  0.19393831636361006        2.3774362186171433E-002   5.3635589345129034E-002   1.6656827131936305E-002  0.29250852820606810        5.7868515235512751E-002
 0.0500  0.23548112852397773        2.6161313146772610E-002   8.1620361342363043E-002   5.6924186406529798E-003  0.38365701906067984        4.4673584885428698E-002
 0.0700  0.27815918502753140        2.5227897605556878E-002   9.4986458692800396E-002   1.4191269998694008E-003  0.41457342629418664        3.7727433387656280E-002
 0.0900  0.32206357852187689        2.2298499361354189E-002  0.10603990809780452        1.0713483316554463E-003  0.42897235955921031        2.9779420550664903E-002
 0.1100  0.36660385574238541        1.9539925725539396E-002  0.11624155242731468        1.0472049433288078E-003  0.43620939268001530        2.3332768841851471E-002
 0.1300  0.41164965039693052        1.7673607892624163E-002  0.12561745170760555        9.0231979640399121E-004  0.43901960288186964        1.8914534344223667E-002
 0.1500  0.45740179875202924        1.6970723960087641E-002  0.13419814204769517        7.1855648405105864E-004  0.43866805673729015        1.6317972716409508E-002
 0.1700  0.50385847235069636        1.7523163894552853E-002  0.14206095560177617        5.5258182569443732E-004  0.43618252153609205        1.5193234844129192E-002
 0.1900  0.54894623051195446        1.7720224050683443E-002  0.14929501244183621        4.2672447263337760E-004  0.43389499519039920        1.4020039709145407E-002
 0.2100  0.59133195780425851        1.6223033761108573E-002  0.15598245465118837        3.4174587811843524E-004  0.43284376885681336        1.1884415641099178E-002
 0.2300  0.63278006022379552        1.4423264998294622E-002  0.16219267128971171        2.8734568222344012E-004  0.43165993765666411        9.8464629865288398E-003
 0.2500  0.67416779623879763        1.2984553335372682E-002  0.16798244592306319        2.5116996835344911E-004  0.42988169164294548        8.2858085095975226E-003
 0.2700  0.71562860711623544        1.1924258781614509E-002  0.17339796568429486        2.2426424393401790E-004  0.42759358970202271        7.1301999361309369E-003
 0.2900  0.75714813001890402        1.1148619556372950E-002  0.17847701314427269        2.0186806574671109E-004  0.42493674545660198        6.2615897965766377E-003
 0.3100  0.79870589623954835        1.0575005037213111E-002  0.18325083740694886        1.8196048317322360E-004  0.42201893599857004        5.5915311147682768E-003
 0.3300  0.84029401083266575        1.0144324409549330E-002  0.18774563331716571        1.6382966793125614E-004  0.41891472092863796        5.0605874083928760E-003
 0.3500  0.88191499834348319        9.8160250141468650E-003  0.19198367720900805        1.4726214695392993E-004  0.41567551581715956        4.6293609866672435E-003
 0.3700  0.92357792177606723        9.5623685610940912E-003  0.19598418661124639        1.3218807790806080E-004  0.41233749932408009        4.2714470893266063E-003
 0.3900  0.96529555833233904        9.3642268173092270E-003  0.19976396538635333        1.1855469707792262E-004  0.40892679495279383        3.9688096244558154E-003
 0.4100   1.0070826136647599        9.2082346974531274E-003  0.20333788559433147        1.0629306024152522E-004  0.40546276668092396        3.7088530469588481E-003


