# triplet j1 / nf 3 / mode 2 / nplat  8 / jkb  20 / start  6001 / nmeas  2000
 0.0010   3.5329918734066184E-003   9.6494310559512694E-004   1.6303902645892583E-003   7.5532978833695597E-005  0.51111443441115001       0.14009852766936398     
 0.0020   7.0624637289793618E-003   1.7510572846922694E-003   3.2910556001437188E-003   1.5797501108134185E-004  0.51373762658482747       0.12797076934268106     
 0.0030   1.0658040304499383E-002   2.6428018981223670E-003   4.9810952744547693E-003   2.5058916368069151E-004  0.51293305975594539       0.12784127625312924     
 0.0050   1.7646120911022113E-002   4.3382876235565811E-003   8.4446557137564642E-003   4.7506313754171973E-004  0.52076492241527617       0.12886495754330604     
 0.0060   2.1350660533648712E-002   5.2573674042475345E-003   1.0215320813399882E-002   6.0922512544804716E-004  0.51856752118924365       0.12862448025075265     
 0.0070   2.5106314738627743E-002   6.1983876727883932E-003   1.2009646539414349E-002   7.5838003571954561E-004  0.51647126278572419       0.12854782496173325     
 0.0080   2.8910803314851144E-002   7.1556910954257008E-003   1.3825671476284990E-002   9.2211537305373834E-004  0.51444973601633803       0.12848160615725368     
 0.0090   3.2761843601974629E-002   8.1241177280066863E-003   1.5661231963699469E-002   1.0995795563042590E-003  0.51248467236509188       0.12835052006601005     
 0.0100   3.6656992723951641E-002   9.0985020037210422E-003   1.7513974637197061E-002   1.2895576765221519E-003  0.51056439195504499       0.12811178078664961     
 0.0300  0.11868431916830399        2.2404340876280730E-002   5.3916032627237202E-002   4.8145435423375006E-003  0.47922696421534278        9.2960847389005147E-002
 0.0500  0.19262354618139851        1.8925532102287718E-002   8.0059923697280558E-002   3.9138157674300294E-003  0.46451336281737599        4.7030226067619051E-002
 0.0700  0.25403292490114038        1.2833890044852445E-002   9.7227930673891350E-002   2.2834897862546153E-003  0.45927153628923034        2.3821215858015950E-002
 0.0900  0.30872801918783666        9.1098220940017682E-003  0.10999750609928385        1.3586154610744220E-003  0.45577618141550247        1.3740250759325967E-002
 0.1100  0.35981668890082308        6.9809155361366775E-003  0.12048929804606116        8.7978751094794491E-004  0.45248509163596345        8.9328843917716484E-003
 0.1300  0.40848790016385883        5.6192847854643919E-003  0.12960677185409164        6.1985733576469385E-004  0.44938784762255540        6.2746241647219560E-003
 0.1500  0.45536420595998456        4.6602340645077065E-003  0.13777891433655928        4.6831457807502519E-004  0.44647085780574330        4.6317937630547803E-003
 0.1700  0.50088963209578086        3.9635579642681293E-003  0.14523366233647153        3.7195661166539943E-004  0.44364037192559225        3.5562125885462191E-003
 0.1900  0.54540469100069844        3.4637602127156665E-003  0.15210622403625865        3.0479912431148376E-004  0.44080490862530552        2.8340916261430185E-003
 0.2100  0.58916322279619582        3.1150209811432357E-003  0.15848539936496084        2.5424221063471915E-004  0.43790877245281562        2.3418007372860076E-003
 0.2300  0.63234990844319461        2.8786943252116005E-003  0.16443459467362675        2.1415660874022393E-004  0.43492868510983573        2.0001127812901169E-003
 0.2500  0.67510021147420118        2.7236002806681646E-003  0.17000200433695378        1.8142953569574291E-004  0.43186079412611644        1.7574578060128227E-003
 0.2700  0.71751670619200303        2.6267542514548069E-003  0.17522593823548990        1.5432273571203373E-004  0.42871043996672914        1.5807777072773443E-003
 0.2900  0.75968006738255489        2.5722472000838043E-003  0.18013784510079159        1.3173011613740399E-004  0.42548646251672062        1.4490561869023551E-003
 0.3100  0.80165586864523908        2.5493173180794744E-003  0.18476416346120814        1.1285436910490342E-004  0.42219855107156873        1.3487958332002073E-003
 0.3300  0.84349876621802511        2.5505996132825178E-003  0.18912752982037628        9.7069073891492333E-005  0.41885614492377410        1.2711040508801316E-003
 0.3500  0.88525520090305532        2.5708797745847738E-003  0.19324760841556327        8.3859367152558286E-005  0.41546801689808355        1.2099282557919179E-003
 0.3700  0.92696525507268845        2.6063072706100964E-003  0.19714168405880506        7.2794561564012815E-005  0.41204214078894758        1.1610156473295490E-003
 0.3900  0.96866400564052735        2.6539279174351569E-003  0.20082509911924465        6.3513127351684902E-005  0.40858567305751620        1.1212985252586388E-003
 0.4100   1.0103825484833038        2.7114116586392321E-003  0.20431158391357210        5.5712356036316583E-005  0.40510498286845575        1.0885214887862329E-003


# triplet j3 / nf 3 / mode 2 / nplat  8 / jkb  20 / start  6001 / nmeas  2000
 0.0010  0.17271046266496912        3.2815240344803653E-002   1.6303902645892583E-003   7.5532978833695597E-005   1.0455435734998330E-002   2.0012569799490640E-003
 0.0020  0.17198851773435517        3.2352019740039255E-002   3.2910556001437188E-003   1.5797501108134185E-004   2.1095904550856737E-002   4.0004301430772663E-003
 0.0030  0.17136779592865284        3.1891776119983145E-002   4.9810952744547693E-003   2.5058916368069151E-004   3.1901333589335105E-002   5.9908659959370062E-003
 0.0050  0.17043362111427454        3.0972263618211586E-002   8.4446557137564642E-003   4.7506313754171973E-004   5.3918239412384078E-002   9.9150376294323862E-003
 0.0060  0.17012100970273533        3.0509717171800083E-002   1.0215320813399882E-002   6.0922512544804716E-004   6.5081668208022678E-002   1.1832068054397717E-002
 0.0070  0.16991135121363013        3.0043576511859998E-002   1.2009646539414349E-002   7.5838003571954561E-004   7.6314442704018312E-002   1.3707294865344529E-002
 0.0080  0.16980423704590311        2.9572863398759235E-002   1.3825671476284990E-002   9.2211537305373834E-004   8.7590011840074325E-002   1.5531685880947110E-002
 0.0090  0.16979900585613472        2.9096838811032491E-002   1.5661231963699469E-002   1.0995795563042590E-003   9.8881277895466191E-002   1.7296250395873000E-002
 0.0100  0.16989479115042810        2.8614993465854319E-002   1.7513974637197061E-002   1.2895576765221519E-003  0.11016085351571250        1.8992207567446996E-002
 0.0300  0.19056713540821840        1.8557217148696736E-002   5.3916032627237202E-002   4.8145435423375006E-003  0.29846030824336078        3.1973083134235802E-002
 0.0500  0.23330475210699700        1.3484880906091554E-002   8.0059923697280558E-002   3.9138157674300294E-003  0.38351645385043182        2.4067715254191126E-002
 0.0700  0.28110573932440297        1.2810814129143047E-002   9.7227930673891350E-002   2.2834897862546153E-003  0.41503987776198781        1.9532422118566442E-002
 0.0900  0.32903259379196464        1.2546261137602120E-002  0.10999750609928385        1.3586154610744220E-003  0.42765027032662467        1.6519113612373619E-002
 0.1100  0.37646885049805573        1.2293110349557964E-002  0.12048929804606116        8.7978751094794491E-004  0.43247054101300403        1.4209765818754090E-002
 0.1300  0.42286031877847430        1.1918010868189480E-002  0.12960677185409164        6.1985733576469385E-004  0.43411379616979662        1.2279141718571678E-002
 0.1500  0.46801770701558099        1.1364232599735133E-002  0.13777891433655928        4.6831457807502519E-004  0.43439990539122292        1.0573742413164781E-002
 0.1700  0.51217551420544649        1.0747296257394175E-002  0.14523366233647153        3.7195661166539943E-004  0.43386467434190795        9.1209881189264052E-003
 0.1900  0.55562142612082932        1.0177929387011456E-002  0.15210622403625865        3.0479912431148376E-004  0.43269941308579613        7.9380789901261559E-003
 0.2100  0.59855477223558062        9.6995570445370816E-003  0.15848539936496084        2.5424221063471915E-004  0.43103781915463985        6.9935024946699322E-003
 0.2300  0.64110276794475141        9.3144385390895260E-003  0.16443459467362675        2.1415660874022393E-004  0.42899068286697023        6.2389668650882045E-003
 0.2500  0.68335304139894781        9.0101981533656922E-003  0.17000200433695378        1.8142953569574291E-004  0.42664522696072776        5.6300397577181199E-003
 0.2700  0.72537230429113653        8.7719976920097743E-003  0.17522593823548990        1.5432273571203373E-004  0.42406761462399362        5.1316896391757766E-003
 0.2900  0.76721512234078859        8.5865813126055641E-003  0.18013784510079159        1.3173011613740399E-004  0.42130762950666972        4.7177410342461997E-003
 0.3100  0.80892803414463621        8.4431257408111495E-003  0.18476416346120814        1.1285436910490342E-004  0.41840303699936249        4.3689193916602795E-003
 0.3300  0.85055168783780366        8.3330698328681896E-003  0.18912752982037628        9.7069073891492333E-005  0.41538291736764549        4.0710072436533368E-003
 0.3500  0.89212212250491418        8.2497061907093102E-003  0.19324760841556327        8.3859367152558286E-005  0.41227003959413749        3.8134272213460668E-003
 0.3700  0.93367165312831479        8.1877891507399422E-003  0.19714168405880506        7.2794561564012815E-005  0.40908251509766252        3.5882246102689154E-003
 0.3900  0.97522954046512889        8.1432129403872008E-003  0.20082509911924465        6.3513127351684902E-005  0.40583495299215300        3.3893487223082561E-003
 0.4100   1.0168225220206730        8.1127624402628912E-003  0.20431158391357210        5.5712356036316583E-005  0.40253927910695286        3.2121459363918625E-003


