# triplet j1 / nf 5 / mode 2 / nplat  8 / jkb  20 / start  8001 / nmeas  2000
 0.0010   3.6502588873108801E-003   3.3029662021475028E-003   1.8712696949539020E-003   1.2456921105269257E-004  0.52998005142311322       0.47988105789065871     
 0.0020   7.3049968675462174E-003   6.4442171498680558E-003   3.7422051398255593E-003   2.4991718074154152E-004  0.52963143912951627       0.46755724288840467     
 0.0030   1.0974998389936126E-002   9.3120191358775362E-003   5.6130430425967446E-003   3.7757214583391678E-004  0.52877430885170562       0.44900448658678499     
 0.0050   1.8209783969360273E-002   1.5740071364731160E-002   9.3583089518361941E-003   6.4965130013677590E-004  0.53124382594538544       0.45956364893034385     
 0.0060   2.1864567715581859E-002   1.9030122341447790E-002   1.1235978846538911E-002   8.0056386148438493E-004  0.53107417625392439       0.46261463213671195     
 0.0070   2.5545234610080212E-002   2.2389699347303244E-002   1.3119876572825651E-002   9.6647750709886343E-004  0.53054105526661799       0.46541513684082697     
 0.0080   2.9256143298241562E-002   2.5829260077756072E-002   1.5012536262073242E-002   1.1515011184520881E-003  0.52974876328365350       0.46813834121740128     
 0.0090   3.3002583186972988E-002   2.9354423946327292E-002   1.6916656791140121E-002   1.3597056511663011E-003  0.52874416448972617       0.47077573419514451     
 0.0100   3.6790261222702417E-002   3.2964164697434510E-002   1.8834970921251856E-002   1.5948548532556004E-003  0.52755118558800884       0.47321455656990746     
 0.0300  0.12400918862287742        6.3258206075225337E-002   5.9915617332747473E-002   8.0161657523950738E-003  0.48349476750494247       0.24874676589329528     
 0.0500  0.19838450150360099        2.3379144195670082E-002   8.7000200116536489E-002   3.7170523226570953E-003  0.47016726154314525        5.6311070776542863E-002
 0.0700  0.25195585688870270        1.6076368258006804E-002  0.10038881833841695        1.3040517780906629E-003  0.47052448787221529        3.0177562702010146E-002
 0.0900  0.30254753900009984        1.4453517919996486E-002  0.11029396123285705        7.0977947359753273E-004  0.46571314395882962        2.2298790260275477E-002
 0.1100  0.35183274684571997        1.1586231876872872E-002  0.11927447205179198        6.2069670430142925E-004  0.46041433071621862        1.5209194772538990E-002
 0.1300  0.39958676689208034        8.8464079626782641E-003  0.12773707878876803        5.5454806739520181E-004  0.45607268962299485        1.0145360077032801E-002
 0.1500  0.44596461846683161        6.8621234870872337E-003  0.13570808499221212        4.8418862444464723E-004  0.45244217762063571        7.0084262797674409E-003
 0.1700  0.49130204470116962        5.6067879771009880E-003  0.14318533376592504        4.1794570947872802E-004  0.44909700111445505        5.1668807580603675E-003
 0.1900  0.53589185624724223        4.8473330822721133E-003  0.15018381060388911        3.5847540944717704E-004  0.44578576956568383        4.0672379881413773E-003
 0.2100  0.57991066768499633        4.3686940443744306E-003  0.15673034290383969        3.0685304306661082E-004  0.44242543772750537        3.3609855628575673E-003
 0.2300  0.62346216071773841        4.0384174402033762E-003  0.16285631763473077        2.6313035126757409E-004  0.43900667217319833        2.8656553505938998E-003
 0.2500  0.66662524381478316        3.7911567777309664E-003  0.16859375977709048        2.2643778860797372E-004  0.43553593618901404        2.4941403140764577E-003
 0.2700  0.70946996841722898        3.5980651569107029E-003  0.17397351025092145        1.9551647645362557E-004  0.43202057080434486        2.2043928104254077E-003
 0.2900  0.75205932015759835        3.4463781164976262E-003  0.17902437514906269        1.6919411982179803E-004  0.42846759547619817        1.9739020224405208E-003
 0.3100  0.79444906688979344        3.3295061005105806E-003  0.18377274506734223        1.4657875208667429E-004  0.42488396059938488        1.7887165660908930E-003
 0.3300  0.83668824767571948        3.2430402370676563E-003  0.18824248788167208        1.2704649397643413E-004  0.42127639555256929        1.6390624517864433E-003
 0.3500  0.87882016803146290        3.1833985609393397E-003  0.19245501704667348        1.1015702155520857E-004  0.41765109420814489        1.5175948528767663E-003
 0.3700  0.92088346042892355        3.1474442808620984E-003  0.19642946630907893        9.5575058307529681E-005  0.41401350254448743        1.4186174071901842E-003
 0.3900  0.96291296644968183        3.1323822154746220E-003  0.20018291732969029        8.3020711073728871E-005  0.41036827007563192        1.3376486143003275E-003
 0.4100   1.0049403987548984        3.1357093376295389E-003  0.20373064202259555        7.2244978325391464E-005  0.40671931535325168        1.2711309822073381E-003


# triplet j3 / nf 5 / mode 2 / nplat  8 / jkb  20 / start  8001 / nmeas  2000
 0.0010  0.11480836018941391        3.6477906043264452E-002   1.8712696949539020E-003   1.2456921105269257E-004   1.6850379097941997E-002   5.3831454593127829E-003
 0.0020  0.11496681005501831        3.6436979090038013E-002   3.7422051398255593E-003   2.4991718074154152E-004   3.3652808162143409E-002   1.0724778357529908E-002
 0.0030  0.11523483014431907        3.6361474296446497E-002   5.6130430425967446E-003   3.7757214583391678E-004   5.0360617367327748E-002   1.5980925502432023E-002
 0.0050  0.11611113635879096        3.6085406249179962E-002   9.3583089518361941E-003   6.4965130013677590E-004   8.3315309873715451E-002   2.6053998442756215E-002
 0.0060  0.11672457219996732        3.5876067130074567E-002   1.1235978846538911E-002   8.0056386148438493E-004   9.9479544622430707E-002   3.0780395204703302E-002
 0.0070  0.11745782648990541        3.5615028850551178E-002   1.3119876572825651E-002   9.6647750709886343E-004  0.11538435651395308        3.5243500180062705E-002
 0.0080  0.11831269399779273        3.5300705705879017E-002   1.5012536262073242E-002   1.1515011184520881E-003  0.13099529058971437        3.9406337107673245E-002
 0.0090  0.11929056762840706        3.4932877969978418E-002   1.6916656791140121E-002   1.3597056511663011E-003  0.14628083024598926        4.3238180309892689E-002
 0.0100  0.12039234311035513        3.4512738307249768E-002   1.8834970921251856E-002   1.5948548532556004E-003  0.16121246106439330        4.6715888625866737E-002
 0.0300  0.16381811120905593        2.2540906077803565E-002   5.9915617332747473E-002   8.0161657523950738E-003  0.36600222880838701        5.5997120873755038E-002
 0.0500  0.21938983892824682        1.6423266525570197E-002   8.7000200116536489E-002   3.7170523226570953E-003  0.42515140291003189        3.3096864125687138E-002
 0.0700  0.27186290543270308        1.5118734291677673E-002  0.10038881833841695        1.3040517780906629E-003  0.43607052731329027        2.4415418767267820E-002
 0.0900  0.32264972953595411        1.5477706259115282E-002  0.11029396123285705        7.0977947359753273E-004  0.43669760947077452        2.0995726240027518E-002
 0.1100  0.37122506547303086        1.5811380760333157E-002  0.11927447205179198        6.2069670430142925E-004  0.43636287990577316        1.8620407622879635E-002
 0.1300  0.41742458583606612        1.5416618607043594E-002  0.12773707878876803        5.5454806739520181E-004  0.43658331995278910        1.6152027507971164E-002
 0.1500  0.46201792303103684        1.4559117361642311E-002  0.13570808499221212        4.8418862444464723E-004  0.43672159252431164        1.3784013700992000E-002
 0.1700  0.50572805603529369        1.3627807202098413E-002  0.14318533376592504        4.1794570947872802E-004  0.43628640389549017        1.1773799894284448E-002
 0.1900  0.54890422794757432        1.2773216330809137E-002  0.15018381060388911        3.5847540944717704E-004  0.43521793307078749        1.0141002412257268E-002
 0.2100  0.59169965786397527        1.2020936414096366E-002  0.15673034290383969        3.0685304306661082E-004  0.43361057858236274        8.8194283039855562E-003
 0.2300  0.63420452608109401        1.1367959044908246E-002  0.16285631763473077        2.6313035126757409E-004  0.43157063241710181        7.7436494276295793E-003
 0.2500  0.67648866243143835        1.0809703429244347E-002  0.16859375977709048        2.2643778860797372E-004  0.42918568451474531        6.8640696041377697E-003
 0.2700  0.71860863271363340        1.0341138392115423E-002  0.17397351025092145        1.9551647645362557E-004  0.42652649407608040        6.1426075396032974E-003
 0.2900  0.76060828958811866        9.9546414793334898E-003  0.17902437514906269        1.6919411982179803E-004  0.42365177052945968        5.5482560047771176E-003
 0.3100  0.80252120085328371        9.6402123457229785E-003  0.18377274506734223        1.4657875208667429E-004  0.42061027880101010        5.0553260948272630E-003
 0.3300  0.84437445946515310        9.3870609427183106E-003  0.18824248788167208        1.2704649397643413E-004  0.41744158084233124        4.6429097250737326E-003
 0.3500  0.88619193887173398        9.1850052996283477E-003  0.19245501704667348        1.1015702155520857E-004  0.41417687150012661        4.2944045752994885E-003
 0.3700  0.92799623470095449        9.0251721821267006E-003  0.19642946630907893        9.5575058307529681E-005  0.41084023041357109        3.9968521419037478E-003
 0.3900  0.96980949891361001        8.9001522559575309E-003  0.20018291732969029        8.3020711073728871E-005  0.40745004943548252        3.7402119494267844E-003
 0.4100   1.0116536258544691        8.8038762226489726E-003  0.20373064202259555        7.2244978325391464E-005  0.40402036873756381        3.5167011751949468E-003


