# triplet j1 / nf 1 / mode 2 / nplat  8 / jkb  20 / start  2001 / nmeas  2000
 0.0010   3.7567987737426527E-002   3.5895688438118919E-003  0.10404718465991990        1.3355565776874547E-002  0.38398320663834012        4.4197536436601570E-002
 0.0020   5.2664314844607402E-002   4.6411473682032630E-003  0.10302664225557791        1.2107644682415677E-002  0.38546799972229001        4.0828826120671485E-002
 0.0030   6.3933744431163023E-002   5.2024050758914279E-003  0.10214275779254094        1.1003425608160547E-002  0.38721241569753750        3.7785648941693464E-002
 0.0050   8.1201323203777404E-002   5.6621986112657761E-003  0.10072708559583801        9.1509352272658301E-003  0.39084992046866912        3.2526842465579374E-002
 0.0060   8.8298328730623557E-002   5.7146331216248007E-003  0.10017088985386118        8.3723513372887613E-003  0.39265298682450517        3.0249727526263117E-002
 0.0070   9.4722156639143698E-002   5.6997886892538995E-003   9.9701996844562504E-002   7.6757944197985211E-003  0.39442494038145642        2.8174879790001200E-002
 0.0080  0.10062222451013690        5.6394385957653980E-003   9.9311601815857090E-002   7.0512018134122395E-003  0.39615584720086977        2.6282166882332324E-002
 0.0090  0.10610370668963603        5.5485430276175449E-003   9.8991923441520982E-002   6.4899422564826392E-003  0.39783737243705419        2.4553876014109185E-002
 0.0100  0.11124396998263619        5.4376468411963096E-003   9.8736064083944391E-002   5.9845795367116034E-003  0.39946287566654970        2.2974294844933702E-002
 0.0300  0.18544224173245835        3.4060018961462688E-003  0.10089969134116540        1.6629187324557905E-003  0.41957719514175218        8.4464199893552125E-003
 0.0500  0.24355915783196280        2.6964365888682063E-003  0.10786154047639071        7.5198394470494233E-004  0.42641143796219766        4.9492712650142465E-003
 0.0700  0.29634940722985786        2.2978587104917057E-003  0.11556661638417758        4.5874933631193760E-004  0.42921624810228215        3.4353946650646739E-003
 0.0900  0.34581319670994770        1.9862353234559771E-003  0.12319313369919263        3.3211898419471244E-004  0.43061379769094849        2.5405006514137942E-003
 0.1100  0.39292661031903925        1.7392727964626552E-003  0.13053670481604437        2.6116656561238263E-004  0.43128685475920975        1.9572174059122103E-003
 0.1300  0.43833189069913803        1.5529984965442552E-003  0.13754273220014177        2.1361717426007435E-004  0.43142214001964357        1.5648015992707754E-003
 0.1500  0.48248236342849032        1.4219028681189832E-003  0.14420185791059439        1.7862770679222893E-004  0.43108668845871573        1.2981908004291952E-003
 0.1700  0.52570403001046029        1.3386527877661191E-003  0.15052100902087998        1.5162925977890585E-004  0.43032513403738148        1.1170106871811172E-003
 0.1900  0.56823417379204144        1.2954510508112989E-003  0.15651351021137247        1.3021385263233283E-004  0.42918087946575378        9.9459423272185363E-004
 0.2100  0.61024816385298775        1.2848860083797666E-003  0.16219509510543170        1.1290266592837813E-004  0.42769780576711108        9.1274407709478103E-004
 0.2300  0.65187805086302775        1.3003111252505345E-003  0.16758211444396270        9.8703652833775300E-005  0.42591838830068285        8.5879507010085338E-004
 0.2500  0.69322531075422100        1.3360157892838352E-003  0.17269068776434454        8.6916301900198369E-005  0.42388207401401945        8.2386002716158628E-004
 0.2700  0.73436955380684077        1.3872862751863251E-003  0.17753630198015374        7.7029454652429797E-005  0.42162446338493670        8.0171910061341560E-004
 0.2900  0.77537452016349473        1.4503728390327477E-003  0.18213363490052789        6.8661240140724782E-005  0.41917710013413134        7.8806043425524075E-004
 0.3100  0.81629225963141816        1.5223814600696607E-003  0.18649649546289176        6.1521098454282862E-005  0.41656761516389557        7.7992910229505844E-004
 0.3300  0.85716608938875016        1.6011301575109787E-003  0.19063782471344151        5.5384561525679162E-005  0.41382004464648181        7.7532256312084493E-004
 0.3500  0.89803271886713454        1.6849970285601342E-003  0.19456972754728041        5.0075995217465774E-005  0.41095521441627003        7.7289493986380168E-004
 0.3700  0.93892380157724642        1.7727874875591236E-003  0.19830351886902917        4.5456353773831214E-005  0.40799113038665702        7.7174838243197676E-004
 0.3900  0.97986708199639627        1.8636234893324262E-003  0.20184977526532852        4.1414474972632501E-005  0.40494334722859804        7.7128721121207382E-004
 0.4100   1.0208872607003956        1.9568592769651336E-003  0.20521838740657872        3.7860617307441736E-005  0.40182529948883300        7.7111898803695314E-004


# triplet j3 / nf 1 / mode 2 / nplat  8 / jkb  20 / start  2001 / nmeas  2000
 0.0010  0.14213138886508384        7.6210864745044401E-003  0.10404718465991990        1.3355565776874547E-002  0.10149395227580624        8.4880870544041427E-003
 0.0020  0.14238041184227865        7.4952238492858357E-003  0.10302664225557791        1.2107644682415677E-002  0.14257865837881842        1.1248287486799315E-002
 0.0030  0.14284444899976623        7.4223033591666789E-003  0.10214275779254094        1.1003425608160547E-002  0.17330697691878902        1.2970425027038676E-002
 0.0050  0.14462341146362079        6.5285675749677226E-003  0.10072708559583801        9.1509352272658301E-003  0.21944946806990853        1.4053613880857289E-002
 0.0060  0.14636286719656505        6.6753492132455529E-003  0.10017088985386118        8.3723513372887613E-003  0.23688113776241349        1.4653241934558180E-002
 0.0070  0.14517264470989993        7.5333688323325687E-003   9.9701996844562504E-002   7.6757944197985211E-003  0.25735413899674892        1.6627932369824544E-002
 0.0080  0.14644729316323732        7.4368240095120568E-003   9.9311601815857090E-002   7.0512018134122395E-003  0.27219405519238365        1.6865153629232899E-002
 0.0090  0.14789484713930437        7.3456596723692168E-003   9.8991923441520982E-002   6.4899422564826392E-003  0.28541913860918061        1.6985344260613076E-002
 0.0100  0.14949930614531606        7.2587192910937544E-003   9.8736064083944391E-002   5.9845795367116034E-003  0.29724443073088780        1.7012916222032885E-002
 0.0300  0.19745225621902834        6.0947664438642316E-003  0.10089969134116540        1.6629187324557905E-003  0.39405645261705252        1.2589343151112882E-002
 0.0500  0.25120686420068877        5.7189455992866641E-003  0.10786154047639071        7.5198394470494233E-004  0.41342982824314223        9.5217895563643479E-003
 0.0700  0.30271254901016104        5.6264396491972936E-003  0.11556661638417758        4.5874933631193760E-004  0.42019394674736560        7.8544386730282929E-003
 0.0900  0.35165764318250975        5.6299095506886672E-003  0.12319313369919263        3.3211898419471244E-004  0.42345712318168649        6.8033803143717399E-003
 0.1100  0.39852884549167455        5.6746262386096549E-003  0.13053670481604437        2.6116656561238263E-004  0.42522413078186150        6.0696626693729243E-003
 0.1300  0.44380843287136973        5.7308546084476903E-003  0.13754273220014177        2.1361717426007435E-004  0.42609844319719764        5.5121075902752432E-003
 0.1500  0.48787995203356771        5.7816115297368714E-003  0.14420185791059439        1.7862770679222893E-004  0.42631742383177895        5.0589615478401741E-003
 0.1700  0.53103785328613962        5.8213099235980004E-003  0.15052100902087998        1.5162925977890585E-004  0.42600288431104860        4.6748290178598405E-003
 0.1900  0.57350719425310270        5.8514213292793936E-003  0.15651351021137247        1.3021385263233283E-004  0.42523484429549502        4.3422218194657395E-003
 0.2100  0.61546009180101591        5.8759538632101333E-003  0.16219509510543170        1.1290266592837813E-004  0.42407591350003521        4.0514499414868801E-003
 0.2300  0.65702874624930274        5.8988081300948786E-003  0.16758211444396270        9.8703652833775300E-005  0.42257945390843082        3.7959614219481783E-003
 0.2500  0.69831564276186264        5.9228262373000251E-003  0.17269068776434454        8.6916301900198369E-005  0.42079220983700444        3.5705571704155578E-003
 0.2700  0.73940132517246182        5.9497337977174351E-003  0.17753630198015374        7.7029454652429797E-005  0.41875522603076937        3.3708181722727211E-003
 0.2900  0.78035015722431100        5.9803944504503931E-003  0.18213363490052789        6.8661240140724782E-005  0.41650436008895525        3.1929430909951781E-003
 0.3100  0.82121451776365362        6.0150995318564906E-003  0.18649649546289176        6.1521098454282862E-005  0.41407076046026681        3.0336875282740046E-003
 0.3300  0.86203783608689655        6.0537978938125800E-003  0.19063782471344151        5.5384561525679162E-005  0.41148136953068321        2.8903115212358609E-003
 0.3500  0.90285679947035391        6.0962597665304551E-003  0.19456972754728041        5.0075995217465774E-005  0.40875942757629674        2.7605221080458592E-003
 0.3700  0.94370295789434289        6.1421757533145112E-003  0.19830351886902917        4.5456353773831214E-005  0.40592495758111941        2.6424087740538737E-003
 0.3900  0.98460390989249369        6.1912164971003429E-003  0.20184977526532852        4.1414474972632501E-005  0.40299520653545279        2.5343821762152884E-003
 0.4100   1.0255841907508227        6.2430658567774909E-003  0.20521838740657872        3.7860617307441736E-005  0.39998503582134287        2.4351190623033269E-003


