# triplet j1 / nf 2 / mode 2 / nplat  8 / jkb  20 / start  6001 / nmeas  2000
 0.0010   6.1661942676899412E-003   1.7980784277362414E-003   3.0486411226413592E-003   5.4108968007430874E-004  0.40045244200753727       0.12206074768075292     
 0.0020   1.2000953774314796E-002   3.5694774962751197E-003   6.0886646785312127E-003   1.0761163198535393E-003  0.41122097753878661       0.12759493221315837     
 0.0030   1.8004281731698376E-002   5.2472268407385602E-003   9.1115921251113830E-003   1.5991825516175318E-003  0.41067376549392609       0.12499616247924583     
 0.0050   2.9893326131734042E-002   8.4537363859908728E-003   1.5073734416667369E-002   2.5876005449964432E-003  0.41071086260229250       0.12137951692081506     
 0.0060   3.5760384998890692E-002   9.9386652050571390E-003   1.7997841735709584E-002   3.0433151836408889E-003  0.41095914719694554       0.11938333271622137     
 0.0070   4.1564393468819141E-002   1.1326462106363892E-002   2.0874842454458798E-002   3.4680056840752189E-003  0.41129570433893586       0.11717126500560132     
 0.0080   4.7297478900740771E-002   1.2607552409816737E-002   2.3698715682904478E-002   3.8585564275409575E-003  0.41170335350922721       0.11474702777539156     
 0.0090   5.2952539426892931E-002   1.3775191504418728E-002   2.6464171105243524E-002   4.2126196844840405E-003  0.41217211636331452       0.11212953252076555     
 0.0100   5.8523358372143057E-002   1.4825277450545720E-002   2.9166682094178102E-002   4.5286175529884731E-003  0.41269506119243082       0.10934408588000760     
 0.0300  0.14991953005724876        1.7384687652119417E-002   6.8666289685407916E-002   4.6877252057099632E-003  0.42814335079791316        5.1753815754014020E-002
 0.0500  0.21543790499520041        1.1145368555830683E-002   8.9707436878419533E-002   2.3410205485426051E-003  0.43963484508094791        2.3456128587265111E-002
 0.0700  0.27164074828173862        7.4117189326436588E-003  0.10377741586876441        1.2525072002855112E-003  0.44373177172077954        1.2399803589183035E-002
 0.0900  0.32376174494283871        5.4169011745522225E-003  0.11485987688592954        7.7653463183803963E-004  0.44411443958868574        7.5806790917483597E-003
 0.1100  0.37321721898880822        4.2408918713849903E-003  0.12432175172789070        5.3339708178868771E-004  0.44312191439453280        5.1241693948276303E-003
 0.1300  0.42066512396975270        3.4749566029329219E-003  0.13273976365533283        3.9197719681274465E-004  0.44162198603230213        3.7058882391939768E-003
 0.1500  0.46657487990784369        2.9514404701917762E-003  0.14039668555462909        3.0141237281284183E-004  0.43986327355787747        2.8222461141735192E-003
 0.1700  0.51131246160794852        2.5921539961821162E-003  0.14745042295037394        2.3903579369309548E-004  0.43790115677398206        2.2481839866160124E-003
 0.1900  0.55515847908686844        2.3509692360118169E-003  0.15400002012278002        1.9374388286324753E-004  0.43574780669845259        1.8655390110199684E-003
 0.2100  0.59832424447893628        2.1955400733975425E-003  0.16011369181377333        1.5962793579627578E-004  0.43341334547192478        1.6050100771509692E-003
 0.2300  0.64096918105422385        2.1022299730440960E-003  0.16584182139237852        1.3327201068180088E-004  0.43091220682179049        1.4238582597968740E-003
 0.2500  0.68321575997132100        2.0541269277468922E-003  0.17122358110834521        1.1254131776364292E-004  0.42826138221298160        1.2952614177953164E-003
 0.2700  0.72516040141690685        2.0393805445417116E-003  0.17629061259989887        9.6011418000677921E-005  0.42547827778116704        1.2021758093658708E-003
 0.2900  0.76688081815194453        2.0496927483627178E-003  0.18106922914331602        8.2683389847932481E-005  0.42257952260953513        1.1335695844760427E-003
 0.3100  0.80844089064066527        2.0791568732497685E-003  0.18558181315029551        7.1831705572523717E-005  0.41958048404842013        1.0821324920180892E-003
 0.3300  0.84989399536117927        2.1234662007023025E-003  0.18984774570897189        6.2916734394010616E-005  0.41649513147237455        1.0429020935460390E-003
 0.3500  0.89128538003619096        2.1794080776852509E-003  0.19388404930575087        5.5530612954074242E-005  0.41333604345769887        1.0124382936401845E-003
 0.3700  0.93265392131717295        2.2445412866984051E-003  0.19770584715894010        4.9361491802124514E-005  0.41011447331612499        9.8831563270601803E-004
 0.3900  0.97403346355903753        2.3169862166810677E-003  0.20132670110742593        4.4168832747203850E-005  0.40684043726363678        9.6880185845142077E-004
 0.4100   1.0154538529570241        2.3952828871268718E-003  0.20475886659944206        3.9765658884370312E-005  0.40352281342530533        9.5264784192385099E-004


# triplet j3 / nf 2 / mode 2 / nplat  8 / jkb  20 / start  6001 / nmeas  2000
 0.0010  0.14160523384071155        1.1806931886058402E-002   3.0486411226413592E-003   5.4108968007430874E-004   1.7437685637855284E-002   2.1233466817717457E-003
 0.0020  0.14178437611730690        1.1777688239969187E-002   6.0886646785312127E-003   1.0761163198535393E-003   3.4806683765977550E-002   4.2214591037277481E-003
 0.0030  0.14208221397718215        1.1729345614638403E-002   9.1115921251113830E-003   1.5991825516175318E-003   5.2039491550698286E-002   6.2698503092966954E-003
 0.0050  0.14302920958700158        1.1577936805917448E-002   1.5073734416667369E-002   2.5876005449964432E-003   8.5839205831225646E-002   1.0127434346894263E-002
 0.0060  0.14367496963806359        1.1476686942002963E-002   1.7997841735709584E-002   3.0433151836408889E-003  0.10228683089058513        1.1897359598371682E-002
 0.0070  0.14443267603799290        1.1359936103210087E-002   2.0874842454458798E-002   3.4680056840752189E-003  0.11836141900937805        1.3539957178529681E-002
 0.0080  0.14529972505270222        1.1229039199489256E-002   2.3698715682904478E-002   3.8585564275409575E-003  0.13401629403568338        1.5043199404693969E-002
 0.0090  0.14627320839146182        1.1085487873434418E-002   2.6464171105243524E-002   4.2126196844840405E-003  0.14921092168829669        1.6398458516257087E-002
 0.0100  0.14734994655862160        1.0930885645437673E-002   2.9166682094178102E-002   4.5286175529884731E-003  0.16391116202386544        1.7600492863696103E-002
 0.0300  0.18473320453685740        7.9773816849797816E-003   6.8666289685407916E-002   4.6877252057099632E-003  0.34745810916711800        1.9125765827477534E-002
 0.0500  0.23525445753288152        8.2986020666801601E-003   8.9707436878419533E-002   2.3410205485426051E-003  0.40260240328874847        1.5142231638758406E-002
 0.0700  0.28703868519411413        9.3232388590747950E-003  0.10377741586876441        1.2525072002855112E-003  0.41992817248692516        1.3872999039429672E-002
 0.0900  0.33732555991757307        9.9237239468668512E-003  0.11485987688592954        7.7653463183803963E-004  0.42625665825820863        1.2622484440890225E-002
 0.1100  0.38554279444556416        1.0043005768903478E-002  0.12432175172789070        5.3339708178868771E-004  0.42895556847626376        1.1211692450538432E-002
 0.1300  0.43190023663346061        9.8160545608381583E-003  0.13273976365533283        3.9197719681274465E-004  0.43013397943494952        9.7965191346669079E-003
 0.1500  0.47684050239403808        9.4310540763762035E-003  0.14039668555462909        3.0141237281284183E-004  0.43039371237501584        8.5249473542052499E-003
 0.1700  0.52075619152945263        9.0236143261698525E-003  0.14745042295037394        2.3903579369309548E-004  0.42995997369415723        7.4584528253665424E-003
 0.1900  0.56392762678269093        8.6587130532535597E-003  0.15400002012278002        1.9374388286324753E-004  0.42897187182030216        6.5920872350179053E-003
 0.2100  0.60654648017310331        8.3561584197040066E-003  0.16011369181377333        1.5962793579627578E-004  0.42753807161253221        5.8938826111130330E-003
 0.2300  0.64874804406560482        8.1150086213796456E-003  0.16584182139237852        1.3327201068180088E-004  0.42574532106782037        5.3282764463271114E-003
 0.2500  0.69063300887355128        7.9271282506999281E-003  0.17122358110834521        1.1254131776364292E-004  0.42366194774304816        4.8648107765518747E-003
 0.2700  0.73228002287818439        7.7831412611806721E-003  0.17629061259989887        9.6011418000677921E-005  0.42134154841103905        4.4797574780374057E-003
 0.2900  0.77375282150072022        7.6746017418661680E-003  0.18106922914331602        8.2683389847932481E-005  0.41882642754635407        4.1553031365288281E-003
 0.3100  0.81510445256092412        7.5945493999740443E-003  0.18558181315029551        7.1831705572523717E-005  0.41615037085592732        3.8782222929986598E-003
 0.3300  0.85637995649480403        7.5374617372528669E-003  0.18984774570897189        6.2916734394010616E-005  0.41334072411546890        3.6386792542111458E-003
 0.3500  0.89761817258406318        7.4990153477309971E-003  0.19388404930575087        5.5530612954074242E-005  0.41041991330823852        3.4292948338952270E-003
 0.3700  0.93885304947478898        7.4758373866494355E-003  0.19770584715894010        4.9361491802124514E-005  0.40740653922483983        3.2444686722196813E-003
 0.3900  0.98011462283793149        7.4652835194740546E-003  0.20132670110742593        4.4168832747203850E-005  0.40431617995490349        3.0798927442897833E-003
 0.4100   1.0214297746536325        7.4652646172294933E-003  0.20475886659944206        3.9765658884370312E-005  0.40116198471670178        2.9322081208795182E-003


