# pion mass (\sigma_1)
"*"
   10  64  5.00  0.2100  0.9206174987033569E+00  0.6450900631777315E-03  10000
   10  64  5.00  0.2150  0.8453410621768089E+00  0.6208796498903606E-03  10000
   10  64  5.00  0.2200  0.7722163349140493E+00  0.5941303198409153E-03  10000
   10  64  5.00  0.2231  0.7267382067749019E+00  0.5679448449080331E-03  10000
   10  64  5.00  0.2250  0.6993878105024233E+00  0.7379741452261588E-03  10000
   10  64  5.00  0.2262  0.6809658224356833E+00  0.5477231071955269E-03  10000
   10  64  5.00  0.2293  0.6386939187259676E+00  0.1128562535228337E-02  10000
   10  64  5.00  0.2300  0.6267262234226676E+00  0.6680118869300601E-03  10000
   10  64  5.00  0.2324  0.5951389193952119E+00  0.9546433214457897E-03  10000
   10  64  5.00  0.2350  0.5573914721591597E+00  0.7985477018715299E-03  10000
   10  64  5.00  0.2356  0.5503362907618509E+00  0.7245781394007941E-03  10000
   10  64  5.00  0.2387  0.5078258062646746E+00  0.2180362983863187E-02  10000
   10  64  5.00  0.2400  0.4908928792423130E+00  0.3108113690757921E-02  10000
   10  64  5.00  0.2418  0.4659217198437650E+00  0.1590145952687483E-02  10000
   10  64  5.00  0.2449  0.4302198385233057E+00  0.2527860301740579E-02  10000
   10  64  5.00  0.2480  0.3963777892739437E+00  0.3167766460127264E-02  10000
   10  64  5.00  0.2500  0.3750615418941048E+00  0.1935145722073598E-02  10000
   10  64  5.00  0.2515  0.3592499146547651E+00  0.4655897951291304E-02  10000
   10  64  5.00  0.2530  0.3484751648856496E+00  0.2929169605024661E-02  10000
   10  64  5.00  0.2545  0.3360186975797484E+00  0.4027725146297761E-02  10000
   10  64  5.00  0.2560  0.3403667691280207E+00  0.1409696714367885E-01  10000
   10  64  5.00  0.2575  0.3377665581777733E+00  0.1194465461748565E-01  10000
   10  64  5.00  0.2590  0.3340230687107268E+00  0.3594935231586065E-01  10000
   10  64  5.00  0.2605  0.1278614928243888E+01  0.6324041658696531E+02  10000
   10  64  5.00  0.2620  0.3360592751278134E+00  0.3300736943891270E+00  10000
   10  64  5.00  0.2625  0.3874450670918264E+00  0.9875998396501148E-01  10000
   10  64  5.00  0.2630  0.3619131949873596E+00  0.3714865762219719E+00  10000
   10  64  5.00  0.2635  0.3618714824746293E+00  0.1680414872885105E-01  10000


# pseudoscalar mass (\sigma_3)
"*"
   10  64  5.00  0.2100  0.9209052258310083E+00  0.8840901945466998E-03  10000
   10  64  5.00  0.2150  0.8455266360297079E+00  0.6803077268274295E-03  10000
   10  64  5.00  0.2200  0.7722684840379515E+00  0.6310505866370040E-03  10000
   10  64  5.00  0.2231  0.7267284963014182E+00  0.5889820857298234E-03  10000
   10  64  5.00  0.2250  0.6994157603491638E+00  0.7744596660261212E-03  10000
   10  64  5.00  0.2262  0.6809979164945830E+00  0.5687506453179630E-03  10000
   10  64  5.00  0.2293  0.6371820813408432E+00  0.6908221081082811E-03  10000
   10  64  5.00  0.2300  0.6268163517793617E+00  0.6505623807663503E-03  10000
   10  64  5.00  0.2324  0.5950381189101916E+00  0.9577671755611566E-03  10000
   10  64  5.00  0.2350  0.5573693066752871E+00  0.8403961155989107E-03  10000
   10  64  5.00  0.2356  0.5503814823694454E+00  0.7155975574932922E-03  10000
   10  64  5.00  0.2387  0.5078160887427952E+00  0.1554682206607027E-02  10000
   10  64  5.00  0.2400  0.4906397854753144E+00  0.1691520716302925E-02  10000
   10  64  5.00  0.2418  0.4651873254844011E+00  0.1982567207840310E-02  10000
   10  64  5.00  0.2449  0.4301501051324582E+00  0.2225117646625537E-02  10000
   10  64  5.00  0.2480  0.3964451103329323E+00  0.2515436062676563E-02  10000
   10  64  5.00  0.2500  0.3749659793498452E+00  0.1822023827182650E-02  10000
   10  64  5.00  0.2515  0.3601984242171963E+00  0.1437043751731672E-02  10000
   10  64  5.00  0.2530  0.3484572964951415E+00  0.2277500214888647E-02  10000
   10  64  5.00  0.2545  0.3372930422638339E+00  0.2679875091825311E-02  10000
   10  64  5.00  0.2560  0.3340161692018099E+00  0.3448936329099340E-02  10000
   10  64  5.00  0.2575  0.3354950914643418E+00  0.3845900944318110E-02  10000
   10  64  5.00  0.2590  0.3422338961578030E+00  0.6795424587664556E-02  10000
   10  64  5.00  0.2605  0.3498738942978550E+00  0.1810987628480957E-01  10000
   10  64  5.00  0.2620  0.3520766911200226E+00  0.2160809841815358E-01  10000
   10  64  5.00  0.2625  0.3641755611410784E+00  0.7391496168552119E-02  10000
   10  64  5.00  0.2630  0.3495734842518770E+00  0.3958571348889982E-01  10000
   10  64  5.00  0.2635  0.3663038070230712E+00  0.1612758917862801E-01  10000


# eta mass (\sigma_1)
"*"
   10  64  5.00  0.2100                     NaN                     NaN  10000
   10  64  5.00  0.2150                     NaN                     NaN  10000
   10  64  5.00  0.2200  0.9004836585994508E+00  0.4017771708953913E+02  10000
   10  64  5.00  0.2231  0.8044407631265234E+00  0.1422551129507472E+03  10000
   10  64  5.00  0.2250  0.7046008985795567E+00  0.1509625728164959E+03  10000
   10  64  5.00  0.2262  0.7796090654424014E+00  0.3380205289732977E+00  10000
   10  64  5.00  0.2293  0.6558781404297811E+00  0.5309400974382374E+02  10000
   10  64  5.00  0.2300  0.6505908206685012E+00  0.6036353025885504E+02  10000
   10  64  5.00  0.2324  0.6178715117893501E+00  0.9310031659868159E+02  10000
   10  64  5.00  0.2350  0.5848138266453007E+00  0.4788774992769034E+02  10000
   10  64  5.00  0.2356  0.5785908205803397E+00  0.7311239764515298E+02  10000
   10  64  5.00  0.2387  0.1853016442257651E+00  0.1154467677657047E+03  10000
   10  64  5.00  0.2400  0.5819067332612475E+00  0.5892428164959320E+02  10000
   10  64  5.00  0.2418  0.4982582353770756E+00  0.4443382372677328E+02  10000
   10  64  5.00  0.2449  0.4452443261835276E+00  0.9719550542223608E+02  10000
   10  64  5.00  0.2480  0.1071475747365774E+00  0.1200740153820840E+03  10000
   10  64  5.00  0.2500  0.4095698035455358E+00  0.1403021071526577E+00  10000
   10  64  5.00  0.2515  0.2387837717755990E+00  0.7948546386084814E+02  10000
   10  64  5.00  0.2530  0.3808286954885149E+00  0.9735074074622935E+02  10000
   10  64  5.00  0.2545  0.2875644110802058E+00  0.4319987842601297E+02  10000
   10  64  5.00  0.2560  0.3683533587977590E+00  0.2563785333547269E+00  10000
   10  64  5.00  0.2575  0.9157369415896714E-01  0.1312787509447467E+03  10000
   10  64  5.00  0.2590  0.3118199003971429E+00  0.1234463496796154E+03  10000
   10  64  5.00  0.2605  0.3638219162697153E+00  0.3533660778390650E+02  10000
   10  64  5.00  0.2620  0.2416134841485553E+00  0.9908578307703198E+02  10000
   10  64  5.00  0.2625  0.1305997921170129E+00  0.1128306311593592E+03  10000
   10  64  5.00  0.2630  0.3374281235141760E+00  0.6231101208645783E+02  10000
   10  64  5.00  0.2635  0.4287031993533773E-01  0.1401322332987083E+03  10000

