# pion mass (\sigma_1)
"*"
   10  64  5.00  0.2100  0.9206174987033569E+00  0.6450900631777315E-03  10000
   10  64  5.00  0.2150  0.8453410621768089E+00  0.6208796498903606E-03  10000
   10  64  5.00  0.2200  0.7722163349140493E+00  0.5941303198409153E-03  10000
   10  64  5.00  0.2231  0.7267708715141089E+00  0.5257651546634338E-03  10000
   10  64  5.00  0.2250  0.6994445358478277E+00  0.6856425285348309E-03  10000
   10  64  5.00  0.2262  0.6810332765993058E+00  0.5351702822218060E-03  10000
   10  64  5.00  0.2293  0.6371876922737958E+00  0.6853380954432203E-03  10000
   10  64  5.00  0.2300  0.6267478505320577E+00  0.6608988049133206E-03  10000
   10  64  5.00  0.2324  0.5946000413915586E+00  0.8421501870630064E-03  10000
   10  64  5.00  0.2350  0.5574415990827476E+00  0.7867904051850560E-03  10000
   10  64  5.00  0.2356  0.5503476925182210E+00  0.6963687453610468E-03  10000
   10  64  5.00  0.2387  0.5075137325681338E+00  0.8945096398516887E-03  10000
   10  64  5.00  0.2400  0.4906642194584571E+00  0.9318860216834100E-03  10000
   10  64  5.00  0.2418  0.4667326287710593E+00  0.1238560554085623E-02  10000
   10  64  5.00  0.2449  0.4300364556505305E+00  0.1365902684329966E-02  10000
   10  64  5.00  0.2480  0.3962540994143044E+00  0.1845142211182251E-02  10000
   10  64  5.00  0.2500  0.3752833529706353E+00  0.1882853948169549E-02  10000
   10  64  5.00  0.2515  0.3608016587327866E+00  0.2030996493145981E-02  10000
   10  64  5.00  0.2530  0.3482173237890877E+00  0.2226915080985728E-02  10000
   10  64  5.00  0.2545  0.3364312926390463E+00  0.3549865096126395E-02  10000
   10  64  5.00  0.2560  0.3335743662855463E+00  0.7400765849981584E-02  10000
   10  64  5.00  0.2575  0.3367440401510532E+00  0.9180336025359758E-02  10000
   10  64  5.00  0.2590  0.3412722808356092E+00  0.2811204822477177E-01  10000
   10  64  5.00  0.2605  0.1816153253851604E+01  0.4507803883303426E+02  10000
   10  64  5.00  0.2620  0.4115724772814617E+00  0.1702729397340560E+00  10000
   10  64  5.00  0.2625  0.3502950661037520E+00  0.5615355643622754E-01  10000
   10  64  5.00  0.2630  0.3655200772987564E+00  0.6287413279850454E-01  10000
   10  64  5.00  0.2635  0.3643659306228830E+00  0.1672681347657541E-01  10000


# pseudoscalar mass (\sigma_3)
"*"
   10  64  5.00  0.2100  0.9209052258310083E+00  0.8840901945466998E-03  10000
   10  64  5.00  0.2150  0.8455266360297079E+00  0.6803077268274295E-03  10000
   10  64  5.00  0.2200  0.7723257958834105E+00  0.6001193549681462E-03  10000
   10  64  5.00  0.2231  0.7267576697066396E+00  0.5351628807158371E-03  10000
   10  64  5.00  0.2250  0.6994693752395389E+00  0.7057945947332103E-03  10000
   10  64  5.00  0.2262  0.6810734236846757E+00  0.5541460815873591E-03  10000
   10  64  5.00  0.2293  0.6371820813408432E+00  0.6908221081082811E-03  10000
   10  64  5.00  0.2300  0.6268349106373151E+00  0.6432581922016243E-03  10000
   10  64  5.00  0.2324  0.5946621916888106E+00  0.8447198064221728E-03  10000
   10  64  5.00  0.2350  0.5573594623196308E+00  0.7820639379652122E-03  10000
   10  64  5.00  0.2356  0.5504305806536121E+00  0.6962042992418872E-03  10000
   10  64  5.00  0.2387  0.5074898947431448E+00  0.9143878694048902E-03  10000
   10  64  5.00  0.2400  0.4905468573416248E+00  0.9799998122709290E-03  10000
   10  64  5.00  0.2418  0.4667793396067747E+00  0.1314330504471996E-02  10000
   10  64  5.00  0.2449  0.4299241380104323E+00  0.1217267100974055E-02  10000
   10  64  5.00  0.2480  0.3963119696787587E+00  0.1536088285741779E-02  10000
   10  64  5.00  0.2500  0.3753251034300930E+00  0.1667961013928590E-02  10000
   10  64  5.00  0.2515  0.3604985848163298E+00  0.1387845018637247E-02  10000
   10  64  5.00  0.2530  0.3483206295032344E+00  0.1564325107541823E-02  10000
   10  64  5.00  0.2545  0.3377222974482535E+00  0.2177052941157834E-02  10000
   10  64  5.00  0.2560  0.3344697186391012E+00  0.3155567088043846E-02  10000
   10  64  5.00  0.2575  0.3360049914726342E+00  0.3589428825617066E-02  10000
   10  64  5.00  0.2590  0.3434973522203638E+00  0.4538657355834229E-02  10000
   10  64  5.00  0.2605  0.3472383303932494E+00  0.5802762244997151E-02  10000
   10  64  5.00  0.2620  0.3575132410564981E+00  0.1285740181399000E-01  10000
   10  64  5.00  0.2625  0.3635695795085704E+00  0.5419567272627166E-02  10000
   10  64  5.00  0.2630  0.3679542353403665E+00  0.2239180041826748E-01  10000
   10  64  5.00  0.2635  0.3589069888050834E+00  0.5229969830727316E-02  10000


# eta mass (\sigma_1)
"*"
   10  64  5.00  0.2100                     NaN                     NaN  10000
   10  64  5.00  0.2150                     NaN                     NaN  10000
   10  64  5.00  0.2200  0.9004836585994508E+00  0.4017771708953913E+02  10000
   10  64  5.00  0.2231  0.8357900397902057E+00  0.7738451553092406E+02  10000
   10  64  5.00  0.2250  0.8083610389024528E+00  0.7102749094264350E+02  10000
   10  64  5.00  0.2262  0.7796090654424014E+00  0.3380205289732977E+00  10000
   10  64  5.00  0.2293  0.7404980611972124E+00  0.6331298663016746E+00  10000
   10  64  5.00  0.2300  0.7238565045483770E+00  0.2630391812361897E+00  10000
   10  64  5.00  0.2324  0.6873470757986101E+00  0.2665003711834441E+00  10000
   10  64  5.00  0.2350  0.6485952563328027E+00  0.3174777800492627E+00  10000
   10  64  5.00  0.2356  0.6580610450692377E+00  0.1683919037922253E+00  10000
   10  64  5.00  0.2387  0.6160579603097279E+00  0.1715891108562290E+00  10000
   10  64  5.00  0.2400  0.5819067332612475E+00  0.5892428164959320E+02  10000
   10  64  5.00  0.2418  0.5501586273808152E+00  0.1212135433549427E+00  10000
   10  64  5.00  0.2449  0.5146311157385411E+00  0.1225585260922327E+00  10000
   10  64  5.00  0.2480  0.4862472396501157E+00  0.1112872143396726E+00  10000
   10  64  5.00  0.2500  0.4490151605027634E+00  0.7607528247302635E-01  10000
   10  64  5.00  0.2515  0.4362715247154046E+00  0.1132857609406595E+00  10000
   10  64  5.00  0.2530  0.3876855280389676E+00  0.8223978130004643E-01  10000
   10  64  5.00  0.2545  0.3703521678992581E+00  0.6695155962781955E-01  10000
   10  64  5.00  0.2560  0.4137998923933245E+00  0.9681834200954417E-01  10000
   10  64  5.00  0.2575  0.3670432378081875E+00  0.8077722776026969E-01  10000
   10  64  5.00  0.2590  0.3704603035643775E+00  0.8144467921072082E-01  10000
   10  64  5.00  0.2605  0.3962023529076486E+00  0.9177312863090384E-01  10000
   10  64  5.00  0.2620  0.3883241040919877E+00  0.1096950323520045E+00  10000
   10  64  5.00  0.2625  0.4431029981368978E+00  0.1202506372676837E+00  10000
   10  64  5.00  0.2630  0.4406973918942585E+00  0.1154461190654994E+00  10000
   10  64  5.00  0.2635  0.4065695665951340E+00  0.1215723227129433E+00  10000

