# fermion mass from PCAC relation
"m"
   10  64  5.00  0.2100  0.3943924196966241E+00  0.2975253806685791E-01  10000
   10  64  5.00  0.2150  0.3523043338529102E+00  0.1400256822794717E-01  10000
   10  64  5.00  0.2200  0.3114227255048224E+00  0.5121476050188657E-02  10000
   10  64  5.00  0.2231  0.2864768516771004E+00  0.3686254287434821E-02  10000
   10  64  5.00  0.2250  0.2711976659829687E+00  0.3041193775065152E-02  10000
   10  64  5.00  0.2262  0.2617306911040816E+00  0.2767328597278339E-02  10000
   10  64  5.00  0.2293  0.2375161424286832E+00  0.2800503598195819E-02  10000
   10  64  5.00  0.2300  0.2322009567141411E+00  0.2569587344311793E-02  10000
   10  64  5.00  0.2324  0.2136556475877259E+00  0.2775079185486071E-02  10000
   10  64  5.00  0.2350  0.1937730880900679E+00  0.3069146102519587E-02  10000
   10  64  5.00  0.2356  0.1892900129771722E+00  0.3000804583076582E-02  10000
   10  64  5.00  0.2387  0.1658015134522287E+00  0.2783084312821049E-02  10000
   10  64  5.00  0.2400  0.1560649779506462E+00  0.3238471488297007E-02  10000
   10  64  5.00  0.2418  0.1425693379674241E+00  0.2816209316975460E-02  10000
   10  64  5.00  0.2449  0.1196561546908469E+00  0.3006651147340572E-02  10000
   10  64  5.00  0.2480  0.9695417735690243E-01  0.3130363674131457E-02  10000
   10  64  5.00  0.2500  0.8222174326022477E-01  0.2681069421379640E-02  10000
   10  64  5.00  0.2515  0.7125349870178105E-01  0.2057411587290182E-02  10000
   10  64  5.00  0.2530  0.6042424202811405E-01  0.2118024231916396E-02  10000
   10  64  5.00  0.2545  0.4940954503668737E-01  0.2415801295835797E-02  10000
   10  64  5.00  0.2560  0.3917908419705913E-01  0.2523392685179676E-02  10000
   10  64  5.00  0.2575  0.2883561275402995E-01  0.2229507919908594E-02  10000
   10  64  5.00  0.2590  0.1817842734436668E-01  0.3017366349970534E-02  10000
   10  64  5.00  0.2605  0.6306078458713722E-02  0.1897411782382166E-02  10000
   10  64  5.00  0.2620 -0.6463830601963539E-02  0.4000428505249951E-02  10000
   10  64  5.00  0.2625 -0.1156775914951527E-01  0.2125222989457948E-02  10000
   10  64  5.00  0.2630 -0.1602307216571606E-01  0.4395680298636091E-02  10000
   10  64  5.00  0.2635 -0.2091738381634433E-01  0.2558599103433449E-02  10000

