#  Re(op_pbp_e)                                                    
  10  64  5.00  0.2100 11.930  0.534  0.355
#  Re(op_pbp_e)                                                    
  10  64  5.00  0.2150    NaN  0.512  0.484
#  Re(op_pbp_e)                                                    
  10  64  5.00  0.2200  0.937  0.529  0.372
#  Re(op_pbp_e)                                                    
  10  64  5.00  0.2231    NaN  0.500  0.603
#  Re(op_pbp_e)                                                    
  10  64  5.00  0.2250    NaN  0.530  0.481
#  Re(op_pbp_e)                                                    
  10  64  5.00  0.2262    NaN  0.526  0.414
#  Re(op_pbp_e)                                                    
  10  64  5.00  0.2293    NaN  0.508  0.489
#  Re(op_pbp_e)                                                    
  10  64  5.00  0.2300  0.637  0.552  0.439
#  Re(op_pbp_e)                                                    
  10  64  5.00  0.2324  1.266  0.550  0.569
#  Re(op_pbp_e)                                                    
  10  64  5.00  0.2350  0.772  0.566  0.650
#  Re(op_pbp_e)                                                    
  10  64  5.00  0.2356  0.260  0.531  0.462
#  Re(op_pbp_e)                                                    
  10  64  5.00  0.2387  0.622  0.553  0.667
#  Re(op_pbp_e)                                                    
  10  64  5.00  0.2400  0.525  0.530  0.779
#  Re(op_pbp_e)                                                    
  10  64  5.00  0.2418  0.596  0.555  0.691
#  Re(op_pbp_e)                                                    
  10  64  5.00  0.2449  0.395  0.569  0.322
#  Re(op_pbp_e)                                                    
  10  64  5.00  0.2480  0.715  0.618  0.363
#  Re(op_pbp_e)                                                    
  10  64  5.00  0.2500  1.073  0.721  1.023
#  Re(op_pbp_e)                                                    
  10  64  5.00  0.2515  0.768  0.719  0.441
#  Re(op_pbp_e)                                                    
  10  64  5.00  0.2530  1.100  0.881  0.960
#  Re(op_pbp_e)                                                    
  10  64  5.00  0.2545  1.742  1.079  1.212
#  Re(op_pbp_e)                                                    
  10  64  5.00  0.2560  1.547  1.317  1.330
#  Re(op_pbp_e)                                                    
  10  64  5.00  0.2575  1.632  1.397  1.551
#  Re(op_pbp_e)                                                    
  10  64  5.00  0.2590  1.744  1.590  2.420
#  Re(op_pbp_e)                                                    
  10  64  5.00  0.2605  1.605  1.502  1.115
#  Re(op_pbp_e)                                                    
  10  64  5.00  0.2620  1.197  1.081  1.272
#  Re(op_pbp_e)                                                    
  10  64  5.00  0.2625  1.190  0.963  0.381
#  Re(op_pbp_e)                                                    
  10  64  5.00  0.2630  1.618  1.099  1.378
#  Re(op_pbp_e)                                                    
  10  64  5.00  0.2635  1.872  0.957  0.790
