#-----------------------------------------------------------
#beta =   5.00   kappa =   0.2100
#  Re(op_pbp_e)                                                    
#
#    -7  0.19055E+01  jk failed  0.000E+00  jk failed     1
#    -6  0.19036E+01  jk failed  0.984E-03  jk failed     6
     -5  0.19034E+01  0.324E-03  0.161E-02  0.736E-06    34
     -4  0.19027E+01  0.115E-03  0.172E-02  0.204E-06   196
     -3  0.19022E+01  0.626E-04  0.175E-02  0.206E-06   524
     -2  0.19022E+01  0.630E-04  0.197E-02  0.171E-06  1115
     -1  0.19019E+01  0.435E-04  0.191E-02  0.125E-06  1803
      0  0.19018E+01  0.313E-04  0.187E-02  0.114E-06  2106
      1  0.19020E+01  0.447E-04  0.189E-02  0.120E-06  1924
      2  0.19020E+01  0.625E-04  0.186E-02  0.134E-06  1248
      3  0.19025E+01  0.723E-04  0.193E-02  0.178E-06   677
      4  0.19026E+01  0.126E-03  0.178E-02  0.271E-06   246
      5  0.19030E+01  0.158E-03  0.166E-02  0.391E-06   100
      6  0.19035E+01  0.281E-03  0.105E-02  0.339E-06    15
#     7  0.19060E+01  jk failed  0.870E-03  jk failed     4
#     8  0.19050E+01  jk failed  0.000E+00  jk failed     1
&-----------------------------------------------------------
#beta =   5.00   kappa =   0.2150
#  Re(op_pbp_e)                                                    
#
#    -7  0.18920E+01  jk failed  0.746E-03  jk failed     4
#    -6  0.18917E+01  jk failed  0.838E-03  jk failed     4
     -5  0.18908E+01  0.324E-03  0.199E-02  0.938E-06    53
     -4  0.18896E+01  0.133E-03  0.208E-02  0.421E-06   193
     -3  0.18891E+01  0.102E-03  0.235E-02  0.327E-06   558
     -2  0.18887E+01  0.513E-04  0.250E-02  0.288E-06  1179
     -1  0.18885E+01  0.502E-04  0.249E-02  0.196E-06  1829
      0  0.18884E+01  0.483E-04  0.246E-02  0.168E-06  2109
      1  0.18884E+01  0.636E-04  0.246E-02  0.176E-06  1929
      2  0.18887E+01  0.663E-04  0.238E-02  0.245E-06  1217
      3  0.18892E+01  0.874E-04  0.231E-02  0.358E-06   581
      4  0.18896E+01  0.141E-03  0.215E-02  0.416E-06   241
      5  0.18903E+01  0.272E-03  0.209E-02  0.833E-06    87
      6  0.18910E+01  0.389E-03  0.145E-02  0.729E-06    15
#     7  0.18939E+01  jk failed  0.000E+00  jk failed     1
&-----------------------------------------------------------
#beta =   5.00   kappa =   0.2200
#  Re(op_pbp_e)                                                    
#
#    -6  0.18769E+01  jk failed  0.122E-02  jk failed     5
     -5  0.18760E+01  0.561E-03  0.281E-02  0.235E-05    41
     -4  0.18747E+01  0.216E-03  0.279E-02  0.883E-06   157
     -3  0.18739E+01  0.136E-03  0.309E-02  0.622E-06   466
     -2  0.18736E+01  0.110E-03  0.325E-02  0.404E-06  1142
     -1  0.18729E+01  0.824E-04  0.323E-02  0.288E-06  1783
      0  0.18729E+01  0.665E-04  0.332E-02  0.418E-06  2192
      1  0.18730E+01  0.640E-04  0.330E-02  0.324E-06  1945
      2  0.18735E+01  0.858E-04  0.308E-02  0.420E-06  1297
      3  0.18740E+01  0.118E-03  0.311E-02  0.486E-06   679
      4  0.18749E+01  0.218E-03  0.302E-02  0.856E-06   212
      5  0.18758E+01  0.327E-03  0.249E-02  0.122E-05    67
      6  0.18768E+01  0.715E-03  0.237E-02  0.378E-05    12
#     7  0.18778E+01  jk failed  0.718E-04  jk failed     2
&-----------------------------------------------------------
#beta =   5.00   kappa =   0.2231
#  Re(op_pbp_e)                                                    
#
#    -7  0.18712E+01  jk failed  0.000E+00  jk failed     1
     -6  0.18684E+01  0.688E-03  0.228E-02  0.326E-05    12
     -5  0.18653E+01  0.462E-03  0.308E-02  0.230E-05    46
     -4  0.18648E+01  0.213E-03  0.341E-02  0.131E-05   183
     -3  0.18634E+01  0.145E-03  0.368E-02  0.856E-06   559
     -2  0.18631E+01  0.142E-03  0.396E-02  0.691E-06  1201
     -1  0.18625E+01  0.100E-03  0.393E-02  0.470E-06  1801
      0  0.18623E+01  0.927E-04  0.400E-02  0.438E-06  2174
      1  0.18625E+01  0.754E-04  0.399E-02  0.454E-06  1862
      2  0.18629E+01  0.780E-04  0.383E-02  0.510E-06  1232
      3  0.18634E+01  0.136E-03  0.385E-02  0.817E-06   627
      4  0.18648E+01  0.256E-03  0.329E-02  0.974E-06   227
      5  0.18655E+01  0.323E-03  0.290E-02  0.158E-05    61
      6  0.18668E+01  0.392E-03  0.130E-02  0.980E-06    12
#     7  0.18690E+01  jk failed  0.293E-02  jk failed     2
&-----------------------------------------------------------
#beta =   5.00   kappa =   0.2250
#  Re(op_pbp_e)                                                    
#
     -6  0.18608E+01  0.919E-03  0.291E-02  0.375E-05    11
     -5  0.18595E+01  0.683E-03  0.327E-02  0.482E-05    40
     -4  0.18574E+01  0.306E-03  0.398E-02  0.150E-05   160
     -3  0.18570E+01  0.253E-03  0.446E-02  0.137E-05   462
     -2  0.18561E+01  0.156E-03  0.427E-02  0.809E-06  1066
     -1  0.18555E+01  0.992E-04  0.449E-02  0.662E-06  1844
      0  0.18551E+01  0.117E-03  0.451E-02  0.459E-06  2199
      1  0.18556E+01  0.867E-04  0.454E-02  0.916E-06  1987
      2  0.18559E+01  0.933E-04  0.423E-02  0.583E-06  1299
      3  0.18570E+01  0.203E-03  0.419E-02  0.977E-06   630
      4  0.18579E+01  0.296E-03  0.387E-02  0.106E-05   237
      5  0.18597E+01  0.584E-03  0.345E-02  0.234E-05    52
      6  0.18603E+01  0.106E-02  0.369E-02  0.457E-05    13
&-----------------------------------------------------------
#beta =   5.00   kappa =   0.2262
#  Re(op_pbp_e)                                                    
#
#    -7  0.18574E+01  jk failed  0.000E+00  jk failed     1
#    -6  0.18576E+01  jk failed  0.325E-02  jk failed     6
     -5  0.18566E+01  0.703E-03  0.377E-02  0.275E-05    36
     -4  0.18538E+01  0.236E-03  0.382E-02  0.137E-05   157
     -3  0.18520E+01  0.224E-03  0.436E-02  0.120E-05   453
     -2  0.18514E+01  0.142E-03  0.462E-02  0.110E-05  1036
     -1  0.18507E+01  0.112E-03  0.489E-02  0.730E-06  1715
      0  0.18505E+01  0.122E-03  0.493E-02  0.640E-06  2208
      1  0.18508E+01  0.121E-03  0.486E-02  0.492E-06  1973
      2  0.18515E+01  0.894E-04  0.466E-02  0.880E-06  1330
      3  0.18522E+01  0.149E-03  0.465E-02  0.114E-05   731
      4  0.18539E+01  0.242E-03  0.403E-02  0.121E-05   265
      5  0.18551E+01  0.446E-03  0.356E-02  0.164E-05    75
      6  0.18553E+01  0.109E-02  0.344E-02  0.458E-05    11
#     7  0.18574E+01  jk failed  0.330E-03  jk failed     3
&-----------------------------------------------------------
#beta =   5.00   kappa =   0.2293
#  Re(op_pbp_e)                                                    
#
#    -7  0.18457E+01  jk failed  0.000E+00  jk failed     1
#    -6  0.18477E+01  jk failed  0.233E-02  jk failed     7
     -5  0.18447E+01  0.890E-03  0.525E-02  0.990E-05    34
     -4  0.18418E+01  0.522E-03  0.510E-02  0.295E-05   154
     -3  0.18400E+01  0.192E-03  0.551E-02  0.150E-05   489
     -2  0.18390E+01  0.186E-03  0.572E-02  0.172E-05  1142
     -1  0.18379E+01  0.123E-03  0.587E-02  0.934E-06  1863
      0  0.18378E+01  0.905E-04  0.573E-02  0.152E-05  2234
      1  0.18381E+01  0.141E-03  0.584E-02  0.118E-05  2008
      2  0.18387E+01  0.149E-03  0.571E-02  0.128E-05  1231
      3  0.18398E+01  0.171E-03  0.524E-02  0.127E-05   578
      4  0.18418E+01  0.425E-03  0.500E-02  0.260E-05   194
      5  0.18431E+01  0.712E-03  0.472E-02  0.531E-05    50
      6  0.18456E+01  0.107E-02  0.387E-02  0.581E-05    14
#     7  0.18480E+01  jk failed  0.000E+00  jk failed     1
&-----------------------------------------------------------
#beta =   5.00   kappa =   0.2300
#  Re(op_pbp_e)                                                    
#
#    -7  0.18501E+01  jk failed  0.000E+00  jk failed     1
#    -6  0.18428E+01  jk failed  0.132E-02  jk failed     7
     -5  0.18416E+01  0.104E-02  0.533E-02  0.598E-05    39
     -4  0.18390E+01  0.447E-03  0.527E-02  0.277E-05   147
     -3  0.18371E+01  0.270E-03  0.576E-02  0.176E-05   473
     -2  0.18353E+01  0.212E-03  0.586E-02  0.139E-05  1039
     -1  0.18349E+01  0.142E-03  0.621E-02  0.113E-05  1700
      0  0.18347E+01  0.119E-03  0.643E-02  0.115E-05  2257
      1  0.18350E+01  0.152E-03  0.612E-02  0.106E-05  2065
      2  0.18360E+01  0.142E-03  0.600E-02  0.129E-05  1387
      3  0.18376E+01  0.246E-03  0.531E-02  0.151E-05   615
      4  0.18391E+01  0.349E-03  0.449E-02  0.233E-05   198
      5  0.18420E+01  0.941E-03  0.540E-02  0.648E-05    61
      6  0.18426E+01  0.665E-03  0.210E-02  0.151E-05    11
&-----------------------------------------------------------
#beta =   5.00   kappa =   0.2324
#  Re(op_pbp_e)                                                    
#
#    -7  0.18374E+01  jk failed  0.744E-02  jk failed     2
#    -6  0.18302E+01  jk failed  0.612E-02  jk failed     3
     -5  0.18316E+01  0.105E-02  0.520E-02  0.574E-05    31
     -4  0.18282E+01  0.584E-03  0.585E-02  0.305E-05   133
     -3  0.18269E+01  0.311E-03  0.663E-02  0.241E-05   460
     -2  0.18252E+01  0.192E-03  0.699E-02  0.154E-05  1107
     -1  0.18237E+01  0.174E-03  0.725E-02  0.152E-05  1881
      0  0.18235E+01  0.181E-03  0.740E-02  0.223E-05  2258
      1  0.18238E+01  0.174E-03  0.716E-02  0.170E-05  1998
      2  0.18253E+01  0.224E-03  0.660E-02  0.142E-05  1233
      3  0.18266E+01  0.212E-03  0.674E-02  0.214E-05   612
      4  0.18291E+01  0.287E-03  0.587E-02  0.230E-05   231
      5  0.18320E+01  0.954E-03  0.524E-02  0.532E-05    44
#     6  0.18359E+01  jk failed  0.618E-02  jk failed     7
&-----------------------------------------------------------
#beta =   5.00   kappa =   0.2350
#  Re(op_pbp_e)                                                    
#
#    -7  0.18228E+01  jk failed  0.000E+00  jk failed     1
#    -6  0.18234E+01  jk failed  0.459E-02  jk failed     4
     -5  0.18198E+01  0.108E-02  0.594E-02  0.104E-04    29
     -4  0.18168E+01  0.726E-03  0.696E-02  0.827E-05   124
     -3  0.18149E+01  0.485E-03  0.758E-02  0.359E-05   409
     -2  0.18123E+01  0.260E-03  0.844E-02  0.323E-05   979
     -1  0.18106E+01  0.179E-03  0.872E-02  0.235E-05  1795
      0  0.18102E+01  0.188E-03  0.892E-02  0.216E-05  2321
      1  0.18107E+01  0.200E-03  0.865E-02  0.200E-05  2198
      2  0.18119E+01  0.178E-03  0.831E-02  0.253E-05  1316
      3  0.18139E+01  0.358E-03  0.738E-02  0.279E-05   578
      4  0.18181E+01  0.521E-03  0.678E-02  0.353E-05   197
      5  0.18214E+01  0.937E-03  0.544E-02  0.744E-05    38
      6  0.18252E+01  0.142E-02  0.425E-02  0.752E-05    10
#     7  0.18353E+01  jk failed  0.000E+00  jk failed     1
&-----------------------------------------------------------
#beta =   5.00   kappa =   0.2356
#  Re(op_pbp_e)                                                    
#
     -5  0.18188E+01  0.132E-02  0.641E-02  0.114E-04    40
     -4  0.18140E+01  0.606E-03  0.659E-02  0.591E-05   132
     -3  0.18117E+01  0.379E-03  0.784E-02  0.395E-05   503
     -2  0.18090E+01  0.236E-03  0.840E-02  0.294E-05  1082
     -1  0.18074E+01  0.200E-03  0.910E-02  0.238E-05  1924
      0  0.18069E+01  0.178E-03  0.924E-02  0.292E-05  2327
      1  0.18076E+01  0.214E-03  0.907E-02  0.240E-05  1981
      2  0.18088E+01  0.265E-03  0.846E-02  0.318E-05  1253
      3  0.18114E+01  0.356E-03  0.801E-02  0.385E-05   551
      4  0.18143E+01  0.528E-03  0.726E-02  0.515E-05   166
      5  0.18183E+01  0.135E-02  0.668E-02  0.956E-05    36
#     6  0.18278E+01  jk failed  0.161E-02  jk failed     4
#     7  0.18301E+01  jk failed  0.000E+00  jk failed     1
&-----------------------------------------------------------
#beta =   5.00   kappa =   0.2387
#  Re(op_pbp_e)                                                    
#
#    -7  0.18137E+01  jk failed  0.250E-02  jk failed     2
#    -6  0.18143E+01  jk failed  0.208E-02  jk failed     3
     -5  0.18054E+01  0.156E-02  0.696E-02  0.187E-04    21
     -4  0.17999E+01  0.775E-03  0.896E-02  0.111E-04   129
     -3  0.17951E+01  0.471E-03  0.918E-02  0.524E-05   421
     -2  0.17920E+01  0.392E-03  0.104E-01  0.412E-05  1007
     -1  0.17896E+01  0.225E-03  0.114E-01  0.337E-05  1950
      0  0.17889E+01  0.253E-03  0.120E-01  0.342E-05  2442
      1  0.17897E+01  0.242E-03  0.116E-01  0.401E-05  2132
      2  0.17922E+01  0.308E-03  0.106E-01  0.387E-05  1164
      3  0.17954E+01  0.384E-03  0.957E-02  0.506E-05   528
      4  0.18014E+01  0.725E-03  0.874E-02  0.783E-05   164
      5  0.18045E+01  0.159E-02  0.683E-02  0.124E-04    30
#     6  0.18117E+01  jk failed  0.565E-02  jk failed     6
#     7  0.18129E+01  jk failed  0.000E+00  jk failed     1
&-----------------------------------------------------------
#beta =   5.00   kappa =   0.2400
#  Re(op_pbp_e)                                                    
#
#    -7  0.18115E+01  jk failed  0.459E-03  jk failed     2
#    -6  0.18021E+01  jk failed  0.520E-02  jk failed     4
     -5  0.18009E+01  0.189E-02  0.777E-02  0.352E-04    18
     -4  0.17917E+01  0.858E-03  0.861E-02  0.124E-04    86
     -3  0.17892E+01  0.449E-03  0.103E-01  0.712E-05   364
     -2  0.17847E+01  0.287E-03  0.113E-01  0.570E-05  1087
     -1  0.17819E+01  0.248E-03  0.121E-01  0.437E-05  1940
      0  0.17802E+01  0.280E-03  0.128E-01  0.399E-05  2446
      1  0.17817E+01  0.219E-03  0.124E-01  0.331E-05  2110
      2  0.17846E+01  0.273E-03  0.115E-01  0.494E-05  1270
      3  0.17891E+01  0.580E-03  0.104E-01  0.752E-05   493
      4  0.17926E+01  0.815E-03  0.898E-02  0.948E-05   146
      5  0.17996E+01  0.214E-02  0.841E-02  0.192E-04    32
#     6  0.18112E+01  jk failed  0.727E-02  jk failed     2
&-----------------------------------------------------------
#beta =   5.00   kappa =   0.2418
#  Re(op_pbp_e)                                                    
#
#    -7  0.18077E+01  jk failed  0.000E+00  jk failed     1
#    -6  0.17970E+01  jk failed  0.118E-02  jk failed     2
     -5  0.17905E+01  0.228E-02  0.885E-02  0.198E-04    16
     -4  0.17829E+01  0.984E-03  0.903E-02  0.102E-04   102
     -3  0.17779E+01  0.581E-03  0.118E-01  0.108E-04   377
     -2  0.17723E+01  0.451E-03  0.124E-01  0.602E-05  1053
     -1  0.17695E+01  0.319E-03  0.141E-01  0.604E-05  1983
      0  0.17678E+01  0.381E-03  0.152E-01  0.583E-05  2422
      1  0.17694E+01  0.236E-03  0.140E-01  0.547E-05  2099
      2  0.17734E+01  0.305E-03  0.127E-01  0.443E-05  1272
      3  0.17784E+01  0.531E-03  0.114E-01  0.614E-05   513
      4  0.17827E+01  0.773E-03  0.912E-02  0.108E-04   127
      5  0.17931E+01  0.153E-02  0.819E-02  0.112E-04    32
#     6  0.17976E+01  jk failed  0.000E+00  jk failed     1
&-----------------------------------------------------------
#beta =   5.00   kappa =   0.2449
#  Re(op_pbp_e)                                                    
#
#    -6  0.17930E+01  jk failed  0.000E+00  jk failed     1
     -5  0.17818E+01  0.230E-02  0.764E-02  0.227E-04    12
     -4  0.17688E+01  0.115E-02  0.117E-01  0.184E-04    87
     -3  0.17581E+01  0.807E-03  0.121E-01  0.114E-04   382
     -2  0.17520E+01  0.378E-03  0.154E-01  0.101E-04  1092
     -1  0.17451E+01  0.307E-03  0.177E-01  0.820E-05  2161
      0  0.17431E+01  0.440E-03  0.195E-01  0.977E-05  2664
      1  0.17458E+01  0.326E-03  0.177E-01  0.949E-05  2058
      2  0.17519E+01  0.452E-03  0.156E-01  0.101E-04  1114
      3  0.17596E+01  0.826E-03  0.140E-01  0.173E-04   317
      4  0.17688E+01  0.137E-02  0.121E-01  0.150E-04    86
      5  0.17816E+01  0.180E-02  0.823E-02  0.156E-04    22
#     6  0.17845E+01  jk failed  0.459E-02  jk failed     3
#     7  0.18186E+01  jk failed  0.000E+00  jk failed     1
&-----------------------------------------------------------
#beta =   5.00   kappa =   0.2480
#  Re(op_pbp_e)                                                    
#
#    -6  0.17830E+01  jk failed  0.382E-02  jk failed     2
     -5  0.17719E+01  0.476E-02  0.143E-01  0.528E-04    10
     -4  0.17506E+01  0.173E-02  0.123E-01  0.352E-04    55
     -3  0.17400E+01  0.947E-03  0.159E-01  0.260E-04   279
     -2  0.17266E+01  0.542E-03  0.182E-01  0.147E-04   919
     -1  0.17170E+01  0.440E-03  0.219E-01  0.103E-04  2018
      0  0.17118E+01  0.317E-03  0.248E-01  0.144E-04  2838
      1  0.17174E+01  0.482E-03  0.216E-01  0.129E-04  2376
      2  0.17280E+01  0.517E-03  0.182E-01  0.136E-04  1089
      3  0.17420E+01  0.501E-03  0.157E-01  0.236E-04   334
      4  0.17530E+01  0.196E-02  0.144E-01  0.445E-04    64
      5  0.17715E+01  0.363E-02  0.136E-01  0.890E-04    15
#     6  0.17686E+01  jk failed  0.000E+00  jk failed     1
&-----------------------------------------------------------
#beta =   5.00   kappa =   0.2500
#  Re(op_pbp_e)                                                    
#
#    -5  0.17649E+01  jk failed  0.116E-01  jk failed     6
     -4  0.17492E+01  0.308E-02  0.134E-01  0.552E-04    25
     -3  0.17280E+01  0.123E-02  0.167E-01  0.338E-04   226
     -2  0.17103E+01  0.669E-03  0.198E-01  0.220E-04   841
     -1  0.16957E+01  0.450E-03  0.242E-01  0.152E-04  2194
      0  0.16894E+01  0.560E-03  0.291E-01  0.198E-04  3181
      1  0.16959E+01  0.647E-03  0.246E-01  0.136E-04  2257
      2  0.17123E+01  0.547E-03  0.202E-01  0.230E-04   954
      3  0.17297E+01  0.151E-02  0.181E-01  0.365E-04   274
      4  0.17445E+01  0.290E-02  0.136E-01  0.714E-04    36
#     5  0.17718E+01  jk failed  0.157E-01  jk failed     6
&-----------------------------------------------------------
#beta =   5.00   kappa =   0.2515
#  Re(op_pbp_e)                                                    
#
#    -5  0.17675E+01  jk failed  0.137E-01  jk failed     6
     -4  0.17414E+01  0.373E-02  0.161E-01  0.867E-04    27
     -3  0.17233E+01  0.174E-02  0.197E-01  0.586E-04   133
     -2  0.16983E+01  0.934E-03  0.220E-01  0.258E-04   699
     -1  0.16798E+01  0.684E-03  0.258E-01  0.177E-04  2152
      0  0.16682E+01  0.514E-03  0.324E-01  0.153E-04  3431
      1  0.16800E+01  0.612E-03  0.256E-01  0.155E-04  2404
      2  0.16991E+01  0.764E-03  0.219E-01  0.284E-04   917
      3  0.17206E+01  0.136E-02  0.166E-01  0.285E-04   182
      4  0.17380E+01  0.267E-02  0.138E-01  0.556E-04    42
#     5  0.17652E+01  jk failed  0.114E-01  jk failed     5
#     6  0.17785E+01  jk failed  0.991E-02  jk failed     2
&-----------------------------------------------------------
#beta =   5.00   kappa =   0.2530
#  Re(op_pbp_e)                                                    
#
     -4  0.17445E+01  0.432E-02  0.198E-01  0.923E-04    22
     -3  0.17133E+01  0.161E-02  0.197E-01  0.690E-04   133
     -2  0.16873E+01  0.975E-03  0.236E-01  0.519E-04   735
     -1  0.16624E+01  0.566E-03  0.285E-01  0.323E-04  2154
      0  0.16446E+01  0.703E-03  0.361E-01  0.286E-04  3710
      1  0.16628E+01  0.501E-03  0.274E-01  0.290E-04  2410
      2  0.16877E+01  0.933E-03  0.238E-01  0.421E-04   696
      3  0.17135E+01  0.169E-02  0.217E-01  0.830E-04   123
      4  0.17445E+01  0.496E-02  0.198E-01  0.185E-03    17
&-----------------------------------------------------------
#beta =   5.00   kappa =   0.2545
#  Re(op_pbp_e)                                                    
#
     -4  0.17447E+01  0.667E-02  0.240E-01  0.221E-03    14
     -3  0.17094E+01  0.456E-02  0.256E-01  0.191E-03    52
     -2  0.16764E+01  0.111E-02  0.272E-01  0.581E-04   573
     -1  0.16434E+01  0.597E-03  0.284E-01  0.363E-04  2157
      0  0.16186E+01  0.570E-03  0.379E-01  0.394E-04  4242
      1  0.16437E+01  0.685E-03  0.285E-01  0.402E-04  2277
      2  0.16781E+01  0.124E-02  0.257E-01  0.549E-04   590
      3  0.17077E+01  0.268E-02  0.223E-01  0.871E-04    92
#     4  0.17708E+01  jk failed  0.240E-01  jk failed     3
&-----------------------------------------------------------
#beta =   5.00   kappa =   0.2560
#  Re(op_pbp_e)                                                    
#
#    -5  0.17422E+01  jk failed  0.196E-01  jk failed     4
#    -4  0.16980E+01  jk failed  0.173E-01  jk failed     5
     -3  0.17064E+01  0.482E-02  0.285E-01  0.198E-03    45
     -2  0.16675E+01  0.149E-02  0.313E-01  0.761E-04   434
     -1  0.16260E+01  0.446E-03  0.298E-01  0.505E-04  2091
      0  0.15882E+01  0.662E-03  0.362E-01  0.527E-04  4605
      1  0.16255E+01  0.616E-03  0.293E-01  0.385E-04  2215
      2  0.16704E+01  0.140E-02  0.302E-01  0.540E-04   534
      3  0.17100E+01  0.731E-02  0.415E-01  0.755E-03    66
#     4  0.17163E+01  jk failed  0.000E+00  jk failed     1
&-----------------------------------------------------------
#beta =   5.00   kappa =   0.2575
#  Re(op_pbp_e)                                                    
#
#    -4  0.16849E+01  jk failed  0.000E+00  jk failed     1
     -3  0.16916E+01  0.920E-02  0.356E-01  0.393E-03    16
     -2  0.16571E+01  0.231E-02  0.397E-01  0.212E-03   268
     -1  0.16070E+01  0.685E-03  0.321E-01  0.533E-04  1885
      0  0.15592E+01  0.671E-03  0.331E-01  0.710E-04  5545
      1  0.16066E+01  0.600E-03  0.302E-01  0.534E-04  1951
      2  0.16588E+01  0.200E-02  0.353E-01  0.133E-03   304
      3  0.17199E+01  0.109E-01  0.481E-01  0.815E-03    30
&-----------------------------------------------------------
#beta =   5.00   kappa =   0.2590
#  Re(op_pbp_e)                                                    
#
#    -4  0.17230E+01  jk failed  0.131E-01  jk failed     2
     -3  0.17187E+01  0.156E-01  0.564E-01  0.109E-02    14
     -2  0.16559E+01  0.346E-02  0.464E-01  0.305E-03   194
     -1  0.15880E+01  0.111E-02  0.337E-01  0.831E-04  1633
      0  0.15290E+01  0.307E-03  0.238E-01  0.407E-04  6553
      1  0.15873E+01  0.875E-03  0.317E-01  0.580E-04  1444
      2  0.16541E+01  0.359E-02  0.521E-01  0.331E-03   144
      3  0.17046E+01  0.147E-01  0.568E-01  0.217E-02    16
&-----------------------------------------------------------
#beta =   5.00   kappa =   0.2605
#  Re(op_pbp_e)                                                    
#
#    -3  0.17356E+01  jk failed  0.860E-01  jk failed     5
     -2  0.16310E+01  0.902E-02  0.526E-01  0.727E-03    49
     -1  0.15664E+01  0.143E-02  0.387E-01  0.169E-03   945
      0  0.15021E+01  0.273E-03  0.196E-01  0.413E-04  7919
      1  0.15658E+01  0.139E-02  0.363E-01  0.149E-03  1015
      2  0.16393E+01  0.833E-02  0.534E-01  0.504E-03    64
#     3  0.17079E+01  jk failed  0.301E-01  jk failed     3
&-----------------------------------------------------------
#beta =   5.00   kappa =   0.2620
#  Re(op_pbp_e)                                                    
#
     -2  0.16249E+01  0.143E-01  0.790E-01  0.225E-02    40
     -1  0.15403E+01  0.145E-02  0.350E-01  0.193E-03   603
      0  0.14754E+01  0.203E-03  0.147E-01  0.367E-04  8764
      1  0.15411E+01  0.118E-02  0.386E-01  0.149E-03   560
      2  0.16002E+01  0.943E-02  0.526E-01  0.701E-03    33
&-----------------------------------------------------------
#beta =   5.00   kappa =   0.2625
#  Re(op_pbp_e)                                                    
#
     -2  0.15831E+01  0.194E-01  0.613E-01  0.314E-02    11
     -1  0.15290E+01  0.156E-02  0.342E-01  0.972E-04   413
      0  0.14668E+01  0.156E-03  0.145E-01  0.239E-04  9087
      1  0.15312E+01  0.145E-02  0.339E-01  0.770E-04   476
      2  0.16003E+01  0.101E-01  0.351E-01  0.487E-03    13
&-----------------------------------------------------------
#beta =   5.00   kappa =   0.2630
#  Re(op_pbp_e)                                                    
#
     -2  0.15737E+01  0.139E-01  0.418E-01  0.519E-03    10
     -1  0.15234E+01  0.250E-02  0.402E-01  0.321E-03   328
      0  0.14578E+01  0.120E-03  0.136E-01  0.226E-04  9284
      1  0.15235E+01  0.349E-02  0.441E-01  0.820E-03   364
      2  0.15801E+01  0.115E-01  0.415E-01  0.564E-03    14
&-----------------------------------------------------------
#beta =   5.00   kappa =   0.2635
#  Re(op_pbp_e)                                                    
#
#    -2  0.15526E+01  jk failed  0.493E-02  jk failed     3
     -1  0.15122E+01  0.249E-02  0.391E-01  0.180E-03   270
      0  0.14491E+01  0.270E-03  0.141E-01  0.549E-04  9493
      1  0.15145E+01  0.201E-02  0.313E-01  0.117E-03   231
#     2  0.15921E+01  jk failed  0.480E-02  jk failed     3
&-----------------------------------------------------------
