# pion mass (\sigma_1)
"*"
    5  64  4.00  0.2200  0.9091699193042105E+00  0.3061037309771566E-02  10000
    5  64  4.00  0.2231  0.8720745329628332E+00  0.5341244432440545E-02  10000
    5  64  4.00  0.2262  0.8390185181011985E+00  0.5492749081109752E-02  10000
    5  64  4.00  0.2293  0.8091368151304233E+00  0.5399168752133849E-02  10000
    5  64  4.00  0.2324  0.7874181700118196E+00  0.3348893409306944E-02  10000
    5  64  4.00  0.2356  0.7584257392713951E+00  0.6575726264644370E-02  10000
    5  64  4.00  0.2387  0.7426577035030215E+00  0.7832359037719954E-02  10000
    5  64  4.00  0.2418  0.7148580819491749E+00  0.8433433022475366E-02  10000
    5  64  4.00  0.2449  0.7005722798476266E+00  0.1125899859100674E-01  10000
    5  64  4.00  0.2480  0.6884478946814352E+00  0.1767246423574692E-01  10000
    5  64  4.00  0.2500  0.6787794141961900E+00  0.2949265616546858E-01  10000
    5  64  4.00  0.2517  0.6675931478347317E+00  0.2201224348495078E-01  10000
    5  64  4.00  0.2533  0.6743334520965947E+00  0.2878129217463866E-01  10000
    5  64  4.00  0.2550  0.6985016061514441E+00  0.3061088951510491E-01  10000
    5  64  4.00  0.2567  0.7005038467406678E+00  0.1067464999337810E+00  10000
    5  64  4.00  0.2583  0.7183812386407262E+00  0.1503553049120851E+00  10000
    5  64  4.00  0.2600  0.7428657626560755E+00  0.1935792284791440E+00  10000
    5  64  4.00  0.2617  0.7863648049838333E+00  0.1994254017386254E+00  10000
    5  64  4.00  0.2633  0.4328778922934345E+00  0.8440978447225434E+02  10000
    5  64  4.00  0.2650                     NaN                     NaN  10000


# pseudoscalar mass (\sigma_3)
"*"
    5  64  4.00  0.2200  0.9085301697954785E+00  0.3005451680110061E-02  10000
    5  64  4.00  0.2231  0.8718095037081602E+00  0.5298378494031151E-02  10000
    5  64  4.00  0.2262  0.8378653852077514E+00  0.5512224314971764E-02  10000
    5  64  4.00  0.2293  0.8089360274033154E+00  0.5706944815451364E-02  10000
    5  64  4.00  0.2324  0.7871195958135337E+00  0.3190689777413897E-02  10000
    5  64  4.00  0.2356  0.7583363419282738E+00  0.6228033752072536E-02  10000
    5  64  4.00  0.2387  0.7435053314322865E+00  0.7174371886279081E-02  10000
    5  64  4.00  0.2418  0.7146881582221091E+00  0.6412919841421202E-02  10000
    5  64  4.00  0.2449  0.7008548387753185E+00  0.9649534195199608E-02  10000
    5  64  4.00  0.2480  0.6884323079835740E+00  0.1320715417386140E-01  10000
    5  64  4.00  0.2500  0.6765348178963153E+00  0.1870857895331846E-01  10000
    5  64  4.00  0.2517  0.6690743837322257E+00  0.1467334132579626E-01  10000
    5  64  4.00  0.2533  0.6712612500590379E+00  0.1496550126858637E-01  10000
    5  64  4.00  0.2550  0.6928384170233663E+00  0.1800074839454151E-01  10000
    5  64  4.00  0.2567  0.6773649887636694E+00  0.2257825515492514E-01  10000
    5  64  4.00  0.2583  0.7028635601890156E+00  0.3030849550660787E-01  10000
    5  64  4.00  0.2600  0.6992137527152475E+00  0.2747128664489701E-01  10000
    5  64  4.00  0.2617  0.7313356032607841E+00  0.1834105044518224E-01  10000
    5  64  4.00  0.2633  0.7083283257429824E+00  0.4104795754535837E-01  10000
    5  64  4.00  0.2650  0.7000398037369976E+00  0.5712852571568644E-01  10000


# eta mass (\sigma_1)
"*"
    5  64  4.00  0.2200  0.8731765151145615E+00  0.5948618570655368E+00  10000
    5  64  4.00  0.2231                     NaN                     NaN  10000
    5  64  4.00  0.2262                     NaN                     NaN  10000
    5  64  4.00  0.2293  0.7314214250896663E+00  0.8194684326019866E+02  10000
    5  64  4.00  0.2324  0.7137368524357857E+00  0.3775754727907484E+00  10000
    5  64  4.00  0.2356  0.6665229322688785E+00  0.3757693604290139E+02  10000
    5  64  4.00  0.2387  0.6256529707724739E+00  0.2512817296370373E+02  10000
    5  64  4.00  0.2418  0.6103459008255646E+00  0.4004410321153323E+00  10000
    5  64  4.00  0.2449  0.5667728312733893E+00  0.3138096521776420E+00  10000
    5  64  4.00  0.2480  0.4947037769474584E+00  0.2501414297925686E+00  10000
    5  64  4.00  0.2500  0.4858871004140682E+00  0.2274422970037535E+00  10000
    5  64  4.00  0.2517  0.5119187122871556E+00  0.2241406725827529E+00  10000
    5  64  4.00  0.2533  0.5019498853747373E+00  0.2771492049488070E+00  10000
    5  64  4.00  0.2550  0.5121687518311666E+00  0.3442457595669549E+02  10000
    5  64  4.00  0.2567  0.4971904769468549E+00  0.3778320408455083E+00  10000
    5  64  4.00  0.2583  0.4563306227315436E+00  0.2230125909813479E+00  10000
    5  64  4.00  0.2600  0.5061283639392578E+00  0.1967495592466447E+00  10000
    5  64  4.00  0.2617  0.4765480445848496E+00  0.1745823879511572E+00  10000
    5  64  4.00  0.2633                     NaN                     NaN  10000
    5  64  4.00  0.2650  0.4505194866478277E+00  0.2020282117816140E+00  10000

