# pion mass (\sigma_1)
"*"
    5  64  4.00  0.2200  0.9072197176928677E+00  0.1440881119106144E-01  10000
    5  64  4.00  0.2231  0.8592679294507096E+00  0.1865052279562138E-01  10000
    5  64  4.00  0.2262  0.8358880959023147E+00  0.6418808912810060E-02  10000
    5  64  4.00  0.2293  0.8086772448007761E+00  0.5740036132564829E-02  10000
    5  64  4.00  0.2324  0.7861979620430574E+00  0.4452665519656065E-02  10000
    5  64  4.00  0.2356  0.7571116315752023E+00  0.7521224371688415E-02  10000
    5  64  4.00  0.2387  0.7584076603907749E+00  0.3188177294281503E-01  10000
    5  64  4.00  0.2418  0.7160952214991292E+00  0.1656172861361644E-01  10000
    5  64  4.00  0.2449  0.7403196800388782E+00  0.3525775809288133E-01  10000
    5  64  4.00  0.2480  0.7495338695526796E+00  0.4286526344580114E-01  10000
    5  64  4.00  0.2500  0.7162800709462132E+00  0.1094127166754291E+00  10000
    5  64  4.00  0.2517  0.6688022088016722E+00  0.4971273375584603E-01  10000
    5  64  4.00  0.2533  0.6642087044946512E+00  0.3915021377069938E-01  10000
    5  64  4.00  0.2550  0.7304107814250325E+00  0.5230624132230794E-01  10000
    5  64  4.00  0.2567  0.7214095720255473E+00  0.1347712572581944E+00  10000
    5  64  4.00  0.2583  0.6843736602825944E+00  0.1746907714791760E+00  10000
    5  64  4.00  0.2600  0.7101619967340360E+00  0.2639518692984970E+00  10000
    5  64  4.00  0.2617  0.8023746536792378E+00  0.4132928727330146E+00  10000
    5  64  4.00  0.2633  0.5154804010488788E+00  0.1223134317677493E+03  10000
    5  64  4.00  0.2650                     NaN                     NaN  10000


# pseudoscalar mass (\sigma_3)
"*"
    5  64  4.00  0.2200  0.9097441969634033E+00  0.7337561265063385E-02  10000
    5  64  4.00  0.2231  0.8643587754146048E+00  0.1486947484439311E-01  10000
    5  64  4.00  0.2262  0.8355972023518495E+00  0.6015651020110107E-02  10000
    5  64  4.00  0.2293  0.8079369234147278E+00  0.6730917281087082E-02  10000
    5  64  4.00  0.2324  0.7858908340145166E+00  0.4360724149841431E-02  10000
    5  64  4.00  0.2356  0.7662904930999246E+00  0.3390117812057006E-01  10000
    5  64  4.00  0.2387  0.7586174108594759E+00  0.3354721253630141E-01  10000
    5  64  4.00  0.2418  0.7144930339767318E+00  0.1264720997481687E-01  10000
    5  64  4.00  0.2449  0.7314972536919425E+00  0.2780876279608710E-01  10000
    5  64  4.00  0.2480  0.6815545613241096E+00  0.1783955362040092E-01  10000
    5  64  4.00  0.2500  0.7070327730038430E+00  0.3429258380013214E-01  10000
    5  64  4.00  0.2517  0.6657057749240655E+00  0.2103620788007414E-01  10000
    5  64  4.00  0.2533  0.6640710661138525E+00  0.1975256865291488E-01  10000
    5  64  4.00  0.2550  0.7213012602054105E+00  0.2880673833838777E-01  10000
    5  64  4.00  0.2567  0.7616899725152058E+00  0.3996629952300527E-01  10000
    5  64  4.00  0.2583  0.7406388339447254E+00  0.8389956425046367E-01  10000
    5  64  4.00  0.2600  0.6889025038194410E+00  0.3107499525103065E-01  10000
    5  64  4.00  0.2617  0.7935029694175518E+00  0.2978209614163344E-01  10000
    5  64  4.00  0.2633  0.7185402520844892E+00  0.6297829766265316E-01  10000
    5  64  4.00  0.2650  0.7377671313921912E+00  0.6671185303232677E-01  10000


# eta mass (\sigma_1)
"*"
    5  64  4.00  0.2200  0.6559313267181149E+00  0.2517990272988179E+02  10000
    5  64  4.00  0.2231                     NaN                     NaN  10000
    5  64  4.00  0.2262                     NaN                     NaN  10000
    5  64  4.00  0.2293  0.6248033581272758E+00  0.1099486886875976E+03  10000
    5  64  4.00  0.2324 -0.4499081372260458E-01  0.5955153399981332E+02  10000
    5  64  4.00  0.2356  0.6665229322688785E+00  0.3757693604290139E+02  10000
    5  64  4.00  0.2387  0.5537797635652764E+00  0.6787354591900680E+02  10000
    5  64  4.00  0.2418  0.5127840928033810E+00  0.9972383513667073E+02  10000
    5  64  4.00  0.2449  0.1005094960701937E+00  0.9607881573797032E+02  10000
    5  64  4.00  0.2480  0.4640650211018331E+00  0.4788848962162776E+02  10000
    5  64  4.00  0.2500  0.4644472711084661E+00  0.4956972533714767E+02  10000
    5  64  4.00  0.2517  0.4257139329999774E+00  0.5115427203306933E+02  10000
    5  64  4.00  0.2533  0.4442038448460935E+00  0.4309615428737137E+02  10000
    5  64  4.00  0.2550  0.4629134747295518E+00  0.1042830920223551E+03  10000
    5  64  4.00  0.2567  0.4491023690228965E+00  0.8447609305204027E+02  10000
    5  64  4.00  0.2583  0.3480867956316279E+00  0.4933729706025269E+02  10000
    5  64  4.00  0.2600  0.1660073241135132E+00  0.9246924790357741E+02  10000
    5  64  4.00  0.2617  0.1732355599042937E+00  0.5678950951369511E+02  10000
    5  64  4.00  0.2633                     NaN                     NaN  10000
    5  64  4.00  0.2650  0.4074089728050858E+00  0.5844525633067846E+02  10000

