# fermion mass from PCAC relation
"m"
    5  64  4.00  0.2200  0.3340159542126222E+00  0.2586399691286474E-01  10000
    5  64  4.00  0.2231  0.3099941604502524E+00  0.2717151455474465E-01  10000
    5  64  4.00  0.2262  0.2863706307293618E+00  0.2101744258334047E-01  10000
    5  64  4.00  0.2293  0.2630898229328016E+00  0.2026519602268518E-01  10000
    5  64  4.00  0.2324  0.2400482451881367E+00  0.1634316642365834E-01  10000
    5  64  4.00  0.2356  0.2164606242319330E+00  0.3331195084394008E-01  10000
    5  64  4.00  0.2387  0.1939449815405661E+00  0.2746755757732855E-01  10000
    5  64  4.00  0.2418  0.1714698168681993E+00  0.2547126536007668E-01  10000
    5  64  4.00  0.2449  0.1490286119546544E+00  0.2122909955771439E-01  10000
    5  64  4.00  0.2480  0.1270163908744020E+00  0.1669422896440947E-01  10000
    5  64  4.00  0.2500  0.1127593341065859E+00  0.2270443746459790E-01  10000
    5  64  4.00  0.2517  0.1002989223257661E+00  0.4503199696067200E-01  10000
    5  64  4.00  0.2533  0.8876466608335859E-01  0.2640838141077838E-01  10000
    5  64  4.00  0.2550  0.7746188892112396E-01  0.1681061735530456E-01  10000
    5  64  4.00  0.2567  0.6563154549058121E-01  0.1740258014641621E-01  10000
    5  64  4.00  0.2583  0.5422883818830045E-01  0.2289336066257418E-01  10000
    5  64  4.00  0.2600  0.4148043084757502E-01  0.1157144907134662E-01  10000
    5  64  4.00  0.2617  0.2859083703948503E-01  0.7056338025950690E-02  10000
    5  64  4.00  0.2633  0.1543880049367953E-01  0.1713151232038796E-01  10000
    5  64  4.00  0.2650  0.1413380814259042E-02  0.1352593658944152E-01  10000

