#  Re(op_pbp_e)                                                    
   5  64  4.00  0.2200  1.054  0.529  0.521
#  Re(op_pbp_e)                                                    
   5  64  4.00  0.2231  2.694  0.515  0.548
#  Re(op_pbp_e)                                                    
   5  64  4.00  0.2262    NaN  0.508  0.403
#  Re(op_pbp_e)                                                    
   5  64  4.00  0.2293    NaN  0.525  0.468
#  Re(op_pbp_e)                                                    
   5  64  4.00  0.2324  0.287  0.528  0.320
#  Re(op_pbp_e)                                                    
   5  64  4.00  0.2356  0.637  0.531  0.234
#  Re(op_pbp_e)                                                    
   5  64  4.00  0.2387  0.520  0.564  0.558
#  Re(op_pbp_e)                                                    
   5  64  4.00  0.2418  0.734  0.572  0.629
#  Re(op_pbp_e)                                                    
   5  64  4.00  0.2449  0.477  0.575  0.696
#  Re(op_pbp_e)                                                    
   5  64  4.00  0.2480  0.377  0.575  0.584
#  Re(op_pbp_e)                                                    
   5  64  4.00  0.2500  0.598  0.587  0.389
#  Re(op_pbp_e)                                                    
   5  64  4.00  0.2517  1.089  0.601  0.321
#  Re(op_pbp_e)                                                    
   5  64  4.00  0.2533    NaN  0.565  0.905
#  Re(op_pbp_e)                                                    
   5  64  4.00  0.2550  0.441  0.601  0.674
#  Re(op_pbp_e)                                                    
   5  64  4.00  0.2567  0.534  0.607  0.615
#  Re(op_pbp_e)                                                    
   5  64  4.00  0.2583    NaN  0.580  0.372
#  Re(op_pbp_e)                                                    
   5  64  4.00  0.2600    NaN  0.571  0.520
#  Re(op_pbp_e)                                                    
   5  64  4.00  0.2617    NaN  0.569  0.591
#  Re(op_pbp_e)                                                    
   5  64  4.00  0.2633  0.834  0.587  0.519
#  Re(op_pbp_e)                                                    
   5  64  4.00  0.2650  0.576  0.567  0.754
