#-----------------------------------------------------------
#beta =   4.00   kappa =   0.2200
#  Re(op_pbp_e)                                                    
#
#    -7  0.18866E+01  jk failed  0.000E+00  jk failed     1
#    -6  0.18934E+01  jk failed  0.000E+00  jk failed     1
#    -5  0.18678E+01  jk failed  0.116E-01  jk failed     5
     -4  0.18704E+01  0.192E-02  0.119E-01  0.222E-04    57
     -3  0.18666E+01  0.766E-03  0.134E-01  0.137E-04   273
     -2  0.18610E+01  0.538E-03  0.150E-01  0.888E-05   937
     -1  0.18578E+01  0.320E-03  0.156E-01  0.711E-05  2216
      0  0.18563E+01  0.340E-03  0.165E-01  0.575E-05  2916
      1  0.18581E+01  0.344E-03  0.159E-01  0.832E-05  2247
      2  0.18609E+01  0.334E-03  0.145E-01  0.935E-05   972
      3  0.18662E+01  0.789E-03  0.140E-01  0.140E-04   317
      4  0.18694E+01  0.203E-02  0.144E-01  0.328E-04    47
      5  0.18733E+01  0.339E-02  0.107E-01  0.289E-04    11
&-----------------------------------------------------------
#beta =   4.00   kappa =   0.2231
#  Re(op_pbp_e)                                                    
#
#    -5  0.18690E+01  jk failed  0.948E-02  jk failed     5
     -4  0.18582E+01  0.217E-02  0.139E-01  0.451E-04    42
     -3  0.18532E+01  0.878E-03  0.143E-01  0.191E-04   264
     -2  0.18474E+01  0.457E-03  0.163E-01  0.118E-04   932
     -1  0.18442E+01  0.358E-03  0.175E-01  0.960E-05  2202
      0  0.18417E+01  0.393E-03  0.183E-01  0.892E-05  2968
      1  0.18441E+01  0.380E-03  0.172E-01  0.787E-05  2316
      2  0.18480E+01  0.691E-03  0.163E-01  0.115E-04   959
      3  0.18533E+01  0.952E-03  0.147E-01  0.152E-04   256
      4  0.18570E+01  0.229E-02  0.139E-01  0.647E-04    49
#     5  0.18740E+01  jk failed  0.162E-01  jk failed     5
#     6  0.18766E+01  jk failed  0.701E-02  jk failed     2
&-----------------------------------------------------------
#beta =   4.00   kappa =   0.2262
#  Re(op_pbp_e)                                                    
#
#    -6  0.18495E+01  jk failed  0.000E+00  jk failed     1
#    -5  0.18593E+01  jk failed  0.407E-02  jk failed     2
     -4  0.18464E+01  0.180E-02  0.128E-01  0.373E-04    50
     -3  0.18392E+01  0.101E-02  0.150E-01  0.221E-04   226
     -2  0.18331E+01  0.550E-03  0.170E-01  0.143E-04   898
     -1  0.18284E+01  0.434E-03  0.187E-01  0.952E-05  2263
      0  0.18256E+01  0.391E-03  0.198E-01  0.132E-04  2984
      1  0.18276E+01  0.354E-03  0.183E-01  0.104E-04  2316
      2  0.18331E+01  0.376E-03  0.167E-01  0.113E-04   970
      3  0.18399E+01  0.849E-03  0.154E-01  0.223E-04   252
      4  0.18452E+01  0.218E-02  0.101E-01  0.321E-04    35
#     5  0.18714E+01  jk failed  0.185E-02  jk failed     3
&-----------------------------------------------------------
#beta =   4.00   kappa =   0.2293
#  Re(op_pbp_e)                                                    
#
#    -5  0.18433E+01  jk failed  0.184E-01  jk failed     6
     -4  0.18317E+01  0.341E-02  0.146E-01  0.545E-04    29
     -3  0.18275E+01  0.128E-02  0.164E-01  0.388E-04   198
     -2  0.18186E+01  0.456E-03  0.172E-01  0.128E-04   872
     -1  0.18109E+01  0.467E-03  0.199E-01  0.132E-04  2218
      0  0.18082E+01  0.319E-03  0.219E-01  0.114E-04  3087
      1  0.18112E+01  0.459E-03  0.198E-01  0.114E-04  2415
      2  0.18182E+01  0.572E-03  0.179E-01  0.112E-04   908
      3  0.18260E+01  0.108E-02  0.158E-01  0.281E-04   231
      4  0.18366E+01  0.295E-02  0.151E-01  0.628E-04    34
#     5  0.18326E+01  jk failed  0.612E-02  jk failed     2
&-----------------------------------------------------------
#beta =   4.00   kappa =   0.2324
#  Re(op_pbp_e)                                                    
#
#    -5  0.18447E+01  jk failed  0.197E-01  jk failed     4
     -4  0.18228E+01  0.343E-02  0.161E-01  0.616E-04    23
     -3  0.18094E+01  0.134E-02  0.179E-01  0.246E-04   182
     -2  0.18016E+01  0.609E-03  0.191E-01  0.167E-04   818
     -1  0.17921E+01  0.461E-03  0.210E-01  0.140E-04  2222
      0  0.17873E+01  0.369E-03  0.229E-01  0.111E-04  3259
      1  0.17927E+01  0.428E-03  0.214E-01  0.152E-04  2362
      2  0.18009E+01  0.590E-03  0.191E-01  0.180E-04   894
      3  0.18122E+01  0.113E-02  0.176E-01  0.219E-04   205
      4  0.18177E+01  0.324E-02  0.148E-01  0.887E-04    31
&-----------------------------------------------------------
#beta =   4.00   kappa =   0.2356
#  Re(op_pbp_e)                                                    
#
#    -5  0.18061E+01  jk failed  0.000E+00  jk failed     1
     -4  0.18098E+01  0.474E-02  0.157E-01  0.841E-04    12
     -3  0.17964E+01  0.198E-02  0.203E-01  0.719E-04   109
     -2  0.17831E+01  0.839E-03  0.198E-01  0.215E-04   781
     -1  0.17712E+01  0.498E-03  0.223E-01  0.164E-04  2256
      0  0.17648E+01  0.397E-03  0.256E-01  0.135E-04  3405
      1  0.17709E+01  0.375E-03  0.216E-01  0.139E-04  2408
      2  0.17828E+01  0.744E-03  0.203E-01  0.242E-04   827
      3  0.17928E+01  0.144E-02  0.182E-01  0.434E-04   185
      4  0.18059E+01  0.411E-02  0.154E-01  0.952E-04    15
#     5  0.18186E+01  jk failed  0.000E+00  jk failed     1
&-----------------------------------------------------------
#beta =   4.00   kappa =   0.2387
#  Re(op_pbp_e)                                                    
#
#    -5  0.18151E+01  jk failed  0.000E+00  jk failed     1
#    -4  0.17919E+01  jk failed  0.858E-02  jk failed     8
     -3  0.17789E+01  0.189E-02  0.209E-01  0.713E-04   104
     -2  0.17644E+01  0.787E-03  0.210E-01  0.234E-04   690
     -1  0.17488E+01  0.482E-03  0.227E-01  0.146E-04  2232
      0  0.17397E+01  0.375E-03  0.269E-01  0.164E-04  3697
      1  0.17499E+01  0.388E-03  0.234E-01  0.151E-04  2331
      2  0.17633E+01  0.794E-03  0.207E-01  0.237E-04   779
      3  0.17787E+01  0.175E-02  0.183E-01  0.683E-04   141
      4  0.17880E+01  0.446E-02  0.167E-01  0.103E-03    15
#     5  0.18149E+01  jk failed  0.674E-02  jk failed     2
&-----------------------------------------------------------
#beta =   4.00   kappa =   0.2418
#  Re(op_pbp_e)                                                    
#
#    -5  0.18108E+01  jk failed  0.000E+00  jk failed     1
     -4  0.17747E+01  0.434E-02  0.162E-01  0.839E-04    15
     -3  0.17604E+01  0.174E-02  0.185E-01  0.490E-04    89
     -2  0.17436E+01  0.785E-03  0.234E-01  0.392E-04   590
     -1  0.17260E+01  0.475E-03  0.237E-01  0.145E-04  2254
      0  0.17135E+01  0.495E-03  0.277E-01  0.147E-04  4038
      1  0.17264E+01  0.377E-03  0.235E-01  0.156E-04  2237
      2  0.17427E+01  0.756E-03  0.214E-01  0.308E-04   664
      3  0.17580E+01  0.217E-02  0.210E-01  0.108E-03   102
#     4  0.17702E+01  jk failed  0.203E-01  jk failed     9
#     5  0.18260E+01  jk failed  0.000E+00  jk failed     1
&-----------------------------------------------------------
#beta =   4.00   kappa =   0.2449
#  Re(op_pbp_e)                                                    
#
#    -5  0.17799E+01  jk failed  0.000E+00  jk failed     1
#    -4  0.17665E+01  jk failed  0.142E-01  jk failed     8
     -3  0.17443E+01  0.259E-02  0.197E-01  0.128E-03    70
     -2  0.17213E+01  0.100E-02  0.215E-01  0.397E-04   528
     -1  0.17017E+01  0.515E-03  0.238E-01  0.190E-04  2172
      0  0.16838E+01  0.525E-03  0.284E-01  0.198E-04  4403
      1  0.17018E+01  0.435E-03  0.233E-01  0.193E-04  2194
      2  0.17213E+01  0.873E-03  0.203E-01  0.329E-04   543
      3  0.17446E+01  0.252E-02  0.189E-01  0.914E-04    72
#     4  0.17577E+01  jk failed  0.154E-01  jk failed     9
&-----------------------------------------------------------
#beta =   4.00   kappa =   0.2480
#  Re(op_pbp_e)                                                    
#
#    -4  0.17704E+01  jk failed  0.295E-01  jk failed     2
     -3  0.17285E+01  0.251E-02  0.189E-01  0.809E-04    56
     -2  0.17031E+01  0.113E-02  0.231E-01  0.468E-04   418
     -1  0.16768E+01  0.627E-03  0.239E-01  0.245E-04  1954
      0  0.16543E+01  0.371E-03  0.291E-01  0.181E-04  5036
      1  0.16770E+01  0.554E-03  0.241E-01  0.227E-04  2042
      2  0.17019E+01  0.943E-03  0.216E-01  0.449E-04   437
      3  0.17330E+01  0.288E-02  0.216E-01  0.840E-04    54
#     4  0.17518E+01  jk failed  0.000E+00  jk failed     1
&-----------------------------------------------------------
#beta =   4.00   kappa =   0.2500
#  Re(op_pbp_e)                                                    
#
#    -4  0.17570E+01  jk failed  0.119E-01  jk failed     5
     -3  0.17159E+01  0.498E-02  0.239E-01  0.101E-03    24
     -2  0.16885E+01  0.910E-03  0.209E-01  0.410E-04   348
     -1  0.16594E+01  0.653E-03  0.236E-01  0.380E-04  1943
      0  0.16330E+01  0.314E-03  0.279E-01  0.199E-04  5291
      1  0.16600E+01  0.423E-03  0.231E-01  0.193E-04  1963
      2  0.16896E+01  0.123E-02  0.223E-01  0.467E-04   380
      3  0.17197E+01  0.450E-02  0.244E-01  0.180E-03    43
#     4  0.17654E+01  jk failed  0.799E-02  jk failed     3
&-----------------------------------------------------------
#beta =   4.00   kappa =   0.2517
#  Re(op_pbp_e)                                                    
#
#    -4  0.17337E+01  jk failed  0.300E-01  jk failed     2
     -3  0.17041E+01  0.600E-02  0.251E-01  0.306E-03    28
     -2  0.16810E+01  0.163E-02  0.256E-01  0.686E-04   266
     -1  0.16450E+01  0.557E-03  0.229E-01  0.227E-04  1908
      0  0.16158E+01  0.352E-03  0.279E-01  0.261E-04  5549
      1  0.16463E+01  0.546E-03  0.242E-01  0.270E-04  1902
      2  0.16793E+01  0.149E-02  0.250E-01  0.794E-04   309
      3  0.17067E+01  0.412E-02  0.237E-01  0.119E-03    36
&-----------------------------------------------------------
#beta =   4.00   kappa =   0.2533
#  Re(op_pbp_e)                                                    
#
#    -4  0.17552E+01  jk failed  0.000E+00  jk failed     1
     -3  0.16998E+01  0.107E-01  0.387E-01  0.694E-03    14
     -2  0.16708E+01  0.173E-02  0.263E-01  0.648E-04   212
     -1  0.16332E+01  0.644E-03  0.236E-01  0.293E-04  1796
      0  0.15978E+01  0.374E-03  0.256E-01  0.267E-04  5887
      1  0.16322E+01  0.731E-03  0.230E-01  0.388E-04  1821
      2  0.16724E+01  0.170E-02  0.301E-01  0.173E-03   245
      3  0.17151E+01  0.593E-02  0.284E-01  0.209E-03    24
&-----------------------------------------------------------
#beta =   4.00   kappa =   0.2550
#  Re(op_pbp_e)                                                    
#
     -3  0.16923E+01  0.779E-02  0.234E-01  0.243E-03    10
     -2  0.16618E+01  0.267E-02  0.297E-01  0.130E-03   168
     -1  0.16191E+01  0.688E-03  0.260E-01  0.514E-04  1564
      0  0.15797E+01  0.353E-03  0.247E-01  0.282E-04  6373
      1  0.16182E+01  0.501E-03  0.235E-01  0.294E-04  1665
      2  0.16584E+01  0.194E-02  0.272E-01  0.577E-04   206
      3  0.16895E+01  0.742E-02  0.257E-01  0.259E-03    13
#     4  0.17370E+01  jk failed  0.000E+00  jk failed     1
&-----------------------------------------------------------
#beta =   4.00   kappa =   0.2567
#  Re(op_pbp_e)                                                    
#
#    -3  0.16955E+01  jk failed  0.218E-01  jk failed     4
     -2  0.16506E+01  0.312E-02  0.351E-01  0.188E-03   132
     -1  0.16046E+01  0.648E-03  0.252E-01  0.464E-04  1376
      0  0.15614E+01  0.324E-03  0.240E-01  0.375E-04  6823
      1  0.16043E+01  0.663E-03  0.268E-01  0.381E-04  1510
      2  0.16510E+01  0.281E-02  0.323E-01  0.173E-03   145
#     3  0.17083E+01  jk failed  0.306E-01  jk failed     9
#     4  0.16583E+01  jk failed  0.000E+00  jk failed     1
&-----------------------------------------------------------
#beta =   4.00   kappa =   0.2583
#  Re(op_pbp_e)                                                    
#
#    -4  0.17396E+01  jk failed  0.000E+00  jk failed     1
#    -3  0.16744E+01  jk failed  0.217E-01  jk failed     7
     -2  0.16402E+01  0.343E-02  0.347E-01  0.218E-03   101
     -1  0.15905E+01  0.736E-03  0.251E-01  0.340E-04  1331
      0  0.15433E+01  0.239E-03  0.213E-01  0.287E-04  7159
      1  0.15907E+01  0.627E-03  0.270E-01  0.456E-04  1292
      2  0.16311E+01  0.375E-02  0.303E-01  0.135E-03   104
#     3  0.17061E+01  jk failed  0.151E-01  jk failed     5
&-----------------------------------------------------------
#beta =   4.00   kappa =   0.2600
#  Re(op_pbp_e)                                                    
#
#    -3  0.16784E+01  jk failed  0.446E-01  jk failed     4
     -2  0.16248E+01  0.353E-02  0.358E-01  0.313E-03    60
     -1  0.15759E+01  0.793E-03  0.287E-01  0.488E-04  1068
      0  0.15245E+01  0.233E-03  0.179E-01  0.247E-04  7697
      1  0.15755E+01  0.943E-03  0.293E-01  0.547E-04  1095
      2  0.16305E+01  0.482E-02  0.391E-01  0.247E-03    72
#     3  0.16552E+01  jk failed  0.901E-02  jk failed     4
&-----------------------------------------------------------
#beta =   4.00   kappa =   0.2617
#  Re(op_pbp_e)                                                    
#
     -2  0.16149E+01  0.585E-02  0.400E-01  0.451E-03    42
     -1  0.15589E+01  0.117E-02  0.318E-01  0.108E-03   803
      0  0.15057E+01  0.196E-03  0.151E-01  0.151E-04  8229
      1  0.15588E+01  0.106E-02  0.292E-01  0.923E-04   885
      2  0.16089E+01  0.720E-02  0.427E-01  0.449E-03    40
#     3  0.17339E+01  jk failed  0.000E+00  jk failed     1
&-----------------------------------------------------------
#beta =   4.00   kappa =   0.2633
#  Re(op_pbp_e)                                                    
#
     -2  0.15906E+01  0.939E-02  0.432E-01  0.797E-03    33
     -1  0.15445E+01  0.151E-02  0.321E-01  0.120E-03   712
      0  0.14883E+01  0.149E-03  0.127E-01  0.144E-04  8561
      1  0.15433E+01  0.113E-02  0.289E-01  0.766E-04   675
      2  0.16167E+01  0.118E-01  0.501E-01  0.950E-03    19
&-----------------------------------------------------------
#beta =   4.00   kappa =   0.2650
#  Re(op_pbp_e)                                                    
#
     -2  0.15726E+01  0.118E-01  0.501E-01  0.110E-02    19
     -1  0.15266E+01  0.126E-02  0.324E-01  0.972E-04   467
      0  0.14700E+01  0.145E-03  0.120E-01  0.125E-04  8940
      1  0.15273E+01  0.146E-02  0.314E-01  0.818E-04   560
      2  0.15702E+01  0.965E-02  0.348E-01  0.305E-03    14
&-----------------------------------------------------------
