# triplet j1 / nf 3 / mode 2 / nplat  5 / jkb  20 / start     1 / nmeas 10000
 0.0010  0.10109000530671630        186.15711933958048        6.9874063895206790E-004   6.4483304020811116E-006   1.1694045514564813E-002   21.534570305137070     
 0.0020  0.20872366122461111        173.08429420473061        1.3993987222587479E-003   1.3235107696630532E-005   1.1335196366059459E-002   9.3997223468212692     
 0.0030  0.31263401236032928        144.04780732341823        2.1019631511629282E-003   2.0365866699731059E-005   1.1359309951678562E-002   5.2338633246689463     
 0.0040  0.37528039893058540        123.44153492835341        2.8064220383881098E-003   2.7845329571917973E-005   1.2625994708065219E-002   4.1530870553843888     
 0.0050  0.52199809920300821        94.468292267417397        3.5127626966911145E-003   3.5677449550965000E-005   1.1354172408467623E-002   2.0548145282477517     
 0.0060  0.55456627312796158        73.957652849734089        4.2209716279522132E-003   4.3865449687698389E-005   1.2833448903849803E-002   1.7114848226573622     
 0.0070  0.57510700866109532        73.957845709333156        4.9310345128365570E-003   5.2411857079427466E-005   1.4447223076798743E-002   1.8578898884264117     
 0.0080  0.59142927765491371        60.398286623482363        5.6429362010619582E-003   6.1318532991833311E-005   1.6066073213230222E-002   1.6407089281536118     
 0.0090  0.60291850995960616        60.401103177540328        6.3566607023073955E-003   7.0586699338986736E-005   1.7741574154453481E-002   1.7773722899180293     
 0.0100  0.61239621264101218        42.728928634956446        7.0721911777963525E-003   8.0216961941481012E-005   1.9420459338908687E-002   1.3550303002574549     
 0.0200  0.66686756496540045        1.6567570108542887E-002   1.4322500245018691E-002   1.9616220738949091E-004   3.5892178594771271E-002   9.2495578951553963E-004
 0.0400  0.65957986107877742        1.1454412122178346E-002   2.9258652396731668E-002   5.1904465561700619E-004   7.3350785048510461E-002   1.4303619360881837E-003
 0.0600  0.65284976067985245        1.2964688565764489E-002   4.4529887499706336E-002   8.9523776930133738E-004  0.11197038532225975        2.4922130148457029E-003
 0.0800  0.65379320447997702        6.0210397700764745E-003   5.9767883358449764E-002   1.2177652962656342E-003  0.14957311110683022        2.0540979510530830E-003
 0.1000  0.65749693478255977        4.8683425450506317E-003   7.4600426179549942E-002   1.4034954125224509E-003  0.18577698894143377        2.2239879798860011E-003
 0.1200  0.66472610951477673        4.2357027579590888E-003   8.8732272778825727E-002   1.4319511724192305E-003  0.21953495821263064        2.2571729559118349E-003
 0.1400  0.67586382953522950        3.5169698024067747E-003  0.10197908371594241        1.3382873537840052E-003  0.25002035279720974        2.0937983336930845E-003
 0.1600  0.69053692141519729        3.2055986681733123E-003  0.11425532670525025        1.1781792929528156E-003  0.27690214063792501        1.9210947167025547E-003
 0.1800  0.70791445523414576        2.9539043714934027E-003  0.12554384363451734        9.9805770393323365E-004  0.30030888417082718        1.7306607722189272E-003
 0.2000  0.72804713065281479        2.7300276628804427E-003  0.13586914008903056        8.2501888313572444E-004  0.32020706836830187        1.5449365537775637E-003
 0.2200  0.75090695473651037        2.6109902574690371E-003  0.14528035692916802        6.7065425112999670E-004  0.33670042194719635        1.4052083931383721E-003
 0.2400  0.77566551181744403        2.4378548993965105E-003  0.15384116146126320        5.3823252969120814E-004  0.35033410002627197        1.2601339012137602E-003
 0.2600  0.80239479958864557        2.2969971015116123E-003  0.16162301703008417        4.2757056314304549E-004  0.36129767868791363        1.1393521757371359E-003
 0.2800  0.83087562557985117        2.1837248539846419E-003  0.16870009326933647        3.3713466447761079E-004  0.36992668108770815        1.0401436347042571E-003
 0.3000  0.86091086647893156        2.0925735082402003E-003  0.17514537960637472        2.6473589898080884E-004  0.37654490721677031        9.5847035011837418E-004
 0.3200  0.89231756743921253        2.0857948235148676E-003  0.18102795387790907        2.0783129866818020E-004  0.38145504677749215        9.1814501834203805E-004
 0.3400  0.92493643416470028        2.0236868406869092E-003  0.18641131381189577        1.6377506057756812E-004  0.38492729070885190        8.5899731811582038E-004
 0.3600  0.95870830537440699        1.8370646863121586E-003  0.19135257517187129        1.3004054263962718E-004  0.38716573479014960        7.5345606355065693E-004
 0.3800  0.99343205785898814        1.7880101878634559E-003  0.19590230003667242        1.0437548473764723E-004  0.38840820273822851        7.0668524051219401E-004
 0.4000   1.0290294397805444        1.7438320516233459E-003  0.20010473742803581        8.4879384495070167E-005  0.38881756755622299        6.6404507321655753E-004


# triplet j3 / nf 3 / mode 2 / nplat  5 / jkb  20 / start     1 / nmeas 10000
 0.0010  0.67881951092091675        1.9817557390553069E-002   6.9874063895206790E-004   6.4483304020811116E-006   1.7414807678709471E-003   5.1472162186899088E-005
 0.0020  0.67826639295782420        1.9645074965251197E-002   1.3993987222587479E-003   1.3235107696630532E-005   3.4881924134651248E-003   1.0236852191541085E-004
 0.0030  0.67771615221005255        1.9474520484795733E-002   2.1019631511629282E-003   2.0365866699731059E-005   5.2401092053907380E-003   1.5270209538137503E-004
 0.0040  0.67716895870370120        1.9305867635053743E-002   2.8064220383881098E-003   2.7845329571917973E-005   6.9972025002573079E-003   2.0248568945437084E-004
 0.0050  0.67662498121603731        1.9139089865223256E-002   3.5127626966911145E-003   3.5677449550965000E-005   8.7594407238578958E-003   2.5173188732240863E-004
 0.0060  0.67608438716830688        1.8974160385174965E-002   4.2209716279522132E-003   4.3865449687698389E-005   1.0526789355090341E-002   3.0045303344217509E-004
 0.0070  0.67554734259034077        1.8811052219560524E-002   4.9310345128365570E-003   5.2411857079427466E-005   1.2299210911404261E-002   3.4866121878431011E-004
 0.0080  0.67501401207887424        1.8649738242024757E-002   5.6429362010619582E-003   6.1318532991833311E-005   1.4076664936166425E-002   3.9636826587911291E-004
 0.0090  0.67448455865534751        1.8490191172567099E-002   6.3566607023073955E-003   7.0586699338986736E-005   1.5859107990353317E-002   4.4358571310056506E-004
 0.0100  0.67395914370383314        1.8332383647208083E-002   7.0721911777963525E-003   8.0216961941481012E-005   1.7646493645796967E-002   4.9032480021339727E-004
 0.0200  0.66896135822290359        1.6843955449172162E-002   1.4322500245018691E-002   1.9616220738949091E-004   3.5779839069303807E-002   9.3363518464188906E-004
 0.0400  0.66079590320536874        1.4275040834784973E-002   2.9258652396731668E-002   5.1904465561700619E-004   7.3215799882584254E-002   1.7097992260231671E-003
 0.0600  0.65580613071237603        1.2105476353400048E-002   4.4529887499706336E-002   8.9523776930133738E-004  0.11146562350898231        2.3428383386996940E-003
 0.0800  0.65453951659797149        8.7831338154069835E-003   5.9767883358449764E-002   1.2177652962656342E-003  0.14940256643761704        2.5171047086149164E-003
 0.1000  0.65757461853865573        7.3866686889514531E-003   7.4600426179549942E-002   1.4034954125224509E-003  0.18575504184388725        2.7216239945671108E-003
 0.1200  0.66459438676908356        4.8630365994571361E-003   8.8732272778825727E-002   1.4319511724192305E-003  0.21957847008701162        2.3918003585551607E-003
 0.1400  0.67561710089315674        4.1818613292589589E-003  0.10197908371594241        1.3382873537840052E-003  0.25011165774205890        2.2560928378916262E-003
 0.1600  0.69005021588949000        3.7496862515712767E-003  0.11425532670525025        1.1781792929528156E-003  0.27709744497784894        2.0756611349004206E-003
 0.1800  0.70754582015745204        3.3720937461141440E-003  0.12554384363451734        9.9805770393323365E-004  0.30046534667176245        1.8646759582923373E-003
 0.2000  0.72779346382438015        3.0465822459605058E-003  0.13586914008903056        8.2501888313572444E-004  0.32031867408546305        1.6564167078402532E-003
 0.2200  0.75049866044537539        2.7721257250499167E-003  0.14528035692916802        6.7065425112999670E-004  0.33688359730426121        1.4673207842895539E-003
 0.2400  0.77539107135533347        2.5459313784120608E-003  0.15384116146126320        5.3823252969120814E-004  0.35045809662083716        1.3038225445054777E-003
 0.2600  0.80222682101773002        2.3629575793389121E-003  0.16162301703008417        4.2757056314304549E-004  0.36137333094255164        1.1668274822329103E-003
 0.2800  0.83078803260128620        2.2167074328109078E-003  0.16870009326933647        3.3713466447761079E-004  0.36996568379185846        1.0540912681330759E-003
 0.3000  0.86088134788803605        2.1002911608305136E-003  0.17514537960637472        2.6473589898080884E-004  0.37655781849089326        9.6175726421296015E-004
 0.3200  0.89233619615635207        2.0072508490194792E-003  0.18102795387790907        2.0783129866818020E-004  0.38144708339082412        8.8553761431782918E-004
 0.3400  0.92500302995210237        1.9320172356203673E-003  0.18641131381189577        1.6377506057756812E-004  0.38489957778771844        8.2151249232426896E-004
 0.3600  0.95875155359856679        1.8700592940724761E-003  0.19135257517187129        1.3004054263962718E-004  0.38714827017126857        7.6651134909931239E-004
 0.3800  0.99346569378914906        1.7622286043994389E-003  0.19590230003667242        1.0437548473764723E-004  0.38839505233830740        6.9666879623811462E-004
 0.4000   1.0290719654730189        1.7130470340186602E-003  0.20010473742803581        8.4879384495070167E-005  0.38880149993718238        6.5245113300586247E-004


