# triplet j1 / nf 2 / mode 2 / nplat  5 / jkb  20 / start     1 / nmeas 10000
 0.0010  0.11208865218339678        8.2287764166814395E-002   1.0003160445261779E-003   4.0981466639200391E-005   1.2618913640178716E-002   9.2675423723266002E-003
 0.0020  0.21298803833216887       0.13110795063713587        2.0005408354884938E-003   8.1931495051250236E-005   1.3281541768676847E-002   8.1801727409862822E-003
 0.0030  0.50309033742775588        1.8712537949493922E-002   3.0005831879302233E-003   1.2281870224087953E-004   8.4339784081614161E-003   3.5805500904029333E-004
 0.0040  0.50538355532824197        1.1407941551877371E-002   4.0003520539724988E-003   1.6361181550978782E-004   1.1193682746745030E-002   3.4094317634941691E-004
 0.0050  0.50714895094901602        1.1981660963285012E-002   4.9997565910101125E-003   2.0427972717818965E-004   1.3942443695075656E-002   4.3546611037678152E-004
 0.0060  0.50834528913597055        9.0771796153024682E-003   5.9987062294984423E-003   2.4479154879974535E-004   1.6690164485330530E-002   4.5253410211224231E-004
 0.0070  0.50968721511474058        1.0338123592708711E-002   6.9971107401956686E-003   2.8511666470571557E-004   1.9418677606667920E-002   5.5826798891267721E-004
 0.0080  0.51056041429249177        8.4693733562946384E-003   7.9948803007291822E-003   3.2522478470951665E-004   2.2152300548420756E-002   5.8141770825769423E-004
 0.0090  0.51158849627776326        1.0094990099401959E-002   8.9919255613557687E-003   3.6508599582791695E-004   2.4868055834810401E-002   7.0403313342460227E-004
 0.0100  0.51230544278138335        8.5380955986077405E-003   9.9881577097887964E-003   4.0467081283841624E-004   2.7588540349485678E-002   7.2370580516299644E-004
 0.0200  0.51768311998733818        6.0112485133711323E-003   1.9886727354437486E-002   7.7923029472134271E-004   5.4481323752047388E-002   1.2407755208730341E-003
 0.0400  0.52727604976279563        5.7046663810932392E-003   3.9094145979808793E-002   1.3461496141432226E-003  0.10606273298053548        2.1566770469338783E-003
 0.0600  0.53813739460612908        4.2652894792272753E-003   5.7114396168176561E-002   1.6088907787073111E-003  0.15384034532282675        2.4863365271878689E-003
 0.0800  0.55134338779113090        3.8429535711958064E-003   7.3680288167020089E-002   1.6093733771726190E-003  0.19693072452331523        2.5514396107722448E-003
 0.1000  0.56735002143126190        3.5422510172205251E-003   8.8727873438985153E-002   1.4516398701808972E-003  0.23479776500696575        2.4162332746207825E-003
 0.1200  0.58609390773363557        3.2713391862233218E-003  0.10231711043128308        1.2312104209097577E-003  0.26736992061563586        2.1942938044160649E-003
 0.1400  0.60736583030170899        3.0301186525970628E-003  0.11456467366222566        1.0072360894779191E-003  0.29488590969017675        1.9607988124107842E-003
 0.1600  0.63091804269998475        2.8244658542130796E-003  0.12560432337527894        8.0669911626031249E-004  0.31776373824993853        1.7506908643463999E-003
 0.1800  0.65650215547630719        2.6550425422811733E-003  0.13556829853830943        6.3783059383862425E-004  0.33650704954427557        1.5743962247388734E-003
 0.2000  0.68392296881638526        2.4555028566799293E-003  0.14457993034191152        5.0043464358507218E-004  0.35162262514084014        1.4014512650845424E-003
 0.2200  0.71293986102871654        2.2742039649285609E-003  0.15275117606947400        3.9119767785157758E-004  0.36363503757572418        1.2499280623928560E-003
 0.2400  0.74336974089896779        2.1699388673344978E-003  0.16018212457019490        3.0588308196541759E-004  0.37301196645703927        1.1456104390719206E-003
 0.2600  0.77501908919721807        2.0822951370323903E-003  0.16696131254091418        2.4019034912730691E-004  0.38018694283199767        1.0574463999985290E-003
 0.2800  0.80774090762577000        1.9281969188052147E-003  0.17316641746426767        1.9013364905428825E-004  0.38552608805836919        9.4433163678159162E-004
 0.3000  0.84145652197897314        1.8573698701137150E-003  0.17886514373854145        1.5222726678721984E-004  0.38932007844994454        8.7518033318753077E-004
 0.3200  0.87603237974330794        1.7955808114190831E-003  0.18411620110182630        1.2356060692058116E-004  0.39184637275258155        8.1384876761139647E-004
 0.3400  0.91138346374104218        1.7407666192180800E-003  0.18897030725701616        1.0179752961898880E-004  0.39332368244359817        7.5869169148839804E-004
 0.3600  0.94743731966965539        1.6913525362394221E-003  0.19347116620367552        8.5126647491669681E-005  0.39393438045203055        7.0856640122242799E-004
 0.3800  0.98413976463756336        1.5588833782383426E-003  0.19765638922535866        7.2184946508548878E-005  0.39382696157615615        6.2795567809410184E-004
 0.4000   1.0214370960547960        1.5165462982892493E-003  0.20155833829409231        6.1972007612891785E-005  0.39312779621076421        5.8680455508080458E-004


# triplet j3 / nf 2 / mode 2 / nplat  5 / jkb  20 / start     1 / nmeas 10000
 0.0010  0.51891308367113742        6.2688903747844388E-003   1.0003160445261779E-003   4.0981466639200391E-005   2.7257686623348210E-003   6.4822358003639087E-005
 0.0020  0.51892814577156632        6.2681245158177027E-003   2.0005408354884938E-003   8.1931495051250236E-005   5.4512547650142230E-003   1.2960043170443609E-004
 0.0030  0.51895324743073001        6.2668484361084499E-003   3.0005831879302233E-003   1.2281870224087953E-004   8.1761759160909730E-003   1.9429001225895404E-004
 0.0040  0.51898838710181860        6.2650625119117422E-003   4.0003520539724988E-003   1.6361181550978782E-004   1.0900250033256634E-002   2.5884703913855192E-004
 0.0050  0.51903356110347243        6.2627678221536054E-003   4.9997565910101125E-003   2.0427972717818965E-004   1.3623195537857940E-002   3.2322768227995935E-004
 0.0060  0.51908876576912610        6.2599651101932609E-003   5.9987062294984423E-003   2.4479154879974535E-004   1.6344731480464805E-002   3.8738840491244083E-004
 0.0070  0.51915399658534989        6.2566562769336776E-003   6.9971107401956686E-003   2.8511666470571557E-004   1.9064577708449538E-002   4.5128605745713336E-004
 0.0080  0.51922924777939528        6.2528419462668586E-003   7.9948803007291822E-003   3.2522478470951665E-004   2.1782455040627462E-002   5.1487791057900842E-004
 0.0090  0.51931451234002390        6.2485243797114369E-003   8.9919255613557687E-003   3.6508599582791695E-004   2.4498085432960472E-002   5.7812177626234283E-004
 0.0100  0.51940978361609536        6.2437056065671901E-003   9.9881577097887964E-003   4.0467081283841624E-004   2.7211192059258215E-002   6.4097604380433562E-004
 0.0200  0.52091062740121030        6.1685240093843343E-003   1.9886727354437486E-002   7.7923029472134271E-004   5.4143763205040413E-002   1.2394828802988417E-003
 0.0400  0.52685101933831446        5.8840554005871060E-003   3.9094145979808793E-002   1.3461496141432226E-003  0.10614829775457153        2.1783665156986970E-003
 0.0600  0.53654063527714546        5.4619401864334826E-003   5.7114396168176561E-002   1.6088907787073111E-003  0.15429817831890802        2.6814724291083928E-003
 0.0800  0.54970370627006981        4.9625151457786641E-003   7.3680288167020089E-002   1.6093733771726190E-003  0.19751813855426850        2.7987234517055388E-003
 0.1000  0.56601887471551993        4.4442122752356783E-003   8.8727873438985153E-002   1.4516398701808972E-003  0.23534995555698879        2.6685657426684982E-003
 0.1200  0.58515537578637844        3.9523932847519523E-003  0.10231711043128308        1.2312104209097577E-003  0.26779875579790885        2.4223923325703972E-003
 0.1400  0.60679726017050672        3.5151738496283337E-003  0.11456467366222566        1.0072360894779191E-003  0.29516221832135797        2.1464398630726893E-003
 0.1600  0.63065568353374701        3.1448040073011763E-003  0.12560432337527894        8.0669911626031249E-004  0.31789593119072151        1.8854758292510762E-003
 0.1800  0.65647280076260572        2.8418357655352585E-003  0.13556829853830943        6.3783059383862425E-004  0.33652209672991135        1.6579893901486618E-003
 0.2000  0.68402116489803233        2.5997698542816194E-003  0.14457993034191152        5.0043464358507218E-004  0.35157214722322710        1.4682332009501764E-003
 0.2200  0.71310133803922038        2.4089016845765684E-003  0.15275117606947400        3.9119767785157758E-004  0.36355269486277453        1.3133770743811537E-003
 0.2400  0.74353909590349476        2.2589489744297576E-003  0.16018212457019490        3.0588308196541759E-004  0.37292700597060890        1.1876254842100565E-003
 0.2600  0.77518273493764789        2.1405369860831550E-003  0.16696131254091418        2.4019034912730691E-004  0.38010668308038376        1.0846267264428900E-003
 0.2800  0.80790060462210223        2.0458320446359005E-003  0.17316641746426767        1.9013364905428825E-004  0.38544988145830184        9.9874241928106554E-004
 0.3000  0.84157885101325902        1.9686449578778958E-003  0.17886514373854145        1.5222726678721984E-004  0.38926348820986478        9.2552006763391387E-004
 0.3200  0.87611703006777231        1.8277468701818117E-003  0.18411620110182630        1.2356060692058116E-004  0.39180851260210470        8.2789280345204935E-004
 0.3400  0.91145572340068159        1.7700460624044043E-003  0.18897030725701616        1.0179752961898880E-004  0.39329249997944571        7.7108485219528537E-004
 0.3600  0.94749685737302825        1.7202433658308907E-003  0.19347116620367552        8.5126647491669681E-005  0.39390962686249703        7.2040032002560666E-004
 0.3800  0.98418048882807785        1.5880033702372249E-003  0.19765638922535866        7.2184946508548878E-005  0.39381066549591981        6.3948087167909522E-004
 0.4000   1.0213821974211899        1.2637445227666477E-003  0.20155833829409231        6.1972007612891785E-005  0.39314892657596839        4.9017908449429392E-004


