# triplet j1 / nf 4 / mode 2 / nplat  5 / jkb  20 / start     1 / nmeas 10000
 0.0010   6.7711968223077942E-002   155.74828746918573        6.7665510425312487E-004   4.7314734651603867E-006   1.7180398815481005E-002   39.517647526303904     
 0.0020  0.13452266679460431        155.85088659354551        1.3533217079306136E-003   9.4684164858919048E-006   1.7295576855131674E-002   20.037745691936305     
 0.0030  0.19939487497839889        155.94884314050864        2.0300112940523081E-003   1.4216304472927974E-005   1.7502934225776277E-002   13.689230199107588     
 0.0040  0.29101513503580279        145.91452454867897        2.7067353128373763E-003   1.8980624407849327E-005   1.5990141676179979E-002   8.0174315329538342     
 0.0050  0.45611473098805622        128.23091073920349        3.3835051653223532E-003   2.3766880260280827E-005   1.2752910833603000E-002   3.5853202271145239     
 0.0060  0.51419425182908562        128.23355260748747        4.0603321870028965E-003   2.8580597987497255E-005   1.3575135981614939E-002   3.3854674727172789     
 0.0070  0.54637846296723436        114.95863388194520        4.7372276315052310E-003   3.3427329986591217E-005   1.4905020327172796E-002   3.1360327889389481     
 0.0080  0.57490025749829177        107.62116523754010        5.4142026542967460E-003   3.8312658811606013E-005   1.6189548675920318E-002   3.0306789234457803     
 0.0090  0.60080407726042118        107.64479971358622        6.0912682964425983E-003   4.3242200200377459E-005   1.7428389037575754E-002   3.1226077163175998     
 0.0100  0.61748577466421728        81.922801489343868        6.7684354684170375E-003   4.8221605052969713E-005   1.8842225071371194E-002   2.4998274098464752     
 0.0200  0.76904639551588638        3.7083746551651683E-002   1.3547966222985573E-002   1.0202528946234412E-004   3.0270145416137845E-002   1.4640826222883704E-003
 0.0400  0.76540186743198346        3.3649595686997179E-002   2.7175096588511038E-002   2.4907291001376506E-004   6.0917353031703300E-002   2.6926391389172056E-003
 0.0600  0.75939828644014928        2.9972399820393944E-002   4.0911881854181063E-002   4.7470235203702098E-004   9.2266859443175073E-002   3.6807762707562609E-003
 0.0800  0.75320887053450525        2.5794140306358477E-002   5.4705160895352573E-002   7.6978706800822434E-004  0.12421061586375999        4.3425209733107669E-003
 0.1000  0.74840995078903716        2.1537046089837166E-002   6.8413166176719165E-002   1.0749196030546851E-003  0.15629507373106591        4.6623056442897885E-003
 0.1200  0.74619280220146345        1.7538760949287094E-002   8.1838202873974988E-002   1.3107569687843179E-003  0.18781600880463389        4.6636839995183041E-003
 0.1400  0.74336850138315547        7.0226298387827428E-003   9.4781019546116910E-002   1.4227760706599123E-003  0.21914700960593889        2.6441563031060072E-003
 0.1600  0.75064548615481452        5.4906560567957218E-003  0.10708522640684147        1.4054961832304673E-003  0.24660671118790151        2.4234004930623189E-003
 0.1800  0.76136537832014228        6.6493240096517740E-003  0.11865235742278089        1.2926184420120066E-003  0.27145404143719443        2.7940434341527137E-003
 0.2000  0.77435447448058825        3.7936468447639276E-003  0.12943338758566583        1.1302152244852242E-003  0.29384164213547592        1.9282666946079663E-003
 0.2200  0.79082118170959281        3.0984889586804939E-003  0.13941363888632047        9.5566499562044411E-004  0.31318480044490099        1.6303249897658297E-003
 0.2400  0.81007910101586744        2.7937447585687360E-003  0.14860175984255553        7.9070933793655971E-004  0.32968953875097112        1.4360238337276661E-003
 0.2600  0.83192014980397500        2.5665233041725849E-003  0.15702386061277915        6.4444728275882919E-004  0.34348110691984185        1.2726694076699142E-003
 0.2800  0.85627843140520687        2.4581305783862913E-003  0.16471985805706990        5.1904673985363366E-004  0.35469248610751214        1.1614940489393429E-003
 0.3000  0.88250846648699444        2.3065741631843892E-003  0.17173982456353129        4.1386968633418293E-004  0.36374099637144197        1.0468578936288259E-003
 0.3200  0.91059608141318593        2.1851061596035331E-003  0.17813994641975991        3.2732829299121164E-004  0.37080439122193010        9.5278486683292329E-004
 0.3400  0.94034297598894612        2.0874530730986278E-003  0.18397863474665091        2.5743997052832604E-004  0.37614203283302777        8.7548167568203691E-004
 0.3600  0.97157010779587838        2.0083003292092972E-003  0.18931335303378100        2.0198781336748094E-004  0.37999923959641962        8.1122144785939875E-004
 0.3800   1.0041176686500752        1.9431704520515524E-003  0.19419839757772700        1.5866062121638763E-004  0.38260003733861331        7.5672444503997413E-004
 0.4000   1.0378445615576235        1.8884119677571064E-003  0.19868358102317302        1.2521445640358033E-004  0.38414365930447497        7.0937338439665580E-004


# triplet j3 / nf 4 / mode 2 / nplat  5 / jkb  20 / start     1 / nmeas 10000
 0.0010  0.77737292064680807        4.2379258726470297E-002   6.7665510425312487E-004   4.7314734651603867E-006   1.4964743275154532E-003   8.1749385373758071E-005
 0.0020  0.77735732347207642        4.2371202955313804E-002   1.3533217079306136E-003   9.4684164858919048E-006   2.9930214227754997E-003   1.6347544146854770E-004
 0.0030  0.77733134237223311        4.2357781853962710E-002   2.0300112940523081E-003   1.4216304472927974E-005   4.4897139629712490E-003   2.4515485297240102E-004
 0.0040  0.77729499863315077        4.2339003180434126E-002   2.7067353128373763E-003   1.8980624407849327E-005   5.9866244441530532E-003   3.2676433240120688E-004
 0.0050  0.77724832202539162        4.2314877791041809E-002   3.3835051653223532E-003   2.3766880260280827E-005   7.4838250908356076E-003   4.0828063406979972E-004
 0.0060  0.77719135072011369        4.2285419600527660E-002   4.0603321870028965E-003   2.8580597987497255E-005   8.9813877664451265E-003   4.8968056779806588E-004
 0.0070  0.77712413128061841        4.2250645586601583E-002   4.7372276315052310E-003   3.3427329986591217E-005   1.0479383883545045E-002   5.7094101286705090E-004
 0.0080  0.77704671858770324        4.2210575744781216E-002   5.4142026542967460E-003   3.8312658811606013E-005   1.1977884314966346E-002   6.5203893152626408E-004
 0.0090  0.77695917574674223        4.2165233053802313E-002   6.0912682964425983E-003   4.3242200200377459E-005   1.3476959305863821E-002   7.3295138247102341E-004
 0.0100  0.77686157402708744        4.2114643459451089E-002   6.7684354684170375E-003   4.8221605052969713E-005   1.4976678385932753E-002   8.1365553451220158E-004
 0.0200  0.77535359338028542        4.1327896817530109E-002   1.3547966222985573E-002   1.0202528946234412E-004   3.0023909636548090E-002   1.6043224637160710E-003
 0.0400  0.77023959271000508        3.8890197379171439E-002   2.7175096588511038E-002   2.4907291001376506E-004   6.0534742969300816E-002   3.0690258300709087E-003
 0.0600  0.76349883256512263        3.4908164658744273E-002   4.0911881854181063E-002   4.7470235203702098E-004   9.1771319048329872E-002   4.2295484304081003E-003
 0.0800  0.75654927560972085        3.0223209683063107E-002   5.4705160895352573E-002   7.6978706800822434E-004  0.12366218658756700        5.0161841480751077E-003
 0.1000  0.75096689291216201        2.5359409297631311E-002   6.8413166176719165E-002   1.0749196030546851E-003  0.15576290984816807        5.4004243368067631E-003
 0.1200  0.74800303821302394        2.0717511316966305E-002   8.1838202873974988E-002   1.3107569687843179E-003  0.18736147682372381        5.4019296541009650E-003
 0.1400  0.74848915730850951        1.6558683428394276E-002   9.4781019546116910E-002   1.4227760706599123E-003  0.21764775417611074        5.0845454537968232E-003
 0.1600  0.75290221619996667        1.1914550667565325E-002  0.10708522640684147        1.4054961832304673E-003  0.24586753847396958        4.2121053019001323E-003
 0.1800  0.76164996655907780        9.1841373202206696E-003  0.11865235742278089        1.2926184420120066E-003  0.27135261344402645        3.5903878872440929E-003
 0.2000  0.77440228363933505        5.1459202593359598E-003  0.12943338758566583        1.1302152244852242E-003  0.29382350127766588        2.3361901132918175E-003
 0.2200  0.79065334828683942        3.6906186276691503E-003  0.13941363888632047        9.5566499562044411E-004  0.31325128075150677        1.8140417601628619E-003
 0.2400  0.80991933501956426        3.0707581073945271E-003  0.14860175984255553        7.9070933793655971E-004  0.32975457384193857        1.5273455620550818E-003
 0.2600  0.83180457071440628        2.7726610485676682E-003  0.15702386061277915        6.4444728275882919E-004  0.34352883355542380        1.3446829262202507E-003
 0.2800  0.85601438767580595        2.5417862967404285E-003  0.16471985805706990        5.1904673985363366E-004  0.35480189352889513        1.1926431790299616E-003
 0.3000  0.88230299147109326        2.3602882716772127E-003  0.17173982456353129        4.1386968633418293E-004  0.36382570614544912        1.0674587539652542E-003
 0.3200  0.91044553085673796        2.2164109797240547E-003  0.17813994641975991        3.2732829299121164E-004  0.37086570714423384        9.6499974650469846E-004
 0.3400  0.94023961467564354        2.1016507336554992E-003  0.18397863474665091        2.5743997052832604E-004  0.37618338243571958        8.8108485912097247E-004
 0.3600  0.97150489511555260        2.0093982478037817E-003  0.18931335303378100        2.0198781336748094E-004  0.38002474720740587        8.1174281513322053E-004
 0.3800   1.0040819120085342        1.9343650055629923E-003  0.19419839757772700        1.5866062121638763E-004  0.38261366221545362        7.5349446542952777E-004
 0.4000   1.0378306930641645        1.8723258561073397E-003  0.19868358102317302        1.2521445640358033E-004  0.38414879260209467        7.0352591792383014E-004


