# triplet j1 / nf 0 / mode 2 / nplat  5 / jkb  20 / start     1 / nmeas 10000
 0.0010  0.12344792672710966        1.0354808279866861E-002   4.6772058248575288        3.4208791958326858E-002  0.78347372856431985        6.5780179147735915E-002
 0.0020  0.13757884889912256        1.0065591868258039E-002   2.4286700549674873        1.7980494633761418E-002  0.71641155711616700        5.2481399040644965E-002
 0.0030  0.14993487355007107        9.6913704947694228E-003   1.6655979786805271        1.2220657009654322E-002  0.66674237855651286        4.3165717000534912E-002
 0.0040  0.15975858453542544        9.2035416194190325E-003   1.2789390576473099        9.1856562597680321E-003  0.63314869305517840        3.6545898554020205E-002
 0.0050  0.16793606300510433        8.6102316329222436E-003   1.0445060370063950        7.3039132819102907E-003  0.60857135922398820        3.1274462285834949E-002
 0.0060  0.17494170165235068        8.0089505356461983E-003  0.88690225716201343        6.0265709135852554E-003  0.58970547040867949        2.7071361973940066E-002
 0.0070  0.18107012525575841        7.4559354985836625E-003  0.77355240739842535        5.1066645143180434E-003  0.57472764393154108        2.3741507915166923E-002
 0.0080  0.18653010139528206        6.9757667296513415E-003  0.68805238578679073        4.4155059189675671E-003  0.56249908141769378        2.1113368870448013E-002
 0.0090  0.19147658254168903        6.5750425190347055E-003  0.62123225412337058        3.8792323415329801E-003  0.55226507937554703        1.9042251553345390E-002
 0.0100  0.19602561473310948        6.2496835157092112E-003  0.56756022448123045        3.4524024865256330E-003  0.54351076367396223        1.7406865576647969E-002
 0.0200  0.23125444601075246        4.9668022176232694E-003  0.32393532415982246        1.5949025038018263E-003  0.49223111069078573        1.0641186740444871E-002
 0.0400  0.28469017874693958        3.9783963186255161E-003  0.20495640692144862        7.2921648647771052E-004  0.44978322890581734        6.3362099487817717E-003
 0.0600  0.33096660188649019        3.5153733399349014E-003  0.17073162927738220        4.5405932906959014E-004  0.43247742689243834        4.6294325768518312E-003
 0.0800  0.37874687740558211        2.2262149791092171E-003  0.15799316321790885        3.2565500229211024E-004  0.41978805583378342        2.5050895973324659E-003
 0.1000  0.41981817626702933        2.3197343093994708E-003  0.15369047992670751        2.5455903969042587E-004  0.41761610983547509        2.3333402199716522E-003
 0.1200  0.46025351285006383        2.2265733921235584E-003  0.15340577365457109        2.1009471372994737E-004  0.41689756792280075        2.0369340836586180E-003
 0.1400  0.50005199345434281        2.1243238788290282E-003  0.15523661894995455        1.7934419503256636E-004  0.41692788284403753        1.7874944236151299E-003
 0.1600  0.53945648060056672        2.0230117350299192E-003  0.15823630142493897        1.5630283878348791E-004  0.41713020230501863        1.5777848377669034E-003
 0.1800  0.57836337392893411        2.0853449631905037E-003  0.16188668304257986        1.3799168600642933E-004  0.41740344600602880        1.5154660461734709E-003
 0.2000  0.61741672967629824        1.9878828794267010E-003  0.16588510442412027        1.2283841347623495E-004  0.41721056533717832        1.3521362974406113E-003
 0.2200  0.65640723966241177        1.8980654191839688E-003  0.17004665868035498        1.0995482222239813E-004  0.41671297899791004        1.2124745909552195E-003
 0.2400  0.69539001837435566        1.8155145977553535E-003  0.17425494956568785        9.8801608925675255E-005  0.41589598475702483        1.0921981909327312E-003
 0.2600  0.73440649359101728        1.7396396627747581E-003  0.17843540358876792        8.9027380220881459E-005  0.41476841527972880        9.8792423819282511E-004
 0.2800  0.77348874447456462        1.6698070743107860E-003  0.18253994477359131        8.0388216775917641E-005  0.41335098085415239        8.9697165037906461E-004
 0.3000  0.81247162005570139        1.7343960228037012E-003  0.18653777407025399        7.2705560810396795E-005  0.41176631935696817        8.8265935496031358E-004
 0.3200  0.85176823893179476        1.6687147633652358E-003  0.19040960657706896        6.5843005669946717E-005  0.40983870721666965        8.0604328309812469E-004
 0.3400  0.89119375925610889        1.6080562433418411E-003  0.19414395565731010        5.9692758431618233E-005  0.40770332823297117        7.3831881344956168E-004
 0.3600  0.93076370165919275        1.5518782747661886E-003  0.19773467463044392        5.4167315629926429E-005  0.40538551519432797        6.7818308790015748E-004
 0.3800  0.97049181208922874        1.4997098526227978E-003  0.20117929585201122        4.9194125363352386E-005  0.40290862314064596        6.2456410388234303E-004
 0.4000   1.0103905706433036        1.4511417209332211E-003  0.20447788915569659        4.4711973876028180E-005  0.40029382029645727        5.7657282171784852E-004


# triplet j3 / nf 0 / mode 2 / nplat  5 / jkb  20 / start     1 / nmeas 10000
 0.0010  0.13137348801933299        1.4932242296294678E-002   4.6772058248575288        3.4208791958326858E-002  0.73620795865746114        8.3722554664101570E-002
 0.0020  0.15061660739241745        4.3400868982806807E-003   2.4286700549674873        1.7980494633761418E-002  0.65439714167291929        1.9011712013222378E-002
 0.0030  0.15868547153295384        3.7033598780198602E-003   1.6655979786805271        1.2220657009654322E-002  0.62997534212566053        1.4882735748341522E-002
 0.0040  0.16658598865467728        4.9126457801813798E-003   1.2789390576473099        9.1856562597680321E-003  0.60719955993795882        1.8038682957960968E-002
 0.0050  0.17343563868645803        4.7917034934254112E-003   1.0445060370063950        7.3039132819102907E-003  0.58927380150802644        1.6410385345025754E-002
 0.0060  0.17952898627145555        4.7765472799430600E-003  0.88690225716201343        6.0265709135852554E-003  0.57463744774342895        1.5412952954116871E-002
 0.0070  0.18512210900601267        4.7719659815307130E-003  0.77355240739842535        5.1066645143180434E-003  0.56214790893102384        1.4609026518798359E-002
 0.0080  0.19032833395607060        4.7539030185213167E-003  0.68805238578679073        4.4155059189675671E-003  0.55127373056190665        1.3882526541089372E-002
 0.0090  0.19521106613911374        4.7196458309786814E-003  0.62123225412337058        3.8792323415329801E-003  0.54169997709344231        1.3205512416861843E-002
 0.0100  0.19981606655394465        4.6722251124266517E-003  0.56756022448123045        3.4524024865256330E-003  0.53320052486613689        1.2572657435088605E-002
 0.0200  0.23653040039809309        3.1846939944084052E-003  0.32393532415982246        1.5949025038018263E-003  0.48125159649868299        6.5870863622762114E-003
 0.0400  0.29094280384158255        2.9333521246896954E-003  0.20495640692144862        7.2921648647771052E-004  0.44011697881448542        4.5059045013846411E-003
 0.0600  0.33688552178750281        3.0570679558682028E-003  0.17073162927738220        4.5405932906959014E-004  0.42487900225492298        3.8967401845272634E-003
 0.0800  0.37953617649840554        2.9176760060308743E-003  0.15799316321790885        3.2565500229211024E-004  0.41891504727184703        3.2492108334625032E-003
 0.1000  0.42052817460007536        2.5411393781213367E-003  0.15369047992670751        2.5455903969042587E-004  0.41691102808413150        2.5428312304211229E-003
 0.1200  0.46068098316323020        2.2093640226202031E-003  0.15340577365457109        2.1009471372994737E-004  0.41651072466156047        2.0177884649471740E-003
 0.1400  0.50027798438332094        2.3034180853599845E-003  0.15523661894995455        1.7934419503256636E-004  0.41673954371558886        1.9338258505061951E-003
 0.1600  0.53954166750527588        2.1993888548202710E-003  0.15823630142493897        1.5630283878348791E-004  0.41706434264498654        1.7125549149939155E-003
 0.1800  0.57860711753612981        2.1058188083254545E-003  0.16188668304257986        1.3799168600642933E-004  0.41722761093849858        1.5288606062645478E-003
 0.2000  0.61756714690821757        2.0216710595373937E-003  0.16588510442412027        1.2283841347623495E-004  0.41710894779052016        1.3741557621044277E-003
 0.2200  0.65648752313210490        1.9455367075824328E-003  0.17004665868035498        1.0995482222239813E-004  0.41666201814543186        1.2421270331205382E-003
 0.2400  0.69541673993391517        1.8760631863804318E-003  0.17425494956568785        9.8801608925675255E-005  0.41588000385134760        1.1281197607292731E-003
 0.2600  0.73439177395451793        1.8121267027392354E-003  0.17843540358876792        8.9027380220881459E-005  0.41477672860855525        1.0286873191405386E-003
 0.2800  0.77344166768094502        1.7528555685612740E-003  0.18253994477359131        8.0388216775917641E-005  0.41337614013846724        9.4124834925427394E-004
 0.3000  0.81258986837398606        1.6975908591230812E-003  0.18653777407025399        7.2705560810396795E-005  0.41170639900023559        8.6383476905375726E-004
 0.3200  0.85185581651956677        1.6458340203871376E-003  0.19040960657706896        6.5843005669946717E-005  0.40979657252126983        7.9491432484111221E-004
 0.3400  0.89125605810651221        1.5972005520267067E-003  0.19414395565731010        5.9692758431618233E-005  0.40767482974656705        7.3326845311982977E-004
 0.3600  0.93080504215015480        1.5513852189643776E-003  0.19773467463044392        5.4167315629926429E-005  0.40536751052582259        6.7790904428885002E-004
 0.3800  0.97051570349786243        1.5081380725276000E-003  0.20117929585201122        4.9194125363352386E-005  0.40289870464625910        6.2802149063941666E-004
 0.4000   1.0103998952939897        1.4672483200823521E-003  0.20447788915569659        4.4711973876028180E-005  0.40029012611550635        5.8292495382925589E-004


