# triplet j1 / nf 5 / mode 2 / nplat  5 / jkb  20 / start     1 / nmeas 10000
 0.0010  0.18910400348859319        208.10778187647955        6.6709208871206795E-004   3.6466488203316672E-006   6.1081145010770128E-003   6.7219420891176060     
 0.0020  0.35625879611141414        205.11658503047704        1.3341722414865682E-003   7.2931142492863149E-006   6.4844082546291074E-003   3.7334086671420486     
 0.0030  0.47314233054436078        203.65447629018792        2.0012288658364397E-003   1.0939295649830264E-005   7.3237278870378593E-003   3.1523494540017021     
 0.0040  0.55395595189994318        198.41305994615371        2.6682507447680819E-003   1.4585183822345195E-005   8.3403270348097209E-003   2.9872949325676790     
 0.0050  0.61425770432416604        195.83812824439153        3.3352270371783408E-003   1.8230862403766286E-005   9.4018233943496676E-003   2.9974967879763659     
 0.0060  0.66040165963095010        190.44916153960102        4.0021472777014306E-003   2.1876509431081607E-005   1.0493708604073830E-002   3.0262159036567766     
 0.0070  0.69657513124966719        186.66596294776969        4.6690013760078732E-003   2.5522399074579786E-005   1.1606681132765542E-002   3.1103210740544434     
 0.0080  0.71730588208846036        180.46733439519124        5.3357796155601520E-003   2.9168903629466605E-005   1.2881147133227215E-002   3.2407740481016774     
 0.0090  0.78741347922388372        168.07315238538644        6.0024726518285530E-003   3.2816495611233177E-005   1.3200746848253144E-002   2.8176951441016280     
 0.0100  0.79148435516952143        163.76777772929771        6.6690715099742646E-003   3.6465750236174472E-005   1.4591681788747467E-002   3.0191971382340417     
 0.0200  0.80141815829235208        91.648853100760050        1.3328162931604345E-002   7.3255804180514852E-005   2.8810842873043762E-002   3.2947602691825573     
 0.0400  0.80292827024973457       0.29950029337323303        2.6592420450423933E-002   1.5476855103705266E-004   5.7444331351145135E-002   2.1427963465492725E-002
 0.0600  0.80156636071081921       0.11402014924952678        3.9768433998598508E-002   2.7362546314897750E-004   8.6182757365790189E-002   1.2262795405710522E-002
 0.0800  0.83671367328439750        5.0578535979778239E-002   5.2844128181848464E-002   4.6919035968042019E-004  0.10989590096477526        6.6609919046350854E-003
 0.1000  0.82951123165778973        4.4531644932740665E-002   6.5783873246750099E-002   7.4846117640530862E-004  0.13827779553261810        7.4648950014532594E-003
 0.1200  0.82282990715065107        3.7784065902584360E-002   7.8508958154860753E-002   1.0651122585601518E-003  0.16682270520035722        7.7435732582463741E-003
 0.1400  0.81854748473181116        3.1915934669555820E-002   9.0905027395246196E-002   1.3408551471219535E-003  0.19490774116420517        7.7343861462111814E-003
 0.1600  0.81669401838500799        2.5672192837164830E-002  0.10284986358148118        1.5076286190018795E-003  0.22213524665196055        7.1699548488910487E-003
 0.1800  0.81100091085676074        8.1667195354114316E-003  0.11424159371003793        1.5397171887817035E-003  0.25005873792939615        3.0299000397940551E-003
 0.2000  0.81957615494297353        6.3867653913595194E-003  0.12501121982042973        1.4556485987036061E-003  0.27284448368660763        2.6540872769220368E-003
 0.2200  0.83107167380884817        5.1656835585080002E-003  0.13511922791865813        1.2975481513866245E-003  0.29339076237105877        2.3043623896265020E-003
 0.2400  0.84547353725623431        4.1864537679460597E-003  0.14454654689105528        1.1084552980097345E-003  0.31154763602317564        1.9510917980421066E-003
 0.2600  0.86262761404513877        3.8544910728768693E-003  0.15328839753782839        9.1965386215279510E-004  0.32729016679664596        1.7614272928244963E-003
 0.2800  0.88261694181245665        3.0086338239019433E-003  0.16135260253540973        7.4834915461405142E-004  0.34057262867206312        1.4041087049238927E-003
 0.3000  0.90509276059789523        2.6962486031739683E-003  0.16875965242756413        6.0105150730250698E-004  0.35157407688201114        1.2201955485073991E-003
 0.3200  0.92986055109055421        2.4754749657860510E-003  0.17554185340505229        4.7822534331997757E-004  0.36046450270015662        1.0779477946484530E-003
 0.3400  0.95685695622618261        2.3646361978894455E-003  0.18174079118803896        3.7776643465670264E-004  0.36739534134797969        9.8495114261585941E-004
 0.3600  0.98551346469129575        2.2292446001654295E-003  0.18740379256622922        2.9681830355918686E-004  0.37272873363403286        8.9329357557951122E-004
 0.3800   1.0158155661705259        2.1212208275208019E-003  0.19258039513018685        2.3246446190368917E-004  0.37661530868306009        8.1863662955819505E-004
 0.4000   1.0475910708228340        2.0340131634427809E-003  0.19731949101849344        1.8193610233318999E-004  0.37926101126473621        7.5685024527943857E-004


# triplet j3 / nf 5 / mode 2 / nplat  5 / jkb  20 / start     1 / nmeas 10000
 0.0010  0.85914702676822152        6.8336674921165505E-002   6.6709208871206795E-004   3.6466488203316672E-006   1.3444368308708650E-003   1.0699981180718180E-004
 0.0020  0.85914305191168605        6.8333620657620345E-002   1.3341722414865682E-003   7.2931142492863149E-006   2.6888740741705338E-003   2.1399108791940493E-004
 0.0030  0.85913625613102085        6.8328450184288556E-002   2.0012288658364397E-003   1.0939295649830264E-005   4.0333132911310535E-003   3.2096507489684468E-004
 0.0040  0.85912649961985310        6.8321098072512229E-002   2.6682507447680819E-003   1.4585183822345195E-005   5.3777572962412255E-003   4.2791278173820885E-004
 0.0050  0.85911364283508806        6.8311498982809360E-002   3.3352270371783408E-003   1.8230862403766286E-005   6.7222101555929285E-003   5.3482497987564139E-004
 0.0060  0.85909754669807969        6.8299587704735362E-002   4.0021472777014306E-003   2.1876509431081607E-005   8.0666771828757557E-003   6.4169220311974175E-004
 0.0070  0.85907807268206215        6.8285299183603196E-002   4.6690013760078732E-003   2.5522399074579786E-005   9.4111649342740918E-003   7.4850474760621238E-004
 0.0080  0.85905508304179612        6.8268568546821201E-002   5.3357796155601520E-003   2.9168903629466605E-005   1.0755681200318610E-002   8.5525267144906185E-004
 0.0090  0.85902844094660147        6.8249331164500965E-002   6.0024726518285530E-003   3.2816495611233177E-005   1.2100234996506781E-002   9.6192579486357446E-004
 0.0100  0.85899801063340198        6.8227522656451947E-002   6.6690715099742646E-003   3.6465750236174472E-005   1.3444836551937591E-002   1.0685136996458741E-003
 0.0200  0.85845660538485868        6.7854131801993817E-002   1.3328162931604345E-002   7.3255804180514852E-005   2.6896563541279637E-002   2.1272429058146612E-003
 0.0400  0.85574216664530212        6.6081097369106848E-002   2.6592420450423933E-002   1.5476855103705266E-004   5.3899035720353178E-002   4.1650811098350683E-003
 0.0600  0.85048811061515361        6.2655103659462710E-002   3.9768433998598508E-002   2.7362546314897750E-004   8.1225355552300330E-002   5.9903589769126873E-003
 0.0800  0.84303334775927918        5.7490728264878554E-002   5.2844128181848464E-002   4.6919035968042019E-004  0.10907208264007059        7.4539236461841005E-003
 0.1000  0.83454246054170578        5.0861552504552550E-002   6.5783873246750099E-002   7.4846117640530862E-004  0.13744415641683680        8.4130063894535118E-003
 0.1200  0.82771387846477518        4.4074460001761850E-002   7.8508958154860753E-002   1.0651122585601518E-003  0.16583835864300056        8.9019969753748231E-003
 0.1400  0.82228301711631568        3.6557426518927995E-002   9.0905027395246196E-002   1.3408551471219535E-003  0.19402229884817285        8.7438096258571161E-003
 0.1600  0.81940943056014226        2.9387662303446138E-002  0.10284986358148118        1.5076286190018795E-003  0.22139912044839360        8.1044671747348262E-003
 0.1800  0.81999837847183354        2.2987618267029674E-002  0.11424159371003793        1.5397171887817035E-003  0.24731495763000252        7.1306639271866172E-003
 0.2000  0.82453523291123998        1.7592377997192113E-002  0.12501121982042973        1.4556485987036061E-003  0.27120349005309613        5.9979905801281251E-003
 0.2200  0.83308471522573979        1.2293885959899734E-002  0.13511922791865813        1.2975481513866245E-003  0.29268182155724692        4.5419968729672111E-003
 0.2400  0.84600282669931282        9.1193111054715063E-003  0.14454654689105528        1.1084552980097345E-003  0.31135272074682074        3.5621609068354145E-003
 0.2600  0.86265709890102327        4.9881657895213963E-003  0.15328839753782839        9.1965386215279510E-004  0.32727898030851216        2.1319358913933729E-003
 0.2800  0.88248279268586671        3.2206209401046356E-003  0.16135260253540973        7.4834915461405142E-004  0.34062440024319790        1.4728431494716700E-003
 0.3000  0.90499637796775489        2.8580121379338562E-003  0.16875965242756413        6.0105150730250698E-004  0.35161151972161142        1.2747756350763113E-003
 0.3200  0.92979633737711820        2.5974389535931702E-003  0.17554185340505229        4.7822534331997757E-004  0.36048939714569245        1.1203849721155813E-003
 0.3400  0.95665154394202001        2.4023489493656624E-003  0.18174079118803896        3.7776643465670264E-004  0.36747422850050127        9.9871216911958521E-004
 0.3600  0.98534671393075512        2.2515934294751318E-003  0.18740379256622922        2.9681830355918686E-004  0.37279181072043316        9.0156433691020805E-004
 0.3800   1.0156862191291498        2.1325259244991206E-003  0.19258039513018685        2.3246446190368917E-004  0.37666327042064957        8.2286556840292368E-004
 0.4000   1.0474948628724303        2.0369216508830616E-003  0.19731949101849344        1.8193610233318999E-004  0.37929584477643646        7.5801028157384642E-004


