# triplet j1 / nf 6 / mode 2 / nplat  5 / jkb  20 / start     1 / nmeas 10000
 0.0010  -100.00000000000000        157.38991518460182        6.6265154438135997E-004   3.5507653196095978E-006  -1.1512180891398119E-005   1.8119037992961110E-005
 0.0020  -100.00000000000000        154.77758161086501        1.3252902650394906E-003   7.1003295799319822E-006  -2.3024250389877975E-005   3.5636431310546810E-005
 0.0030  -100.00000000000000        171.31121470629810        1.9879033480279212E-003   1.0647492925702775E-005  -3.4536097185651314E-005   5.9164279894744783E-005
 0.0040  -100.00000000000000        157.22506603822819        2.6504779989334399E-003   1.4191057934102401E-005  -4.6047610135019522E-005   7.2398490392288755E-005
 0.0050  -100.00000000000000        154.49597225130134        3.3130014525906142E-003   1.7729830857123146E-005  -5.7558678342979817E-005   8.8925973094400787E-005
 0.0060  -100.00000000000000        157.22047312813058        3.9754609827348910E-003   2.1262622895806475E-005  -6.9069191245314790E-005   1.0859106634988986E-004
 0.0070  -100.00000000000000        171.21364089612302        4.6378439115729985E-003   2.4788251584550092E-005  -8.0579038689985611E-005   1.3796247399582511E-004
 0.0080  0.94924473418103184        100.56755044815449        5.3001376192510670E-003   2.8305542192733935E-005   9.7011979842178703E-003   1.0277915513926767     
 0.0090  0.94540615316641829        79.150907607927493        5.9623295532002440E-003   3.1813329198994028E-005   1.0957861739556504E-002  0.91740962301073781     
 0.0100  0.94241438913123476        70.542065846310564        6.6244072373405957E-003   3.5310457986819102E-005   1.2213681789198110E-002  0.91422452318441882     
 0.0200  0.92174856626118629        90.084245142376062        1.3236227792922437E-002   6.9453230481224073E-005   2.4963164651492772E-002   2.4396976866765736     
 0.0400  0.88726796932248209        82.416816958589166        2.6377047383688366E-002   1.3076629306259295E-004   5.1772993873573460E-002   4.8091056011568041     
 0.0600  0.87123788603698993       0.29263353995092972        3.9350727542206677E-002   1.8701584393623178E-004   7.8873343918362662E-002   2.6492837168339379E-002
 0.0800  0.86199119479788622       0.12339032815985733        5.2115463777571903E-002   2.7855753749353977E-004  0.10593524253826080        1.5166816453432205E-002
 0.1000  0.85599316263731084        6.9427955154198445E-002   6.4645340070272880E-002   4.7072101757674004E-004  0.13283524293174057        1.0784859552980053E-002
 0.1200  0.85271308052788586        4.3961667559861230E-002   7.6908129268306369E-002   7.7374229777925113E-004  0.15932679484711934        8.2531085520415153E-003
 0.1400  0.88515501950636455        5.6145298052971825E-002   8.8851277785765112E-002   1.1302027370488866E-003  0.17819336048380002        1.1359464577941094E-002
 0.1600  0.85300851538556199        2.0802174854452366E-002  0.10040490817070305        1.4516977954366548E-003  0.21013533860477920        5.3449571702651995E-003
 0.1800  0.85621608202579391        1.5023530387129395E-002  0.11149747776301691        1.6613713529618677E-003  0.23399166685444031        4.4604939268955224E-003
 0.2000  0.86158925533439257        1.1152203299793712E-002  0.12207119137505427        1.7254768276345231E-003  0.25646984710887138        3.7823039984793221E-003
 0.2200  0.86941131709231390        8.5140430465549428E-003  0.13208745501817493        1.6564906315547311E-003  0.27728848530884970        3.2244115747197899E-003
 0.2400  0.87994681462431035        6.6910357244665611E-003  0.14152290556765293        1.4944233469696326E-003  0.29619489111935521        2.7419337498704030E-003
 0.2600  0.89332602563801977        5.3623731065953802E-003  0.15036312193069751        1.2850551830214420E-003  0.31301298364780272        2.3063870416084316E-003
 0.2800  0.90946692431992182        4.6732655937236000E-003  0.15859981332775083        1.0661076713639021E-003  0.32768641738781223        2.0120094452623157E-003
 0.3000  0.92831199017963717        5.1180177415360417E-003  0.16623219703154121        8.6219473154664948E-004  0.34020386066864888        2.0727708965580338E-003
 0.3200  0.94980182993759510        3.4784694377739123E-003  0.17326978278055225        6.8551516210746280E-004  0.35060523829776830        1.4593640453625797E-003
 0.3400  0.97384004888839337        2.8202038898362505E-003  0.17973368239950632        5.3927183397390688E-004  0.35898934748170797        1.1708330326036299E-003
 0.3600  0.99994606763470595        2.5651828686013589E-003  0.18565543044648836        4.2157230617029235E-004  0.36563141217972628        1.0257196258766426E-003
 0.3800   1.0280108983986700        2.3799479246459014E-003  0.19107400849657089        3.2844241614401782E-004  0.37068915865499930        9.1541203159211878E-004
 0.4000   1.0578320534167756        2.2379232326269062E-003  0.19603233560814695        2.5555567012081184E-004  0.37436231841823309        8.2873095461053392E-004


# triplet j3 / nf 6 / mode 2 / nplat  5 / jkb  20 / start     1 / nmeas 10000
 0.0010  0.92279954215405902        9.5177716161561690E-002   6.6265154438135997E-004   3.5507653196095978E-006   1.2475278070170725E-003   1.2871365399339091E-004
 0.0020  0.92279822005548218        9.5174520001214000E-002   1.3252902650394906E-003   7.1003295799319822E-006   2.4950471175045905E-003   2.5741813343447835E-004
 0.0030  0.92279600991425204        9.5169190882635618E-002   1.9879033480279212E-003   1.0647492925702775E-005   3.7425494708045472E-003   3.8610426153738156E-004
 0.0040  0.92279290179761042        9.5161725520561444E-002   2.6504779989334399E-003   1.4191057934102401E-005   4.9900264778064808E-003   5.1476285696380731E-004
 0.0050  0.92278888179619112        9.5152119336899613E-002   3.3130014525906142E-003   1.7729830857123146E-005   6.2374698566960343E-003   6.4338473168413504E-004
 0.0060  0.92278393206055187        9.5140366442740557E-002   3.9754609827348910E-003   2.1262622895806475E-005   7.4848714683495984E-003   7.7196068861796086E-004
 0.0070  0.92277803082752430        9.5126459642873973E-002   4.6378439115729985E-003   2.4788251584550092E-005   8.7322233514515232E-003   9.0048151928398307E-004
 0.0080  0.92277115242901053        9.5110390456556143E-002   5.3001376192510670E-003   2.8305542192733935E-005   9.9795177574917675E-003   1.0289380016338589E-003
 0.0090  0.92276326734959491        9.5092149116054611E-002   5.9623295532002440E-003   3.1813329198994028E-005   1.1226747184983879E-002   1.1573208976202098E-003
 0.0100  0.92275434222829478        9.5071724562320450E-002   6.6244072373405957E-003   3.5310457986819102E-005   1.2473904413838777E-002   1.2856209507455681E-003
 0.0200  0.92259791589888362        9.4744075311410367E-002   1.3236227792922437E-002   6.9453230481224073E-005   2.4940183399869344E-002   2.5620105985291793E-003
 0.0400  0.92169916925340556        9.3340224603400329E-002   2.6377047383688366E-002   1.3076629306259295E-004   4.9838950356394823E-002   5.0486886973388516E-003
 0.0600  0.91937854994811463        9.0699290460051485E-002   3.9350727542206677E-002   1.8701584393623178E-004   7.4743363790661474E-002   7.3757826849382875E-003
 0.0800  0.91489685760981787        8.6479493229214277E-002   5.2115463777571903E-002   2.7855753749353977E-004   9.9809334273288225E-002   9.4381238777853475E-003
 0.1000  0.90802378679611884        8.0422238357121617E-002   6.4645340070272880E-002   4.7072101757674004E-004  0.12522365752998368        1.1100229059422288E-002
 0.1200  0.89936598790354305        7.2535329849725258E-002   7.6908129268306369E-002   7.7374229777925113E-004  0.15106201910238640        1.2207071940169423E-002
 0.1400  0.89026411862919397        6.3196336629830471E-002   8.8851277785765112E-002   1.1302027370488866E-003  0.17717073413877377        1.2627029781514048E-002
 0.1600  0.88234353321015802        5.3088820686197864E-002  0.10040490817070305        1.4516977954366548E-003  0.20314903035687765        1.2310976048301876E-002
 0.1800  0.87826981785544755        4.3868985118613903E-002  0.11149747776301691        1.6613713529618677E-003  0.22811603467144131        1.1520292414094978E-002
 0.2000  0.87690425591476817        3.4692406302511643E-002  0.12207119137505427        1.7254768276345231E-003  0.25199063990828163        1.0127172184198072E-002
 0.2200  0.87911462458699474        2.6670257549720529E-002  0.13208745501817493        1.6564906315547311E-003  0.27422788847376678        8.4952698736164237E-003
 0.2400  0.87982163440764116        8.3435343826564843E-003  0.14152290556765293        1.4944233469696326E-003  0.29623703345729802        3.2153321283814439E-003
 0.2600  0.89305563009937416        6.2684963827594831E-003  0.15036312193069751        1.2850551830214420E-003  0.31310775637131955        2.5729866786902257E-003
 0.2800  0.90956762926100077        7.2635372160597730E-003  0.15859981332775083        1.0661076713639021E-003  0.32765013680757410        2.8388151728278841E-003
 0.3000  0.92831816627574060        5.4095870211464375E-003  0.16623219703154121        8.6219473154664948E-004  0.34020159729407040        2.1699113822431578E-003
 0.3200  0.94977739519690763        3.3315994261891662E-003  0.17326978278055225        6.8551516210746280E-004  0.35061425825141718        1.4119619331901621E-003
 0.3400  0.97375095204356388        2.9327339335469540E-003  0.17973368239950632        5.3927183397390688E-004  0.35902219450293127        1.2080162301229315E-003
 0.3600  0.99989002475168820        2.6551013965905928E-003  0.18565543044648836        4.2157230617029235E-004  0.36565190547194160        1.0559784885812041E-003
 0.3800   1.0279783432959333        2.4511796586230458E-003  0.19107400849657089        3.2844241614401782E-004  0.37070089803036854        9.3959021569957248E-004
 0.4000   1.0578149552011933        2.2948073169346511E-003  0.19603233560814695        2.5555567012081184E-004  0.37436836950268293        8.4801653886835981E-004


