# triplet j1 / nf 1 / mode 2 / nplat  5 / jkb  20 / start     1 / nmeas 10000
 0.0010  0.15792675064254583        1.6872994087295697E-002   6.1692751166419549E-002   4.1200343451403753E-003   7.0335789548717900E-002   7.8731852069204942E-003
 0.0020  0.20900162591657842        1.7130916397233024E-002   6.2356639291607723E-002   4.0432740247932173E-003   7.5565173075991351E-002   6.6606449096008827E-003
 0.0030  0.23888939347919694        1.5666164747333892E-002   6.3017675451992147E-002   3.9680847599121803E-003   8.1397290194459015E-002   5.9212608654305434E-003
 0.0040  0.25859829115943672        1.3994971503850992E-002   6.3675883093213662E-002   3.8944356631920606E-003   8.7278411063809430E-002   5.4252963221056499E-003
 0.0050  0.27262145753281147        1.2468661976025698E-002   6.4331285390794440E-002   3.8222962346365114E-003   9.3036010526952345E-002   5.0739672453752856E-003
 0.0060  0.28317725222606993        1.1156262158115934E-002   6.4983905247415763E-002   3.7516363703242270E-003   9.8613225272981761E-002   4.8162673986570778E-003
 0.0070  0.29148456986881049        1.0049618853085404E-002   6.5633765290579155E-002   3.6824263702724177E-003  0.10399491587379708        4.6223956096033214E-003
 0.0080  0.29826396875451311        9.1213120944403907E-003   6.6280887870652519E-002   3.6146369454530046E-003  0.10918258129198251        4.4734737165383351E-003
 0.0090  0.30396527075732394        8.3421235664304389E-003   6.6925295059265172E-002   3.5482392239541078E-003  0.11418457329111753        4.3568799302570703E-003
 0.0100  0.30888162937751534        7.6860670794445104E-003   6.7567008648053151E-002   3.4832047563380744E-003  0.11901186592389187        4.2638628849160807E-003
 0.0200  0.35060384203187395        3.1638508132979352E-003   7.3840589531208506E-002   2.9018894750464253E-003  0.15501042336828930        3.3517505155817632E-003
 0.0400  0.38507435342952456        3.0093211670386088E-003   8.5662609146073432E-002   2.0427437813766145E-003  0.21497900461645789        3.0647544331460479E-003
 0.0600  0.41711597958678248        2.9414491352716533E-003   9.6620836414611222E-002   1.4656472728415773E-003  0.25814825370640182        2.6734740524748100E-003
 0.0800  0.44851512033712065        2.7956736319545827E-003  0.10680996138456421        1.0703126249703529E-003  0.29146659121523394        2.3309344237567517E-003
 0.1000  0.48001938780897746        2.6377703852597870E-003  0.11630110016443018        7.9423692843203137E-004  0.31772261666751545        2.0555398045938029E-003
 0.1200  0.51200270896668798        2.5664669850616181E-003  0.12515069093745018        5.9839392641306726E-004  0.33849323064086251        1.8798299543375391E-003
 0.1400  0.54456263811489858        2.4250878233274720E-003  0.13340663080499560        4.5779050140604696E-004  0.35491134509668798        1.6937691481685991E-003
 0.1600  0.57771388170485460        2.2967521702519328E-003  0.14111193504116343        3.5586971451686134E-004  0.36782738499276696        1.5341218963577166E-003
 0.1800  0.61146307508078535        2.1812084277446036E-003  0.14830661814296836        2.8132224913193912E-004  0.37788641574132337        1.3948277796210849E-003
 0.2000  0.64579432624349609        2.0778117783910085E-003  0.15502847534332362        2.2625431516704256E-004  0.38560398061111273        1.2721707010862695E-003
 0.2200  0.68068167297606041        1.9855452584714183E-003  0.16131327655284849        1.8509056857131872E-004  0.39139685976792282        1.1635743767179987E-003
 0.2400  0.71609206877670029        1.7830005466195980E-003  0.16719470559505634        1.5387792360914532E-004  0.39560613277228684        1.0017028514384360E-003
 0.2600  0.75201807368430174        1.7102149639362729E-003  0.17270423512000854        1.2981709976405087E-004  0.39849684494606114        9.1854086987706363E-004
 0.2800  0.78841036508977158        1.6456761863738825E-003  0.17787103055414979        1.1093264906378141E-004  0.40030802720771913        8.4484971089611894E-004
 0.3000  0.82525607511261834        1.4714682639856214E-003  0.18272191772022106        9.5834603378243559E-005  0.40121967098218231        7.2308848368739687E-004
 0.3200  0.86251969404288065        1.4226670550810802E-003  0.18728141722295730        8.3545408735792148E-005  0.40139162839127823        6.6809393368510886E-004
 0.3400  0.90017600877070580        1.3783601349680004E-003  0.19157183434226033        7.3375380302331572E-005  0.40095243115983192        6.1872627526250593E-004
 0.3600  0.93815538410175525        1.4439787975776299E-003  0.19561338863124986        6.4834405352620240E-005  0.40002834102241186        6.1926941278254044E-004
 0.3800  0.97653844379218091        1.4030967436728268E-003  0.19942436785856768        5.7570323500507794E-005  0.39866358070405239        5.7568556004466889E-004
 0.4000   1.0152707095285209        1.3648244218627389E-003  0.20302129349143816        5.1326462869904694E-005  0.39694828661988524        5.3596994038759404E-004


# triplet j3 / nf 1 / mode 2 / nplat  5 / jkb  20 / start     1 / nmeas 10000
 0.0010  0.33167700062035704        9.5161007500939709E-003   6.1692751166419549E-002   4.1200343451403753E-003   3.3490120438050032E-002   1.4743879002635696E-003
 0.0020  0.32641455894499966        7.4936094920287693E-003   6.2356639291607723E-002   4.0432740247932173E-003   4.8384006174831760E-002   1.9220889390981076E-003
 0.0030  0.32759359949065503        6.2918083937297427E-003   6.3017675451992147E-002   3.9680847599121803E-003   5.9356926739831457E-002   2.1890653870595671E-003
 0.0040  0.32707662154790174        5.9027582476244454E-003   6.3675883093213662E-002   3.8944356631920606E-003   6.9005384271729475E-002   2.4502647714956124E-003
 0.0050  0.32750483832130611        6.1405930544570003E-003   6.4331285390794440E-002   3.8222962346365114E-003   7.7445001798758725E-002   2.7206335946278895E-003
 0.0060  0.32942003679789500        6.0682707878708612E-003   6.4983905247415763E-002   3.7516363703242270E-003   8.4770259992065694E-002   2.9027786639927210E-003
 0.0070  0.33139319620082458        6.0382070774858600E-003   6.5633765290579155E-002   3.6824263702724177E-003   9.1471139629696024E-002   3.0597806845420860E-003
 0.0080  0.33338885356863873        6.0184566088729869E-003   6.6280887870652519E-002   3.6146369454530046E-003   9.7679420491796287E-002   3.1942932209051093E-003
 0.0090  0.33554396937347164        6.3690594609708629E-003   6.6925295059265172E-002   3.5482392239541078E-003  0.10343843998016461        3.3724965310512802E-003
 0.0100  0.33759853143697571        6.3567353150890777E-003   6.7567008648053151E-002   3.4832047563380744E-003  0.10888844482042048        3.4758106692410894E-003
 0.0200  0.35659372368713538        5.8967789498484222E-003   7.3840589531208506E-002   2.9018894750464253E-003  0.15240663639832383        3.9141012215114174E-003
 0.0400  0.38260994931565406        3.2023113458463275E-003   8.5662609146073432E-002   2.0427437813766145E-003  0.21636369193135963        3.1518894789829932E-003
 0.0600  0.41415082883000232        2.3770969179428814E-003   9.6620836414611222E-002   1.4656472728415773E-003  0.25999648975122985        2.4729633427585614E-003
 0.0800  0.45067999289986438        3.6702503316167535E-003  0.10680996138456421        1.0703126249703529E-003  0.29006651125557509        2.7735163522549077E-003
 0.1000  0.48164742940863808        3.3228701689451325E-003  0.11630110016443018        7.9423692843203137E-004  0.31664866587798701        2.4374761887630127E-003
 0.1200  0.51322745743782283        3.0454380950196676E-003  0.12515069093745018        5.9839392641306726E-004  0.33768546195914284        2.1603038303384106E-003
 0.1400  0.54547696046158534        2.8199772283535700E-003  0.13340663080499560        4.5779050140604696E-004  0.35431644669137319        1.9299725283801743E-003
 0.1600  0.57839870303384966        2.6350795374148663E-003  0.14111193504116343        3.5586971451686134E-004  0.36739187910848631        1.7366981075686424E-003
 0.1800  0.61051089843248507        1.3715304902024166E-003  0.14830661814296836        2.8132224913193912E-004  0.37847578215837280        9.2292595340960528E-004
 0.2000  0.64515421388518479        1.3021202226739489E-003  0.15502847534332362        2.2625431516704256E-004  0.38598657111132317        8.2839393749924075E-004
 0.2200  0.68026444218522408        1.3998078899050762E-003  0.16131327655284849        1.8509056857131872E-004  0.39163691762072966        8.3662187755313862E-004
 0.2400  0.71585211983859376        1.3426119933676016E-003  0.16719470559505634        1.5387792360914532E-004  0.39573873735476478        7.6423966950062985E-004
 0.2600  0.75190035232924834        1.2949674748581224E-003  0.17270423512000854        1.2981709976405087E-004  0.39855923564507628        7.0257646375799826E-004
 0.2800  0.78837771102212761        1.3862094954584007E-003  0.17787103055414979        1.1093264906378141E-004  0.40032460769346356        7.1487728485242750E-004
 0.3000  0.82526027701467897        1.3437902460914661E-003  0.18272191772022106        9.5834603378243559E-005  0.40121762812878292        6.6173015887821562E-004
 0.3200  0.86253649422110634        1.5358024256444344E-003  0.18728141722295730        8.3545408735792148E-005  0.40138381022828978        7.2027567936440342E-004
 0.3400  0.90017409408825322        1.4931589657014913E-003  0.19157183434226033        7.3375380302331572E-005  0.40095328399106678        6.6949707426837478E-004
 0.3600  0.93818793580433557        1.4546428829747410E-003  0.19561338863124986        6.4834405352620240E-005  0.40001446149669667        6.2374758496070272E-004
 0.3800  0.97656321763946130        1.4192290672966742E-003  0.19942436785856768        5.7570323500507794E-005  0.39865346724648382        5.8220943744587443E-004
 0.4000   1.0152874911585041        1.3861983904328067E-003  0.20302129349143816        5.1326462869904694E-005  0.39694172548392476        5.4427263101761332E-004


