# pion mass (\sigma_1)
"*"
    7  64  3.00  0.2350  0.7120046905503606E+00  0.2464618407789585E-02  10000
    7  64  3.00  0.2375  0.6794791659091748E+00  0.3464661279239065E-02  10000
    7  64  3.00  0.2400  0.6469070834628855E+00  0.6701208699909606E-02  10000
    7  64  3.00  0.2425  0.6156873739789253E+00  0.1442264780424737E-01  10000
    7  64  3.00  0.2450  0.5933822212937823E+00  0.2988433941815217E-02  10000
    7  64  3.00  0.2475  0.5677804560249073E+00  0.2711714569645596E-02  10000
    7  64  3.00  0.2500  0.5531529465039769E+00  0.9348995669768928E-02  10000
    7  64  3.00  0.2525  0.5247279851799400E+00  0.4804874815053755E-02  10000
    7  64  3.00  0.2550  0.5098679943261021E+00  0.1671681859775861E-01  10000
    7  64  3.00  0.2575  0.4810235602772629E+00  0.1206941749105541E-01  10000
    7  64  3.00  0.2590  0.4864287893108958E+00  0.1007126466218861E-01  10000
    7  64  3.00  0.2600  0.4833114010876482E+00  0.1784467274170566E-01  10000
    7  64  3.00  0.2605  0.4802496360543162E+00  0.2220193699518481E-01  10000
    7  64  3.00  0.2620  0.4916451323593055E+00  0.1227841912816982E+00  10000
    7  64  3.00  0.2625  0.5079323541744594E+00  0.1032467025209005E+00  10000
    7  64  3.00  0.2630  0.4946010364258407E+00  0.4951087785613809E-01  10000
    7  64  3.00  0.2635  0.4833704964715833E+00  0.4059898181707752E-01  10000
    7  64  3.00  0.2650  0.4455618905769771E+00  0.2018915367668633E+00  10000
    7  64  3.00  0.2675  0.1717331509619172E+01  0.5296392878449293E+02  10000
    7  64  3.00  0.2700  0.4470819047241788E+00  0.7156431124194278E+02  10000


# pseudoscalar mass (\sigma_3)
"*"
    7  64  3.00  0.2350  0.7123085608324310E+00  0.3850271514934105E-02  10000
    7  64  3.00  0.2375  0.6795530292945743E+00  0.1263245565566296E-02  10000
    7  64  3.00  0.2400  0.6479519584878699E+00  0.3106066041326769E-02  10000
    7  64  3.00  0.2425  0.6168097096627798E+00  0.1068510701706241E-01  10000
    7  64  3.00  0.2450  0.5933994463423146E+00  0.2770791097521701E-02  10000
    7  64  3.00  0.2475  0.5677639488314623E+00  0.2443001965636436E-02  10000
    7  64  3.00  0.2500  0.5533840544053514E+00  0.8467702051766189E-02  10000
    7  64  3.00  0.2525  0.5290419045452547E+00  0.1248040832052720E-01  10000
    7  64  3.00  0.2550  0.5124040914631725E+00  0.2344302976742561E-01  10000
    7  64  3.00  0.2575  0.4794753213968541E+00  0.1296644702777202E-01  10000
    7  64  3.00  0.2590  0.4837855108451807E+00  0.7230922750425059E-02  10000
    7  64  3.00  0.2600  0.4768680785089437E+00  0.8113902471012031E-02  10000
    7  64  3.00  0.2605  0.4797906236101582E+00  0.6597643763139941E-02  10000
    7  64  3.00  0.2620  0.5002990968316910E+00  0.2275688089839428E-01  10000
    7  64  3.00  0.2625  0.4808846166921523E+00  0.1094640328398180E-01  10000
    7  64  3.00  0.2630  0.4996304334278935E+00  0.1840913462459927E-01  10000
    7  64  3.00  0.2635  0.4875815194401262E+00  0.4749174793206937E-01  10000
    7  64  3.00  0.2650  0.4896555449722129E+00  0.7129804710869336E-02  10000
    7  64  3.00  0.2675  0.4977225615028317E+00  0.1216378353157389E-01  10000
    7  64  3.00  0.2700  0.5079464367550124E+00  0.1765402367038993E-01  10000


# eta mass (\sigma_1)
"*"
    7  64  3.00  0.2350                     NaN                     NaN  10000
    7  64  3.00  0.2375  0.6901962440847553E+00  0.5326928725645247E+02  10000
    7  64  3.00  0.2400                     NaN                     NaN  10000
    7  64  3.00  0.2425  0.6356499697377845E+00  0.6037041510509282E+02  10000
    7  64  3.00  0.2450  0.2747558635033852E+00  0.9960818965818193E+02  10000
    7  64  3.00  0.2475  0.5859126402552285E+00  0.7083117437890790E+02  10000
    7  64  3.00  0.2500  0.5413156114445637E+00  0.7637312965164566E+02  10000
    7  64  3.00  0.2525                     NaN                     NaN  10000
    7  64  3.00  0.2550                     NaN                     NaN  10000
    7  64  3.00  0.2575  0.4993769434642105E+00  0.6211391022652550E+02  10000
    7  64  3.00  0.2590  0.1506874467301837E-01  0.4226984380865043E+02  10000
    7  64  3.00  0.2600                     NaN                     NaN  10000
    7  64  3.00  0.2605                     NaN                     NaN  10000
    7  64  3.00  0.2620  0.1278873214489936E+00  0.1019976989411824E+03  10000
    7  64  3.00  0.2625  0.5234881533059770E+00  0.4932632423295748E+02  10000
    7  64  3.00  0.2630                     NaN                     NaN  10000
    7  64  3.00  0.2635                     NaN                     NaN  10000
    7  64  3.00  0.2650  0.4783657940937773E+00  0.7100390609008740E+02  10000
    7  64  3.00  0.2675  0.3898665179483141E+00  0.8681022484069892E+02  10000
    7  64  3.00  0.2700  0.4602329430243329E+00  0.1126187814030717E+03  10000

