# pion mass (\sigma_1)
"*"
    7  64  3.00  0.2350  0.7114491663969104E+00  0.1292435004473372E-02  10000
    7  64  3.00  0.2375  0.6794660047526778E+00  0.1360742568989490E-02  10000
    7  64  3.00  0.2400  0.6488535661297016E+00  0.1636297747053522E-02  10000
    7  64  3.00  0.2425  0.6199133231097071E+00  0.2125488694437436E-02  10000
    7  64  3.00  0.2450  0.5936990290526966E+00  0.2788737913585618E-02  10000
    7  64  3.00  0.2475  0.5681465589004244E+00  0.2462134026718995E-02  10000
    7  64  3.00  0.2500  0.5461526894719353E+00  0.4240485024247084E-02  10000
    7  64  3.00  0.2525  0.5259323176409614E+00  0.4448695609329297E-02  10000
    7  64  3.00  0.2550  0.5057616176663453E+00  0.5135525326806791E-02  10000
    7  64  3.00  0.2575  0.4852985813120724E+00  0.1047625321955435E-01  10000
    7  64  3.00  0.2590  0.4880930981300367E+00  0.9825926524950891E-02  10000
    7  64  3.00  0.2600  0.4789989377449241E+00  0.1339068568281378E-01  10000
    7  64  3.00  0.2605  0.4854862290576188E+00  0.1405418802454496E-01  10000
    7  64  3.00  0.2620  0.4747775629679660E+00  0.3243374094544681E-01  10000
    7  64  3.00  0.2625  0.4863642769994830E+00  0.2648461699175462E-01  10000
    7  64  3.00  0.2630  0.4943780893668744E+00  0.2964200117548879E-01  10000
    7  64  3.00  0.2635  0.4936279809181243E+00  0.3691744263739591E-01  10000
    7  64  3.00  0.2650  0.5206967095138657E+00  0.9341607403912919E-01  10000
    7  64  3.00  0.2675  0.1717331509619172E+01  0.5296392878449293E+02  10000
    7  64  3.00  0.2700  0.6242344723934037E+00  0.3105347154831616E+00  10000


# pseudoscalar mass (\sigma_3)
"*"
    7  64  3.00  0.2350  0.7112554522067128E+00  0.1185479252813030E-02  10000
    7  64  3.00  0.2375  0.6796144151903168E+00  0.1206366069213805E-02  10000
    7  64  3.00  0.2400  0.6487329297933131E+00  0.1526949977705808E-02  10000
    7  64  3.00  0.2425  0.6200130553002202E+00  0.1726981965442607E-02  10000
    7  64  3.00  0.2450  0.5939575565253714E+00  0.2300759193134460E-02  10000
    7  64  3.00  0.2475  0.5683320721658514E+00  0.1992886916031458E-02  10000
    7  64  3.00  0.2500  0.5464670987243955E+00  0.3636079450961687E-02  10000
    7  64  3.00  0.2525  0.5234700861233075E+00  0.3301295404214788E-02  10000
    7  64  3.00  0.2550  0.5034357145148802E+00  0.4028507826876663E-02  10000
    7  64  3.00  0.2575  0.4864357203930704E+00  0.6796380633288428E-02  10000
    7  64  3.00  0.2590  0.4847904737191893E+00  0.4876873461578338E-02  10000
    7  64  3.00  0.2600  0.4788499888019432E+00  0.6304348495670692E-02  10000
    7  64  3.00  0.2605  0.4818096659647019E+00  0.5655625472496499E-02  10000
    7  64  3.00  0.2620  0.4819364393518787E+00  0.9171541967265294E-02  10000
    7  64  3.00  0.2625  0.4840363011936100E+00  0.7379160626353972E-02  10000
    7  64  3.00  0.2630  0.4854135438198727E+00  0.8680750531421087E-02  10000
    7  64  3.00  0.2635  0.4858056801570834E+00  0.7036978322891190E-02  10000
    7  64  3.00  0.2650  0.4909975733308569E+00  0.6853378045985531E-02  10000
    7  64  3.00  0.2675  0.4998048617865452E+00  0.1045049269371152E-01  10000
    7  64  3.00  0.2700  0.5087263312832959E+00  0.9491904078757560E-02  10000


# eta mass (\sigma_1)
"*"
    7  64  3.00  0.2350                     NaN                     NaN  10000
    7  64  3.00  0.2375  0.7443816014349909E+00  0.4147464885863992E+00  10000
    7  64  3.00  0.2400                     NaN                     NaN  10000
    7  64  3.00  0.2425  0.6770957251618434E+00  0.3458776275149104E+02  10000
    7  64  3.00  0.2450  0.6565733441936645E+00  0.4871447291431885E+00  10000
    7  64  3.00  0.2475  0.6219926891774917E+00  0.5055140087336571E+02  10000
    7  64  3.00  0.2500  0.6117481386385477E+00  0.3093878616431243E+00  10000
    7  64  3.00  0.2525                     NaN                     NaN  10000
    7  64  3.00  0.2550                     NaN                     NaN  10000
    7  64  3.00  0.2575  0.5377827092314857E+00  0.2507821033363613E+02  10000
    7  64  3.00  0.2590  0.5241771077166671E+00  0.2310384770874334E+00  10000
    7  64  3.00  0.2600                     NaN                     NaN  10000
    7  64  3.00  0.2605                     NaN                     NaN  10000
    7  64  3.00  0.2620  0.5240076207516684E+00  0.1243291959801456E+01  10000
    7  64  3.00  0.2625  0.5234881533059770E+00  0.4932632423295748E+02  10000
    7  64  3.00  0.2630                     NaN                     NaN  10000
    7  64  3.00  0.2635                     NaN                     NaN  10000
    7  64  3.00  0.2650  0.5359111364980734E+00  0.5551722816400152E+02  10000
    7  64  3.00  0.2675  0.5456802993375047E+00  0.3034251889863926E+00  10000
    7  64  3.00  0.2700  0.5758465237602041E+00  0.4529592684152008E+02  10000

