# fermion mass from PCAC relation
"m"
    7  64  3.00  0.2350  0.2405997000066872E+00  0.7119838351098166E-02  10000
    7  64  3.00  0.2375  0.2220887031194593E+00  0.7118559828722824E-02  10000
    7  64  3.00  0.2400  0.2038236969651734E+00  0.8295421864910524E-02  10000
    7  64  3.00  0.2425  0.1856172652818951E+00  0.1042490054727328E-01  10000
    7  64  3.00  0.2450  0.1678316290188225E+00  0.8480550527224464E-02  10000
    7  64  3.00  0.2475  0.1499823312178117E+00  0.8799833105348967E-02  10000
    7  64  3.00  0.2500  0.1324219519862037E+00  0.7398432235972479E-02  10000
    7  64  3.00  0.2525  0.1147446646663437E+00  0.9564990164531927E-02  10000
    7  64  3.00  0.2550  0.9706302870257796E-01  0.8477418345092101E-02  10000
    7  64  3.00  0.2575  0.7977913202743586E-01  0.9448124692438369E-02  10000
    7  64  3.00  0.2590  0.6987861338266570E-01  0.1115772027075341E-01  10000
    7  64  3.00  0.2600  0.6307754988248450E-01  0.6766734267284217E-02  10000
    7  64  3.00  0.2605  0.5986748088091214E-01  0.7741032143718642E-02  10000
    7  64  3.00  0.2620  0.5012884438304818E-01  0.8087449077187319E-02  10000
    7  64  3.00  0.2625  0.4633372343407880E-01  0.7004112151935171E-02  10000
    7  64  3.00  0.2630  0.4347413725544723E-01  0.5664930354213831E-02  10000
    7  64  3.00  0.2635  0.3995485931941931E-01  0.8877081545807580E-02  10000
    7  64  3.00  0.2650  0.2890294230352089E-01  0.5227707830854283E-02  10000
    7  64  3.00  0.2675  0.9728450875014009E-02  0.5458093774308391E-02  10000
    7  64  3.00  0.2700 -0.1064418002689910E-01  0.6752787199177486E-02  10000

