#  Re(op_pbp_e)                                                    
   7  64  3.00  0.2350    NaN  0.504  0.609
#  Re(op_pbp_e)                                                    
   7  64  3.00  0.2375    NaN  0.504  0.630
#  Re(op_pbp_e)                                                    
   7  64  3.00  0.2400    NaN  0.501  0.346
#  Re(op_pbp_e)                                                    
   7  64  3.00  0.2425    NaN  0.500  0.400
#  Re(op_pbp_e)                                                    
   7  64  3.00  0.2450    NaN  0.505  0.571
#  Re(op_pbp_e)                                                    
   7  64  3.00  0.2475    NaN  0.500  0.697
#  Re(op_pbp_e)                                                    
   7  64  3.00  0.2500  0.784  0.526  0.447
#  Re(op_pbp_e)                                                    
   7  64  3.00  0.2525    NaN  0.512  0.512
#  Re(op_pbp_e)                                                    
   7  64  3.00  0.2550    NaN  0.511  0.714
#  Re(op_pbp_e)                                                    
   7  64  3.00  0.2575  0.570  0.533  0.520
#  Re(op_pbp_e)                                                    
   7  64  3.00  0.2590  1.077  0.579  0.505
#  Re(op_pbp_e)                                                    
   7  64  3.00  0.2600  0.463  0.571  0.739
#  Re(op_pbp_e)                                                    
   7  64  3.00  0.2605  0.616  0.581  0.669
#  Re(op_pbp_e)                                                    
   7  64  3.00  0.2620  0.619  0.576  0.585
#  Re(op_pbp_e)                                                    
   7  64  3.00  0.2625    NaN  0.581  0.645
#  Re(op_pbp_e)                                                    
   7  64  3.00  0.2630  0.431  0.565  0.514
#  Re(op_pbp_e)                                                    
   7  64  3.00  0.2635  0.563  0.581  0.710
#  Re(op_pbp_e)                                                    
   7  64  3.00  0.2650  0.533  0.594  0.834
#  Re(op_pbp_e)                                                    
   7  64  3.00  0.2675  0.721  0.594  0.686
#  Re(op_pbp_e)                                                    
   7  64  3.00  0.2700  1.860  0.545  0.559
