#-----------------------------------------------------------
#beta =   3.00   kappa =   0.2350
#  Re(op_pbp_e)                                                    
#
#    -8  0.18575E+01  jk failed  0.000E+00  jk failed     1
#    -7  0.18563E+01  jk failed  0.674E-02  jk failed     2
     -6  0.18506E+01  0.282E-02  0.115E-01  0.410E-04    28
     -5  0.18489E+01  0.117E-02  0.103E-01  0.165E-04    91
     -4  0.18449E+01  0.759E-03  0.116E-01  0.942E-05   274
     -3  0.18423E+01  0.465E-03  0.115E-01  0.532E-05   647
     -2  0.18408E+01  0.448E-03  0.129E-01  0.627E-05  1199
     -1  0.18388E+01  0.290E-03  0.129E-01  0.394E-05  1772
      0  0.18385E+01  0.359E-03  0.135E-01  0.649E-05  2032
      1  0.18387E+01  0.332E-03  0.130E-01  0.559E-05  1803
      2  0.18405E+01  0.399E-03  0.127E-01  0.722E-05  1164
      3  0.18431E+01  0.526E-03  0.115E-01  0.669E-05   614
      4  0.18455E+01  0.684E-03  0.118E-01  0.939E-05   267
      5  0.18470E+01  0.132E-02  0.112E-01  0.241E-04    79
      6  0.18550E+01  0.234E-02  0.107E-01  0.277E-04    22
#     7  0.18614E+01  jk failed  0.302E-02  jk failed     4
#     8  0.18639E+01  jk failed  0.000E+00  jk failed     1
&-----------------------------------------------------------
#beta =   3.00   kappa =   0.2375
#  Re(op_pbp_e)                                                    
#
#    -8  0.18620E+01  jk failed  0.162E-01  jk failed     3
#    -7  0.18491E+01  jk failed  0.579E-02  jk failed     7
     -6  0.18384E+01  0.227E-02  0.106E-01  0.441E-04    23
     -5  0.18381E+01  0.910E-03  0.107E-01  0.167E-04   104
     -4  0.18338E+01  0.684E-03  0.124E-01  0.112E-04   261
     -3  0.18309E+01  0.610E-03  0.135E-01  0.786E-05   667
     -2  0.18287E+01  0.411E-03  0.146E-01  0.870E-05  1234
     -1  0.18270E+01  0.374E-03  0.148E-01  0.670E-05  1760
      0  0.18264E+01  0.265E-03  0.149E-01  0.734E-05  2025
      1  0.18275E+01  0.412E-03  0.148E-01  0.772E-05  1766
      2  0.18283E+01  0.427E-03  0.143E-01  0.853E-05  1157
      3  0.18306E+01  0.584E-03  0.135E-01  0.959E-05   665
      4  0.18336E+01  0.669E-03  0.131E-01  0.169E-04   237
      5  0.18393E+01  0.120E-02  0.126E-01  0.336E-04    73
      6  0.18465E+01  0.279E-02  0.105E-01  0.300E-04    15
#     7  0.18475E+01  jk failed  0.473E-02  jk failed     3
&-----------------------------------------------------------
#beta =   3.00   kappa =   0.2400
#  Re(op_pbp_e)                                                    
#
#    -7  0.18368E+01  jk failed  0.120E-01  jk failed     3
     -6  0.18367E+01  0.269E-02  0.111E-01  0.375E-04    18
     -5  0.18283E+01  0.135E-02  0.138E-01  0.385E-04    79
     -4  0.18246E+01  0.105E-02  0.146E-01  0.205E-04   252
     -3  0.18195E+01  0.653E-03  0.149E-01  0.107E-04   622
     -2  0.18162E+01  0.539E-03  0.158E-01  0.765E-05  1272
     -1  0.18148E+01  0.472E-03  0.170E-01  0.802E-05  1853
      0  0.18134E+01  0.536E-03  0.174E-01  0.712E-05  2083
      1  0.18144E+01  0.367E-03  0.168E-01  0.131E-04  1772
      2  0.18157E+01  0.406E-03  0.158E-01  0.101E-04  1122
      3  0.18198E+01  0.804E-03  0.155E-01  0.149E-04   586
      4  0.18220E+01  0.940E-03  0.150E-01  0.190E-04   238
      5  0.18276E+01  0.175E-02  0.124E-01  0.245E-04    78
      6  0.18322E+01  0.238E-02  0.953E-02  0.226E-04    17
#     7  0.18378E+01  jk failed  0.110E-01  jk failed     5
&-----------------------------------------------------------
#beta =   3.00   kappa =   0.2425
#  Re(op_pbp_e)                                                    
#
#    -7  0.18317E+01  jk failed  0.506E-02  jk failed     5
     -6  0.18262E+01  0.422E-02  0.152E-01  0.777E-04    14
     -5  0.18193E+01  0.216E-02  0.144E-01  0.415E-04    52
     -4  0.18115E+01  0.947E-03  0.165E-01  0.226E-04   234
     -3  0.18066E+01  0.669E-03  0.178E-01  0.175E-04   595
     -2  0.18021E+01  0.555E-03  0.181E-01  0.114E-04  1250
     -1  0.17994E+01  0.485E-03  0.191E-01  0.107E-04  1937
      0  0.17983E+01  0.363E-03  0.194E-01  0.939E-05  2159
      1  0.17998E+01  0.450E-03  0.191E-01  0.101E-04  1719
      2  0.18023E+01  0.557E-03  0.184E-01  0.106E-04  1188
      3  0.18068E+01  0.640E-03  0.170E-01  0.200E-04   562
      4  0.18099E+01  0.108E-02  0.144E-01  0.235E-04   210
      5  0.18192E+01  0.195E-02  0.128E-01  0.379E-04    62
      6  0.18222E+01  0.315E-02  0.104E-01  0.517E-04    12
#     7  0.18383E+01  jk failed  0.000E+00  jk failed     1
&-----------------------------------------------------------
#beta =   3.00   kappa =   0.2450
#  Re(op_pbp_e)                                                    
#
#    -7  0.18270E+01  jk failed  0.738E-02  jk failed     3
     -6  0.18175E+01  0.335E-02  0.111E-01  0.509E-04    12
     -5  0.18120E+01  0.248E-02  0.160E-01  0.531E-04    50
     -4  0.17982E+01  0.137E-02  0.177E-01  0.205E-04   218
     -3  0.17928E+01  0.750E-03  0.186E-01  0.243E-04   511
     -2  0.17876E+01  0.822E-03  0.207E-01  0.139E-04  1167
     -1  0.17833E+01  0.568E-03  0.221E-01  0.140E-04  1918
      0  0.17816E+01  0.488E-03  0.221E-01  0.185E-04  2276
      1  0.17830E+01  0.509E-03  0.220E-01  0.128E-04  1846
      2  0.17863E+01  0.419E-03  0.205E-01  0.201E-04  1153
      3  0.17922E+01  0.861E-03  0.185E-01  0.172E-04   584
      4  0.17993E+01  0.132E-02  0.186E-01  0.367E-04   194
      5  0.18047E+01  0.201E-02  0.130E-01  0.266E-04    49
      6  0.18147E+01  0.280E-02  0.109E-01  0.480E-04    16
#     7  0.18158E+01  jk failed  0.434E-02  jk failed     2
#     8  0.18170E+01  jk failed  0.000E+00  jk failed     1
&-----------------------------------------------------------
#beta =   3.00   kappa =   0.2475
#  Re(op_pbp_e)                                                    
#
#    -8  0.18326E+01  jk failed  0.000E+00  jk failed     1
#    -7  0.18281E+01  jk failed  0.417E-02  jk failed     2
     -6  0.18098E+01  0.428E-02  0.160E-01  0.839E-04    15
     -5  0.17921E+01  0.301E-02  0.163E-01  0.605E-04    39
     -4  0.17857E+01  0.130E-02  0.197E-01  0.396E-04   195
     -3  0.17774E+01  0.100E-02  0.215E-01  0.263E-04   534
     -2  0.17707E+01  0.619E-03  0.230E-01  0.176E-04  1273
     -1  0.17650E+01  0.447E-03  0.243E-01  0.167E-04  1944
      0  0.17623E+01  0.566E-03  0.252E-01  0.165E-04  2281
      1  0.17643E+01  0.616E-03  0.242E-01  0.175E-04  1840
      2  0.17702E+01  0.649E-03  0.231E-01  0.187E-04  1134
      3  0.17756E+01  0.116E-02  0.206E-01  0.206E-04   525
      4  0.17859E+01  0.151E-02  0.199E-01  0.399E-04   165
      5  0.17946E+01  0.344E-02  0.188E-01  0.596E-04    43
#     6  0.17974E+01  jk failed  0.142E-01  jk failed     7
#     7  0.18025E+01  jk failed  0.000E+00  jk failed     1
#     8  0.18149E+01  jk failed  0.000E+00  jk failed     1
&-----------------------------------------------------------
#beta =   3.00   kappa =   0.2500
#  Re(op_pbp_e)                                                    
#
#    -6  0.17848E+01  jk failed  0.146E-01  jk failed     8
     -5  0.17755E+01  0.424E-02  0.175E-01  0.802E-04    26
     -4  0.17708E+01  0.233E-02  0.219E-01  0.515E-04   129
     -3  0.17623E+01  0.102E-02  0.235E-01  0.476E-04   496
     -2  0.17514E+01  0.827E-03  0.262E-01  0.322E-04  1227
     -1  0.17437E+01  0.505E-03  0.275E-01  0.248E-04  2001
      0  0.17408E+01  0.621E-03  0.283E-01  0.225E-04  2434
      1  0.17446E+01  0.426E-03  0.270E-01  0.219E-04  1938
      2  0.17502E+01  0.773E-03  0.253E-01  0.231E-04  1134
      3  0.17590E+01  0.138E-02  0.231E-01  0.323E-04   434
      4  0.17693E+01  0.194E-02  0.204E-01  0.536E-04   132
      5  0.17800E+01  0.413E-02  0.198E-01  0.111E-03    33
#     6  0.17865E+01  jk failed  0.146E-01  jk failed     7
#     7  0.17985E+01  jk failed  0.000E+00  jk failed     1
&-----------------------------------------------------------
#beta =   3.00   kappa =   0.2525
#  Re(op_pbp_e)                                                    
#
#    -6  0.17914E+01  jk failed  0.174E-01  jk failed     5
     -5  0.17717E+01  0.612E-02  0.230E-01  0.196E-03    25
     -4  0.17594E+01  0.197E-02  0.227E-01  0.572E-04   117
     -3  0.17437E+01  0.105E-02  0.260E-01  0.413E-04   428
     -2  0.17310E+01  0.889E-03  0.289E-01  0.366E-04  1155
     -1  0.17214E+01  0.801E-03  0.313E-01  0.271E-04  2084
      0  0.17168E+01  0.665E-03  0.331E-01  0.266E-04  2594
      1  0.17218E+01  0.580E-03  0.299E-01  0.311E-04  1957
      2  0.17321E+01  0.795E-03  0.288E-01  0.292E-04  1099
      3  0.17431E+01  0.125E-02  0.259E-01  0.471E-04   412
      4  0.17593E+01  0.226E-02  0.233E-01  0.749E-04   102
      5  0.17751E+01  0.689E-02  0.292E-01  0.196E-03    19
#     6  0.18057E+01  jk failed  0.194E-01  jk failed     3
&-----------------------------------------------------------
#beta =   3.00   kappa =   0.2550
#  Re(op_pbp_e)                                                    
#
#    -6  0.17721E+01  jk failed  0.203E-03  jk failed     2
     -5  0.17657E+01  0.113E-01  0.358E-01  0.462E-03    11
     -4  0.17421E+01  0.376E-02  0.286E-01  0.129E-03    83
     -3  0.17245E+01  0.167E-02  0.290E-01  0.494E-04   354
     -2  0.17070E+01  0.677E-03  0.305E-01  0.427E-04  1114
     -1  0.16959E+01  0.730E-03  0.340E-01  0.325E-04  2148
      0  0.16867E+01  0.921E-03  0.369E-01  0.373E-04  2745
      1  0.16955E+01  0.691E-03  0.341E-01  0.313E-04  2120
      2  0.17067E+01  0.104E-02  0.314E-01  0.582E-04   975
      3  0.17223E+01  0.162E-02  0.279E-01  0.603E-04   341
      4  0.17454E+01  0.358E-02  0.291E-01  0.184E-03    84
      5  0.17686E+01  0.506E-02  0.221E-01  0.206E-03    20
#     6  0.17779E+01  jk failed  0.246E-01  jk failed     3
&-----------------------------------------------------------
#beta =   3.00   kappa =   0.2575
#  Re(op_pbp_e)                                                    
#
#    -6  0.18073E+01  jk failed  0.140E-01  jk failed     2
     -5  0.17537E+01  0.102E-01  0.324E-01  0.470E-03    11
     -4  0.17257E+01  0.712E-02  0.380E-01  0.267E-03    45
     -3  0.17053E+01  0.211E-02  0.317E-01  0.122E-03   250
     -2  0.16837E+01  0.986E-03  0.341E-01  0.551E-04   942
     -1  0.16656E+01  0.840E-03  0.365E-01  0.381E-04  2222
      0  0.16541E+01  0.822E-03  0.420E-01  0.452E-04  3088
      1  0.16661E+01  0.955E-03  0.372E-01  0.529E-04  2208
      2  0.16839E+01  0.125E-02  0.339E-01  0.393E-04   928
      3  0.17067E+01  0.290E-02  0.353E-01  0.150E-03   245
      4  0.17270E+01  0.699E-02  0.371E-01  0.389E-03    49
#     5  0.17409E+01  jk failed  0.287E-01  jk failed     9
#     6  0.18172E+01  jk failed  0.000E+00  jk failed     1
&-----------------------------------------------------------
#beta =   3.00   kappa =   0.2590
#  Re(op_pbp_e)                                                    
#
#    -5  0.17235E+01  jk failed  0.219E-02  jk failed     2
     -4  0.17335E+01  0.898E-02  0.399E-01  0.524E-03    30
     -3  0.16914E+01  0.238E-02  0.346E-01  0.127E-03   205
     -2  0.16714E+01  0.109E-02  0.361E-01  0.752E-04   864
     -1  0.16458E+01  0.874E-03  0.380E-01  0.522E-04  2210
      0  0.16306E+01  0.700E-03  0.436E-01  0.404E-04  3390
      1  0.16457E+01  0.908E-03  0.379E-01  0.482E-04  2204
      2  0.16682E+01  0.140E-02  0.336E-01  0.548E-04   879
      3  0.16925E+01  0.304E-02  0.367E-01  0.125E-03   181
      4  0.17154E+01  0.734E-02  0.341E-01  0.312E-03    32
#     5  0.17490E+01  jk failed  0.269E-01  jk failed     3
&-----------------------------------------------------------
#beta =   3.00   kappa =   0.2600
#  Re(op_pbp_e)                                                    
#
#    -5  0.17279E+01  jk failed  0.242E-01  jk failed     5
     -4  0.17248E+01  0.776E-02  0.369E-01  0.241E-03    35
     -3  0.16882E+01  0.312E-02  0.386E-01  0.223E-03   163
     -2  0.16565E+01  0.106E-02  0.361E-01  0.940E-04   797
     -1  0.16308E+01  0.744E-03  0.369E-01  0.507E-04  2214
      0  0.16143E+01  0.876E-03  0.438E-01  0.605E-04  3538
      1  0.16308E+01  0.589E-03  0.373E-01  0.461E-04  2263
      2  0.16591E+01  0.108E-02  0.374E-01  0.697E-04   795
      3  0.16865E+01  0.381E-02  0.413E-01  0.223E-03   151
      4  0.17168E+01  0.574E-02  0.314E-01  0.223E-03    36
#     5  0.17419E+01  jk failed  0.359E-02  jk failed     3
&-----------------------------------------------------------
#beta =   3.00   kappa =   0.2605
#  Re(op_pbp_e)                                                    
#
#    -5  0.17164E+01  jk failed  0.695E-01  jk failed     4
     -4  0.17134E+01  0.674E-02  0.361E-01  0.316E-03    34
     -3  0.16754E+01  0.291E-02  0.323E-01  0.107E-03   158
     -2  0.16528E+01  0.165E-02  0.382E-01  0.964E-04   753
     -1  0.16242E+01  0.913E-03  0.380E-01  0.578E-04  2230
      0  0.16052E+01  0.651E-03  0.433E-01  0.487E-04  3723
      1  0.16259E+01  0.107E-02  0.400E-01  0.511E-04  2143
      2  0.16523E+01  0.139E-02  0.365E-01  0.809E-04   739
      3  0.16789E+01  0.222E-02  0.353E-01  0.203E-03   189
      4  0.16989E+01  0.104E-01  0.404E-01  0.477E-03    25
#     5  0.17032E+01  jk failed  0.114E-01  jk failed     2
&-----------------------------------------------------------
#beta =   3.00   kappa =   0.2620
#  Re(op_pbp_e)                                                    
#
#    -5  0.17201E+01  jk failed  0.000E+00  jk failed     1
     -4  0.16930E+01  0.120E-01  0.451E-01  0.819E-03    15
     -3  0.16728E+01  0.319E-02  0.390E-01  0.253E-03   114
     -2  0.16321E+01  0.132E-02  0.352E-01  0.669E-04   614
     -1  0.16048E+01  0.844E-03  0.376E-01  0.552E-04  2175
      0  0.15785E+01  0.534E-03  0.421E-01  0.623E-04  4129
      1  0.16050E+01  0.871E-03  0.382E-01  0.585E-04  2208
      2  0.16367E+01  0.156E-02  0.403E-01  0.128E-03   613
      3  0.16663E+01  0.348E-02  0.349E-01  0.167E-03   115
      4  0.17004E+01  0.952E-02  0.356E-01  0.338E-03    15
#     5  0.17370E+01  jk failed  0.000E+00  jk failed     1
&-----------------------------------------------------------
#beta =   3.00   kappa =   0.2625
#  Re(op_pbp_e)                                                    
#
#    -6  0.16976E+01  jk failed  0.000E+00  jk failed     1
#    -5  0.17595E+01  jk failed  0.000E+00  jk failed     1
     -4  0.16869E+01  0.751E-02  0.225E-01  0.195E-03    10
     -3  0.16631E+01  0.389E-02  0.377E-01  0.231E-03    90
     -2  0.16278E+01  0.181E-02  0.393E-01  0.977E-04   599
     -1  0.15963E+01  0.886E-03  0.370E-01  0.707E-04  2148
      0  0.15708E+01  0.399E-03  0.415E-01  0.332E-04  4294
      1  0.15966E+01  0.916E-03  0.372E-01  0.556E-04  2162
      2  0.16283E+01  0.140E-02  0.388E-01  0.899E-04   566
      3  0.16515E+01  0.376E-02  0.374E-01  0.201E-03   116
      4  0.16998E+01  0.156E-01  0.516E-01  0.909E-03    12
#     5  0.16548E+01  jk failed  0.000E+00  jk failed     1
&-----------------------------------------------------------
#beta =   3.00   kappa =   0.2630
#  Re(op_pbp_e)                                                    
#
#    -5  0.17926E+01  jk failed  0.000E+00  jk failed     1
#    -4  0.16817E+01  jk failed  0.384E-01  jk failed     9
     -3  0.16576E+01  0.412E-02  0.413E-01  0.279E-03    86
     -2  0.16236E+01  0.154E-02  0.372E-01  0.107E-03   546
     -1  0.15908E+01  0.600E-03  0.377E-01  0.503E-04  2132
      0  0.15630E+01  0.774E-03  0.423E-01  0.586E-04  4420
      1  0.15899E+01  0.808E-03  0.379E-01  0.718E-04  2149
      2  0.16220E+01  0.147E-02  0.384E-01  0.108E-03   567
      3  0.16638E+01  0.585E-02  0.450E-01  0.391E-03    78
      4  0.16928E+01  0.808E-02  0.268E-01  0.296E-03    12
&-----------------------------------------------------------
#beta =   3.00   kappa =   0.2635
#  Re(op_pbp_e)                                                    
#
#    -5  0.17876E+01  jk failed  0.000E+00  jk failed     1
#    -4  0.16682E+01  jk failed  0.452E-01  jk failed     9
     -3  0.16503E+01  0.397E-02  0.375E-01  0.237E-03    74
     -2  0.16139E+01  0.173E-02  0.351E-01  0.102E-03   495
     -1  0.15840E+01  0.843E-03  0.372E-01  0.809E-04  2099
      0  0.15534E+01  0.673E-03  0.397E-01  0.569E-04  4716
      1  0.15822E+01  0.819E-03  0.362E-01  0.586E-04  2068
      2  0.16172E+01  0.196E-02  0.396E-01  0.165E-03   455
      3  0.16507E+01  0.436E-02  0.421E-01  0.278E-03    72
      4  0.16806E+01  0.138E-01  0.415E-01  0.742E-03    10
#     5  0.17120E+01  jk failed  0.000E+00  jk failed     1
&-----------------------------------------------------------
#beta =   3.00   kappa =   0.2650
#  Re(op_pbp_e)                                                    
#
#    -4  0.16584E+01  jk failed  0.388E-01  jk failed     6
     -3  0.16375E+01  0.778E-02  0.431E-01  0.481E-03    38
     -2  0.15959E+01  0.208E-02  0.390E-01  0.190E-03   353
     -1  0.15614E+01  0.723E-03  0.360E-01  0.637E-04  1987
      0  0.15264E+01  0.418E-03  0.359E-01  0.426E-04  5348
      1  0.15608E+01  0.818E-03  0.350E-01  0.604E-04  1882
      2  0.15951E+01  0.238E-02  0.392E-01  0.197E-03   334
      3  0.16373E+01  0.723E-02  0.427E-01  0.425E-03    44
#     4  0.16726E+01  jk failed  0.395E-01  jk failed     8
&-----------------------------------------------------------
#beta =   3.00   kappa =   0.2675
#  Re(op_pbp_e)                                                    
#
#    -4  0.16437E+01  jk failed  0.534E-01  jk failed     4
     -3  0.16095E+01  0.119E-01  0.553E-01  0.744E-03    25
     -2  0.15654E+01  0.308E-02  0.424E-01  0.246E-03   222
     -1  0.15226E+01  0.111E-02  0.338E-01  0.757E-04  1632
      0  0.14840E+01  0.400E-03  0.283E-01  0.263E-04  6246
      1  0.15227E+01  0.762E-03  0.331E-01  0.448E-04  1622
      2  0.15598E+01  0.234E-02  0.377E-01  0.222E-03   225
      3  0.16000E+01  0.996E-02  0.446E-01  0.469E-03    21
#     4  0.16332E+01  jk failed  0.384E-01  jk failed     3
&-----------------------------------------------------------
#beta =   3.00   kappa =   0.2700
#  Re(op_pbp_e)                                                    
#
#    -4  0.16212E+01  jk failed  0.000E+00  jk failed     1
#    -3  0.15574E+01  jk failed  0.257E-01  jk failed     7
     -2  0.15218E+01  0.341E-02  0.391E-01  0.383E-03   112
     -1  0.14835E+01  0.929E-03  0.302E-01  0.541E-04  1305
      0  0.14446E+01  0.308E-03  0.244E-01  0.260E-04  7161
      1  0.14843E+01  0.812E-03  0.316E-01  0.557E-04  1300
      2  0.15227E+01  0.274E-02  0.353E-01  0.225E-03   109
#     3  0.15414E+01  jk failed  0.323E-01  jk failed     5
&-----------------------------------------------------------
