# pion mass (\sigma_1)
"*"
    9  64  4.00  0.2100  0.9672147545792303E+00  0.6602467745977095E-03  10000
    9  64  4.00  0.2150  0.8926841985039904E+00  0.7272847912510660E-03  10000
    9  64  4.00  0.2200  0.8202648144239811E+00  0.1038824974020109E-02  10000
    9  64  4.00  0.2231  0.7751355039750858E+00  0.6447931423534062E-03  10000
    9  64  4.00  0.2250  0.7495215053262689E+00  0.8393223736319850E-03  10000
    9  64  4.00  0.2262  0.7304680925094572E+00  0.7839934611531744E-03  10000
    9  64  4.00  0.2293  0.6878725549529286E+00  0.1010737799371028E-02  10000
    9  64  4.00  0.2300  0.6777339160152720E+00  0.1184196397843369E-02  10000
    9  64  4.00  0.2324  0.6426505102389718E+00  0.2199550945010162E-02  10000
    9  64  4.00  0.2350  0.6091912807245476E+00  0.1148582352493827E-02  10000
    9  64  4.00  0.2356  0.6008619317160975E+00  0.1135973217562809E-02  10000
    9  64  4.00  0.2387  0.5584075087402259E+00  0.1792618273359578E-02  10000
    9  64  4.00  0.2400  0.5445031490103031E+00  0.9665841751373718E-03  10000
    9  64  4.00  0.2418  0.5227417380562199E+00  0.1223239638319966E-02  10000
    9  64  4.00  0.2449  0.4821947738229062E+00  0.1649791553934429E-02  10000
    9  64  4.00  0.2480  0.4487111697733395E+00  0.1813494615531188E-02  10000
    9  64  4.00  0.2500  0.4276616035194026E+00  0.2259456678201141E-02  10000
    9  64  4.00  0.2515  0.4106720551381344E+00  0.4591681371898971E-02  10000
    9  64  4.00  0.2530  0.4010455818558920E+00  0.1029044781456033E-01  10000
    9  64  4.00  0.2545  0.3877578873289412E+00  0.3690461793128552E-02  10000
    9  64  4.00  0.2560  0.3794237601968027E+00  0.1311599494843083E-01  10000
    9  64  4.00  0.2575  0.3745418980117703E+00  0.8987456974986879E-02  10000
    9  64  4.00  0.2590  0.3801268532326395E+00  0.1925454895898664E-01  10000
    9  64  4.00  0.2605  0.3853625397232596E+00  0.6629109926790595E-01  10000
    9  64  4.00  0.2620  0.3071418451286423E+00  0.3795698537931569E+00  10000
    9  64  4.00  0.2625  0.3245127816479232E+00  0.4345937930399177E+02  10000
    9  64  4.00  0.2630  0.4304337829306514E+00  0.3540350448023901E+02  10000
    9  64  4.00  0.2635                     NaN                     NaN  10000


# pseudoscalar mass (\sigma_3)
"*"
    9  64  4.00  0.2100  0.9674480419896592E+00  0.8844687386109198E-03  10000
    9  64  4.00  0.2150  0.8928404416231426E+00  0.7635800793251827E-03  10000
    9  64  4.00  0.2200  0.8204236952951608E+00  0.9129251364989331E-03  10000
    9  64  4.00  0.2231  0.7752411477841995E+00  0.6266999640734042E-03  10000
    9  64  4.00  0.2250  0.7495405180692276E+00  0.8565924313502652E-03  10000
    9  64  4.00  0.2262  0.7305498386489215E+00  0.7203828050234589E-03  10000
    9  64  4.00  0.2293  0.6879267650375530E+00  0.1019425007186133E-02  10000
    9  64  4.00  0.2300  0.6779196371640770E+00  0.1032042074433521E-02  10000
    9  64  4.00  0.2324  0.6432079659186913E+00  0.1960908779092327E-02  10000
    9  64  4.00  0.2350  0.6092253897071489E+00  0.1067153612110914E-02  10000
    9  64  4.00  0.2356  0.6007050166706016E+00  0.1190247896928301E-02  10000
    9  64  4.00  0.2387  0.5586648697483386E+00  0.1460609467470742E-02  10000
    9  64  4.00  0.2400  0.5442081859830553E+00  0.1045288533917938E-02  10000
    9  64  4.00  0.2418  0.5229394912405516E+00  0.1712085344439339E-02  10000
    9  64  4.00  0.2449  0.4824912036518696E+00  0.1404182246501477E-02  10000
    9  64  4.00  0.2480  0.4482534614506090E+00  0.2309251997775111E-02  10000
    9  64  4.00  0.2500  0.4278203227702231E+00  0.2164509440013580E-02  10000
    9  64  4.00  0.2515  0.4126513308031706E+00  0.2409731649655941E-02  10000
    9  64  4.00  0.2530  0.4017140913874787E+00  0.4642507436404531E-02  10000
    9  64  4.00  0.2545  0.3881678899958078E+00  0.2600945531871695E-02  10000
    9  64  4.00  0.2560  0.3825653717106985E+00  0.1234741775455054E-01  10000
    9  64  4.00  0.2575  0.3741719914965789E+00  0.5654966534665661E-02  10000
    9  64  4.00  0.2590  0.3693465374059026E+00  0.7445604819160945E-02  10000
    9  64  4.00  0.2605  0.3798372257692313E+00  0.8545481227596907E-02  10000
    9  64  4.00  0.2620  0.3849495976491667E+00  0.1209363044048241E-01  10000
    9  64  4.00  0.2625  0.3953828838378644E+00  0.1376450660950501E-01  10000
    9  64  4.00  0.2630  0.3975963678952735E+00  0.7523313031314875E-02  10000
    9  64  4.00  0.2635  0.4157193432659599E+00  0.1550884445758002E-01  10000


# eta mass (\sigma_1)
"*"
    9  64  4.00  0.2100                     NaN                     NaN  10000
    9  64  4.00  0.2150                     NaN                     NaN  10000
    9  64  4.00  0.2200                     NaN                     NaN  10000
    9  64  4.00  0.2231  0.7927394236462958E+00  0.1118120766980746E+03  10000
    9  64  4.00  0.2250                     NaN                     NaN  10000
    9  64  4.00  0.2262  0.7557612460286998E+00  0.7428125152498231E+02  10000
    9  64  4.00  0.2293                     NaN                     NaN  10000
    9  64  4.00  0.2300  0.8018137786443048E+00  0.7871106791326541E+02  10000
    9  64  4.00  0.2324  0.6650852251508935E+00  0.4794138982125508E+02  10000
    9  64  4.00  0.2350  0.6317369243911152E+00  0.7822537960970752E+02  10000
    9  64  4.00  0.2356  0.6332271862385258E+00  0.5651345530157916E+02  10000
    9  64  4.00  0.2387  0.6546097863045989E+00  0.4988419914114633E+02  10000
    9  64  4.00  0.2400  0.5768947441551286E+00  0.8745969095979825E+02  10000
    9  64  4.00  0.2418  0.6021140578567229E+00  0.3476536525319874E+02  10000
    9  64  4.00  0.2449  0.4040604892003680E+00  0.8623081289754850E+02  10000
    9  64  4.00  0.2480  0.5019147700162528E+00  0.3532157720804958E+02  10000
    9  64  4.00  0.2500  0.4879427107668272E+00  0.1335796398497958E+03  10000
    9  64  4.00  0.2515 -0.2074187303588127E-01  0.1130990860091440E+03  10000
    9  64  4.00  0.2530  0.4399607107170233E+00  0.3548802387051487E+00  10000
    9  64  4.00  0.2545  0.3065990730536396E+00  0.7103922248872510E+02  10000
    9  64  4.00  0.2560  0.4016504402480539E+00  0.3259537607640611E+00  10000
    9  64  4.00  0.2575  0.4335690163174620E+00  0.1259078763985145E+03  10000
    9  64  4.00  0.2590  0.4771882971210407E+00  0.9258092677112732E+02  10000
    9  64  4.00  0.2605  0.4101049998145012E+00  0.6641100267994548E+02  10000
    9  64  4.00  0.2620  0.3986396111940332E+00  0.4443572898306825E+02  10000
    9  64  4.00  0.2625  0.2211440311483742E+00  0.7712166620098145E+02  10000
    9  64  4.00  0.2630  0.2816590567909947E+00  0.8346713820357155E+02  10000
    9  64  4.00  0.2635  0.4873637839527534E+00  0.1887341939419357E+00  10000

