# fermion mass from PCAC relation
"m"
    9  64  4.00  0.2100  0.4098521747319959E+00  0.2645917976526159E-01  10000
    9  64  4.00  0.2150  0.3680509007226834E+00  0.1816260941971163E-01  10000
    9  64  4.00  0.2200  0.3272182003665338E+00  0.7324716012785798E-02  10000
    9  64  4.00  0.2231  0.3022788479529742E+00  0.3638526484792757E-02  10000
    9  64  4.00  0.2250  0.2877749629519415E+00  0.4048501462914552E-02  10000
    9  64  4.00  0.2262  0.2780180202691008E+00  0.3608861484167668E-02  10000
    9  64  4.00  0.2293  0.2542025295178105E+00  0.3702552756203637E-02  10000
    9  64  4.00  0.2300  0.2486623052393373E+00  0.4073104011997029E-02  10000
    9  64  4.00  0.2324  0.2304688648704717E+00  0.5863466326697966E-02  10000
    9  64  4.00  0.2350  0.2105593328118900E+00  0.3846949606329790E-02  10000
    9  64  4.00  0.2356  0.2061798251349727E+00  0.3982698275789435E-02  10000
    9  64  4.00  0.2387  0.1829480083381763E+00  0.3118532263174834E-02  10000
    9  64  4.00  0.2400  0.1734311419844839E+00  0.3663705720374597E-02  10000
    9  64  4.00  0.2418  0.1602766730354939E+00  0.3877412324437249E-02  10000
    9  64  4.00  0.2449  0.1373341575265127E+00  0.3660018392215351E-02  10000
    9  64  4.00  0.2480  0.1147744765298441E+00  0.3292124538617015E-02  10000
    9  64  4.00  0.2500  0.1003789628871736E+00  0.3832474329524943E-02  10000
    9  64  4.00  0.2515  0.8945419359326535E-01  0.4514708814399435E-02  10000
    9  64  4.00  0.2530  0.7877735813750252E-01  0.4042177755585050E-02  10000
    9  64  4.00  0.2545  0.6793684935679674E-01  0.3276067131670001E-02  10000
    9  64  4.00  0.2560  0.5722072708946477E-01  0.4454780303148777E-02  10000
    9  64  4.00  0.2575  0.4712263402397936E-01  0.5594101170867877E-02  10000
    9  64  4.00  0.2590  0.3677627001913086E-01  0.4777097836985257E-02  10000
    9  64  4.00  0.2605  0.2671003251744075E-01  0.4712459493346037E-02  10000
    9  64  4.00  0.2620  0.1510124841854840E-01  0.1121556355621276E-01  10000
    9  64  4.00  0.2625  0.1080478273278816E-01  0.2348864884294432E-02  10000
    9  64  4.00  0.2630  0.6496352572923101E-02  0.2067173570416339E-02  10000
    9  64  4.00  0.2635  0.1959653591667090E-02  0.2375028375411777E-02  10000

