#  Re(op_pbp_e)                                                    
   9  64  4.00  0.2100    NaN  0.500  0.610
#  Re(op_pbp_e)                                                    
   9  64  4.00  0.2150    NaN  0.520  0.582
#  Re(op_pbp_e)                                                    
   9  64  4.00  0.2200    NaN  0.508  0.555
#  Re(op_pbp_e)                                                    
   9  64  4.00  0.2231    NaN  0.500  0.331
#  Re(op_pbp_e)                                                    
   9  64  4.00  0.2250    NaN  0.500  0.623
#  Re(op_pbp_e)                                                    
   9  64  4.00  0.2262    NaN  0.500  0.584
#  Re(op_pbp_e)                                                    
   9  64  4.00  0.2293    NaN  0.500  0.550
#  Re(op_pbp_e)                                                    
   9  64  4.00  0.2300    NaN  0.505  0.693
#  Re(op_pbp_e)                                                    
   9  64  4.00  0.2324    NaN  0.504  0.446
#  Re(op_pbp_e)                                                    
   9  64  4.00  0.2350    NaN  0.501  0.461
#  Re(op_pbp_e)                                                    
   9  64  4.00  0.2356    NaN  0.500  0.448
#  Re(op_pbp_e)                                                    
   9  64  4.00  0.2387    NaN  0.510  0.657
#  Re(op_pbp_e)                                                    
   9  64  4.00  0.2400    NaN  0.500  0.230
#  Re(op_pbp_e)                                                    
   9  64  4.00  0.2418    NaN  0.500  0.466
#  Re(op_pbp_e)                                                    
   9  64  4.00  0.2449    NaN  0.511  0.437
#  Re(op_pbp_e)                                                    
   9  64  4.00  0.2480    NaN  0.506  0.761
#  Re(op_pbp_e)                                                    
   9  64  4.00  0.2500    NaN  0.506  0.533
#  Re(op_pbp_e)                                                    
   9  64  4.00  0.2515    NaN  0.500  0.654
#  Re(op_pbp_e)                                                    
   9  64  4.00  0.2530  0.611  0.556  0.830
#  Re(op_pbp_e)                                                    
   9  64  4.00  0.2545    NaN  0.525  0.746
#  Re(op_pbp_e)                                                    
   9  64  4.00  0.2560  0.575  0.576  0.476
#  Re(op_pbp_e)                                                    
   9  64  4.00  0.2575  0.519  0.615  0.792
#  Re(op_pbp_e)                                                    
   9  64  4.00  0.2590  0.678  0.647  0.594
#  Re(op_pbp_e)                                                    
   9  64  4.00  0.2605  1.174  0.719  0.681
#  Re(op_pbp_e)                                                    
   9  64  4.00  0.2620  0.767  0.652  1.204
#  Re(op_pbp_e)                                                    
   9  64  4.00  0.2625  0.714  0.643  0.512
#  Re(op_pbp_e)                                                    
   9  64  4.00  0.2630  0.605  0.629  0.361
#  Re(op_pbp_e)                                                    
   9  64  4.00  0.2635  0.429  0.591  0.800
