#-----------------------------------------------------------
#beta =   4.00   kappa =   0.2100
#  Re(op_pbp_e)                                                    
#
#    -7  0.19099E+01  jk failed  0.156E-02  jk failed     6
     -6  0.19097E+01  0.428E-03  0.171E-02  0.102E-05    17
     -5  0.19090E+01  0.226E-03  0.212E-02  0.413E-06    82
     -4  0.19082E+01  0.175E-03  0.245E-02  0.530E-06   263
     -3  0.19080E+01  0.101E-03  0.240E-02  0.364E-06   596
     -2  0.19078E+01  0.724E-04  0.238E-02  0.262E-06  1089
     -1  0.19076E+01  0.646E-04  0.236E-02  0.188E-06  1639
      0  0.19075E+01  0.481E-04  0.237E-02  0.170E-06  1953
      1  0.19077E+01  0.529E-04  0.235E-02  0.139E-06  1788
      2  0.19077E+01  0.691E-04  0.246E-02  0.213E-06  1350
      3  0.19080E+01  0.104E-03  0.239E-02  0.339E-06   707
      4  0.19085E+01  0.128E-03  0.219E-02  0.300E-06   351
      5  0.19089E+01  0.241E-03  0.225E-02  0.771E-06   114
      6  0.19093E+01  0.461E-03  0.182E-02  0.112E-05    29
      7  0.19101E+01  0.459E-03  0.159E-02  0.942E-06    13
#     8  0.19112E+01  jk failed  0.103E-02  jk failed     3
&-----------------------------------------------------------
#beta =   4.00   kappa =   0.2150
#  Re(op_pbp_e)                                                    
#
#    -9  0.19023E+01  jk failed  0.000E+00  jk failed     1
#    -8  0.19002E+01  jk failed  0.157E-02  jk failed     2
     -7  0.18977E+01  0.543E-03  0.172E-02  0.102E-05    11
     -6  0.18986E+01  0.604E-03  0.282E-02  0.184E-05    29
     -5  0.18970E+01  0.313E-03  0.261E-02  0.105E-05    70
     -4  0.18957E+01  0.192E-03  0.279E-02  0.926E-06   205
     -3  0.18959E+01  0.103E-03  0.281E-02  0.583E-06   576
     -2  0.18954E+01  0.106E-03  0.290E-02  0.324E-06  1086
     -1  0.18950E+01  0.688E-04  0.310E-02  0.296E-06  1698
      0  0.18950E+01  0.694E-04  0.304E-02  0.322E-06  1998
      1  0.18951E+01  0.684E-04  0.300E-02  0.242E-06  1810
      2  0.18954E+01  0.671E-04  0.289E-02  0.321E-06  1320
      3  0.18958E+01  0.941E-04  0.297E-02  0.437E-06   696
      4  0.18966E+01  0.117E-03  0.295E-02  0.527E-06   344
      5  0.18973E+01  0.254E-03  0.244E-02  0.815E-06   109
      6  0.18977E+01  0.523E-03  0.292E-02  0.212E-05    32
      7  0.18997E+01  0.948E-03  0.314E-02  0.298E-05    12
#     8  0.19002E+01  jk failed  0.000E+00  jk failed     1
&-----------------------------------------------------------
#beta =   4.00   kappa =   0.2200
#  Re(op_pbp_e)                                                    
#
#    -7  0.18837E+01  jk failed  0.402E-02  jk failed     3
     -6  0.18847E+01  0.110E-02  0.380E-02  0.639E-05    13
     -5  0.18837E+01  0.348E-03  0.306E-02  0.156E-05    64
     -4  0.18822E+01  0.318E-03  0.400E-02  0.132E-05   223
     -3  0.18818E+01  0.142E-03  0.382E-02  0.922E-06   580
     -2  0.18809E+01  0.110E-03  0.384E-02  0.527E-06  1132
     -1  0.18807E+01  0.920E-04  0.395E-02  0.585E-06  1652
      0  0.18807E+01  0.914E-04  0.395E-02  0.484E-06  2002
      1  0.18809E+01  0.848E-04  0.402E-02  0.501E-06  1846
      2  0.18811E+01  0.962E-04  0.390E-02  0.615E-06  1365
      3  0.18820E+01  0.155E-03  0.383E-02  0.784E-06   673
      4  0.18823E+01  0.221E-03  0.366E-02  0.111E-05   306
      5  0.18835E+01  0.364E-03  0.335E-02  0.150E-05   100
      6  0.18841E+01  0.654E-03  0.307E-02  0.290E-05    34
#     7  0.18855E+01  jk failed  0.124E-02  jk failed     5
#     8  0.18865E+01  jk failed  0.198E-03  jk failed     2
&-----------------------------------------------------------
#beta =   4.00   kappa =   0.2231
#  Re(op_pbp_e)                                                    
#
#    -7  0.18742E+01  jk failed  0.000E+00  jk failed     1
     -6  0.18760E+01  0.111E-02  0.430E-02  0.486E-05    16
     -5  0.18740E+01  0.523E-03  0.342E-02  0.187E-05    64
     -4  0.18732E+01  0.310E-03  0.395E-02  0.125E-05   209
     -3  0.18720E+01  0.155E-03  0.448E-02  0.115E-05   534
     -2  0.18711E+01  0.174E-03  0.460E-02  0.755E-06  1108
     -1  0.18708E+01  0.124E-03  0.476E-02  0.806E-06  1659
      0  0.18707E+01  0.908E-04  0.464E-02  0.808E-06  2053
      1  0.18710E+01  0.100E-03  0.468E-02  0.757E-06  1888
      2  0.18715E+01  0.111E-03  0.441E-02  0.940E-06  1301
      3  0.18722E+01  0.185E-03  0.426E-02  0.693E-06   694
      4  0.18729E+01  0.213E-03  0.426E-02  0.126E-05   345
      5  0.18744E+01  0.508E-03  0.432E-02  0.205E-05    99
      6  0.18772E+01  0.646E-03  0.289E-02  0.218E-05    25
#     7  0.18770E+01  jk failed  0.325E-02  jk failed     4
&-----------------------------------------------------------
#beta =   4.00   kappa =   0.2250
#  Re(op_pbp_e)                                                    
#
#    -7  0.18685E+01  jk failed  0.000E+00  jk failed     1
     -6  0.18693E+01  0.803E-03  0.321E-02  0.359E-05    17
     -5  0.18678E+01  0.600E-03  0.455E-02  0.272E-05    59
     -4  0.18675E+01  0.356E-03  0.499E-02  0.234E-05   202
     -3  0.18658E+01  0.214E-03  0.493E-02  0.131E-05   584
     -2  0.18650E+01  0.185E-03  0.519E-02  0.107E-05  1105
     -1  0.18643E+01  0.155E-03  0.535E-02  0.833E-06  1698
      0  0.18644E+01  0.124E-03  0.550E-02  0.101E-05  2006
      1  0.18645E+01  0.110E-03  0.525E-02  0.130E-05  1836
      2  0.18653E+01  0.125E-03  0.519E-02  0.122E-05  1317
      3  0.18662E+01  0.171E-03  0.485E-02  0.130E-05   728
      4  0.18671E+01  0.323E-03  0.491E-02  0.148E-05   324
      5  0.18676E+01  0.566E-03  0.455E-02  0.261E-05    93
      6  0.18678E+01  0.889E-03  0.358E-02  0.720E-05    26
#     7  0.18749E+01  jk failed  0.200E-02  jk failed     3
#     8  0.18772E+01  jk failed  0.000E+00  jk failed     1
&-----------------------------------------------------------
#beta =   4.00   kappa =   0.2262
#  Re(op_pbp_e)                                                    
#
#    -7  0.18650E+01  jk failed  0.195E-02  jk failed     3
     -6  0.18656E+01  0.117E-02  0.404E-02  0.556E-05    13
     -5  0.18645E+01  0.656E-03  0.479E-02  0.537E-05    62
     -4  0.18629E+01  0.335E-03  0.487E-02  0.215E-05   230
     -3  0.18616E+01  0.269E-03  0.515E-02  0.118E-05   557
     -2  0.18609E+01  0.167E-03  0.571E-02  0.113E-05  1114
     -1  0.18601E+01  0.161E-03  0.547E-02  0.104E-05  1657
      0  0.18601E+01  0.146E-03  0.563E-02  0.877E-06  2055
      1  0.18603E+01  0.115E-03  0.549E-02  0.100E-05  1887
      2  0.18608E+01  0.141E-03  0.529E-02  0.114E-05  1360
      3  0.18616E+01  0.197E-03  0.511E-02  0.197E-05   677
      4  0.18634E+01  0.278E-03  0.506E-02  0.290E-05   255
      5  0.18641E+01  0.597E-03  0.566E-02  0.471E-05   105
      6  0.18653E+01  0.898E-03  0.421E-02  0.459E-05    23
#     7  0.18645E+01  jk failed  0.185E-02  jk failed     2
&-----------------------------------------------------------
#beta =   4.00   kappa =   0.2293
#  Re(op_pbp_e)                                                    
#
#    -7  0.18539E+01  jk failed  0.173E-02  jk failed     3
     -6  0.18567E+01  0.140E-02  0.543E-02  0.893E-05    16
     -5  0.18524E+01  0.751E-03  0.524E-02  0.610E-05    61
     -4  0.18517E+01  0.374E-03  0.583E-02  0.265E-05   209
     -3  0.18504E+01  0.261E-03  0.623E-02  0.180E-05   583
     -2  0.18492E+01  0.189E-03  0.655E-02  0.175E-05  1118
     -1  0.18483E+01  0.160E-03  0.659E-02  0.136E-05  1729
      0  0.18482E+01  0.183E-03  0.674E-02  0.178E-05  2021
      1  0.18486E+01  0.164E-03  0.686E-02  0.220E-05  1889
      2  0.18490E+01  0.171E-03  0.632E-02  0.136E-05  1283
      3  0.18506E+01  0.249E-03  0.624E-02  0.122E-05   723
      4  0.18517E+01  0.332E-03  0.555E-02  0.280E-05   260
      5  0.18539E+01  0.700E-03  0.535E-02  0.398E-05    78
      6  0.18556E+01  0.105E-02  0.505E-02  0.809E-05    24
#     7  0.18560E+01  jk failed  0.251E-02  jk failed     3
&-----------------------------------------------------------
#beta =   4.00   kappa =   0.2300
#  Re(op_pbp_e)                                                    
#
#    -7  0.18536E+01  jk failed  0.440E-02  jk failed     4
     -6  0.18545E+01  0.135E-02  0.404E-02  0.492E-05    10
     -5  0.18529E+01  0.966E-03  0.535E-02  0.400E-05    59
     -4  0.18495E+01  0.476E-03  0.619E-02  0.343E-05   187
     -3  0.18476E+01  0.314E-03  0.640E-02  0.208E-05   552
     -2  0.18461E+01  0.207E-03  0.671E-02  0.172E-05  1115
     -1  0.18455E+01  0.155E-03  0.717E-02  0.152E-05  1645
      0  0.18456E+01  0.184E-03  0.722E-02  0.171E-05  2116
      1  0.18456E+01  0.154E-03  0.691E-02  0.180E-05  1845
      2  0.18461E+01  0.205E-03  0.679E-02  0.226E-05  1316
      3  0.18475E+01  0.255E-03  0.650E-02  0.291E-05   749
      4  0.18494E+01  0.426E-03  0.630E-02  0.342E-05   295
      5  0.18514E+01  0.627E-03  0.521E-02  0.390E-05    92
      6  0.18551E+01  0.138E-02  0.477E-02  0.713E-05    13
#     7  0.18580E+01  jk failed  0.450E-02  jk failed     2
&-----------------------------------------------------------
#beta =   4.00   kappa =   0.2324
#  Re(op_pbp_e)                                                    
#
#    -6  0.18443E+01  jk failed  0.522E-02  jk failed     9
     -5  0.18406E+01  0.911E-03  0.593E-02  0.671E-05    54
     -4  0.18400E+01  0.411E-03  0.681E-02  0.528E-05   222
     -3  0.18378E+01  0.305E-03  0.786E-02  0.295E-05   542
     -2  0.18368E+01  0.199E-03  0.761E-02  0.196E-05  1094
     -1  0.18355E+01  0.187E-03  0.827E-02  0.253E-05  1691
      0  0.18349E+01  0.191E-03  0.823E-02  0.181E-05  2114
      1  0.18355E+01  0.136E-03  0.813E-02  0.226E-05  1875
      2  0.18369E+01  0.208E-03  0.785E-02  0.232E-05  1322
      3  0.18372E+01  0.266E-03  0.773E-02  0.321E-05   691
      4  0.18399E+01  0.375E-03  0.669E-02  0.319E-05   299
      5  0.18431E+01  0.730E-03  0.640E-02  0.846E-05    69
      6  0.18429E+01  0.150E-02  0.519E-02  0.770E-05    13
#     7  0.18474E+01  jk failed  0.178E-02  jk failed     2
#     8  0.18488E+01  jk failed  0.742E-03  jk failed     2
#     9  0.18573E+01  jk failed  0.000E+00  jk failed     1
&-----------------------------------------------------------
#beta =   4.00   kappa =   0.2350
#  Re(op_pbp_e)                                                    
#
#    -7  0.18475E+01  jk failed  0.114E-02  jk failed     2
     -6  0.18344E+01  0.213E-02  0.708E-02  0.183E-04    12
     -5  0.18311E+01  0.151E-02  0.776E-02  0.144E-04    46
     -4  0.18291E+01  0.545E-03  0.758E-02  0.532E-05   196
     -3  0.18264E+01  0.346E-03  0.865E-02  0.521E-05   537
     -2  0.18245E+01  0.298E-03  0.907E-02  0.241E-05  1126
     -1  0.18231E+01  0.252E-03  0.961E-02  0.261E-05  1704
      0  0.18227E+01  0.229E-03  0.993E-02  0.337E-05  2115
      1  0.18234E+01  0.259E-03  0.968E-02  0.340E-05  1918
      2  0.18248E+01  0.276E-03  0.923E-02  0.307E-05  1311
      3  0.18267E+01  0.268E-03  0.855E-02  0.480E-05   668
      4  0.18306E+01  0.394E-03  0.785E-02  0.414E-05   267
      5  0.18318E+01  0.687E-03  0.635E-02  0.581E-05    81
      6  0.18361E+01  0.134E-02  0.466E-02  0.782E-05    13
#     7  0.18375E+01  jk failed  0.350E-02  jk failed     4
&-----------------------------------------------------------
#beta =   4.00   kappa =   0.2356
#  Re(op_pbp_e)                                                    
#
#    -7  0.18374E+01  jk failed  0.941E-02  jk failed     3
     -6  0.18348E+01  0.160E-02  0.530E-02  0.856E-05    12
     -5  0.18290E+01  0.998E-03  0.685E-02  0.742E-05    50
     -4  0.18251E+01  0.633E-03  0.905E-02  0.812E-05   185
     -3  0.18234E+01  0.412E-03  0.860E-02  0.461E-05   482
     -2  0.18217E+01  0.254E-03  0.941E-02  0.385E-05  1121
     -1  0.18207E+01  0.219E-03  0.986E-02  0.322E-05  1802
      0  0.18201E+01  0.203E-03  0.102E-01  0.381E-05  2091
      1  0.18205E+01  0.198E-03  0.994E-02  0.333E-05  1948
      2  0.18219E+01  0.224E-03  0.958E-02  0.419E-05  1322
      3  0.18239E+01  0.370E-03  0.845E-02  0.360E-05   644
      4  0.18262E+01  0.580E-03  0.823E-02  0.653E-05   240
      5  0.18308E+01  0.121E-02  0.793E-02  0.756E-05    76
      6  0.18312E+01  0.156E-02  0.664E-02  0.143E-04    19
#     7  0.18387E+01  jk failed  0.650E-02  jk failed     5
&-----------------------------------------------------------
#beta =   4.00   kappa =   0.2387
#  Re(op_pbp_e)                                                    
#
#    -7  0.18300E+01  jk failed  0.000E+00  jk failed     1
#    -6  0.18242E+01  jk failed  0.762E-02  jk failed     7
     -5  0.18169E+01  0.185E-02  0.967E-02  0.206E-04    42
     -4  0.18122E+01  0.898E-03  0.101E-01  0.109E-04   162
     -3  0.18083E+01  0.342E-03  0.104E-01  0.588E-05   563
     -2  0.18057E+01  0.335E-03  0.116E-01  0.640E-05  1054
     -1  0.18038E+01  0.311E-03  0.123E-01  0.608E-05  1859
      0  0.18035E+01  0.326E-03  0.123E-01  0.343E-05  2176
      1  0.18045E+01  0.175E-03  0.122E-01  0.420E-05  1923
      2  0.18059E+01  0.279E-03  0.114E-01  0.514E-05  1263
      3  0.18086E+01  0.460E-03  0.107E-01  0.511E-05   655
      4  0.18126E+01  0.710E-03  0.104E-01  0.922E-05   224
      5  0.18171E+01  0.100E-02  0.755E-02  0.131E-04    57
      6  0.18275E+01  0.189E-02  0.566E-02  0.159E-04    10
#     7  0.18333E+01  jk failed  0.806E-02  jk failed     4
&-----------------------------------------------------------
#beta =   4.00   kappa =   0.2400
#  Re(op_pbp_e)                                                    
#
#    -6  0.18214E+01  jk failed  0.922E-02  jk failed     6
     -5  0.18096E+01  0.192E-02  0.929E-02  0.270E-04    33
     -4  0.18059E+01  0.727E-03  0.102E-01  0.931E-05   170
     -3  0.18018E+01  0.563E-03  0.110E-01  0.640E-05   514
     -2  0.17986E+01  0.457E-03  0.125E-01  0.579E-05  1103
     -1  0.17963E+01  0.299E-03  0.136E-01  0.602E-05  1856
      0  0.17957E+01  0.259E-03  0.131E-01  0.440E-05  2215
      1  0.17966E+01  0.301E-03  0.130E-01  0.634E-05  1922
      2  0.17987E+01  0.341E-03  0.122E-01  0.646E-05  1270
      3  0.18031E+01  0.317E-03  0.114E-01  0.955E-05   637
      4  0.18064E+01  0.653E-03  0.953E-02  0.880E-05   209
      5  0.18120E+01  0.136E-02  0.964E-02  0.193E-04    51
      6  0.18185E+01  0.195E-02  0.704E-02  0.130E-04    14
&-----------------------------------------------------------
#beta =   4.00   kappa =   0.2418
#  Re(op_pbp_e)                                                    
#
#    -7  0.18129E+01  jk failed  0.319E-02  jk failed     2
#    -6  0.18122E+01  jk failed  0.716E-02  jk failed     6
     -5  0.18005E+01  0.173E-02  0.993E-02  0.199E-04    34
     -4  0.17987E+01  0.103E-02  0.108E-01  0.114E-04   149
     -3  0.17917E+01  0.655E-03  0.135E-01  0.973E-05   474
     -2  0.17883E+01  0.325E-03  0.138E-01  0.645E-05  1121
     -1  0.17854E+01  0.290E-03  0.144E-01  0.650E-05  1823
      0  0.17843E+01  0.296E-03  0.149E-01  0.724E-05  2165
      1  0.17857E+01  0.305E-03  0.146E-01  0.672E-05  2047
      2  0.17886E+01  0.392E-03  0.139E-01  0.713E-05  1311
      3  0.17922E+01  0.438E-03  0.126E-01  0.877E-05   581
      4  0.17987E+01  0.984E-03  0.120E-01  0.154E-04   205
      5  0.18064E+01  0.115E-02  0.940E-02  0.132E-04    68
      6  0.18124E+01  0.191E-02  0.605E-02  0.941E-05    11
#     7  0.18192E+01  jk failed  0.894E-02  jk failed     3
&-----------------------------------------------------------
#beta =   4.00   kappa =   0.2449
#  Re(op_pbp_e)                                                    
#
#    -6  0.17859E+01  jk failed  0.105E-01  jk failed     2
     -5  0.17888E+01  0.258E-02  0.116E-01  0.299E-04    21
     -4  0.17805E+01  0.120E-02  0.128E-01  0.157E-04   125
     -3  0.17729E+01  0.728E-03  0.151E-01  0.173E-04   431
     -2  0.17671E+01  0.705E-03  0.165E-01  0.115E-04   997
     -1  0.17636E+01  0.388E-03  0.187E-01  0.858E-05  1959
      0  0.17620E+01  0.411E-03  0.186E-01  0.122E-04  2361
      1  0.17633E+01  0.334E-03  0.182E-01  0.103E-04  2016
      2  0.17678E+01  0.581E-03  0.169E-01  0.925E-05  1299
      3  0.17755E+01  0.690E-03  0.158E-01  0.149E-04   553
      4  0.17817E+01  0.870E-03  0.145E-01  0.282E-04   191
      5  0.17917E+01  0.223E-02  0.114E-01  0.388E-04    38
#     6  0.17920E+01  jk failed  0.573E-02  jk failed     6
#     8  0.18213E+01  jk failed  0.000E+00  jk failed     1
&-----------------------------------------------------------
#beta =   4.00   kappa =   0.2480
#  Re(op_pbp_e)                                                    
#
#    -6  0.17932E+01  jk failed  0.156E-02  jk failed     2
     -5  0.17821E+01  0.297E-02  0.123E-01  0.342E-04    18
     -4  0.17660E+01  0.147E-02  0.153E-01  0.304E-04    99
     -3  0.17539E+01  0.712E-03  0.176E-01  0.192E-04   433
     -2  0.17445E+01  0.670E-03  0.198E-01  0.155E-04  1042
     -1  0.17383E+01  0.384E-03  0.220E-01  0.130E-04  2006
      0  0.17354E+01  0.597E-03  0.242E-01  0.153E-04  2446
      1  0.17382E+01  0.435E-03  0.224E-01  0.145E-04  2094
      2  0.17449E+01  0.525E-03  0.200E-01  0.158E-04  1240
      3  0.17544E+01  0.738E-03  0.170E-01  0.179E-04   454
      4  0.17669E+01  0.129E-02  0.152E-01  0.170E-04   141
      5  0.17787E+01  0.315E-02  0.134E-01  0.505E-04    19
#     6  0.17853E+01  jk failed  0.147E-01  jk failed     5
#     8  0.18287E+01  jk failed  0.000E+00  jk failed     1
&-----------------------------------------------------------
#beta =   4.00   kappa =   0.2500
#  Re(op_pbp_e)                                                    
#
     -5  0.17659E+01  0.410E-02  0.136E-01  0.684E-04    12
     -4  0.17569E+01  0.284E-02  0.196E-01  0.678E-04    63
     -3  0.17414E+01  0.958E-03  0.193E-01  0.344E-04   329
     -2  0.17295E+01  0.767E-03  0.219E-01  0.178E-04   965
     -1  0.17187E+01  0.624E-03  0.253E-01  0.154E-04  2053
      0  0.17142E+01  0.435E-03  0.281E-01  0.197E-04  2696
      1  0.17183E+01  0.465E-03  0.249E-01  0.184E-04  2165
      2  0.17297E+01  0.533E-03  0.225E-01  0.205E-04  1158
      3  0.17422E+01  0.896E-03  0.182E-01  0.206E-04   425
      4  0.17603E+01  0.151E-02  0.171E-01  0.371E-04   112
      5  0.17659E+01  0.282E-02  0.116E-01  0.723E-04    18
#     6  0.17842E+01  jk failed  0.125E-01  jk failed     3
#     7  0.17918E+01  jk failed  0.000E+00  jk failed     1
&-----------------------------------------------------------
#beta =   4.00   kappa =   0.2515
#  Re(op_pbp_e)                                                    
#
#    -7  0.17829E+01  jk failed  0.000E+00  jk failed     1
#    -6  0.18024E+01  jk failed  0.000E+00  jk failed     1
#    -5  0.17701E+01  jk failed  0.178E-01  jk failed     9
     -4  0.17475E+01  0.246E-02  0.210E-01  0.981E-04    58
     -3  0.17303E+01  0.142E-02  0.198E-01  0.292E-04   283
     -2  0.17165E+01  0.593E-03  0.236E-01  0.201E-04   926
     -1  0.17034E+01  0.527E-03  0.278E-01  0.233E-04  2041
      0  0.16960E+01  0.493E-03  0.308E-01  0.178E-04  2885
      1  0.17045E+01  0.650E-03  0.276E-01  0.151E-04  2280
      2  0.17169E+01  0.739E-03  0.247E-01  0.286E-04  1070
      3  0.17319E+01  0.106E-02  0.205E-01  0.257E-04   355
      4  0.17505E+01  0.211E-02  0.192E-01  0.624E-04    75
      5  0.17625E+01  0.419E-02  0.151E-01  0.741E-04    14
#     6  0.17847E+01  jk failed  0.379E-02  jk failed     2
&-----------------------------------------------------------
#beta =   4.00   kappa =   0.2530
#  Re(op_pbp_e)                                                    
#
#    -6  0.17664E+01  jk failed  0.000E+00  jk failed     1
#    -5  0.17588E+01  jk failed  0.280E-01  jk failed     7
     -4  0.17406E+01  0.414E-02  0.218E-01  0.134E-03    42
     -3  0.17209E+01  0.143E-02  0.215E-01  0.354E-04   232
     -2  0.17035E+01  0.104E-02  0.257E-01  0.354E-04   836
     -1  0.16855E+01  0.608E-03  0.289E-01  0.290E-04  2182
      0  0.16788E+01  0.687E-03  0.350E-01  0.331E-04  2997
      1  0.16869E+01  0.714E-03  0.291E-01  0.274E-04  2342
      2  0.17038E+01  0.939E-03  0.255E-01  0.306E-04   992
      3  0.17248E+01  0.135E-02  0.227E-01  0.375E-04   301
      4  0.17407E+01  0.299E-02  0.203E-01  0.838E-04    58
      5  0.17582E+01  0.525E-02  0.158E-01  0.110E-03    10
&-----------------------------------------------------------
#beta =   4.00   kappa =   0.2545
#  Re(op_pbp_e)                                                    
#
#    -6  0.17781E+01  jk failed  0.000E+00  jk failed     1
#    -5  0.17513E+01  jk failed  0.218E-01  jk failed     5
     -4  0.17392E+01  0.559E-02  0.273E-01  0.198E-03    34
     -3  0.17141E+01  0.251E-02  0.264E-01  0.875E-04   175
     -2  0.16882E+01  0.816E-03  0.277E-01  0.414E-04   789
     -1  0.16692E+01  0.745E-03  0.314E-01  0.319E-04  2167
      0  0.16551E+01  0.582E-03  0.378E-01  0.304E-04  3353
      1  0.16693E+01  0.898E-03  0.321E-01  0.440E-04  2287
      2  0.16903E+01  0.109E-02  0.279E-01  0.408E-04   901
      3  0.17150E+01  0.157E-02  0.267E-01  0.855E-04   237
      4  0.17329E+01  0.290E-02  0.208E-01  0.712E-04    45
#     5  0.17521E+01  jk failed  0.168E-01  jk failed     6
&-----------------------------------------------------------
#beta =   4.00   kappa =   0.2560
#  Re(op_pbp_e)                                                    
#
#    -5  0.17862E+01  jk failed  0.000E+00  jk failed     1
     -4  0.17278E+01  0.629E-02  0.227E-01  0.213E-03    14
     -3  0.17031E+01  0.209E-02  0.253E-01  0.925E-04   140
     -2  0.16768E+01  0.115E-02  0.293E-01  0.605E-04   713
     -1  0.16491E+01  0.710E-03  0.324E-01  0.355E-04  2242
      0  0.16303E+01  0.674E-03  0.397E-01  0.322E-04  3723
      1  0.16492E+01  0.688E-03  0.320E-01  0.445E-04  2226
      2  0.16797E+01  0.111E-02  0.314E-01  0.513E-04   758
      3  0.17037E+01  0.220E-02  0.286E-01  0.988E-04   145
      4  0.17326E+01  0.536E-02  0.280E-01  0.195E-03    34
#     5  0.17530E+01  jk failed  0.146E-01  jk failed     4
&-----------------------------------------------------------
#beta =   4.00   kappa =   0.2575
#  Re(op_pbp_e)                                                    
#
#    -5  0.17549E+01  jk failed  0.000E+00  jk failed     1
     -4  0.17310E+01  0.655E-02  0.207E-01  0.213E-03    11
     -3  0.16994E+01  0.367E-02  0.332E-01  0.182E-03    99
     -2  0.16637E+01  0.163E-02  0.331E-01  0.595E-04   555
     -1  0.16291E+01  0.686E-03  0.346E-01  0.527E-04  2220
      0  0.16012E+01  0.680E-03  0.399E-01  0.474E-04  4259
      1  0.16297E+01  0.653E-03  0.335E-01  0.403E-04  2145
      2  0.16620E+01  0.138E-02  0.342E-01  0.852E-04   602
      3  0.16943E+01  0.414E-02  0.309E-01  0.186E-03    92
      4  0.17311E+01  0.103E-01  0.386E-01  0.916E-03    15
#     5  0.18377E+01  jk failed  0.000E+00  jk failed     1
&-----------------------------------------------------------
#beta =   4.00   kappa =   0.2590
#  Re(op_pbp_e)                                                    
#
#    -4  0.17351E+01  jk failed  0.104E+00  jk failed     6
     -3  0.16846E+01  0.736E-02  0.430E-01  0.357E-03    45
     -2  0.16471E+01  0.183E-02  0.373E-01  0.119E-03   416
     -1  0.16080E+01  0.730E-03  0.322E-01  0.491E-04  2005
      0  0.15731E+01  0.638E-03  0.386E-01  0.568E-04  4916
      1  0.16076E+01  0.716E-03  0.336E-01  0.691E-04  2075
      2  0.16465E+01  0.165E-02  0.348E-01  0.992E-04   479
      3  0.16814E+01  0.609E-02  0.363E-01  0.221E-03    53
#     4  0.17361E+01  jk failed  0.663E-01  jk failed     5
&-----------------------------------------------------------
#beta =   4.00   kappa =   0.2605
#  Re(op_pbp_e)                                                    
#
#    -4  0.16621E+01  jk failed  0.318E-01  jk failed     2
     -3  0.16738E+01  0.117E-01  0.481E-01  0.919E-03    27
     -2  0.16290E+01  0.221E-02  0.357E-01  0.132E-03   270
     -1  0.15861E+01  0.855E-03  0.334E-01  0.634E-04  1690
      0  0.15431E+01  0.475E-03  0.339E-01  0.616E-04  5794
      1  0.15863E+01  0.952E-03  0.340E-01  0.772E-04  1885
      2  0.16298E+01  0.166E-02  0.397E-01  0.171E-03   296
      3  0.16743E+01  0.998E-02  0.425E-01  0.567E-03    32
#     4  0.17081E+01  jk failed  0.579E-02  jk failed     4
&-----------------------------------------------------------
#beta =   4.00   kappa =   0.2620
#  Re(op_pbp_e)                                                    
#
#    -4  0.16700E+01  jk failed  0.000E+00  jk failed     1
#    -3  0.17101E+01  jk failed  0.421E-01  jk failed     8
     -2  0.16152E+01  0.300E-02  0.390E-01  0.174E-03   155
     -1  0.15604E+01  0.111E-02  0.326E-01  0.588E-04  1387
      0  0.15136E+01  0.299E-03  0.255E-01  0.336E-04  6866
      1  0.15633E+01  0.110E-02  0.334E-01  0.899E-04  1424
      2  0.16154E+01  0.385E-02  0.418E-01  0.196E-03   148
      3  0.16661E+01  0.137E-01  0.412E-01  0.104E-02    10
#     4  0.16451E+01  jk failed  0.000E+00  jk failed     1
&-----------------------------------------------------------
#beta =   4.00   kappa =   0.2625
#  Re(op_pbp_e)                                                    
#
#    -3  0.16330E+01  jk failed  0.283E-01  jk failed     5
     -2  0.15981E+01  0.380E-02  0.457E-01  0.333E-03   131
     -1  0.15515E+01  0.764E-03  0.319E-01  0.630E-04  1250
      0  0.15050E+01  0.283E-03  0.241E-01  0.240E-04  7172
      1  0.15533E+01  0.125E-02  0.325E-01  0.100E-03  1313
      2  0.16076E+01  0.430E-02  0.451E-01  0.282E-03   123
#     3  0.16734E+01  jk failed  0.683E-01  jk failed     6
&-----------------------------------------------------------
#beta =   4.00   kappa =   0.2630
#  Re(op_pbp_e)                                                    
#
#    -3  0.17014E+01  jk failed  0.826E-01  jk failed     3
     -2  0.15959E+01  0.471E-02  0.382E-01  0.272E-03   106
     -1  0.15444E+01  0.136E-02  0.318E-01  0.772E-04  1122
      0  0.14955E+01  0.206E-03  0.216E-01  0.249E-04  7522
      1  0.15436E+01  0.104E-02  0.298E-01  0.594E-04  1147
      2  0.15914E+01  0.364E-02  0.370E-01  0.199E-03    98
#     3  0.16665E+01  jk failed  0.433E-02  jk failed     2
&-----------------------------------------------------------
#beta =   4.00   kappa =   0.2635
#  Re(op_pbp_e)                                                    
#
#    -3  0.16218E+01  jk failed  0.140E-01  jk failed     2
     -2  0.15875E+01  0.650E-02  0.379E-01  0.414E-03    63
     -1  0.15366E+01  0.105E-02  0.327E-01  0.104E-03  1061
      0  0.14865E+01  0.178E-03  0.193E-01  0.266E-04  7852
      1  0.15369E+01  0.102E-02  0.310E-01  0.669E-04   957
      2  0.15832E+01  0.419E-02  0.394E-01  0.340E-03    64
#     3  0.16423E+01  jk failed  0.000E+00  jk failed     1
&-----------------------------------------------------------
