# triplet j1 / nf 6 / mode 2 / nplat  5 / jkb  20 / start     1 / nmeas 10000
 0.0010  -100.00000000000000        95.092295937859603        7.7361417743201596E-004   6.3426321397742796E-005  -1.2438763422720250E-005   1.1839291493930435E-005
 0.0020  -100.00000000000000        123.28735882383324        1.5472078472599129E-003   1.2683749084392161E-004  -2.4877361976382569E-005   3.0687588782877934E-005
 0.0030  -100.00000000000000        103.53430360811470        2.3207605163176881E-003   1.9021840950298298E-004  -3.7315630904362490E-005   3.8664733161989176E-005
 0.0040  -100.00000000000000        95.136773259547738        3.0942517202815953E-003   2.5355408442809095E-004  -4.9753405674639758E-005   4.7377659340311865E-005
 0.0050  -100.00000000000000        117.83032080169001        3.8676610380061842E-003   3.1682968065627128E-004  -6.2190522091442398E-005   7.3323550620806155E-005
 0.0060  -100.00000000000000        95.159417634982034        4.6409681057589316E-003   3.8003057228413382E-004  -7.4626816406106442E-005   7.1080144925289113E-005
 0.0070  -100.00000000000000        123.43365742932950        5.4141526313194648E-003   4.4314239220291895E-004  -8.7062125426888413E-005   1.0752301457375824E-004
 0.0080  -100.00000000000000        95.167729671592340        6.1871944079106896E-003   5.0615108016897610E-004  -9.9496286627477230E-005   9.4775774828139502E-005
 0.0090  -100.00000000000000        95.154762428623130        6.9600733279287647E-003   5.6904292890176396E-004  -1.1192913825394965E-004   1.0660414479660865E-004
 0.0100  -100.00000000000000        103.72179749934764        7.7327693964398727E-003   6.3180462791519805E-004  -1.2436051942992093E-004   1.2908897756778727E-004
 0.0200  0.60948873879601639       0.12639077001152307        1.5445380423691471E-002   1.2496922059746123E-003   4.0781539341198193E-002   8.6163665186165025E-003
 0.0400  0.60912143712868305       0.12527389669071004        3.0737201538978427E-002   2.4111353736737742E-003   8.1409159649509497E-002   1.7044621153865118E-002
 0.0600  0.61018089754033877       0.11907725564061909        4.5755596748563061E-002   3.4638013856147323E-003  0.12143786619014213        2.4140345061343556E-002
 0.0800  0.61239119704065870       0.10925661001450952        6.0419829566159121E-002   4.3721320660079117E-003  0.16055387804808963        2.9227488299553423E-002
 0.1000  0.61650713743122110        9.6035381817687421E-002   7.4663716013144227E-002   4.9947586492177214E-003  0.19821279676868989        3.1580051068627595E-002
 0.1200  0.62340892885394616        8.0204382091870113E-002   8.8407251472605655E-002   5.1652588311655902E-003  0.23365578984851498        3.0826079608002800E-002
 0.1400  0.63364881582695909        6.3264296326300526E-002  0.10155160368606601        4.8474184734369659E-003  0.26611771216868507        2.7318120810416062E-002
 0.1600  0.64729614886405218        4.7079253186677945E-002  0.11399587955213691        4.1742431697588548E-003  0.29506421558913543        2.2130167583234266E-002
 0.1800  0.66410622540094333        3.3282647348164482E-002  0.12565115818115682        3.3670344046928266E-003  0.32025575813658996        1.6613757147738360E-002
 0.2000  0.71163343058936124        2.5708271317224494E-002  0.13644142777287008        2.6192320317079570E-003  0.32828178145023601        1.2270875179454181E-002
 0.2200  0.72139073216539051        1.8474000237058009E-002  0.14630700090289483        2.0141651902322887E-003  0.35171292927653169        9.3266594368329753E-003
 0.2400  0.73786643307879862        1.3176175723688814E-002  0.15522118957668246        1.5397499054600617E-003  0.36992899148102093        6.8559452422621266E-003
 0.2600  0.76027445398277560        9.0078053696150944E-003  0.16320669559856310        1.1620514117437291E-003  0.38317772953868579        4.7404432871267456E-003
 0.2800  0.78702445238472429        6.3805448459635355E-003  0.17033434908873854        8.6208712207125760E-004  0.39242521536471914        3.3328450924025284E-003
 0.3000  0.81701683922411916        4.2424674997845833E-003  0.17670503065149556        6.3029080308149132E-004  0.39853739186712289        2.1881166907519733E-003
 0.3400  0.88398204344085496        2.7195494985561017E-003  0.18760488333310013        3.3095657601906793E-004  0.40404811276884678        1.2931262794334620E-003
 0.3600  0.91687522360547480        4.2407843304638360E-003  0.19232334976539239        2.4079015201390868E-004  0.40585604454568847        1.8943041438740720E-003
 0.3800  0.95374242879235527        3.9013910484782819E-003  0.19665469099094673        1.7685088348881264E-004  0.40534782592476443        1.6681083602090622E-003
 0.4000  0.99162512009274539        3.6135176972784018E-003  0.20065582303178173        1.3158922451107961E-004  0.40403906492825670        1.4782814766153812E-003


# triplet j3 / nf 6 / mode 2 / nplat  5 / jkb  20 / start     1 / nmeas 10000
 0.0010  0.60421093205546483       0.15043861826139160        7.7361417743201596E-004   6.3426321397742796E-005   2.0586789749739926E-003   5.1947819930080392E-004
 0.0020  0.60421175339671640       0.15042785203480194        1.5472078472599129E-003   1.2683749084392161E-004   4.1173250663411815E-003   1.0388714235924263E-003
 0.0030  0.60421312181498377       0.15040990486737113        2.3207605163176881E-003   1.9021840950298298E-004   6.1759054143463166E-003   1.5580946860544761E-003
 0.0040  0.60421503659774967       0.15038477157443916        3.0942517202815953E-003   2.5355408442809095E-004   8.2343872067127330E-003   2.0770629760626454E-003
 0.0050  0.60421749676713310       0.15035244490038246        3.8676610380061842E-003   3.1682968065627128E-004   1.0292737701935627E-002   2.5956912469410698E-003
 0.0060  0.60422050110177428       0.15031291551711731        4.6409681057589316E-003   3.8003057228413382E-004   1.2350924251995278E-002   3.1138944031893472E-003
 0.0070  0.60422404816851327       0.15026617201481474        5.4141526313194648E-003   4.4314239220291895E-004   1.4408914324212313E-002   3.6315872867992839E-003
 0.0080  0.60422813634895389       0.15021220092026710        6.1871944079106896E-003   5.0615108016897610E-004   1.6466675522375233E-002   4.1486846634327225E-003
 0.0090  0.60423276388570013       0.15015098668009247        6.9600733279287647E-003   5.6904292890176396E-004   1.8524175606459293E-002   4.6651012068136518E-003
 0.0100  0.60423792892110495       0.15008251167660344        7.7327693964398727E-003   6.3180462791519805E-004   2.0581382511351522E-002   5.1807514829394575E-003
 0.0200  0.60431878153033980       0.14899306930061951        1.5445380423691471E-002   1.2496922059746123E-003   4.1130426091149253E-002   1.0276197878997046E-002
 0.0400  0.60465006187278336       0.14448304088853611        3.0737201538978427E-002   2.4111353736737742E-003   8.2011178775965810E-002   1.9859063901344412E-002
 0.0600  0.60537249084310607       0.13648125965679822        4.5755596748563061E-002   3.4638013856147323E-003  0.12240243372156910        2.7981858551047852E-002
 0.0800  0.60708148367650416       0.12456765430975139        6.0419829566159121E-002   4.3721320660079117E-003  0.16195812952809860        3.3745028198801007E-002
 0.1000  0.61081294383647100       0.10883342671885243        7.4663716013144227E-002   4.9947586492177214E-003  0.20006059984677912        3.6269056570793441E-002
 0.1200  0.61764932603937461        9.0246060913219961E-002   8.8407251472605655E-002   5.1652588311655902E-003  0.23583463873269017        3.5140269127821935E-002
 0.1400  0.62821986094328486        7.0583945004085547E-002  0.10155160368606601        4.8474184734369659E-003  0.26841745011543050        3.0831079806167512E-002
 0.1600  0.64251277828441877        5.1975222554810602E-002  0.11399587955213691        4.1742431697588548E-003  0.29726090573391400        2.4654736918286044E-002
 0.1800  0.66009332797593312        3.6226168490072930E-002  0.12565115818115682        3.3670344046928266E-003  0.32220268511297939        1.8201945153249882E-002
 0.2000  0.68048046551294750        2.4251389957744559E-002  0.13644142777287008        2.6192320317079570E-003  0.34331079608188014        1.2671101480966849E-002
 0.2200  0.70337890339315023        1.5958860556446099E-002  0.14630700090289483        2.0141651902322887E-003  0.36071944486656643        8.5526617412519344E-003
 0.2400  0.73794127527203857        1.3588836108255287E-002  0.15522118957668246        1.5397499054600617E-003  0.36989147318790844        7.0541205407491795E-003
 0.2600  0.76059825686799398        9.8959078907536763E-003  0.16320669559856310        1.1620514117437291E-003  0.38301460261424741        5.1664691455812787E-003
 0.2800  0.78722998210500050        6.3591278616008428E-003  0.17033434908873854        8.6208712207125760E-004  0.39232276113078918        3.3209955145916490E-003
 0.3000  0.81717847728977477        4.5533663069475105E-003  0.17670503065149556        6.3029080308149132E-004  0.39845856109159089        2.3311884992530214E-003
 0.3400  0.88405435076498462        2.6598858663090348E-003  0.18760488333310013        3.3095657601906793E-004  0.40401506543659998        1.2667348289692128E-003
 0.3600  0.91980277064213556        2.3571591947277341E-003  0.19232334976539239        2.4079015201390868E-004  0.40456428646619158        1.0672528311608414E-003
 0.3800  0.95464498562240385        3.5026617145468160E-003  0.19665469099094673        1.7685088348881264E-004  0.40496459503334020        1.4969606481299070E-003
 0.4000  0.99243892368347730        3.2447240490985499E-003  0.20065582303178173        1.3158922451107961E-004  0.40370775139954684        1.3265215524296858E-003


