# triplet j1 / nf 1 / mode 2 / nplat  5 / jkb  20 / start     1 / nmeas 10000
 0.0010  0.11579340690654995        1.6651199271651651E-002   7.6809672664154532E-002   4.2298476562433853E-003  0.10703828027986981        1.5671830249262567E-002
 0.0020  0.15655315065465422        1.8034504097613761E-002   7.7261983563835082E-002   4.0737049255319784E-003  0.11229259294442559        1.3270223333321757E-002
 0.0030  0.18217224448227157        1.7067742128999874E-002   7.7718127561237776E-002   3.9240629884473941E-003  0.11853717706427665        1.1501878975890700E-002
 0.0040  0.20000509664222418        1.5532627267070356E-002   7.8177864950403964E-002   3.7806303687539099E-003  0.12503909841055996        1.0170462220528583E-002
 0.0050  0.21324020087576218        1.3983487043290459E-002   7.8640966581497870E-002   3.6431302373533900E-003  0.13150895852978947        9.1460374930200181E-003
 0.0060  0.22354009273467257        1.2584020649963029E-002   7.9107213354460762E-002   3.5112995430858465E-003  0.13782983599610887        8.3402248734985116E-003
 0.0070  0.23185565280013484        1.1366260111078321E-002   7.9576395741698086E-002   3.3848882044670609E-003  0.14395888074995616        7.6928340116058725E-003
 0.0080  0.23876926911109733        1.0319933047486090E-002   8.0048313337790403E-002   3.2636583577114811E-003  0.14988482116403429        7.1626393694142173E-003
 0.0090  0.24465801062072667        9.4235225020978496E-003   8.0522774434394068E-002   3.1473836561968218E-003  0.15560952520863564        6.7210250057017093E-003
 0.0100  0.24977724398210993        8.6546981303793902E-003   8.0999595618624923E-002   3.0358486176431817E-003  0.16114007218525173        6.3477392511125837E-003
 0.0200  0.28219323145709702        4.8250499163451591E-003   8.5862489770747522E-002   2.1404338272623552E-003  0.20767544116444378        4.3942574004587134E-003
 0.0400  0.32302662898965034        1.5425272376454265E-003   9.5747588510215420E-002   1.1415786795643051E-003  0.27093841795492996        2.0694639806723872E-003
 0.0600  0.35924834033659947        2.5007288149683782E-003  0.10539074137105027        6.7756515603935384E-004  0.31303801597691183        2.4001835653046808E-003
 0.0800  0.39476458423203775        2.1591880004131940E-003  0.11454668979980008        4.4437256531718229E-004  0.34293600114852685        1.9901669386850262E-003
 0.1000  0.42886694608759068        1.2475104975900389E-003  0.12314001301379533        3.1354110765035854E-004  0.36592494826817512        1.1619038875939095E-003
 0.1200  0.46489352588919125        1.1578428780643192E-003  0.13117026489298431        2.3206939338840668E-004  0.38165400172309777        1.0087080717110857E-003
 0.1400  0.50137702899678804        1.0785779140970340E-003  0.13866789894437753        1.7742871682880973E-004  0.39300904965100003        8.8204840345761548E-004
 0.1600  0.53827944812063411        1.0104222230967969E-003  0.14567387172954616        1.3901007381531626E-004  0.40110495058079648        7.7686893586671898E-004
 0.1800  0.57553633690172668        1.0462977108990728E-003  0.15223048952529905        1.1113027194969977E-004  0.40675165064057228        7.5421244650520605E-004
 0.2000  0.61314559267779933        9.9022384615435615E-004  0.15837757821824472        9.0406282919929117E-005  0.41050006827258811        6.7322673314734629E-004
 0.2200  0.65107700670239965        9.4122366830690183E-004  0.16415113387887537        7.4681593322598950E-005  0.41277741176584049        6.0407043622213465E-004
 0.2400  0.68928901040245516        9.8012579602419912E-004  0.16958309292584114        6.2524266933548751E-005  0.41391440428799331        5.9348595061905422E-004
 0.2600  0.72777653838629885        9.3717218673003324E-004  0.17470157558876978        5.2959559373691361E-005  0.41414462742300057        5.3698381889279851E-004
 0.2800  0.76651742782827448        9.7261993559698344E-004  0.17953130032079462        4.5312662684357071E-005  0.41365860986313047        5.2747336244663584E-004
 0.3000  0.80549757815936240        9.3389063988530039E-004  0.18409403163085808        3.9109996259025547E-005  0.41260191621897668        4.8037253145090023E-004
 0.3400  0.88413665608462866        9.2774071054321013E-004  0.19249328822091233        2.9784008705181498E-005  0.40920681255587193        4.3055361303533752E-004
 0.3600  0.92378084820074702        9.4957259723488295E-004  0.19636213027203289        2.6239481201315733E-005  0.40702975778396355        4.1927684012160504E-004
 0.3800  0.96363967167223130        9.1700718705363718E-004  0.20002920691700585        2.3248100552523734E-005  0.40461206776374631        3.8574932309983108E-004
 0.4000   1.0037094585446016        9.3173854469467737E-004  0.20350686189647577        2.0708520358184048E-005  0.40200041872274006        3.7373510676352812E-004


# triplet j3 / nf 1 / mode 2 / nplat  5 / jkb  20 / start     1 / nmeas 10000
 0.0010  0.26206926672545244        7.5785865458464653E-003   7.6809672664154532E-002   4.2298476562433853E-003   4.7294088688425960E-002   1.8884618859524454E-003
 0.0020  0.25718869155342611        7.1828816464731644E-003   7.7261983563835082E-002   4.0737049255319784E-003   6.8353546629318099E-002   2.6251700501622468E-003
 0.0030  0.25557452811590214        6.7405347900456533E-003   7.7718127561237776E-002   3.9240629884473941E-003   8.4492706529027933E-002   3.0847645987058950E-003
 0.0040  0.25554047737168811        6.3435655417988313E-003   7.8177864950403964E-002   3.7806303687539099E-003   9.7864953602968291E-002   3.3914028003705966E-003
 0.0050  0.25637843824516410        6.0170056588561074E-003   7.8640966581497870E-002   3.6431302373533900E-003  0.10938126047494767        3.6068163881906212E-003
 0.0060  0.25772354761709593        5.7499883668623939E-003   7.9107213354460762E-002   3.5112995430858465E-003  0.11954861946084393        3.7620963701854447E-003
 0.0070  0.25937163996062534        5.5251646220711619E-003   7.9576395741698086E-002   3.3848882044670609E-003  0.12868669943145999        3.8736942406980405E-003
 0.0080  0.26120205762516369        5.3287090573883415E-003   8.0048313337790403E-002   3.2636583577114811E-003  0.13701227902094545        3.9514683722216594E-003
 0.0090  0.26314079041108146        5.1515422382190697E-003   8.0522774434394068E-002   3.1473836561968218E-003  0.14467964777222675        4.0021907841423570E-003
 0.0100  0.26514141151300913        4.9881566516663612E-003   8.0999595618624923E-002   3.0358486176431817E-003  0.15180247738680991        4.0309777784097965E-003
 0.0200  0.28531702117283031        3.7609371175251838E-003   8.5862489770747522E-002   2.1404338272623552E-003  0.20540170928313800        3.7262942875972362E-003
 0.0400  0.32311577424310978        2.4571356164102996E-003   9.5747588510215420E-002   1.1415786795643051E-003  0.27086366804834594        2.6172600385227398E-003
 0.0600  0.35843916641178086        2.0428747650430039E-003  0.10539074137105027        6.7756515603935384E-004  0.31374469712044090        2.0529548148201329E-003
 0.0800  0.39380511480865060        1.8995609739270670E-003  0.11454668979980008        4.4437256531718229E-004  0.34377153272215955        1.7872688136920366E-003
 0.1000  0.42938900448576933        1.7734381152461377E-003  0.12314001301379533        3.1354110765035854E-004  0.36548005054058824        1.5795711196798152E-003
 0.1200  0.46545170040115946        1.7138837575025670E-003  0.13117026489298431        2.3206939338840668E-004  0.38119631828146699        1.4435766423685733E-003
 0.1400  0.50187822389911441        1.6325453386540963E-003  0.13866789894437753        1.7742871682880973E-004  0.39261657569442365        1.3015975028014442E-003
 0.1600  0.53811927768521894        1.0240359901586649E-003  0.14567387172954616        1.3901007381531626E-004  0.40122433889718995        7.8715925791863540E-004
 0.1800  0.57542630339535950        9.6557765063510668E-004  0.15223048952529905        1.1113027194969977E-004  0.40682943003660710        6.9863234983120559E-004
 0.2000  0.61306549576012204        9.1927550090644588E-004  0.15837757821824472        9.0406282919929117E-005  0.41055370004668457        6.2666715234313889E-004
 0.2200  0.65101438920005805        8.8114754727642620E-004  0.16415113387887537        7.4681593322598950E-005  0.41281711456039710        5.6658404966396800E-004
 0.2400  0.68925226355891078        8.4875151833622119E-004  0.16958309292584114        6.2524266933548751E-005  0.41393647174958803        5.1540530091294216E-004
 0.2600  0.72775420195353868        9.0626952134835459E-004  0.17470157558876978        5.2959559373691361E-005  0.41415733846417158        5.1955480564512015E-004
 0.2800  0.76650210846152067        9.6019365403491588E-004  0.17953130032079462        4.5312662684357071E-005  0.41366687727412049        5.2082145592522160E-004
 0.3000  0.80548181001231234        1.0017226679152086E-003  0.18409403163085808        3.9109996259025547E-005  0.41260999333208742        5.1500322009758934E-004
 0.3400  0.88412541337590844        9.3393241854282784E-004  0.19249328822091233        2.9784008705181498E-005  0.40921201610836605        4.3342262165584370E-004
 0.3600  0.92377574618550662        9.0358178976061875E-004  0.19636213027203289        2.6239481201315733E-005  0.40703200581010635        3.9906193130841849E-004
 0.3800  0.96363440179392401        9.3145292801897388E-004  0.20002920691700585        2.3248100552523734E-005  0.40461428048711401        3.9180796050938875E-004
 0.4000   1.0037064815355963        9.0261852226079038E-004  0.20350686189647577        2.0708520358184048E-005  0.40200161106222249        3.6209229481401706E-004


