# triplet j1 / nf 0 / mode 2 / nplat  5 / jkb  20 / start     1 / nmeas 10000
 0.0010  0.11784080009009289        7.3845156554252969E-003   4.0064851051101105        3.1918632387306627E-002  0.75962820471989401        4.7698317251426640E-002
 0.0020  0.13425716215844347        5.5349211087087702E-003   2.0677450083592421        1.6537683287742855E-002  0.67739349702073803        2.8057475989136979E-002
 0.0030  0.14461181929801736        5.0838606587713421E-003   1.4139194979412979        1.1121406051711361E-002  0.63691895970865053        2.2530703671123208E-002
 0.0040  0.15235510204421504        4.9041858661718410E-003   1.0840651619490032        8.3392792684261353E-003  0.61124551438301877        1.9815457335725657E-002
 0.0050  0.15883180413680059        4.7760892504070483E-003  0.88470112796009748        6.6492336788978234E-003  0.59218966195889045        1.7945722184022048E-002
 0.0060  0.16460507884749367        4.6527222647627523E-003  0.75099216327681084        5.5168943023633406E-003  0.57672010879633717        1.6438612536446448E-002
 0.0070  0.16992333126728892        4.5236123602846864E-003  0.65501835464305802        4.7068036009704295E-003  0.56355685795140242        1.5138741564124557E-002
 0.0080  0.17490374452116184        4.3898985798825584E-003  0.58275624592000774        4.0991137178369511E-003  0.55208297209229085        1.3992075552991531E-002
 0.0090  0.17960827473993063        4.2559083080484046E-003  0.52638100549848754        3.6265479566194563E-003  0.54195099257680668        1.2976794862888035E-002
 0.0100  0.18407554222886638        4.1258765205778895E-003  0.48117806694866921        3.2485193568539301E-003  0.53293202776635773        1.2079863226554117E-002
 0.0200  0.22042290565846956        3.2929650144787846E-003  0.27763152275579062        1.5385321612477480E-003  0.47808779868473089        7.2641072832666607E-003
 0.0400  0.27581314447575944        2.7545032944723924E-003  0.18106720219397543        6.7390273495682206E-004  0.43636502013970480        4.4329210616438292E-003
 0.0600  0.32379964659235577        2.3860929848142933E-003  0.15515450312782897        4.0212370903570195E-004  0.42140185694935656        3.1529781257842262E-003
 0.0800  0.36811184426429056        1.6238091925583041E-003  0.14688502961411914        2.7567663057178601E-004  0.41645585043230376        1.8781724631622661E-003
 0.1000  0.41017868382607958        1.2543129130018211E-003  0.14541004728289886        2.0358320782838983E-004  0.41575656768026487        1.3042573563813561E-003
 0.1200  0.45113218985500436        1.2147891585544983E-003  0.14707804105435759        1.5743800807515286E-004  0.41646232816036322        1.1433690516267148E-003
 0.1400  0.49142109630473024        1.1170151874466264E-003  0.15032763918567804        1.2576653246976322E-004  0.41748861607373833        9.6490007793280223E-004
 0.1600  0.53129825692341726        1.0799559076822057E-003  0.15439049978071709        1.0298121442163778E-004  0.41835685026643238        8.6175315850520054E-004
 0.1800  0.57094038979944084        1.0434478375115637E-003  0.15885326653248338        8.5990470111114704E-005  0.41885003690727679        7.7383726983155010E-004
 0.2000  0.61044773234846483        1.0066897224641272E-003  0.16348032896549602        7.2936629957882592E-005  0.41890376369815785        6.9710609502653695E-004
 0.2200  0.64989035130543282        9.6994144865480492E-004  0.16813245634604609        6.2643968033759221E-005  0.41851596350207215        6.2946945131892582E-004
 0.2400  0.68931893588625393        9.3378601556349215E-004  0.17272580541652338        5.4343201555830143E-005  0.41771399210439458        5.6965893524768606E-004
 0.2600  0.72877141607641005        8.9885840136278284E-004  0.17720975799321481        4.7519009342863672E-005  0.41653754945345528        5.1677923019687738E-004
 0.2800  0.76827715591173318        8.6575739540040826E-004  0.18155426628187268        4.1819167933872341E-005  0.41502983993564685        4.7012572793417106E-004
 0.3000  0.80785967898782307        8.3502302205608369E-004  0.18574231139556177        3.6997959020361271E-005  0.41323311343348129        4.2910580457529261E-004
 0.3400  0.88729045393489347        8.2607402291907570E-004  0.19361989631984192        2.9336594754666284E-005  0.40894381000033070        3.8198814557932625E-004
 0.3600  0.92718673897707593        7.9810704274925969E-004  0.19730657040567240        2.6271126208648417E-005  0.40650866802930313        3.5096094256824328E-004
 0.3800  0.96722316441154499        7.7221935205869002E-004  0.20082789707973192        2.3608531364169480E-005  0.40391699565871209        3.2335522751441524E-004
 0.4000   1.0074029114588399        7.9162279124160107E-004  0.20418794914032468        2.1289130906245779E-005  0.40119623188765241        3.1595521801550727E-004


# triplet j3 / nf 0 / mode 2 / nplat  5 / jkb  20 / start     1 / nmeas 10000
 0.0010  0.13076423521037892        9.5101794403501961E-003   4.0064851051101105        3.1918632387306627E-002  0.68455411581903436        4.9860652429629941E-002
 0.0020  0.14028474924441406        8.6757695316304045E-003   2.0677450083592421        1.6537683287742855E-002  0.64828806455744947        4.0176455044549558E-002
 0.0030  0.14749862389937007        7.8616181788406757E-003   1.4139194979412979        1.1121406051711361E-002  0.62445334792890861        3.3373598704023330E-002
 0.0040  0.15394748393218971        7.1565208034278975E-003   1.0840651619490032        8.3392792684261353E-003  0.60492299282340678        2.8217005820267160E-002
 0.0050  0.15995287644107872        6.5808440782838739E-003  0.88470112796009748        6.6492336788978234E-003  0.58803914310813077        2.4294047697445594E-002
 0.0060  0.16556603885906229        6.1408407919989264E-003  0.75099216327681084        5.5168943023633406E-003  0.57337277400328490        2.1370411244892393E-002
 0.0070  0.17081816203594971        5.8147078785942370E-003  0.65501835464305802        4.7068036009704295E-003  0.56060466592232194        1.9189173882259842E-002
 0.0080  0.17574680009608165        5.5704010658960438E-003  0.58275624592000774        4.0991137178369511E-003  0.54943463580857899        1.7521544369108664E-002
 0.0090  0.18039228221654113        5.3805021058873142E-003  0.52638100549848754        3.6265479566194563E-003  0.53959560561171105        1.6201327181851896E-002
 0.0100  0.18479313365614525        5.2258561371215720E-003  0.48117806694866921        3.2485193568539301E-003  0.53086253824106455        1.5119094931426037E-002
 0.0200  0.22080554063927182        4.2350236357375321E-003  0.27763152275579062        1.5385321612477480E-003  0.47725931804451727        9.2488028768240114E-003
 0.0400  0.27749205996388415        1.6223187475018332E-003  0.18106720219397543        6.7390273495682206E-004  0.43372487255896408        2.6610693019286659E-003
 0.0600  0.32443996104483980        1.4237266001329548E-003  0.15515450312782897        4.0212370903570195E-004  0.42057017857521517        1.9243614236232796E-003
 0.0800  0.36814161887291602        1.4706314763863915E-003  0.14688502961411914        2.7567663057178601E-004  0.41642216825859474        1.7087822204975866E-003
 0.1000  0.41022836409792501        1.5186729563293902E-003  0.14541004728289886        2.0358320782838983E-004  0.41570621792117568        1.5662243767789962E-003
 0.1200  0.45134753076861406        1.6710238261651755E-003  0.14707804105435759        1.5743800807515286E-004  0.41626363120930787        1.5571533212918513E-003
 0.1400  0.49181565498370217        1.5814162637360534E-003  0.15032763918567804        1.2576653246976322E-004  0.41715368619671084        1.3526461515831446E-003
 0.1600  0.53182574035620933        1.5076376717389260E-003  0.15439049978071709        1.0298121442163778E-004  0.41794190926082625        1.1929669752529213E-003
 0.1800  0.57154422770054125        1.4436057776660207E-003  0.15885326653248338        8.5990470111114704E-005  0.41840752079932925        1.0628635634895578E-003
 0.2000  0.61108587641163603        1.3859416291050895E-003  0.16348032896549602        7.2936629957882592E-005  0.41846631135281193        9.5366056293132932E-004
 0.2200  0.65053205593112329        1.3328058332709980E-003  0.16813245634604609        6.2643968033759221E-005  0.41810312661378052        8.6014087087544057E-004
 0.2400  0.68994192896746942        1.2832130900299334E-003  0.17272580541652338        5.4343201555830143E-005  0.41733681119092642        7.7897022487918909E-004
 0.2600  0.72866458848024551        8.8656105447288943E-004  0.17720975799321481        4.7519009342863672E-005  0.41659861692650646        5.0994086465806429E-004
 0.2800  0.76818057497082393        8.5763092486133374E-004  0.18155426628187268        4.1819167933872341E-005  0.41508202033925562        4.6587521012683020E-004
 0.3000  0.80776873373740010        8.3006672503209943E-004  0.18574231139556177        3.6997959020361271E-005  0.41327963861750322        4.2667795107865304E-004
 0.3400  0.88723775690581341        7.7976570524141971E-004  0.19361989631984192        2.9336594754666284E-005  0.40896809900705966        3.6076223646369675E-004
 0.3600  0.92714360856439204        8.0486071216439876E-004  0.19730657040567240        2.6271126208648417E-005  0.40652757867750233        3.5394605928020136E-004
 0.3800  0.96717969568003037        7.8099922668807217E-004  0.20082789707973192        2.3608531364169480E-005  0.40393514922367718        3.2704127714294350E-004
 0.4000   1.0073661376112535        7.5857290231374542E-004  0.20418794914032468        2.1289130906245779E-005  0.40121087753488316        3.0284534357205594E-004


