# triplet j1 / nf 3 / mode 2 / nplat  5 / jkb  20 / start     1 / nmeas 10000
 0.0010  -100.00000000000000        111.34285125193151        8.3894929095555215E-004   3.5507933489522895E-005  -1.2953372463999885E-005   1.4425259012519718E-005
 0.0020  -90.422788278236709        127.42548118214373        1.6816557811972525E-003   7.2645341691099182E-005  -2.8682741121668363E-005   4.0425001749431946E-005
 0.0030  -95.215897403499639        139.25911793285655        2.5280978125969029E-003   1.1140528711119473E-004  -4.0903747297658038E-005   5.9831039500466060E-005
 0.0040  -94.075764136038799        130.92394030344249        3.3782512805008197E-003   1.5177719941215261E-004  -5.5260296898609535E-005   7.6915009233287262E-005
 0.0050  -95.451694799596225        140.46451710891176        4.2320895833233996E-003   1.9374682923679936E-004  -6.8154381684311163E-005   1.0030655202002436E-004
 0.0060  -99.999999999999986        121.56554740469147        5.0895835743699942E-003   2.3729620439716766E-004  -7.8150497690315421E-005   9.5021546918269730E-005
 0.0070  0.51108507331365738        4.1649251340116773E-002   5.9507015160990308E-003   2.8240358998283572E-004   1.7858908166764643E-002   1.5157955486432176E-003
 0.0080  -100.00000000000000        125.68590297851874        6.8154090370330699E-003   3.2904345380529282E-004  -1.0442535352706695E-004   1.3127215390489527E-004
 0.0090  -99.999999999999986        104.58954066734556        7.6836690915325408E-003   3.7718643855603486E-004  -1.1760358993142419E-004   1.2303492000940899E-004
 0.0100  -100.00000000000001        121.28120588502037        8.5554419226432556E-003   4.2679934195149653E-004  -1.3080857710902029E-004   1.5867976793239603E-004
 0.0200  0.49167326116565602        2.3051074266512424E-002   1.7455631211687569E-002   9.9373298850294312E-004   5.3742910710368727E-002   2.9476589862605877E-003
 0.0400  0.48532106247193385        1.8857531027858906E-002   3.6030176164688649E-002   2.2911490150433252E-003  0.11062392071003370        5.5540318467216998E-003
 0.0600  0.48646503375249128        1.4939065158895997E-002   5.4959794596864335E-002   3.2217172928217246E-003  0.16694043625963809        7.0868752782769105E-003
 0.0800  0.49379384648375169        1.1375020075748313E-002   7.3287039271406285E-002   3.3649914550836304E-003  0.21929458417639283        7.1319913886719721E-003
 0.1000  0.50686526811358712        8.3970190307277679E-003   9.0217176358913617E-002   2.8795886566774370E-003  0.26501293985861818        6.0961469920512322E-003
 0.1200  0.53430684024887853        6.0191519503913545E-003  0.10533626355152646        2.1754497964564237E-003  0.29758006982381335        4.5476111649702918E-003
 0.1400  0.55297911662749455        4.4455346787931008E-003  0.11858621800621211        1.5392477043992105E-003  0.32952426087885861        3.4046328882055723E-003
 0.1600  0.57611343057853914        3.6135162473994505E-003  0.13012180233240325        1.0638225112869985E-003  0.35419467235630014        2.6517555705300499E-003
 0.1800  0.60274706806577305        3.1273007526298130E-003  0.14018102604285199        7.3577185851415102E-004  0.37270117426443855        2.1670229684048930E-003
 0.2000  0.63213732094859887        2.7782053883583517E-003  0.14900914685901331        5.1456680086681638E-004  0.38621134602872736        1.8236677193495599E-003
 0.2200  0.66370776466879911        2.5828342270075616E-003  0.15682508566260370        3.6508866047404211E-004  0.39578306417095810        1.6076223084264278E-003
 0.2400  0.69701044956741631        2.4025528925655081E-003  0.16381136654504164        2.6310125548497461E-004  0.40230306957784595        1.4238516958525712E-003
 0.2600  0.73170127095624016        2.2506709334522844E-003  0.17011483296573215        1.9277310897098881E-004  0.40647978664981538        1.2713433372458351E-003
 0.2800  0.76751529070974711        2.1171509582221994E-003  0.17585143750232130        1.4375169022982906E-004  0.40886500301260126        1.1401466952549826E-003
 0.3000  0.80424861249367097        1.9966787667193230E-003  0.18111197414967001        1.0918531355078534E-004  0.40988203817728358        1.0250721948077298E-003
 0.3400  0.87988009948155910        1.7843780893240339E-003  0.19047350465193905        6.6615472945504996E-005  0.40902348761193630        8.3256893198737259E-004
 0.3600  0.91856285533507132        1.6898024173592904E-003  0.19467420795501908        5.3464573383713504E-005  0.40757879116159429        7.5187420111632252E-004
 0.3800  0.95771963784125780        1.6018997451736248E-003  0.19860466676528282        4.3638995384393594E-005  0.40566087971013065        6.7997806725127088E-004
 0.4000  0.99729440947062353        1.5201649810746714E-003  0.20229324710996002        3.6179385417842119E-005  0.40337808673331821        6.1592197561637768E-004


# triplet j3 / nf 3 / mode 2 / nplat  5 / jkb  20 / start     1 / nmeas 10000
 0.0010  0.48949934942385909        3.4653068534298906E-002   8.3894929095555215E-004   3.5507933489522895E-005   2.6462491685118701E-003   1.9552662544647145E-004
 0.0020  0.48899324033607605        3.4332194790990887E-002   1.6816557811972525E-003   7.2645341691099182E-005   5.3039044586824487E-003   3.8961032602163198E-004
 0.0030  0.48849753946838831        3.4013885754159867E-002   2.5280978125969029E-003   1.1140528711119473E-004   7.9727873560036973E-003   5.8227292360609514E-004
 0.0040  0.48801239552713427        3.3698031914159647E-002   3.3782512805008197E-003   1.5177719941215261E-004   1.0652710268774339E-002   7.7353257232680092E-004
 0.0050  0.48753795524569488        3.3384526558586841E-002   4.2320895833233996E-003   1.9374682923679936E-004   1.3343476481759532E-002   9.6340360734126944E-004
 0.0060  0.48707436338194043        3.3073265859142102E-002   5.0895835743699942E-003   2.3729620439716766E-004   1.6044880118035183E-002   1.1518963980026321E-003
 0.0070  0.48662176270572138        3.2764148939872687E-002   5.9507015160990308E-003   2.8240358998283572E-004   1.8756706109817944E-002   1.3390172064711855E-003
 0.0080  0.48618029400680224        3.2457077968434202E-002   6.8154090370330699E-003   3.2904345380529282E-004   2.1478730177740588E-002   1.5247680544286035E-003
 0.0090  0.48575009608874070        3.2151958221838341E-002   7.6836690915325408E-003   3.7718643855603486E-004   2.4210718819896931E-002   1.7091465983992001E-003
 0.0100  0.48533130575865552        3.1848698159353664E-002   8.5554419226432556E-003   4.2679934195149653E-004   2.6952429311054685E-002   1.8921460162807172E-003
 0.0200  0.48179944755338350        2.8900639838276464E-002   1.7455631211687569E-002   9.9373298850294312E-004   5.4844297368302555E-002   3.6414322539209854E-003
 0.0400  0.47866112353851653        2.3304254707639468E-002   3.6030176164688649E-002   2.2911490150433252E-003  0.11216310682788173        6.5221397945098613E-003
 0.0600  0.48126990609965697        1.8047214841643369E-002   5.4959794596864335E-002   3.2217172928217246E-003  0.16874249549042880        8.0312368721239483E-003
 0.0800  0.48978671100129495        1.3370975595697903E-002   7.3287039271406285E-002   3.3649914550836304E-003  0.22108871841814748        7.8861440024558631E-003
 0.1000  0.50385558879218373        9.5606664444849217E-003   9.0217176358913617E-002   2.8795886566774370E-003  0.26659594098580380        6.6100060197070822E-003
 0.1200  0.53131610055686695        6.3189111006164310E-003  0.10533626355152646        2.1754497964564237E-003  0.29925512639642776        4.7133657442900391E-003
 0.1400  0.55143802314837254        4.9265597124436419E-003  0.11858621800621211        1.5392477043992105E-003  0.33044517613739216        3.6489404845355916E-003
 0.1600  0.57541438337069617        3.9154402377952107E-003  0.13012180233240325        1.0638225112869985E-003  0.35462496885895817        2.8150180604672717E-003
 0.1800  0.60254968477693394        3.2053926914330788E-003  0.14018102604285199        7.3577185851415102E-004  0.37282326375413394        2.2115256201903377E-003
 0.2000  0.63214682755655227        2.8971558694010349E-003  0.14900914685901331        5.1456680086681638E-004  0.38620553794792428        1.8914423599705776E-003
 0.2200  0.66380437455424490        2.5585058985868833E-003  0.15682508566260370        3.6508866047404211E-004  0.39572546202496950        1.5932841841177288E-003
 0.2400  0.69754377778459864        1.6144828129128061E-003  0.16381136654504164        2.6310125548497461E-004  0.40199547658411822        9.8484264592053482E-004
 0.2600  0.73245534016074576        1.4520613961782186E-003  0.17011483296573215        1.9277310897098881E-004  0.40606131214009394        8.3723195006527311E-004
 0.2800  0.76770339753665284        1.9946258283424483E-003  0.17585143750232130        1.4375169022982906E-004  0.40876482070443865        1.0751028271521596E-003
 0.3000  0.80444246732825697        1.8746642697483249E-003  0.18111197414967001        1.0918531355078534E-004  0.40978326465656861        9.6291005979204239E-004
 0.3400  0.88007207954305244        1.6769011473500759E-003  0.19047350465193905        6.6615472945504996E-005  0.40893426269942146        7.8246332129570907E-004
 0.3600  0.91875050766199851        1.5919290701060505E-003  0.19467420795501908        5.3464573383713504E-005  0.40749554428670298        7.0828581149384002E-004
 0.3800  0.95790193863702489        1.5137385664446667E-003  0.19860466676528282        4.3638995384393594E-005  0.40558367733878148        6.4247660658129648E-004
 0.4000  0.99747084838422995        1.4413182958938576E-003  0.20229324710996002        3.6179385417842119E-005  0.40330673468176587        5.8388216763328126E-004


