# triplet j1 / nf 5 / mode 2 / nplat  5 / jkb  20 / start     1 / nmeas 10000
 0.0010  -100.00000000000001        96.030239208883231        7.8319764334123436E-004   5.6773535550170434E-005  -1.2515571447930248E-005   1.2027290706331613E-005
 0.0020  -99.999999999999986        95.833766339787417        1.5663751118828930E-003   1.1353319362484814E-004  -2.5030981697751237E-005   2.4005278729764134E-005
 0.0030  -100.00000000000000        104.31180807544069        2.3495128171340724E-003   1.7026644660334480E-004  -3.7546074232607111E-005   3.9188610674056866E-005
 0.0040  -100.00000000000000        104.39279981113602        3.1325918106956756E-003   2.2696223484242750E-004  -5.0060697643526111E-005   5.2291220002944198E-005
 0.0050  -99.999999999999986        95.949031043173520        3.9155937837966137E-003   2.8361095562180971E-004  -6.2574705622932142E-005   6.0082576505612446E-005
 0.0060  0.64034756044524743        108.89082866751590        4.6985010657459754E-003   3.4020444558532399E-004   1.1726125246356954E-002   1.9940226260640255     
 0.0070  -100.00000000000000        95.964984643174915        5.4812966213075662E-003   3.9673595679180399E-004  -8.7600315466501556E-005   8.4125385774028334E-005
 0.0080  -100.00000000000000        125.82918184450750        6.2639640470056471E-003   4.5320012650562202E-004  -1.0011165004737978E-004   1.2602171830961424E-004
 0.0090  0.59609842482138486        9.8806721209648313E-002   7.0464875663722275E-003   5.0959294088974547E-004   1.8893160905919606E-002   3.2052990329690225E-003
 0.0100  -100.00000000000000        104.48807051879162        7.8288520241481616E-003   5.6591169277865215E-004  -1.2513074781322266E-004   1.3082489895758175E-004
 0.0200  -100.00000000000000        111.32842258229184        1.5640841556311225E-002   1.1252528857837491E-003  -2.5012670034453522E-004   2.7860743174134271E-004
 0.0400  0.58243667882291594        9.5907905474372959E-002   3.1172924551224192E-002   2.2419079035726781E-003   8.5740310302821629E-002   1.4451293604940208E-002
 0.0600  0.58340213249391681        8.7981326925605743E-002   4.6547917743420805E-002   3.3715003825666450E-003  0.12810696425770468        1.9868728821590277E-002
 0.0800  0.58586666087662664        7.6311998430400679E-002   6.1723574854974067E-002   4.3673406173833831E-003  0.16962378194375136        2.2894784436744989E-002
 0.1000  0.59066441596498676        6.2247714352022386E-002   7.6604194108002649E-002   4.9312392094023978E-003  0.20955617556016462        2.3091305214900087E-002
 0.1200  0.59858147959981789        4.7719328163944273E-002   9.1022596028011063E-002   4.8761405408698161E-003  0.24692039002530300        2.0766052081271805E-002
 0.1400  0.61002195821448857        3.4584798931301813E-002  0.10476749126666784        4.2948061253527689E-003  0.28076749023663722        1.6926275078570162E-002
 0.1600  0.62508129545085667        2.4025741108763987E-002  0.11762901894604412        3.4623569713585264E-003  0.31038142527484536        1.2774518831191061E-002
 0.1800  0.66215138176964761        1.7167340185877313E-002  0.12943992261283793        2.6365773494917968E-003  0.32600786905088913        9.0810270853414234E-003
 0.2000  0.67522627542386160        1.2078033797812467E-002  0.14010698412161685        1.9475343483654078E-003  0.35059890403968652        6.7280602344095700E-003
 0.2200  0.69451638288874074        8.6042663214025636E-003  0.14962559124069513        1.4164196101535455E-003  0.36944243946475913        4.8996364068858043E-003
 0.2400  0.71896244999389225        6.2675175788108545E-003  0.15806901139441493        1.0202663939862420E-003  0.38312260644492696        3.5613763756433747E-003
 0.2600  0.74705470688979891        4.3070039446664113E-003  0.16555861659641644        7.3025437475653533E-004  0.39275810848277548        2.4243940737976723E-003
 0.2800  0.77798099375656393        2.9668166354335002E-003  0.17223184589314955        5.2141741715245422E-004  0.39919193119006263        1.6378528144218747E-003
 0.3000  0.81109319913535249        2.4791092699247771E-003  0.17821973157365831        3.7314365081675052E-004  0.40316493987749868        1.3025496430349318E-003
 0.3400  0.87948321377899563        3.3814548167039348E-003  0.18857399493983668        1.9585302404378344E-004  0.40716252829396171        1.5796812062843783E-003
 0.3600  0.91642838603468657        3.1384984599058807E-003  0.19310866990657430        1.4467918356410428E-004  0.40688211622857978        1.4017632510751074E-003
 0.3800  0.95428746979437518        2.9243658473338753E-003  0.19729903417138045        1.0864236513502997E-004  0.40577945488476724        1.2484993537707817E-003
 0.4000  0.99290536994575451        2.7299186034464018E-003  0.20119162569176677        8.3064036183566305E-005  0.40405648729352073        1.1140497492787968E-003


# triplet j3 / nf 5 / mode 2 / nplat  5 / jkb  20 / start     1 / nmeas 10000
 0.0010  0.57485288342751062       0.11829920628014733        7.8319764334123436E-004   5.6773535550170434E-005   2.1771781630992677E-003   4.5493839177031340E-004
 0.0020  0.57485660109232217       0.11828918775306907        1.5663751118828930E-003   1.1353319362484814E-004   4.3543001246203394E-003   9.0978160359574079E-004
 0.0030  0.57486264618263583       0.11827230442986147        2.3495128171340724E-003   1.7026644660334480E-004   6.5313122155233223E-003   1.3644335791223236E-003
 0.0040  0.57487089760736276       0.11824840489235823        3.1325918106956756E-003   2.2696223484242750E-004   8.7081634940785607E-003   1.8187973073604616E-003
 0.0050  0.57488123668082847       0.11821733824557629        3.9155937837966137E-003   2.8361095562180971E-004   1.0884805700777000E-002   2.2727748204134516E-003
 0.0060  0.57489354732930553       0.11817895416523191        4.6985010657459754E-003   3.4020444558532399E-004   1.3061193206746811E-002   2.7262671879346731E-003
 0.0070  0.57490771630520332       0.11813310291944706        5.4812966213075662E-003   3.9673595679180399E-004   1.5237282955512962E-002   3.1791745076384273E-003
 0.0080  0.57492363338752295       0.11807963540167357        6.2639640470056471E-003   4.5320012650562202E-004   1.7413034398587730E-002   3.6313958925685394E-003
 0.0090  0.57494119159706680       0.11801840320298482        7.0464875663722275E-003   5.0959294088974547E-004   1.9588409424330246E-002   4.0828294562135015E-003
 0.0100  0.57496028739651606       0.11794925864393416        7.8288520241481616E-003   5.6591169277865215E-004   2.1763372280862833E-002   4.5333722939311510E-003
 0.0200  0.57521588759586373       0.11679082988856969        1.5640841556311225E-002   1.1252528857837491E-003   4.3483969364954272E-002   8.9663998046659119E-003
 0.0400  0.57592468005651432       0.11152326787240009        3.1172924551224192E-002   2.2419079035726781E-003   8.6709778732040679E-002   1.7077717201731762E-002
 0.0600  0.57706756160356520       0.10177231197474723        4.6547917743420805E-002   3.3715003825666450E-003  0.12951321666319970        2.3317708761829325E-002
 0.0800  0.57957484689604677        8.7788694555685456E-002   6.1723574854974067E-002   4.3673406173833831E-003  0.17146520292395470        2.6670990338645544E-002
 0.1000  0.58467314013045890        7.1073350600228791E-002   7.6604194108002649E-002   4.9312392094023978E-003  0.21170354434527686        2.6621671817710538E-002
 0.1200  0.59323501997799477        5.3919135157900200E-002   9.1022596028011063E-002   4.8761405408698161E-003  0.24914573049007205        2.3607721211544117E-002
 0.1400  0.60554549277999226        3.8519988490808552E-002  0.10476749126666784        4.2948061253527689E-003  0.28284305017418138        1.8903171982306309E-002
 0.1600  0.62148924792336735        2.6233275023006795E-002  0.11762901894604412        3.4623569713585264E-003  0.31217534984387446        1.3955010875503607E-002
 0.1800  0.64082067764770345        1.7360569492441247E-002  0.12943992261283793        2.6365773494917968E-003  0.33685954353442232        9.7494840140538129E-003
 0.2000  0.66328530834780119        1.1430601142988548E-002  0.14010698412161685        1.9475343483654078E-003  0.35691065241908154        6.6321241562353767E-003
 0.2200  0.69467952501200569        9.1652713417107803E-003  0.14962559124069513        1.4164196101535455E-003  0.36935567769644956        5.1772072307702255E-003
 0.2400  0.71912231495823176        6.4134172419686416E-003  0.15806901139441493        1.0202663939862420E-003  0.38303743611917990        3.6328657493984208E-003
 0.2600  0.74724621911217937        4.6257205619912745E-003  0.16555861659641644        7.3025437475653533E-004  0.39265744825019133        2.5803425650820257E-003
 0.2800  0.77793408679932663        2.6762882263799111E-003  0.17223184589314955        5.2141741715245422E-004  0.39921600119697398        1.5004700032624271E-003
 0.3000  0.81117497159915308        2.4119890697661237E-003  0.17821973157365831        3.7314365081675052E-004  0.40312429785622578        1.2707904724819248E-003
 0.3400  0.88021659709408751        3.0529423948530681E-003  0.18857399493983668        1.9585302404378344E-004  0.40682328655986216        1.4267533682191425E-003
 0.3600  0.91709767011561127        2.8273410009987641E-003  0.19310866990657430        1.4467918356410428E-004  0.40658517978213737        1.2626902058778730E-003
 0.3800  0.95489738202643060        2.6369329997666820E-003  0.19729903417138045        1.0864236513502997E-004  0.40552027535646462        1.1253894451929542E-003
 0.4000  0.99346132495717232        2.4683271451123902E-003  0.20119162569176677        8.3064036183566305E-005  0.40383037156725793        1.0068031535632369E-003


