# pion mass (\sigma_1)
"*"
   11  64  2.00  0.2480  0.6276140725325452E+00  0.7573221054517291E-03  10000
   11  64  2.00  0.2500  0.5978150274025397E+00  0.8086982221521788E-03  10000
   11  64  2.00  0.2515  0.5769033834671609E+00  0.1004540356863659E-02  10000
   11  64  2.00  0.2530  0.5556859676581556E+00  0.7870996430049601E-03  10000
   11  64  2.00  0.2545  0.5336805617273225E+00  0.9511844166964318E-03  10000
   11  64  2.00  0.2560  0.5126830877616589E+00  0.7744735374919503E-03  10000
   11  64  2.00  0.2575  0.4910810732760119E+00  0.1431918570719072E-02  10000
   11  64  2.00  0.2590  0.4682271120347160E+00  0.1434640886147129E-02  10000
   11  64  2.00  0.2605  0.4489847246665233E+00  0.1277154004595370E-02  10000
   11  64  2.00  0.2620  0.4253924668060675E+00  0.1384370670000750E-02  10000
   11  64  2.00  0.2625  0.4181822508093729E+00  0.1705310290486238E-02  10000
   11  64  2.00  0.2639  0.4021319612245860E+00  0.1218328576148837E-02  10000
   11  64  2.00  0.2653  0.3835664173937872E+00  0.1865981274460655E-02  10000
   11  64  2.00  0.2667  0.3668782059630016E+00  0.2272907568237545E-02  10000
   11  64  2.00  0.2681  0.3508930069679171E+00  0.2513352297888152E-02  10000
   11  64  2.00  0.2694  0.3355152409948630E+00  0.5199361531170297E-02  10000
   11  64  2.00  0.2708  0.3267506534973656E+00  0.5709942139254514E-02  10000
   11  64  2.00  0.2722  0.3202970137954683E+00  0.9307279370838358E-02  10000
   11  64  2.00  0.2736  0.3123577472072227E+00  0.1357945498215428E-01  10000
   11  64  2.00  0.2750  0.3283739265141227E+00  0.3906186964822928E-01  10000
   11  64  2.00  0.2780  0.3453497671416992E+00  0.7191961989861277E-01  10000


# pseudoscalar mass (\sigma_3)
"*"
   11  64  2.00  0.2480  0.6275950065259910E+00  0.6989780727703292E-03  10000
   11  64  2.00  0.2500  0.5978021695925703E+00  0.8333661176138991E-03  10000
   11  64  2.00  0.2515  0.5766591351974890E+00  0.8810147611679777E-03  10000
   11  64  2.00  0.2530  0.5556220550171949E+00  0.8070297715565035E-03  10000
   11  64  2.00  0.2545  0.5336887380675724E+00  0.9136083202309677E-03  10000
   11  64  2.00  0.2560  0.5128526650253481E+00  0.7404086842529071E-03  10000
   11  64  2.00  0.2575  0.4912839146004270E+00  0.1197931008099434E-02  10000
   11  64  2.00  0.2590  0.4684801342740336E+00  0.1168542581960803E-02  10000
   11  64  2.00  0.2605  0.4490577469370129E+00  0.1140761710607002E-02  10000
   11  64  2.00  0.2620  0.4253549138936089E+00  0.1207571282646721E-02  10000
   11  64  2.00  0.2625  0.4181152954155344E+00  0.1565653616398322E-02  10000
   11  64  2.00  0.2639  0.4024880870463431E+00  0.1010631846976868E-02  10000
   11  64  2.00  0.2653  0.3834407021488514E+00  0.1077407074010861E-02  10000
   11  64  2.00  0.2667  0.3663033760149599E+00  0.1580888108151342E-02  10000
   11  64  2.00  0.2681  0.3514967886884355E+00  0.1615816134094768E-02  10000
   11  64  2.00  0.2694  0.3360222487774439E+00  0.2643191046116215E-02  10000
   11  64  2.00  0.2708  0.3289602631600259E+00  0.1692265743114750E-02  10000
   11  64  2.00  0.2722  0.3224089550407356E+00  0.2192742414672929E-02  10000
   11  64  2.00  0.2736  0.3160435448911317E+00  0.2351413888681509E-02  10000
   11  64  2.00  0.2750  0.3137085946845301E+00  0.3401376574829369E-02  10000
   11  64  2.00  0.2780  0.3156451084573197E+00  0.3511715822700706E-02  10000


# eta mass (\sigma_1)
"*"
   11  64  2.00  0.2480  0.7529556761601219E+00  0.7242635891606794E+02  10000
   11  64  2.00  0.2500  0.6870426560695638E+00  0.7048423938331618E+02  10000
   11  64  2.00  0.2515  0.7029111309634252E+00  0.2511194016821296E+02  10000
   11  64  2.00  0.2530                     NaN                     NaN  10000
   11  64  2.00  0.2545  0.6717160503245584E+00  0.3699470926989538E+00  10000
   11  64  2.00  0.2560  0.6679944472385040E+00  0.4393603209512134E+00  10000
   11  64  2.00  0.2575  0.6513557474326542E+00  0.8799916361258485E+02  10000
   11  64  2.00  0.2590                     NaN                     NaN  10000
   11  64  2.00  0.2605  0.6073559231473546E+00  0.3648165666208838E+00  10000
   11  64  2.00  0.2620  0.5928102044020259E+00  0.2525005058646659E+02  10000
   11  64  2.00  0.2625  0.5973837799182047E+00  0.2638032410831812E+00  10000
   11  64  2.00  0.2639  0.5932731120982484E+00  0.3548697745633984E+02  10000
   11  64  2.00  0.2653  0.5732859965827499E+00  0.3207253541451431E+00  10000
   11  64  2.00  0.2667  0.5655891129823915E+00  0.3754820248307273E+00  10000
   11  64  2.00  0.2681  0.5647177217056248E+00  0.1001588050142352E+03  10000
   11  64  2.00  0.2694  0.5652750356737789E+00  0.2506794167051815E+02  10000
   11  64  2.00  0.2708  0.5658453322270587E+00  0.5543094570020657E+02  10000
   11  64  2.00  0.2722  0.5312877138944250E+00  0.3061227857616657E+00  10000
   11  64  2.00  0.2736  0.6103324446726943E+00  0.6750856866808591E+00  10000
   11  64  2.00  0.2750  0.5395478555342534E+00  0.8718049441891070E+02  10000
   11  64  2.00  0.2780  0.6658655077055867E+00  0.4783876987623999E+00  10000

