# fermion mass from PCAC relation
"m"
   11  64  2.00  0.2480  0.2007363488825170E+00  0.2773241683488615E-02  10000
   11  64  2.00  0.2500  0.1867988118692970E+00  0.3060054017507790E-02  10000
   11  64  2.00  0.2515  0.1761699096624907E+00  0.3059332569432876E-02  10000
   11  64  2.00  0.2530  0.1657774394869053E+00  0.2246090425978605E-02  10000
   11  64  2.00  0.2545  0.1552837026420928E+00  0.2460748669133881E-02  10000
   11  64  2.00  0.2560  0.1448840104974000E+00  0.2479670194416098E-02  10000
   11  64  2.00  0.2575  0.1345247935887085E+00  0.3371228058381331E-02  10000
   11  64  2.00  0.2590  0.1240031834257458E+00  0.3018649357920037E-02  10000
   11  64  2.00  0.2605  0.1138727907199411E+00  0.2151318920239387E-02  10000
   11  64  2.00  0.2620  0.1033936735964486E+00  0.2695907187189978E-02  10000
   11  64  2.00  0.2625  0.9981961974701660E-01  0.2698873353099108E-02  10000
   11  64  2.00  0.2639  0.9054570506583945E-01  0.2185784192057449E-02  10000
   11  64  2.00  0.2653  0.8093392601832058E-01  0.1897368366466741E-02  10000
   11  64  2.00  0.2667  0.7139130737777945E-01  0.2495105610888583E-02  10000
   11  64  2.00  0.2681  0.6274447513752032E-01  0.2360183697975071E-02  10000
   11  64  2.00  0.2694  0.5434046629365272E-01  0.2944926599197616E-02  10000
   11  64  2.00  0.2708  0.4585133517045969E-01  0.2096032517380230E-02  10000
   11  64  2.00  0.2722  0.3694393004948530E-01  0.1880803834886652E-02  10000
   11  64  2.00  0.2736  0.2757764136700417E-01  0.2233722344830489E-02  10000
   11  64  2.00  0.2750  0.1783515991210543E-01  0.2011440926835187E-02  10000
   11  64  2.00  0.2780 -0.7993371175607266E-02  0.3186743888337338E-02  10000

