#  Re(op_pbp_e)                                                    
  11  64  2.00  0.2200    NaN  0.500  0.342
#  Re(op_pbp_e)                                                    
  11  64  2.00  0.2231    NaN  0.500  0.357
#  Re(op_pbp_e)                                                    
  11  64  2.00  0.2250    NaN  0.500  0.680
#  Re(op_pbp_e)                                                    
  11  64  2.00  0.2262    NaN  0.500  0.536
#  Re(op_pbp_e)                                                    
  11  64  2.00  0.2293    NaN  0.500  0.491
#  Re(op_pbp_e)                                                    
  11  64  2.00  0.2300    NaN  0.500  0.450
#  Re(op_pbp_e)                                                    
  11  64  2.00  0.2324  0.955  0.532  0.426
#  Re(op_pbp_e)                                                    
  11  64  2.00  0.2350    NaN  0.505  0.422
#  Re(op_pbp_e)                                                    
  11  64  2.00  0.2356  2.207  0.516  0.376
#  Re(op_pbp_e)                                                    
  11  64  2.00  0.2387  0.189  0.509  0.442
#  Re(op_pbp_e)                                                    
  11  64  2.00  0.2400    NaN  0.502  0.483
#  Re(op_pbp_e)                                                    
  11  64  2.00  0.2418    NaN  0.500  0.388
#  Re(op_pbp_e)                                                    
  11  64  2.00  0.2449    NaN  0.510  0.287
#  Re(op_pbp_e)                                                    
  11  64  2.00  0.2480    NaN  0.500  0.375
#  Re(op_pbp_e)                                                    
  11  64  2.00  0.2500  4.410  0.523  0.550
#  Re(op_pbp_e)                                                    
  11  64  2.00  0.2515    NaN  0.502  0.506
#  Re(op_pbp_e)                                                    
  11  64  2.00  0.2530    NaN  0.506  0.496
#  Re(op_pbp_e)                                                    
  11  64  2.00  0.2545    NaN  0.507  0.716
#  Re(op_pbp_e)                                                    
  11  64  2.00  0.2560    NaN  0.503  0.383
#  Re(op_pbp_e)                                                    
  11  64  2.00  0.2575    NaN  0.500  0.674
#  Re(op_pbp_e)                                                    
  11  64  2.00  0.2590    NaN  0.500  0.540
#  Re(op_pbp_e)                                                    
  11  64  2.00  0.2605    NaN  0.505  0.447
#  Re(op_pbp_e)                                                    
  11  64  2.00  0.2620    NaN  0.520  0.522
#  Re(op_pbp_e)                                                    
  11  64  2.00  0.2625    NaN  0.513  0.603
#  Re(op_pbp_e)                                                    
  11  64  2.00  0.2639    NaN  0.534  0.550
#  Re(op_pbp_e)                                                    
  11  64  2.00  0.2653  0.596  0.546  0.505
#  Re(op_pbp_e)                                                    
  11  64  2.00  0.2667    NaN  0.581  0.266
#  Re(op_pbp_e)                                                    
  11  64  2.00  0.2681  1.374  0.678  0.728
#  Re(op_pbp_e)                                                    
  11  64  2.00  0.2694  0.615  0.698  0.965
#  Re(op_pbp_e)                                                    
  11  64  2.00  0.2708  0.587  0.709  0.738
#  Re(op_pbp_e)                                                    
  11  64  2.00  0.2722  0.750  0.780  0.823
#  Re(op_pbp_e)                                                    
  11  64  2.00  0.2736  0.329  0.814  1.246
#  Re(op_pbp_e)                                                    
  11  64  2.00  0.2750  0.917  0.889  0.624
#  Re(op_pbp_e)                                                    
  11  64  2.00  0.2780 11.343  2.818  5.446
