#-----------------------------------------------------------
#beta =   2.00   kappa =   0.2200
#  Re(op_pbp_e)                                                    
#
#   -12  0.19201E+01  jk failed  0.295E-02  jk failed     5
#   -11  0.19186E+01  jk failed  0.188E-02  jk failed     8
    -10  0.19197E+01  0.800E-03  0.367E-02  0.403E-05    22
     -9  0.19189E+01  0.768E-03  0.338E-02  0.293E-05    27
     -8  0.19179E+01  0.479E-03  0.304E-02  0.174E-05    67
     -7  0.19181E+01  0.331E-03  0.322E-02  0.161E-05   132
     -6  0.19176E+01  0.172E-03  0.317E-02  0.105E-05   227
     -5  0.19175E+01  0.163E-03  0.342E-02  0.976E-06   409
     -4  0.19170E+01  0.123E-03  0.314E-02  0.472E-06   540
     -3  0.19169E+01  0.111E-03  0.324E-02  0.459E-06   743
     -2  0.19168E+01  0.109E-03  0.325E-02  0.489E-06   955
     -1  0.19169E+01  0.946E-04  0.321E-02  0.537E-06  1047
      0  0.19169E+01  0.863E-04  0.327E-02  0.506E-06  1124
      1  0.19168E+01  0.117E-03  0.321E-02  0.443E-06  1140
      2  0.19170E+01  0.114E-03  0.329E-02  0.389E-06   961
      3  0.19168E+01  0.114E-03  0.335E-02  0.546E-06   833
      4  0.19171E+01  0.117E-03  0.334E-02  0.628E-06   661
      5  0.19176E+01  0.156E-03  0.321E-02  0.538E-06   453
      6  0.19173E+01  0.130E-03  0.314E-02  0.862E-06   292
      7  0.19175E+01  0.219E-03  0.294E-02  0.776E-06   190
      8  0.19179E+01  0.376E-03  0.313E-02  0.240E-05    82
      9  0.19173E+01  0.350E-03  0.266E-02  0.150E-05    47
     10  0.19193E+01  0.582E-03  0.226E-02  0.175E-05    16
     11  0.19185E+01  0.112E-02  0.372E-02  0.498E-05    12
#    12  0.19162E+01  jk failed  0.326E-02  jk failed     4
#    13  0.19171E+01  jk failed  0.933E-04  jk failed     2
#    14  0.19235E+01  jk failed  0.000E+00  jk failed     1
&-----------------------------------------------------------
#beta =   2.00   kappa =   0.2231
#  Re(op_pbp_e)                                                    
#
#   -12  0.19170E+01  jk failed  0.210E-02  jk failed     2
#   -11  0.19138E+01  jk failed  0.290E-02  jk failed     8
    -10  0.19127E+01  0.609E-03  0.279E-02  0.309E-05    22
     -9  0.19128E+01  0.596E-03  0.330E-02  0.204E-05    30
     -8  0.19115E+01  0.269E-03  0.321E-02  0.169E-05    86
     -7  0.19118E+01  0.301E-03  0.315E-02  0.123E-05   130
     -6  0.19112E+01  0.230E-03  0.369E-02  0.141E-05   253
     -5  0.19109E+01  0.149E-03  0.349E-02  0.865E-06   367
     -4  0.19108E+01  0.181E-03  0.353E-02  0.706E-06   589
     -3  0.19107E+01  0.135E-03  0.362E-02  0.573E-06   755
     -2  0.19109E+01  0.803E-04  0.355E-02  0.582E-06   921
     -1  0.19105E+01  0.122E-03  0.357E-02  0.526E-06  1096
      0  0.19105E+01  0.110E-03  0.360E-02  0.649E-06  1180
      1  0.19104E+01  0.116E-03  0.370E-02  0.666E-06  1079
      2  0.19106E+01  0.125E-03  0.353E-02  0.448E-06   975
      3  0.19106E+01  0.120E-03  0.366E-02  0.553E-06   841
      4  0.19106E+01  0.142E-03  0.339E-02  0.620E-06   643
      5  0.19113E+01  0.188E-03  0.349E-02  0.792E-06   439
      6  0.19115E+01  0.212E-03  0.358E-02  0.105E-05   265
      7  0.19115E+01  0.345E-03  0.359E-02  0.155E-05   160
      8  0.19118E+01  0.349E-03  0.335E-02  0.198E-05    94
      9  0.19116E+01  0.593E-03  0.282E-02  0.285E-05    38
     10  0.19139E+01  0.112E-02  0.417E-02  0.407E-05    15
#    11  0.19145E+01  jk failed  0.394E-02  jk failed     7
#    13  0.19140E+01  jk failed  0.263E-02  jk failed     4
#    14  0.19187E+01  jk failed  0.000E+00  jk failed     1
&-----------------------------------------------------------
#beta =   2.00   kappa =   0.2250
#  Re(op_pbp_e)                                                    
#
#   -12  0.19090E+01  jk failed  0.450E-02  jk failed     4
#   -11  0.19114E+01  jk failed  0.365E-02  jk failed     3
    -10  0.19109E+01  0.936E-03  0.350E-02  0.428E-05    15
     -9  0.19088E+01  0.665E-03  0.312E-02  0.243E-05    34
     -8  0.19087E+01  0.482E-03  0.420E-02  0.270E-05    92
     -7  0.19083E+01  0.381E-03  0.380E-02  0.182E-05   152
     -6  0.19080E+01  0.209E-03  0.348E-02  0.941E-06   246
     -5  0.19067E+01  0.213E-03  0.382E-02  0.771E-06   383
     -4  0.19070E+01  0.139E-03  0.399E-02  0.883E-06   566
     -3  0.19066E+01  0.135E-03  0.398E-02  0.677E-06   786
     -2  0.19067E+01  0.138E-03  0.398E-02  0.813E-06   917
     -1  0.19062E+01  0.966E-04  0.378E-02  0.655E-06  1101
      0  0.19063E+01  0.844E-04  0.385E-02  0.637E-06  1092
      1  0.19066E+01  0.134E-03  0.382E-02  0.644E-06  1049
      2  0.19065E+01  0.124E-03  0.382E-02  0.480E-06  1027
      3  0.19065E+01  0.112E-03  0.398E-02  0.963E-06   806
      4  0.19072E+01  0.148E-03  0.367E-02  0.549E-06   647
      5  0.19073E+01  0.224E-03  0.375E-02  0.897E-06   428
      6  0.19073E+01  0.194E-03  0.397E-02  0.110E-05   291
      7  0.19078E+01  0.236E-03  0.376E-02  0.151E-05   168
      8  0.19080E+01  0.299E-03  0.363E-02  0.165E-05   113
      9  0.19091E+01  0.518E-03  0.340E-02  0.246E-05    48
     10  0.19101E+01  0.895E-03  0.358E-02  0.444E-05    17
#    11  0.19103E+01  jk failed  0.244E-02  jk failed     9
#    12  0.19111E+01  jk failed  0.254E-02  jk failed     4
#    14  0.19126E+01  jk failed  0.294E-02  jk failed     2
&-----------------------------------------------------------
#beta =   2.00   kappa =   0.2262
#  Re(op_pbp_e)                                                    
#
#   -12  0.19032E+01  jk failed  0.000E+00  jk failed     1
#   -11  0.19060E+01  jk failed  0.410E-02  jk failed     7
    -10  0.19064E+01  0.534E-03  0.177E-02  0.124E-05    12
     -9  0.19052E+01  0.107E-02  0.424E-02  0.513E-05    25
     -8  0.19052E+01  0.414E-03  0.355E-02  0.279E-05    85
     -7  0.19053E+01  0.376E-03  0.393E-02  0.244E-05   140
     -6  0.19046E+01  0.199E-03  0.356E-02  0.133E-05   219
     -5  0.19043E+01  0.186E-03  0.369E-02  0.122E-05   363
     -4  0.19042E+01  0.136E-03  0.402E-02  0.111E-05   521
     -3  0.19039E+01  0.130E-03  0.386E-02  0.817E-06   758
     -2  0.19038E+01  0.107E-03  0.402E-02  0.711E-06   930
     -1  0.19037E+01  0.129E-03  0.409E-02  0.526E-06  1055
      0  0.19039E+01  0.104E-03  0.388E-02  0.672E-06  1182
      1  0.19037E+01  0.137E-03  0.403E-02  0.659E-06  1120
      2  0.19040E+01  0.121E-03  0.406E-02  0.647E-06  1071
      3  0.19042E+01  0.125E-03  0.382E-02  0.654E-06   786
      4  0.19046E+01  0.172E-03  0.399E-02  0.103E-05   633
      5  0.19046E+01  0.198E-03  0.419E-02  0.128E-05   448
      6  0.19048E+01  0.217E-03  0.384E-02  0.995E-06   277
      7  0.19049E+01  0.261E-03  0.388E-02  0.168E-05   174
      8  0.19052E+01  0.435E-03  0.384E-02  0.191E-05   112
      9  0.19051E+01  0.729E-03  0.436E-02  0.389E-05    44
     10  0.19058E+01  0.107E-02  0.477E-02  0.461E-05    21
#    11  0.19046E+01  jk failed  0.312E-02  jk failed     9
#    12  0.19047E+01  jk failed  0.252E-02  jk failed     5
#    13  0.19084E+01  jk failed  0.000E+00  jk failed     1
#    14  0.19051E+01  jk failed  0.000E+00  jk failed     1
&-----------------------------------------------------------
#beta =   2.00   kappa =   0.2293
#  Re(op_pbp_e)                                                    
#
#   -12  0.19024E+01  jk failed  0.321E-02  jk failed     6
    -11  0.18995E+01  0.896E-03  0.283E-02  0.263E-05    11
    -10  0.18990E+01  0.801E-03  0.310E-02  0.288E-05    16
     -9  0.18983E+01  0.745E-03  0.374E-02  0.329E-05    36
     -8  0.18985E+01  0.429E-03  0.421E-02  0.336E-05    72
     -7  0.18981E+01  0.415E-03  0.400E-02  0.177E-05   123
     -6  0.18976E+01  0.291E-03  0.432E-02  0.153E-05   234
     -5  0.18980E+01  0.215E-03  0.452E-02  0.159E-05   361
     -4  0.18972E+01  0.174E-03  0.425E-02  0.102E-05   568
     -3  0.18970E+01  0.171E-03  0.439E-02  0.916E-06   764
     -2  0.18967E+01  0.169E-03  0.441E-02  0.795E-06   937
     -1  0.18967E+01  0.172E-03  0.424E-02  0.688E-06  1088
      0  0.18967E+01  0.121E-03  0.456E-02  0.926E-06  1186
      1  0.18967E+01  0.111E-03  0.449E-02  0.796E-06  1114
      2  0.18969E+01  0.120E-03  0.452E-02  0.800E-06   986
      3  0.18967E+01  0.214E-03  0.443E-02  0.926E-06   776
      4  0.18972E+01  0.210E-03  0.433E-02  0.134E-05   642
      5  0.18975E+01  0.174E-03  0.432E-02  0.118E-05   476
      6  0.18981E+01  0.276E-03  0.417E-02  0.147E-05   295
      7  0.18981E+01  0.313E-03  0.395E-02  0.163E-05   151
      8  0.18988E+01  0.515E-03  0.430E-02  0.269E-05    93
      9  0.18988E+01  0.879E-03  0.424E-02  0.435E-05    36
     10  0.18995E+01  0.944E-03  0.389E-02  0.271E-05    18
#    11  0.18995E+01  jk failed  0.435E-02  jk failed     6
#    12  0.19026E+01  jk failed  0.474E-02  jk failed     3
#    13  0.19020E+01  jk failed  0.000E+00  jk failed     1
#    15  0.19027E+01  jk failed  0.000E+00  jk failed     1
&-----------------------------------------------------------
#beta =   2.00   kappa =   0.2300
#  Re(op_pbp_e)                                                    
#
#   -12  0.18971E+01  jk failed  0.313E-02  jk failed     5
#   -11  0.18979E+01  jk failed  0.240E-02  jk failed     6
    -10  0.18990E+01  0.873E-03  0.360E-02  0.365E-05    18
     -9  0.18967E+01  0.972E-03  0.482E-02  0.631E-05    38
     -8  0.18971E+01  0.572E-03  0.441E-02  0.386E-05    64
     -7  0.18966E+01  0.329E-03  0.427E-02  0.270E-05   139
     -6  0.18967E+01  0.351E-03  0.439E-02  0.138E-05   242
     -5  0.18961E+01  0.254E-03  0.478E-02  0.133E-05   366
     -4  0.18953E+01  0.153E-03  0.464E-02  0.120E-05   542
     -3  0.18953E+01  0.147E-03  0.458E-02  0.127E-05   775
     -2  0.18950E+01  0.171E-03  0.463E-02  0.107E-05   960
     -1  0.18950E+01  0.169E-03  0.465E-02  0.881E-06  1093
      0  0.18951E+01  0.133E-03  0.442E-02  0.815E-06  1156
      1  0.18949E+01  0.136E-03  0.453E-02  0.868E-06  1128
      2  0.18951E+01  0.100E-03  0.460E-02  0.996E-06   997
      3  0.18954E+01  0.137E-03  0.443E-02  0.819E-06   805
      4  0.18956E+01  0.163E-03  0.431E-02  0.105E-05   623
      5  0.18958E+01  0.224E-03  0.474E-02  0.115E-05   437
      6  0.18966E+01  0.339E-03  0.461E-02  0.175E-05   267
      7  0.18960E+01  0.359E-03  0.468E-02  0.278E-05   158
      8  0.18972E+01  0.462E-03  0.433E-02  0.413E-05    90
      9  0.18973E+01  0.593E-03  0.358E-02  0.343E-05    46
     10  0.18990E+01  0.104E-02  0.442E-02  0.424E-05    29
#    11  0.18972E+01  jk failed  0.298E-02  jk failed     8
#    12  0.19014E+01  jk failed  0.374E-02  jk failed     7
#    13  0.18993E+01  jk failed  0.000E+00  jk failed     1
&-----------------------------------------------------------
#beta =   2.00   kappa =   0.2324
#  Re(op_pbp_e)                                                    
#
#   -12  0.18969E+01  jk failed  0.000E+00  jk failed     1
    -10  0.18941E+01  0.827E-03  0.320E-02  0.293E-05    16
     -9  0.18914E+01  0.111E-02  0.534E-02  0.679E-05    29
     -8  0.18912E+01  0.526E-03  0.426E-02  0.352E-05    73
     -7  0.18908E+01  0.352E-03  0.466E-02  0.350E-05   129
     -6  0.18905E+01  0.302E-03  0.495E-02  0.218E-05   260
     -5  0.18899E+01  0.241E-03  0.475E-02  0.137E-05   375
     -4  0.18891E+01  0.261E-03  0.495E-02  0.172E-05   554
     -3  0.18892E+01  0.164E-03  0.501E-02  0.150E-05   749
     -2  0.18892E+01  0.184E-03  0.489E-02  0.116E-05   975
     -1  0.18889E+01  0.193E-03  0.493E-02  0.107E-05  1070
      0  0.18889E+01  0.176E-03  0.500E-02  0.126E-05  1142
      1  0.18891E+01  0.192E-03  0.494E-02  0.102E-05  1092
      2  0.18890E+01  0.161E-03  0.491E-02  0.112E-05   991
      3  0.18892E+01  0.176E-03  0.523E-02  0.104E-05   838
      4  0.18898E+01  0.189E-03  0.485E-02  0.168E-05   635
      5  0.18905E+01  0.176E-03  0.485E-02  0.151E-05   458
      6  0.18902E+01  0.326E-03  0.472E-02  0.157E-05   252
      7  0.18910E+01  0.334E-03  0.472E-02  0.281E-05   167
      8  0.18915E+01  0.548E-03  0.472E-02  0.406E-05   104
      9  0.18926E+01  0.700E-03  0.497E-02  0.409E-05    53
     10  0.18934E+01  0.887E-03  0.343E-02  0.296E-05    16
     11  0.18926E+01  0.136E-02  0.431E-02  0.784E-05    11
#    12  0.18935E+01  jk failed  0.268E-02  jk failed     9
#    13  0.18939E+01  jk failed  0.000E+00  jk failed     1
&-----------------------------------------------------------
#beta =   2.00   kappa =   0.2350
#  Re(op_pbp_e)                                                    
#
#   -13  0.18908E+01  jk failed  0.182E-02  jk failed     2
#   -12  0.18877E+01  jk failed  0.104E-03  jk failed     2
#   -11  0.18856E+01  jk failed  0.222E-02  jk failed     9
    -10  0.18860E+01  0.151E-02  0.602E-02  0.134E-04    17
     -9  0.18837E+01  0.124E-02  0.537E-02  0.655E-05    27
     -8  0.18848E+01  0.616E-03  0.533E-02  0.462E-05    57
     -7  0.18836E+01  0.525E-03  0.509E-02  0.261E-05   133
     -6  0.18843E+01  0.328E-03  0.537E-02  0.272E-05   207
     -5  0.18835E+01  0.248E-03  0.552E-02  0.237E-05   356
     -4  0.18824E+01  0.204E-03  0.560E-02  0.163E-05   543
     -3  0.18821E+01  0.165E-03  0.556E-02  0.161E-05   788
     -2  0.18823E+01  0.162E-03  0.565E-02  0.135E-05  1001
     -1  0.18819E+01  0.140E-03  0.564E-02  0.144E-05  1134
      0  0.18822E+01  0.151E-03  0.557E-02  0.122E-05  1169
      1  0.18822E+01  0.157E-03  0.577E-02  0.116E-05  1050
      2  0.18823E+01  0.152E-03  0.547E-02  0.107E-05  1026
      3  0.18824E+01  0.171E-03  0.541E-02  0.154E-05   899
      4  0.18828E+01  0.227E-03  0.528E-02  0.189E-05   590
      5  0.18834E+01  0.310E-03  0.536E-02  0.172E-05   406
      6  0.18837E+01  0.258E-03  0.526E-02  0.218E-05   289
      7  0.18846E+01  0.432E-03  0.541E-02  0.348E-05   149
      8  0.18850E+01  0.537E-03  0.488E-02  0.374E-05    83
      9  0.18873E+01  0.806E-03  0.495E-02  0.348E-05    43
#    10  0.18835E+01  jk failed  0.564E-02  jk failed     9
#    11  0.18868E+01  jk failed  0.539E-02  jk failed     9
#    12  0.18946E+01  jk failed  0.327E-03  jk failed     2
&-----------------------------------------------------------
#beta =   2.00   kappa =   0.2356
#  Re(op_pbp_e)                                                    
#
#   -13  0.18888E+01  jk failed  0.000E+00  jk failed     1
#   -12  0.18880E+01  jk failed  0.000E+00  jk failed     1
#   -11  0.18871E+01  jk failed  0.565E-02  jk failed     9
    -10  0.18848E+01  0.134E-02  0.584E-02  0.110E-04    20
     -9  0.18846E+01  0.110E-02  0.492E-02  0.693E-05    27
     -8  0.18829E+01  0.619E-03  0.593E-02  0.597E-05    70
     -7  0.18826E+01  0.404E-03  0.538E-02  0.371E-05   130
     -6  0.18817E+01  0.393E-03  0.558E-02  0.269E-05   203
     -5  0.18813E+01  0.218E-03  0.549E-02  0.214E-05   366
     -4  0.18806E+01  0.225E-03  0.530E-02  0.157E-05   511
     -3  0.18810E+01  0.205E-03  0.560E-02  0.169E-05   725
     -2  0.18803E+01  0.163E-03  0.567E-02  0.149E-05   980
     -1  0.18802E+01  0.105E-03  0.568E-02  0.152E-05  1123
      0  0.18806E+01  0.174E-03  0.571E-02  0.147E-05  1198
      1  0.18806E+01  0.145E-03  0.552E-02  0.104E-05  1151
      2  0.18806E+01  0.134E-03  0.546E-02  0.168E-05  1053
      3  0.18808E+01  0.184E-03  0.537E-02  0.135E-05   803
      4  0.18810E+01  0.280E-03  0.555E-02  0.186E-05   596
      5  0.18812E+01  0.287E-03  0.538E-02  0.225E-05   441
      6  0.18823E+01  0.383E-03  0.532E-02  0.258E-05   274
      7  0.18836E+01  0.489E-03  0.520E-02  0.290E-05   175
      8  0.18834E+01  0.631E-03  0.492E-02  0.452E-05    78
      9  0.18845E+01  0.973E-03  0.505E-02  0.859E-05    38
     10  0.18832E+01  0.101E-02  0.427E-02  0.587E-05    19
#    11  0.18844E+01  jk failed  0.281E-02  jk failed     4
#    12  0.18808E+01  jk failed  0.378E-02  jk failed     3
#    14  0.18791E+01  jk failed  0.000E+00  jk failed     1
&-----------------------------------------------------------
#beta =   2.00   kappa =   0.2387
#  Re(op_pbp_e)                                                    
#
#   -12  0.18863E+01  jk failed  0.000E+00  jk failed     1
#   -11  0.18791E+01  jk failed  0.244E-02  jk failed     5
    -10  0.18758E+01  0.148E-02  0.612E-02  0.139E-04    18
     -9  0.18748E+01  0.142E-02  0.612E-02  0.133E-04    31
     -8  0.18760E+01  0.780E-03  0.624E-02  0.714E-05    63
     -7  0.18730E+01  0.530E-03  0.555E-02  0.348E-05   142
     -6  0.18743E+01  0.466E-03  0.607E-02  0.393E-05   198
     -5  0.18730E+01  0.347E-03  0.595E-02  0.317E-05   373
     -4  0.18724E+01  0.254E-03  0.601E-02  0.221E-05   559
     -3  0.18723E+01  0.212E-03  0.656E-02  0.197E-05   765
     -2  0.18715E+01  0.190E-03  0.609E-02  0.203E-05   953
     -1  0.18713E+01  0.196E-03  0.611E-02  0.178E-05  1153
      0  0.18716E+01  0.186E-03  0.615E-02  0.120E-05  1163
      1  0.18715E+01  0.196E-03  0.637E-02  0.132E-05  1187
      2  0.18718E+01  0.205E-03  0.623E-02  0.135E-05   995
      3  0.18719E+01  0.202E-03  0.612E-02  0.187E-05   816
      4  0.18723E+01  0.227E-03  0.620E-02  0.197E-05   645
      5  0.18734E+01  0.312E-03  0.630E-02  0.351E-05   409
      6  0.18727E+01  0.399E-03  0.599E-02  0.308E-05   246
      7  0.18735E+01  0.534E-03  0.617E-02  0.456E-05   145
      8  0.18761E+01  0.624E-03  0.568E-02  0.538E-05    78
      9  0.18770E+01  0.980E-03  0.559E-02  0.752E-05    33
     10  0.18781E+01  0.123E-02  0.476E-02  0.824E-05    16
#    11  0.18784E+01  jk failed  0.203E-02  jk failed     3
#    12  0.18787E+01  jk failed  0.541E-02  jk failed     2
#    13  0.18793E+01  jk failed  0.000E+00  jk failed     1
&-----------------------------------------------------------
#beta =   2.00   kappa =   0.2400
#  Re(op_pbp_e)                                                    
#
#   -11  0.18753E+01  jk failed  0.482E-02  jk failed     6
    -10  0.18743E+01  0.125E-02  0.469E-02  0.840E-05    15
     -9  0.18737E+01  0.117E-02  0.580E-02  0.946E-05    36
     -8  0.18723E+01  0.948E-03  0.697E-02  0.663E-05    50
     -7  0.18699E+01  0.420E-03  0.577E-02  0.442E-05   120
     -6  0.18692E+01  0.292E-03  0.540E-02  0.263E-05   231
     -5  0.18693E+01  0.303E-03  0.654E-02  0.321E-05   393
     -4  0.18685E+01  0.341E-03  0.631E-02  0.290E-05   555
     -3  0.18679E+01  0.249E-03  0.631E-02  0.211E-05   748
     -2  0.18675E+01  0.177E-03  0.632E-02  0.187E-05   943
     -1  0.18674E+01  0.208E-03  0.672E-02  0.212E-05  1143
      0  0.18672E+01  0.186E-03  0.671E-02  0.189E-05  1167
      1  0.18674E+01  0.165E-03  0.660E-02  0.178E-05  1174
      2  0.18676E+01  0.215E-03  0.640E-02  0.162E-05  1019
      3  0.18681E+01  0.249E-03  0.645E-02  0.191E-05   827
      4  0.18687E+01  0.242E-03  0.643E-02  0.246E-05   598
      5  0.18694E+01  0.414E-03  0.645E-02  0.311E-05   411
      6  0.18701E+01  0.379E-03  0.684E-02  0.382E-05   291
      7  0.18700E+01  0.500E-03  0.571E-02  0.406E-05   148
      8  0.18716E+01  0.769E-03  0.572E-02  0.505E-05    63
      9  0.18725E+01  0.932E-03  0.536E-02  0.878E-05    39
     10  0.18693E+01  0.229E-02  0.686E-02  0.229E-04    10
#    11  0.18759E+01  jk failed  0.489E-02  jk failed     9
#    12  0.18730E+01  jk failed  0.718E-02  jk failed     3
#    13  0.18842E+01  jk failed  0.000E+00  jk failed     1
&-----------------------------------------------------------
#beta =   2.00   kappa =   0.2418
#  Re(op_pbp_e)                                                    
#
#   -13  0.18890E+01  jk failed  0.000E+00  jk failed     1
#   -12  0.18679E+01  jk failed  0.481E-02  jk failed     2
#   -11  0.18767E+01  jk failed  0.000E+00  jk failed     1
    -10  0.18684E+01  0.170E-02  0.536E-02  0.813E-05    11
     -9  0.18663E+01  0.138E-02  0.634E-02  0.127E-04    22
     -8  0.18653E+01  0.884E-03  0.650E-02  0.117E-04    54
     -7  0.18646E+01  0.593E-03  0.656E-02  0.558E-05   104
     -6  0.18637E+01  0.393E-03  0.654E-02  0.409E-05   226
     -5  0.18630E+01  0.292E-03  0.655E-02  0.294E-05   375
     -4  0.18629E+01  0.329E-03  0.718E-02  0.438E-05   583
     -3  0.18623E+01  0.278E-03  0.699E-02  0.324E-05   747
     -2  0.18615E+01  0.273E-03  0.716E-02  0.222E-05   927
     -1  0.18618E+01  0.160E-03  0.696E-02  0.122E-05  1200
      0  0.18614E+01  0.247E-03  0.750E-02  0.253E-05  1240
      1  0.18616E+01  0.207E-03  0.718E-02  0.209E-05  1188
      2  0.18622E+01  0.209E-03  0.716E-02  0.200E-05   973
      3  0.18627E+01  0.218E-03  0.723E-02  0.253E-05   836
      4  0.18629E+01  0.286E-03  0.672E-02  0.294E-05   618
      5  0.18632E+01  0.386E-03  0.698E-02  0.316E-05   382
      6  0.18637E+01  0.359E-03  0.651E-02  0.266E-05   271
      7  0.18645E+01  0.632E-03  0.624E-02  0.572E-05   108
      8  0.18666E+01  0.667E-03  0.647E-02  0.697E-05    76
      9  0.18688E+01  0.112E-02  0.537E-02  0.596E-05    32
     10  0.18708E+01  0.150E-02  0.563E-02  0.121E-04    15
#    11  0.18715E+01  jk failed  0.526E-02  jk failed     3
#    12  0.18740E+01  jk failed  0.526E-02  jk failed     4
#    16  0.18763E+01  jk failed  0.000E+00  jk failed     1
&-----------------------------------------------------------
#beta =   2.00   kappa =   0.2449
#  Re(op_pbp_e)                                                    
#
#   -15  0.18695E+01  jk failed  0.000E+00  jk failed     1
#   -12  0.18707E+01  jk failed  0.511E-02  jk failed     2
#   -11  0.18632E+01  jk failed  0.496E-02  jk failed     3
    -10  0.18606E+01  0.186E-02  0.558E-02  0.219E-04    10
     -9  0.18609E+01  0.163E-02  0.652E-02  0.102E-04    17
     -8  0.18549E+01  0.130E-02  0.802E-02  0.136E-04    46
     -7  0.18533E+01  0.774E-03  0.745E-02  0.568E-05   108
     -6  0.18538E+01  0.499E-03  0.735E-02  0.540E-05   203
     -5  0.18528E+01  0.421E-03  0.800E-02  0.606E-05   360
     -4  0.18527E+01  0.234E-03  0.807E-02  0.299E-05   602
     -3  0.18521E+01  0.251E-03  0.786E-02  0.249E-05   776
     -2  0.18512E+01  0.301E-03  0.810E-02  0.211E-05   925
     -1  0.18516E+01  0.233E-03  0.772E-02  0.291E-05  1177
      0  0.18515E+01  0.243E-03  0.806E-02  0.227E-05  1227
      1  0.18511E+01  0.234E-03  0.848E-02  0.285E-05  1186
      2  0.18518E+01  0.275E-03  0.832E-02  0.279E-05  1016
      3  0.18515E+01  0.265E-03  0.805E-02  0.322E-05   826
      4  0.18527E+01  0.340E-03  0.805E-02  0.451E-05   602
      5  0.18531E+01  0.460E-03  0.745E-02  0.346E-05   407
      6  0.18532E+01  0.424E-03  0.725E-02  0.543E-05   244
      7  0.18553E+01  0.576E-03  0.794E-02  0.761E-05   147
      8  0.18562E+01  0.114E-02  0.762E-02  0.134E-04    60
      9  0.18603E+01  0.168E-02  0.842E-02  0.234E-04    33
     10  0.18593E+01  0.179E-02  0.671E-02  0.160E-04    15
#    11  0.18589E+01  jk failed  0.516E-02  jk failed     6
#    12  0.18503E+01  jk failed  0.000E+00  jk failed     1
&-----------------------------------------------------------
#beta =   2.00   kappa =   0.2480
#  Re(op_pbp_e)                                                    
#
#   -11  0.18642E+01  jk failed  0.000E+00  jk failed     1
    -10  0.18493E+01  0.189E-02  0.656E-02  0.170E-04    13
     -9  0.18481E+01  0.273E-02  0.113E-01  0.466E-04    18
     -8  0.18460E+01  0.119E-02  0.630E-02  0.893E-05    40
     -7  0.18432E+01  0.727E-03  0.887E-02  0.955E-05   119
     -6  0.18441E+01  0.678E-03  0.872E-02  0.805E-05   187
     -5  0.18426E+01  0.433E-03  0.856E-02  0.691E-05   340
     -4  0.18411E+01  0.428E-03  0.898E-02  0.491E-05   542
     -3  0.18400E+01  0.366E-03  0.909E-02  0.399E-05   785
     -2  0.18405E+01  0.255E-03  0.923E-02  0.353E-05  1003
     -1  0.18402E+01  0.255E-03  0.913E-02  0.427E-05  1165
      0  0.18394E+01  0.198E-03  0.949E-02  0.346E-05  1221
      1  0.18396E+01  0.284E-03  0.932E-02  0.433E-05  1234
      2  0.18393E+01  0.246E-03  0.955E-02  0.413E-05  1059
      3  0.18406E+01  0.296E-03  0.902E-02  0.396E-05   831
      4  0.18417E+01  0.364E-03  0.911E-02  0.420E-05   562
      5  0.18429E+01  0.470E-03  0.903E-02  0.636E-05   383
      6  0.18435E+01  0.683E-03  0.868E-02  0.661E-05   240
      7  0.18445E+01  0.571E-03  0.816E-02  0.537E-05   132
      8  0.18463E+01  0.105E-02  0.869E-02  0.128E-04    70
      9  0.18498E+01  0.156E-02  0.695E-02  0.149E-04    30
     10  0.18514E+01  0.174E-02  0.717E-02  0.167E-04    18
#    11  0.18522E+01  jk failed  0.423E-02  jk failed     6
#    12  0.18577E+01  jk failed  0.000E+00  jk failed     1
&-----------------------------------------------------------
#beta =   2.00   kappa =   0.2500
#  Re(op_pbp_e)                                                    
#
#   -14  0.18487E+01  jk failed  0.000E+00  jk failed     1
#   -12  0.18464E+01  jk failed  0.476E-02  jk failed     2
#   -11  0.18470E+01  jk failed  0.939E-02  jk failed     4
#   -10  0.18404E+01  jk failed  0.503E-02  jk failed     7
     -9  0.18409E+01  0.269E-02  0.111E-01  0.291E-04    18
     -8  0.18413E+01  0.152E-02  0.817E-02  0.186E-04    46
     -7  0.18371E+01  0.826E-03  0.889E-02  0.135E-04   114
     -6  0.18357E+01  0.598E-03  0.895E-02  0.109E-04   198
     -5  0.18344E+01  0.811E-03  0.950E-02  0.688E-05   326
     -4  0.18333E+01  0.402E-03  0.981E-02  0.634E-05   517
     -3  0.18327E+01  0.335E-03  0.985E-02  0.496E-05   713
     -2  0.18322E+01  0.276E-03  0.102E-01  0.482E-05   947
     -1  0.18319E+01  0.259E-03  0.103E-01  0.397E-05  1245
      0  0.18312E+01  0.284E-03  0.105E-01  0.451E-05  1292
      1  0.18314E+01  0.349E-03  0.101E-01  0.429E-05  1212
      2  0.18316E+01  0.309E-03  0.104E-01  0.411E-05  1079
      3  0.18324E+01  0.425E-03  0.103E-01  0.512E-05   856
      4  0.18334E+01  0.352E-03  0.996E-02  0.457E-05   628
      5  0.18350E+01  0.550E-03  0.967E-02  0.635E-05   401
      6  0.18373E+01  0.623E-03  0.920E-02  0.105E-04   211
      7  0.18366E+01  0.100E-02  0.997E-02  0.115E-04    99
      8  0.18428E+01  0.127E-02  0.788E-02  0.119E-04    51
      9  0.18408E+01  0.211E-02  0.944E-02  0.310E-04    21
#    10  0.18448E+01  jk failed  0.867E-02  jk failed     9
#    11  0.18472E+01  jk failed  0.885E-02  jk failed     2
#    12  0.18410E+01  jk failed  0.000E+00  jk failed     1
&-----------------------------------------------------------
#beta =   2.00   kappa =   0.2515
#  Re(op_pbp_e)                                                    
#
#   -11  0.18329E+01  jk failed  0.126E-01  jk failed     2
#   -10  0.18350E+01  jk failed  0.119E-01  jk failed     6
     -9  0.18366E+01  0.255E-02  0.885E-02  0.249E-04    13
     -8  0.18327E+01  0.169E-02  0.103E-01  0.182E-04    43
     -7  0.18314E+01  0.866E-03  0.941E-02  0.151E-04    89
     -6  0.18301E+01  0.888E-03  0.106E-01  0.126E-04   193
     -5  0.18291E+01  0.540E-03  0.104E-01  0.689E-05   364
     -4  0.18264E+01  0.434E-03  0.106E-01  0.667E-05   526
     -3  0.18257E+01  0.396E-03  0.114E-01  0.477E-05   783
     -2  0.18261E+01  0.304E-03  0.110E-01  0.516E-05   998
     -1  0.18252E+01  0.326E-03  0.114E-01  0.516E-05  1171
      0  0.18253E+01  0.291E-03  0.114E-01  0.610E-05  1251
      1  0.18250E+01  0.304E-03  0.114E-01  0.399E-05  1285
      2  0.18258E+01  0.449E-03  0.112E-01  0.641E-05  1053
      3  0.18259E+01  0.344E-03  0.106E-01  0.401E-05   805
      4  0.18268E+01  0.379E-03  0.108E-01  0.619E-05   630
      5  0.18294E+01  0.579E-03  0.103E-01  0.601E-05   390
      6  0.18306E+01  0.648E-03  0.970E-02  0.754E-05   201
      7  0.18324E+01  0.819E-03  0.981E-02  0.198E-04   103
      8  0.18355E+01  0.144E-02  0.953E-02  0.203E-04    54
      9  0.18380E+01  0.204E-02  0.980E-02  0.317E-04    24
     10  0.18395E+01  0.165E-02  0.549E-02  0.139E-04    12
#    12  0.18573E+01  jk failed  0.558E-02  jk failed     3
#    13  0.18481E+01  jk failed  0.000E+00  jk failed     1
&-----------------------------------------------------------
#beta =   2.00   kappa =   0.2530
#  Re(op_pbp_e)                                                    
#
#   -11  0.18319E+01  jk failed  0.535E-02  jk failed     5
#   -10  0.18360E+01  jk failed  0.125E-01  jk failed     3
     -9  0.18302E+01  0.223E-02  0.102E-01  0.311E-04    22
     -8  0.18286E+01  0.155E-02  0.953E-02  0.206E-04    45
     -7  0.18244E+01  0.140E-02  0.106E-01  0.205E-04    77
     -6  0.18241E+01  0.769E-03  0.105E-01  0.926E-05   177
     -5  0.18217E+01  0.838E-03  0.119E-01  0.144E-04   321
     -4  0.18209E+01  0.508E-03  0.125E-01  0.102E-04   489
     -3  0.18203E+01  0.405E-03  0.120E-01  0.636E-05   773
     -2  0.18179E+01  0.424E-03  0.122E-01  0.776E-05  1047
     -1  0.18187E+01  0.327E-03  0.118E-01  0.576E-05  1223
      0  0.18184E+01  0.272E-03  0.126E-01  0.601E-05  1298
      1  0.18183E+01  0.412E-03  0.119E-01  0.598E-05  1272
      2  0.18190E+01  0.378E-03  0.119E-01  0.631E-05  1091
      3  0.18192E+01  0.432E-03  0.119E-01  0.754E-05   822
      4  0.18208E+01  0.395E-03  0.120E-01  0.105E-04   598
      5  0.18227E+01  0.720E-03  0.119E-01  0.108E-04   352
      6  0.18258E+01  0.819E-03  0.120E-01  0.132E-04   206
      7  0.18277E+01  0.901E-03  0.101E-01  0.156E-04    98
      8  0.18270E+01  0.163E-02  0.107E-01  0.231E-04    49
      9  0.18264E+01  0.224E-02  0.100E-01  0.435E-04    21
#    10  0.18371E+01  jk failed  0.920E-02  jk failed     8
#    11  0.18353E+01  jk failed  0.667E-03  jk failed     2
#    12  0.18556E+01  jk failed  0.000E+00  jk failed     1
&-----------------------------------------------------------
#beta =   2.00   kappa =   0.2545
#  Re(op_pbp_e)                                                    
#
#   -13  0.18560E+01  jk failed  0.000E+00  jk failed     1
#   -10  0.18244E+01  jk failed  0.814E-02  jk failed     9
     -9  0.18243E+01  0.285E-02  0.855E-02  0.272E-04    10
     -8  0.18247E+01  0.250E-02  0.121E-01  0.471E-04    38
     -7  0.18175E+01  0.114E-02  0.125E-01  0.292E-04   109
     -6  0.18184E+01  0.902E-03  0.125E-01  0.138E-04   186
     -5  0.18154E+01  0.660E-03  0.123E-01  0.123E-04   337
     -4  0.18142E+01  0.711E-03  0.123E-01  0.106E-04   509
     -3  0.18122E+01  0.499E-03  0.133E-01  0.923E-05   814
     -2  0.18117E+01  0.409E-03  0.131E-01  0.930E-05  1096
     -1  0.18117E+01  0.378E-03  0.129E-01  0.760E-05  1204
      0  0.18113E+01  0.383E-03  0.134E-01  0.752E-05  1287
      1  0.18114E+01  0.403E-03  0.133E-01  0.958E-05  1225
      2  0.18109E+01  0.352E-03  0.126E-01  0.692E-05  1053
      3  0.18126E+01  0.482E-03  0.125E-01  0.649E-05   776
      4  0.18142E+01  0.585E-03  0.129E-01  0.899E-05   562
      5  0.18150E+01  0.616E-03  0.129E-01  0.121E-04   371
      6  0.18186E+01  0.101E-02  0.125E-01  0.153E-04   211
      7  0.18211E+01  0.109E-02  0.108E-01  0.203E-04   118
      8  0.18217E+01  0.142E-02  0.997E-02  0.221E-04    52
      9  0.18298E+01  0.195E-02  0.805E-02  0.275E-04    18
#    10  0.18269E+01  jk failed  0.764E-02  jk failed     9
#    11  0.18278E+01  jk failed  0.130E-01  jk failed     3
#    12  0.18406E+01  jk failed  0.259E-03  jk failed     2
&-----------------------------------------------------------
#beta =   2.00   kappa =   0.2560
#  Re(op_pbp_e)                                                    
#
#   -10  0.18280E+01  jk failed  0.543E-02  jk failed     4
     -9  0.18233E+01  0.216E-02  0.808E-02  0.282E-04    15
     -8  0.18148E+01  0.319E-02  0.148E-01  0.688E-04    32
     -7  0.18140E+01  0.174E-02  0.138E-01  0.339E-04    76
     -6  0.18110E+01  0.118E-02  0.140E-01  0.239E-04   152
     -5  0.18088E+01  0.817E-03  0.138E-01  0.133E-04   303
     -4  0.18066E+01  0.550E-03  0.139E-01  0.111E-04   516
     -3  0.18049E+01  0.651E-03  0.140E-01  0.118E-04   737
     -2  0.18038E+01  0.372E-03  0.139E-01  0.854E-05   964
     -1  0.18031E+01  0.353E-03  0.144E-01  0.763E-05  1280
      0  0.18031E+01  0.516E-03  0.139E-01  0.627E-05  1371
      1  0.18039E+01  0.326E-03  0.141E-01  0.856E-05  1295
      2  0.18046E+01  0.508E-03  0.140E-01  0.116E-04  1070
      3  0.18053E+01  0.487E-03  0.141E-01  0.104E-04   858
      4  0.18066E+01  0.522E-03  0.145E-01  0.146E-04   620
      5  0.18083E+01  0.802E-03  0.143E-01  0.147E-04   350
      6  0.18121E+01  0.105E-02  0.137E-01  0.237E-04   212
      7  0.18142E+01  0.154E-02  0.132E-01  0.287E-04    80
      8  0.18165E+01  0.175E-02  0.117E-01  0.247E-04    46
      9  0.18264E+01  0.204E-02  0.676E-02  0.147E-04    12
#    10  0.18258E+01  jk failed  0.504E-02  jk failed     7
&-----------------------------------------------------------
#beta =   2.00   kappa =   0.2575
#  Re(op_pbp_e)                                                    
#
#   -12  0.18234E+01  jk failed  0.160E-02  jk failed     2
#   -11  0.18266E+01  jk failed  0.000E+00  jk failed     1
#   -10  0.18103E+01  jk failed  0.812E-02  jk failed     4
     -9  0.18132E+01  0.495E-02  0.148E-01  0.659E-04    10
     -8  0.18112E+01  0.290E-02  0.125E-01  0.536E-04    31
     -7  0.18084E+01  0.123E-02  0.140E-01  0.324E-04    87
     -6  0.18037E+01  0.114E-02  0.161E-01  0.359E-04   155
     -5  0.18009E+01  0.819E-03  0.155E-01  0.184E-04   300
     -4  0.17986E+01  0.802E-03  0.158E-01  0.160E-04   519
     -3  0.17968E+01  0.452E-03  0.158E-01  0.167E-04   771
     -2  0.17954E+01  0.456E-03  0.162E-01  0.101E-04  1033
     -1  0.17951E+01  0.378E-03  0.158E-01  0.102E-04  1254
      0  0.17938E+01  0.450E-03  0.159E-01  0.101E-04  1325
      1  0.17957E+01  0.479E-03  0.161E-01  0.925E-05  1374
      2  0.17959E+01  0.477E-03  0.160E-01  0.112E-04  1095
      3  0.17975E+01  0.545E-03  0.161E-01  0.169E-04   839
      4  0.17983E+01  0.682E-03  0.158E-01  0.147E-04   536
      5  0.18015E+01  0.797E-03  0.144E-01  0.173E-04   327
      6  0.18053E+01  0.117E-02  0.145E-01  0.205E-04   187
      7  0.18073E+01  0.134E-02  0.147E-01  0.319E-04    87
      8  0.18107E+01  0.272E-02  0.141E-01  0.599E-04    45
      9  0.18168E+01  0.339E-02  0.127E-01  0.719E-04    15
#    10  0.18219E+01  jk failed  0.683E-02  jk failed     3
&-----------------------------------------------------------
#beta =   2.00   kappa =   0.2590
#  Re(op_pbp_e)                                                    
#
#   -10  0.18044E+01  jk failed  0.114E-01  jk failed     3
#    -9  0.18160E+01  jk failed  0.127E-01  jk failed     6
     -8  0.18072E+01  0.281E-02  0.122E-01  0.522E-04    20
     -7  0.18004E+01  0.221E-02  0.152E-01  0.524E-04    61
     -6  0.17960E+01  0.142E-02  0.168E-01  0.336E-04   152
     -5  0.17924E+01  0.109E-02  0.171E-01  0.290E-04   313
     -4  0.17902E+01  0.783E-03  0.163E-01  0.149E-04   475
     -3  0.17884E+01  0.575E-03  0.174E-01  0.142E-04   780
     -2  0.17877E+01  0.597E-03  0.184E-01  0.118E-04  1014
     -1  0.17855E+01  0.418E-03  0.175E-01  0.134E-04  1269
      0  0.17863E+01  0.452E-03  0.178E-01  0.110E-04  1369
      1  0.17860E+01  0.584E-03  0.179E-01  0.112E-04  1339
      2  0.17874E+01  0.384E-03  0.175E-01  0.106E-04  1114
      3  0.17891E+01  0.520E-03  0.178E-01  0.134E-04   872
      4  0.17907E+01  0.584E-03  0.165E-01  0.148E-04   569
      5  0.17933E+01  0.779E-03  0.178E-01  0.221E-04   329
      6  0.17978E+01  0.154E-02  0.152E-01  0.330E-04   172
      7  0.18046E+01  0.160E-02  0.148E-01  0.309E-04    81
      8  0.18046E+01  0.275E-02  0.144E-01  0.637E-04    36
      9  0.18115E+01  0.462E-02  0.190E-01  0.121E-03    18
#    10  0.18088E+01  jk failed  0.124E-01  jk failed     5
#    11  0.18285E+01  jk failed  0.740E-02  jk failed     3
&-----------------------------------------------------------
#beta =   2.00   kappa =   0.2605
#  Re(op_pbp_e)                                                    
#
#   -11  0.18375E+01  jk failed  0.000E+00  jk failed     1
#   -10  0.18056E+01  jk failed  0.140E-01  jk failed     5
     -9  0.18061E+01  0.344E-02  0.103E-01  0.391E-04    10
     -8  0.17962E+01  0.333E-02  0.156E-01  0.663E-04    23
     -7  0.17904E+01  0.243E-02  0.196E-01  0.598E-04    64
     -6  0.17884E+01  0.165E-02  0.180E-01  0.345E-04   152
     -5  0.17839E+01  0.132E-02  0.195E-01  0.282E-04   293
     -4  0.17812E+01  0.882E-03  0.188E-01  0.167E-04   499
     -3  0.17793E+01  0.634E-03  0.201E-01  0.212E-04   771
     -2  0.17774E+01  0.529E-03  0.192E-01  0.160E-04  1071
     -1  0.17757E+01  0.613E-03  0.195E-01  0.219E-04  1294
      0  0.17759E+01  0.517E-03  0.203E-01  0.144E-04  1411
      1  0.17759E+01  0.468E-03  0.201E-01  0.113E-04  1363
      2  0.17780E+01  0.524E-03  0.196E-01  0.188E-04  1095
      3  0.17800E+01  0.598E-03  0.182E-01  0.165E-04   825
      4  0.17815E+01  0.949E-03  0.189E-01  0.201E-04   574
      5  0.17835E+01  0.838E-03  0.185E-01  0.239E-04   289
      6  0.17898E+01  0.150E-02  0.169E-01  0.429E-04   130
      7  0.17941E+01  0.207E-02  0.170E-01  0.562E-04    76
      8  0.17938E+01  0.341E-02  0.184E-01  0.708E-04    34
      9  0.17990E+01  0.384E-02  0.127E-01  0.414E-04    12
#    10  0.17977E+01  jk failed  0.164E-01  jk failed     5
#    11  0.18164E+01  jk failed  0.195E-01  jk failed     3
&-----------------------------------------------------------
#beta =   2.00   kappa =   0.2620
#  Re(op_pbp_e)                                                    
#
#   -10  0.18153E+01  jk failed  0.210E-01  jk failed     2
#    -9  0.17907E+01  jk failed  0.158E-01  jk failed     8
     -8  0.17830E+01  0.485E-02  0.175E-01  0.151E-03    14
     -7  0.17881E+01  0.219E-02  0.179E-01  0.675E-04    60
     -6  0.17787E+01  0.165E-02  0.197E-01  0.453E-04   146
     -5  0.17754E+01  0.132E-02  0.191E-01  0.326E-04   260
     -4  0.17728E+01  0.837E-03  0.212E-01  0.245E-04   483
     -3  0.17685E+01  0.588E-03  0.211E-01  0.167E-04   854
     -2  0.17671E+01  0.625E-03  0.214E-01  0.181E-04  1092
     -1  0.17656E+01  0.489E-03  0.219E-01  0.197E-04  1375
      0  0.17637E+01  0.503E-03  0.233E-01  0.199E-04  1411
      1  0.17652E+01  0.584E-03  0.222E-01  0.185E-04  1382
      2  0.17671E+01  0.598E-03  0.222E-01  0.264E-04  1102
      3  0.17698E+01  0.927E-03  0.217E-01  0.205E-04   800
      4  0.17714E+01  0.999E-03  0.215E-01  0.249E-04   522
      5  0.17765E+01  0.120E-02  0.203E-01  0.343E-04   275
      6  0.17810E+01  0.192E-02  0.217E-01  0.427E-04   123
      7  0.17894E+01  0.278E-02  0.173E-01  0.586E-04    48
      8  0.17827E+01  0.305E-02  0.136E-01  0.483E-04    29
#     9  0.18078E+01  jk failed  0.146E-01  jk failed     7
#    10  0.17930E+01  jk failed  0.602E-02  jk failed     3
#    11  0.18093E+01  jk failed  0.115E-01  jk failed     3
#    12  0.18007E+01  jk failed  0.000E+00  jk failed     1
&-----------------------------------------------------------
#beta =   2.00   kappa =   0.2625
#  Re(op_pbp_e)                                                    
#
#   -10  0.17977E+01  jk failed  0.276E-02  jk failed     2
#    -9  0.17909E+01  jk failed  0.452E-02  jk failed     3
     -8  0.17837E+01  0.340E-02  0.156E-01  0.791E-04    22
     -7  0.17821E+01  0.316E-02  0.209E-01  0.923E-04    66
     -6  0.17778E+01  0.186E-02  0.192E-01  0.470E-04   123
     -5  0.17696E+01  0.154E-02  0.220E-01  0.359E-04   281
     -4  0.17697E+01  0.123E-02  0.231E-01  0.344E-04   481
     -3  0.17666E+01  0.676E-03  0.220E-01  0.196E-04   808
     -2  0.17632E+01  0.930E-03  0.230E-01  0.237E-04  1083
     -1  0.17610E+01  0.695E-03  0.232E-01  0.215E-04  1332
      0  0.17615E+01  0.619E-03  0.230E-01  0.189E-04  1443
      1  0.17618E+01  0.499E-03  0.234E-01  0.175E-04  1398
      2  0.17637E+01  0.701E-03  0.234E-01  0.173E-04  1108
      3  0.17653E+01  0.786E-03  0.216E-01  0.213E-04   824
      4  0.17691E+01  0.102E-02  0.219E-01  0.301E-04   495
      5  0.17741E+01  0.140E-02  0.203E-01  0.341E-04   292
      6  0.17751E+01  0.165E-02  0.195E-01  0.360E-04   133
      7  0.17868E+01  0.235E-02  0.190E-01  0.606E-04    66
      8  0.18007E+01  0.312E-02  0.146E-01  0.615E-04    23
      9  0.18021E+01  0.718E-02  0.238E-01  0.211E-03    12
#    10  0.18031E+01  jk failed  0.188E-01  jk failed     5
&-----------------------------------------------------------
#beta =   2.00   kappa =   0.2639
#  Re(op_pbp_e)                                                    
#
#   -10  0.17821E+01  jk failed  0.222E-01  jk failed     2
#    -9  0.17898E+01  jk failed  0.165E-01  jk failed     6
     -8  0.17787E+01  0.380E-02  0.147E-01  0.846E-04    16
     -7  0.17797E+01  0.522E-02  0.250E-01  0.173E-03    41
     -6  0.17709E+01  0.290E-02  0.251E-01  0.103E-03   104
     -5  0.17616E+01  0.176E-02  0.244E-01  0.619E-04   241
     -4  0.17589E+01  0.114E-02  0.247E-01  0.463E-04   478
     -3  0.17532E+01  0.734E-03  0.250E-01  0.323E-04   751
     -2  0.17510E+01  0.958E-03  0.246E-01  0.273E-04  1081
     -1  0.17497E+01  0.675E-03  0.257E-01  0.257E-04  1392
      0  0.17482E+01  0.550E-03  0.260E-01  0.295E-04  1569
      1  0.17501E+01  0.699E-03  0.273E-01  0.318E-04  1428
      2  0.17523E+01  0.742E-03  0.257E-01  0.327E-04  1112
      3  0.17535E+01  0.791E-03  0.254E-01  0.412E-04   821
      4  0.17596E+01  0.104E-02  0.249E-01  0.314E-04   498
      5  0.17647E+01  0.180E-02  0.254E-01  0.545E-04   236
      6  0.17707E+01  0.280E-02  0.244E-01  0.646E-04   136
      7  0.17719E+01  0.309E-02  0.227E-01  0.117E-03    60
      8  0.17888E+01  0.442E-02  0.182E-01  0.101E-03    18
#     9  0.17745E+01  jk failed  0.125E-01  jk failed     5
#    10  0.17732E+01  jk failed  0.209E-01  jk failed     3
#    11  0.18015E+01  jk failed  0.142E-02  jk failed     2
&-----------------------------------------------------------
#beta =   2.00   kappa =   0.2653
#  Re(op_pbp_e)                                                    
#
#   -11  0.17669E+01  jk failed  0.000E+00  jk failed     1
#   -10  0.18025E+01  jk failed  0.000E+00  jk failed     1
#    -9  0.17935E+01  jk failed  0.202E-01  jk failed     4
     -8  0.17673E+01  0.748E-02  0.259E-01  0.255E-03    13
     -7  0.17664E+01  0.366E-02  0.265E-01  0.140E-03    46
     -6  0.17541E+01  0.348E-02  0.315E-01  0.169E-03    78
     -5  0.17527E+01  0.172E-02  0.262E-01  0.588E-04   227
     -4  0.17468E+01  0.153E-02  0.277E-01  0.544E-04   431
     -3  0.17399E+01  0.120E-02  0.285E-01  0.414E-04   770
     -2  0.17380E+01  0.938E-03  0.290E-01  0.257E-04  1144
     -1  0.17361E+01  0.812E-03  0.297E-01  0.329E-04  1386
      0  0.17330E+01  0.766E-03  0.311E-01  0.354E-04  1533
      1  0.17358E+01  0.738E-03  0.303E-01  0.368E-04  1438
      2  0.17374E+01  0.939E-03  0.291E-01  0.415E-04  1194
      3  0.17421E+01  0.105E-02  0.283E-01  0.446E-04   860
      4  0.17482E+01  0.116E-02  0.267E-01  0.518E-04   460
      5  0.17544E+01  0.186E-02  0.262E-01  0.714E-04   230
      6  0.17598E+01  0.240E-02  0.270E-01  0.807E-04   120
      7  0.17686E+01  0.396E-02  0.246E-01  0.153E-03    48
      8  0.17804E+01  0.741E-02  0.267E-01  0.214E-03    14
#     9  0.17472E+01  jk failed  0.000E+00  jk failed     1
#    10  0.17835E+01  jk failed  0.000E+00  jk failed     1
&-----------------------------------------------------------
#beta =   2.00   kappa =   0.2667
#  Re(op_pbp_e)                                                    
#
#    -9  0.17536E+01  jk failed  0.213E-01  jk failed     5
     -8  0.17635E+01  0.786E-02  0.236E-01  0.122E-03    10
     -7  0.17516E+01  0.422E-02  0.243E-01  0.152E-03    38
     -6  0.17518E+01  0.262E-02  0.310E-01  0.149E-03    97
     -5  0.17393E+01  0.250E-02  0.274E-01  0.907E-04   174
     -4  0.17344E+01  0.136E-02  0.306E-01  0.619E-04   428
     -3  0.17260E+01  0.965E-03  0.324E-01  0.752E-04   766
     -2  0.17205E+01  0.106E-02  0.331E-01  0.462E-04  1085
     -1  0.17205E+01  0.107E-02  0.343E-01  0.434E-04  1532
      0  0.17191E+01  0.664E-03  0.320E-01  0.447E-04  1613
      1  0.17207E+01  0.924E-03  0.345E-01  0.520E-04  1527
      2  0.17233E+01  0.827E-03  0.335E-01  0.629E-04  1177
      3  0.17279E+01  0.109E-02  0.338E-01  0.551E-04   741
      4  0.17355E+01  0.145E-02  0.305E-01  0.609E-04   450
      5  0.17395E+01  0.229E-02  0.331E-01  0.943E-04   220
      6  0.17527E+01  0.276E-02  0.288E-01  0.116E-03    91
      7  0.17613E+01  0.537E-02  0.321E-01  0.226E-03    33
      8  0.17848E+01  0.796E-02  0.239E-01  0.204E-03    10
#     9  0.17685E+01  jk failed  0.126E-01  jk failed     2
#    12  0.18015E+01  jk failed  0.000E+00  jk failed     1
&-----------------------------------------------------------
#beta =   2.00   kappa =   0.2681
#  Re(op_pbp_e)                                                    
#
#    -9  0.17408E+01  jk failed  0.179E-01  jk failed     5
#    -8  0.17914E+01  jk failed  0.111E-01  jk failed     4
     -7  0.17483E+01  0.759E-02  0.313E-01  0.344E-03    18
     -6  0.17371E+01  0.394E-02  0.326E-01  0.170E-03    75
     -5  0.17242E+01  0.248E-02  0.340E-01  0.141E-03   196
     -4  0.17188E+01  0.196E-02  0.329E-01  0.890E-04   342
     -3  0.17116E+01  0.156E-02  0.347E-01  0.555E-04   692
     -2  0.17044E+01  0.896E-03  0.382E-01  0.701E-04  1157
     -1  0.17007E+01  0.105E-02  0.373E-01  0.520E-04  1547
      0  0.17010E+01  0.118E-02  0.384E-01  0.636E-04  1695
      1  0.17005E+01  0.863E-03  0.380E-01  0.583E-04  1599
      2  0.17051E+01  0.999E-03  0.370E-01  0.520E-04  1218
      3  0.17099E+01  0.132E-02  0.373E-01  0.585E-04   746
      4  0.17203E+01  0.195E-02  0.329E-01  0.908E-04   429
      5  0.17263E+01  0.215E-02  0.318E-01  0.798E-04   190
      6  0.17435E+01  0.517E-02  0.365E-01  0.214E-03    53
      7  0.17499E+01  0.694E-02  0.354E-01  0.384E-03    27
#     8  0.17481E+01  jk failed  0.449E-01  jk failed     5
#    10  0.17905E+01  jk failed  0.278E-01  jk failed     2
&-----------------------------------------------------------
#beta =   2.00   kappa =   0.2694
#  Re(op_pbp_e)                                                    
#
#   -10  0.18294E+01  jk failed  0.000E+00  jk failed     1
#    -9  0.17651E+01  jk failed  0.670E-01  jk failed     4
#    -8  0.17413E+01  jk failed  0.112E-01  jk failed     3
     -7  0.17266E+01  0.788E-02  0.315E-01  0.330E-03    17
     -6  0.17248E+01  0.521E-02  0.387E-01  0.404E-03    55
     -5  0.17094E+01  0.300E-02  0.386E-01  0.160E-03   184
     -4  0.17029E+01  0.159E-02  0.374E-01  0.101E-03   375
     -3  0.16937E+01  0.170E-02  0.408E-01  0.690E-04   681
     -2  0.16854E+01  0.135E-02  0.421E-01  0.647E-04  1203
     -1  0.16808E+01  0.132E-02  0.425E-01  0.519E-04  1577
      0  0.16781E+01  0.123E-02  0.427E-01  0.553E-04  1831
      1  0.16809E+01  0.143E-02  0.416E-01  0.642E-04  1608
      2  0.16861E+01  0.119E-02  0.408E-01  0.719E-04  1214
      3  0.16950E+01  0.147E-02  0.425E-01  0.999E-04   673
      4  0.17054E+01  0.215E-02  0.376E-01  0.111E-03   339
      5  0.17122E+01  0.349E-02  0.405E-01  0.149E-03   152
      6  0.17215E+01  0.572E-02  0.338E-01  0.265E-03    55
      7  0.17292E+01  0.820E-02  0.338E-01  0.432E-03    18
#     8  0.17474E+01  jk failed  0.275E-01  jk failed     8
#     9  0.17711E+01  jk failed  0.258E-02  jk failed     2
&-----------------------------------------------------------
#beta =   2.00   kappa =   0.2708
#  Re(op_pbp_e)                                                    
#
#    -9  0.17312E+01  jk failed  0.000E+00  jk failed     1
#    -8  0.17227E+01  jk failed  0.611E-01  jk failed     5
#    -7  0.17284E+01  jk failed  0.355E-01  jk failed     7
     -6  0.17024E+01  0.733E-02  0.432E-01  0.446E-03    38
     -5  0.16926E+01  0.323E-02  0.370E-01  0.170E-03   133
     -4  0.16740E+01  0.240E-02  0.401E-01  0.149E-03   264
     -3  0.16727E+01  0.196E-02  0.457E-01  0.124E-03   683
     -2  0.16612E+01  0.122E-02  0.453E-01  0.944E-04  1224
     -1  0.16540E+01  0.985E-03  0.456E-01  0.670E-04  1653
      0  0.16520E+01  0.120E-02  0.481E-01  0.676E-04  1926
      1  0.16548E+01  0.128E-02  0.464E-01  0.711E-04  1745
      2  0.16605E+01  0.131E-02  0.460E-01  0.891E-04  1182
      3  0.16695E+01  0.225E-02  0.459E-01  0.990E-04   692
      4  0.16865E+01  0.270E-02  0.452E-01  0.171E-03   268
      5  0.16886E+01  0.312E-02  0.365E-01  0.175E-03   129
      6  0.17043E+01  0.813E-02  0.411E-01  0.292E-03    36
      7  0.17087E+01  0.137E-01  0.412E-01  0.719E-03    10
#     8  0.17265E+01  jk failed  0.361E-01  jk failed     4
&-----------------------------------------------------------
#beta =   2.00   kappa =   0.2722
#  Re(op_pbp_e)                                                    
#
#    -9  0.17078E+01  jk failed  0.000E+00  jk failed     1
#    -8  0.16828E+01  jk failed  0.377E-01  jk failed     2
#    -7  0.16924E+01  jk failed  0.404E-01  jk failed     7
     -6  0.16883E+01  0.995E-02  0.395E-01  0.545E-03    25
     -5  0.16741E+01  0.425E-02  0.492E-01  0.280E-03    93
     -4  0.16563E+01  0.266E-02  0.470E-01  0.272E-03   279
     -3  0.16424E+01  0.168E-02  0.491E-01  0.145E-03   673
     -2  0.16287E+01  0.114E-02  0.492E-01  0.111E-03  1166
     -1  0.16223E+01  0.108E-02  0.512E-01  0.879E-04  1752
      0  0.16185E+01  0.153E-02  0.529E-01  0.772E-04  2052
      1  0.16225E+01  0.969E-03  0.517E-01  0.968E-04  1762
      2  0.16322E+01  0.149E-02  0.481E-01  0.104E-03  1190
      3  0.16439E+01  0.187E-02  0.471E-01  0.147E-03   615
      4  0.16608E+01  0.267E-02  0.478E-01  0.226E-03   263
      5  0.16741E+01  0.516E-02  0.447E-01  0.333E-03    80
      6  0.16701E+01  0.802E-02  0.370E-01  0.459E-03    30
#     7  0.17292E+01  jk failed  0.288E-01  jk failed     7
#     8  0.17232E+01  jk failed  0.123E-01  jk failed     3
&-----------------------------------------------------------
#beta =   2.00   kappa =   0.2736
#  Re(op_pbp_e)                                                    
#
#    -8  0.17455E+01  jk failed  0.194E-01  jk failed     2
#    -7  0.17118E+01  jk failed  0.742E-01  jk failed     4
     -6  0.16609E+01  0.120E-01  0.359E-01  0.462E-03    10
     -5  0.16446E+01  0.580E-02  0.458E-01  0.450E-03    70
     -4  0.16301E+01  0.318E-02  0.510E-01  0.287E-03   187
     -3  0.16110E+01  0.241E-02  0.500E-01  0.155E-03   519
     -2  0.15975E+01  0.173E-02  0.530E-01  0.885E-04  1207
     -1  0.15844E+01  0.140E-02  0.536E-01  0.878E-04  1949
      0  0.15828E+01  0.156E-02  0.562E-01  0.124E-03  2171
      1  0.15864E+01  0.132E-02  0.565E-01  0.847E-04  1871
      2  0.15959E+01  0.172E-02  0.537E-01  0.102E-03  1181
      3  0.16126E+01  0.228E-02  0.460E-01  0.155E-03   534
      4  0.16274E+01  0.327E-02  0.455E-01  0.182E-03   201
      5  0.16505E+01  0.930E-02  0.579E-01  0.625E-03    67
      6  0.16690E+01  0.982E-02  0.393E-01  0.414E-03    17
#     7  0.16874E+01  jk failed  0.426E-01  jk failed     8
#     8  0.17349E+01  jk failed  0.227E-01  jk failed     2
&-----------------------------------------------------------
#beta =   2.00   kappa =   0.2750
#  Re(op_pbp_e)                                                    
#
#    -8  0.16917E+01  jk failed  0.000E+00  jk failed     1
#    -7  0.16210E+01  jk failed  0.305E-01  jk failed     3
     -6  0.16377E+01  0.121E-01  0.402E-01  0.806E-03    12
     -5  0.16144E+01  0.994E-02  0.489E-01  0.728E-03    38
     -4  0.15953E+01  0.279E-02  0.444E-01  0.193E-03   145
     -3  0.15761E+01  0.225E-02  0.497E-01  0.151E-03   481
     -2  0.15600E+01  0.158E-02  0.546E-01  0.143E-03  1085
     -1  0.15455E+01  0.125E-02  0.547E-01  0.112E-03  2067
      0  0.15371E+01  0.128E-02  0.587E-01  0.885E-04  2486
      1  0.15449E+01  0.139E-02  0.553E-01  0.109E-03  1878
      2  0.15593E+01  0.203E-02  0.529E-01  0.134E-03  1151
      3  0.15761E+01  0.314E-02  0.521E-01  0.192E-03   425
      4  0.15938E+01  0.337E-02  0.487E-01  0.219E-03   166
      5  0.16069E+01  0.662E-02  0.451E-01  0.421E-03    51
      6  0.16339E+01  0.123E-01  0.368E-01  0.702E-03    10
#     7  0.17683E+01  jk failed  0.000E+00  jk failed     1
&-----------------------------------------------------------
#beta =   2.00   kappa =   0.2780
#  Re(op_pbp_e)                                                    
#
     -5  0.15529E+01  0.135E-01  0.524E-01  0.173E-02    16
     -4  0.15132E+01  0.676E-02  0.484E-01  0.401E-03    66
     -3  0.14909E+01  0.397E-02  0.552E-01  0.337E-03   294
     -2  0.14700E+01  0.189E-02  0.568E-01  0.250E-03   925
     -1  0.14487E+01  0.178E-02  0.593E-01  0.236E-03  2156
      0  0.14335E+01  0.244E-02  0.635E-01  0.215E-03  3158
      1  0.14469E+01  0.200E-02  0.587E-01  0.253E-03  2178
      2  0.14718E+01  0.237E-02  0.558E-01  0.193E-03   869
      3  0.14971E+01  0.383E-02  0.558E-01  0.452E-03   264
      4  0.15205E+01  0.941E-02  0.604E-01  0.672E-03    63
#     5  0.15198E+01  jk failed  0.257E-01  jk failed     9
#     6  0.14502E+01  jk failed  0.127E+00  jk failed     2
&-----------------------------------------------------------
