 # triplet j1
 0.0010  0.13510224891131578        1.2061811584331120E-002   2.4597420659331068        2.5084128437672361E-002  0.51915519438364088        4.6425255911093123E-002
 0.0020  0.13964250526821934        9.9861032108211761E-003   1.2421088126875610        1.2408217668625147E-002  0.50476843084066292        3.6184899648817700E-002
 0.0030  0.14311172952187534        9.1811426349809530E-003  0.83907695423627537        8.1512151370592336E-003  0.49579402827504809        3.1898041669248096E-002
 0.0040  0.14623493598900966        8.5807938924525179E-003  0.63920398968246483        6.0052317659870340E-003  0.48900532982664024        2.8785720793962518E-002
 0.0050  0.14928268665961297        8.0604759598223615E-003  0.52036753248377754        4.7110120847211343E-003  0.48322083702189966        2.6182898314134929E-002
 0.0060  0.15235850220641223        7.5892266620328610E-003  0.44191884267409304        3.8471608684988428E-003  0.47796400132302042        2.3898898548300320E-002
 0.0070  0.15550304331287149        7.1585781935004861E-003  0.38646510241358378        3.2317048857564458E-003  0.47302083093075864        2.1865130334079663E-002
 0.0080  0.15871883145954141        6.7639085388780619E-003  0.34532581148049984        2.7727442862486343E-003  0.46832361177670434        2.0046288679868650E-002
 0.0090  0.16198912249080435        6.4010004199105295E-003  0.31368850303797541        2.4186628030100354E-003  0.46387364696223304        1.8416998338178645E-002
 0.0100  0.16529249102107188        6.0661977804649303E-003  0.28867245619751841        2.1381648915429667E-003  0.45968946077379602        1.6956181691754463E-002
 0.0200  0.19761372894110482        3.7809409262330551E-003  0.18219328184922101        9.3549597279132942E-004  0.43199533974835225        8.3394383020224637E-003
 0.0400  0.25406748343553576        1.8828685357803480E-003  0.13986192946876572        3.9668691518512949E-004  0.41633762960801690        3.1414196454744771E-003
 0.0600  0.30387600755682326        1.1291709939716533E-003  0.13264958852836986        2.3310737554105298E-004  0.41519026762586597        1.5853478087994660E-003
 0.0800  0.35029059944926688        7.6396109675368911E-004  0.13334416568383853        1.5773555037350328E-004  0.41698316169464011        9.4226233799729847E-004
 0.1000  0.39468076843583844        5.7824764446215058E-004  0.13682621500216111        1.1590946220739465E-004  0.41913476948987061        6.3922260516734652E-004
 0.1200  0.43774511995238941        4.8963070634973544E-004  0.14146025398685394        8.9921653044192936E-005  0.42092190224190690        4.8945196768278472E-004
 0.1400  0.47989877733977404        4.5786925271647336E-004  0.14657304706663946        7.2473712650744957E-005  0.42213992670072692        4.1606371339870506E-004
 0.1600  0.52141098565558130        4.6238103636073885E-004  0.15184451569280308        6.0085278073425680E-005  0.42276046547603047        3.8411649500453849E-004
 0.1800  0.56246622953716763        4.9263069114332853E-004  0.15710889140429832        5.0914043841225606E-005  0.42281966708093655        3.7660670020593558E-004
 0.2000  0.60319625645398001        5.4237885664323849E-004  0.16227614872313384        4.3901844765630649E-005  0.42237548566894612        3.8406288605861625E-004
 0.2200  0.64369846032536637        6.0704799576322274E-004  0.16729658612619663        3.8399773922479226E-005  0.42149012812016351        4.0042413015081420E-004
 0.2400  0.68404703055265104        6.8298204901935233E-004  0.17214325323502983        3.3988613519954669E-005  0.42022284607735994        4.2161456100024442E-004
 0.2600  0.72430000306493558        7.6730460837289168E-004  0.17680258121875378        3.0386264938872941E-005  0.41862724094661408        4.4493946701091458E-004
 0.2800  0.76450388487012844        8.5782563525446231E-004  0.18126910189615375        2.7396696532840872E-005  0.41675057563779411        4.6868195559195618E-004
 0.3000  0.80469678734519023        9.5291220144882462E-004  0.18554233878795237        2.4880250769795326E-005  0.41463396149754217        4.9179089722138495E-004
 0.3200  0.84491060818909502        1.0513562153475775E-003  0.18962491251736879        2.2735264943254844E-005  0.41231289817107325        5.1365255699713707E-004
 0.3400  0.88517258950933653        1.1522625958953322E-003  0.19352135418119432        2.0886483161838283E-005  0.40981792169424869        5.3393367818648744E-004
 0.3600  0.92550645189302461        1.2549644717196470E-003  0.19723734604887971        1.9277275692925732E-005  0.40717525090107881        5.5247827534326329E-004
 0.3800  0.96593323307499557        1.3589620221126071E-003  0.20077922780237151        1.7864423279501012E-005  0.40440738489078931        5.6924117723566577E-004


 # triplet j3
 0.0010  0.22472874123681622        1.8947077513412746E-002   2.4597420659331068        2.5084128437672361E-002  0.31210531376273576        2.6361951457325044E-002
 0.0020  0.22267588143022427        1.9685892208890492E-002   1.2421088126875610        1.2408217668625147E-002  0.31654585943554597        2.8029194051491454E-002
 0.0030  0.22099033481583910        2.0218875291368912E-002  0.83907695423627537        8.1512151370592336E-003  0.32107259773233393        2.9416982222992057E-002
 0.0040  0.21958152735201786        2.0562774299332915E-002  0.63920398968246483        6.0052317659870340E-003  0.32566338329017980        3.0535184022930619E-002
 0.0050  0.21837308085977666        2.0739181787655540E-002  0.52036753248377754        4.7110120847211343E-003  0.33033606759826306        3.1408070654764503E-002
 0.0060  0.21736399627056369        2.0765393809400283E-002  0.44191884267409304        3.8471608684988428E-003  0.33502272961302215        3.2038868369962156E-002
 0.0070  0.21656475676153999        2.0660141055051692E-002  0.38646510241358378        3.2317048857564458E-003  0.33964981126226884        3.2433482545427744E-002
 0.0080  0.21598268691017830        2.0444019030207750E-002  0.34532581148049984        2.7727442862486343E-003  0.34415617968963935        3.2605674160448669E-002
 0.0090  0.21562049417810975        2.0138157922377924E-002  0.31368850303797541        2.4186628030100354E-003  0.34849416937126160        3.2575785398820792E-002
 0.0100  0.21547637302584324        1.9762695463906538E-002  0.28867245619751841        2.1381648915429667E-003  0.35262899129233521        3.2368181819201702E-002
 0.0200  0.22391344885549497        1.4988346662598883E-002  0.18219328184922101        9.3549597279132942E-004  0.38125539314051965        2.5539284979638310E-002
 0.0400  0.26016616178447860        7.5915737631765358E-003  0.13986192946876572        3.9668691518512949E-004  0.40657806183746270        1.1877833644448121E-002
 0.0600  0.30684214176151275        4.2723337772861128E-003  0.13264958852836986        2.3310737554105298E-004  0.41117677049933227        5.7364310820531648E-003
 0.0800  0.35225944679047411        2.9329750423148127E-003  0.13334416568383853        1.5773555037350328E-004  0.41465256077900586        3.4611711217911959E-003
 0.1000  0.39629861756083828        2.4692667137216255E-003  0.13682621500216111        1.1590946220739465E-004  0.41742369407848062        2.6068959431762972E-003
 0.1200  0.43930075089508874        2.3974493136604707E-003  0.14146025398685394        8.9921653044192936E-005  0.41943135360466194        2.2928922428920666E-003
 0.1400  0.48153495807919650        2.4996914409916495E-003  0.14657304706663946        7.2473712650744957E-005  0.42070556102110096        2.1863958979765749E-003
 0.1600  0.52319473300273256        2.6773314017419442E-003  0.15184451569280308        6.0085278073425680E-005  0.42131913242887736        2.1576167846096839E-003
 0.1800  0.56442303424486151        2.8845770079725000E-003  0.15710889140429832        5.0914043841225606E-005  0.42135378871515283        2.1544800738524318E-003
 0.2000  0.60532900304882820        3.0993293881685039E-003  0.16227614872313384        4.3901844765630649E-005  0.42088733645707838        2.1557263111136316E-003
 0.2200  0.64599819047208329        3.3107438920390595E-003  0.16729658612619663        3.8399773922479226E-005  0.41998963853911198        2.1529885695719345E-003
 0.2400  0.68649907198958871        3.5136608785187999E-003  0.17214325323502983        3.3988613519954669E-005  0.41872189163565432        2.1435140176288467E-003
 0.2600  0.72688744386955317        3.7059128175234769E-003  0.17680258121875378        3.0386264938872941E-005  0.41713708835932561        2.1270050352879401E-003
 0.2800  0.76720950280725209        3.8869233818237736E-003  0.18126910189615375        2.7396696532840872E-005  0.41528087560328414        2.1041768838222339E-003
 0.3000  0.80750409751797780        4.0569553857922741E-003  0.18554233878795237        2.4880250769795326E-005  0.41319247514264557        2.0760918821232433E-003
 0.3200  0.84780439391485585        4.2166921491264544E-003  0.18962491251736879        2.2735264943254844E-005  0.41090556271983197        2.0438536603346333E-003
 0.3400  0.88813913763606755        4.3670071183371916E-003  0.19352135418119432        2.0886483161838283E-005  0.40844905443417190        2.0084773576145311E-003
 0.3600  0.92853361392942679        4.5088349282259429E-003  0.19723734604887971        1.9277275692925732E-005  0.40584779711459268        1.9708423676616429E-003
 0.3800  0.96901037634341713        4.6430970071692544E-003  0.20077922780237151        1.7864423279501012E-005  0.40312316803151016        1.9316827700272226E-003


