# triplet j1 / nf 2 / mode 2 / nplat 10 / jkb  20 / start  8001 / nmeas  2000
 0.0010   1.2481972080696180E-002   9.0979631923211839E-003   1.4083467835973361E-002   9.7741536904656992E-003  0.42519347783774741       0.34324801113602188     
 0.0020   2.4715993700243858E-002   1.7336862526085746E-002   2.7471778522674864E-002   1.8332588030818095E-002  0.42412640182931510       0.32944353578456165     
 0.0030   3.6557821990667150E-002   2.4043924915920827E-002   3.9594039214700609E-002   2.4840204414423670E-002  0.42160933270060802       0.30721487280546994     
 0.0040   4.7841722073135473E-002   2.8963080899929369E-002   5.0083879523181656E-002   2.9007784869402215E-002  0.41839565984179566       0.28078219824074058     
 0.0050   5.8449767712650570E-002   3.2158380333603118E-002   5.8796531448030376E-002   3.1010060830333738E-002  0.41485188121297983       0.25311008687850528     
 0.0060   6.8310883045896359E-002   3.3884857328407687E-002   6.5773515256721760E-002   3.1281686634418278E-002  0.41126926048245216       0.22623650515582550     
 0.0070   7.7397775035501548E-002   3.4463246064174016E-002   7.1181656261055215E-002   3.0325855515902767E-002  0.40786795574372287       0.20132556564678344     
 0.0080   8.5719745625388186E-002   3.4200554964245046E-002   7.5251518557136757E-002   2.8595947046691612E-002  0.40479650287791480       0.17888470909500526     
 0.0090   9.3313366852549318E-002   3.3354698129232911E-002   7.8229587383777388E-002   2.6447285228328284E-002  0.40214059188580037       0.15900708240083647     
 0.0100  0.10023305360459107        3.2126769662004936E-002   8.0347939249663491E-002   2.4132903018578452E-002  0.39993683716552858       0.14156114696439140     
 0.0200  0.14528811031068531        1.5557175828136843E-002   8.3930016629249524E-002   8.0098356721896077E-003  0.39880314550503060        4.6751341393880139E-002
 0.0400  0.20134421901216676        5.9588126989876377E-003   8.8311958258480150E-002   1.4542128581042501E-003  0.41746068976269146        1.2824006756094354E-002
 0.0600  0.25133288235974766        6.3367119001780971E-003   9.8095457452003917E-002   2.5228977717181231E-003  0.43168380849184262        1.2217724656498535E-002
 0.0800  0.30030933697348400        7.7922491787099125E-003  0.10861705738437001        2.7707342259813538E-003  0.43897538926356183        1.2691991290444071E-002
 0.1000  0.34870253222016040        8.2170155932150997E-003  0.11856387215091121        2.3311979777442559E-003  0.44160713727591216        1.1275569949291426E-002
 0.1200  0.39615683016269226        7.8595048039273897E-003  0.12763861032671517        1.7699899185261378E-003  0.44180386046675785        9.2849859927700857E-003
 0.1400  0.44253673647368641        7.1229882230190479E-003  0.13588061846612540        1.2971926249808951E-003  0.44076636333651059        7.3998802165079845E-003
 0.1600  0.48787736542575250        6.2822674254457925E-003  0.14341051280503228        9.4658872928250640E-004  0.43909128116868024        5.8368119057769967E-003
 0.1800  0.53230415239040874        5.4826193566024500E-003  0.15034339458593204        6.9780997345556906E-004  0.43705246327753394        4.6143997063826867E-003
 0.2000  0.57597071201732519        4.7854709386539280E-003  0.15677017667203180        5.2295749562918364E-004  0.43477175200218854        3.6843828503482336E-003
 0.2200  0.61902530609127060        4.2073444613605097E-003  0.16275964583930835        3.9926970346906154E-004  0.43230603939491918        2.9857271940578614E-003
 0.2400  0.66159772803047590        3.7438809673837952E-003  0.16836420237538213        3.1054986391377062E-004  0.42968628532202552        2.4636098671506155E-003
 0.2600  0.70379686026863297        3.3825297933905204E-003  0.17362474478698972        2.4581605911625241E-004  0.42693342451479227        2.0740297409059384E-003
 0.2800  0.74571263321799763        3.1085562230308101E-003  0.17857410131010124        1.9772836383808844E-004  0.42406433586493991        1.7832645764995179E-003
 0.3000  0.78741923678248393        2.9076142380044844E-003  0.18323931913490588        1.6137405142143990E-004  0.42109388950590387        1.5659426535817300E-003
 0.3200  0.82897827468897733        2.7667248985031533E-003  0.18764318728187590        1.3343342116979164E-004  0.41803557173552869        1.4030934425730023E-003
 0.3400  0.87044143573227095        2.6745827966712793E-003  0.19180526756131352        1.1163187019106356E-004  0.41490165268136808        1.2805621114165935E-003
 0.3600  0.91185262784895860        2.6215903106789154E-003  0.19574261040166202        9.4385623839496376E-005  0.41170323739630876        1.1878077725617430E-003
 0.3800  0.95324964278258495        2.5997735056842771E-003  0.19947026546695606        8.0573165722561883E-005  0.40845030789166969        1.1170064932888816E-003


# triplet j3 / nf 2 / mode 2 / nplat 10 / jkb  20 / start  8001 / nmeas  2000
 0.0010   9.9646385763027992E-002   6.2364973433988891E-002   1.4083467835973361E-002   9.7741536904656992E-003   5.3260869208906464E-002   3.8114801732187814E-002
 0.0020  0.10018910993389452        6.1781924943918591E-002   2.7471778522674864E-002   1.8332588030818095E-002  0.10462919056409435        7.3359278306234482E-002
 0.0030  0.10108130868196041        6.0618110140104091E-002   3.9594039214700609E-002   2.4840204414423670E-002  0.15248238408713352       0.10319745248421951     
 0.0040  0.10228197270337878        5.7546376117626363E-002   5.0083879523181656E-002   2.9007784869402215E-002  0.19570182648712328       0.12383615546565631     
 0.0050  0.10382622100087596        5.5823059642768923E-002   5.8796531448030376E-002   3.1010060830333738E-002  0.23354404945404111       0.13985718744214148     
 0.0060  0.10567452053282989        5.4070180967059983E-002   6.5773515256721760E-002   3.1281686634418278E-002  0.26585563115435251       0.15000275885537726     
 0.0070  0.10667366941669747        6.5987722236690999E-002   7.1181656261055215E-002   3.0325855515902767E-002  0.29593124953383543       0.19361125999179440     
 0.0080  0.10884622671631666        6.2320563352646519E-002   7.5251518557136757E-002   2.8595947046691612E-002  0.31878967515499540       0.19231271939727310     
 0.0090  0.11119313601847040        5.7138232044253716E-002   7.8229587383777388E-002   2.6447285228328284E-002  0.33747669973718231       0.18255906617668893     
 0.0100  0.11372199176091854        5.0769510272106688E-002   8.0347939249663491E-002   2.4132903018578452E-002  0.35249901815243456       0.16603330332021546     
 0.0200  0.14503755306490118        3.2194737690526540E-002   8.3930016629249524E-002   8.0098356721896077E-003  0.39949209133758384        9.0703118337648325E-002
 0.0400  0.20678411440028702        1.8288375419035916E-002   8.8311958258480150E-002   1.4542128581042501E-003  0.40647849953232618        3.6105163969709447E-002
 0.0600  0.25999798231223237        1.3989906012515580E-002   9.8095457452003917E-002   2.5228977717181231E-003  0.41729683781158944        2.3086126790098263E-002
 0.0800  0.31030488074891993        1.2663657582788783E-002  0.10861705738437001        2.7707342259813538E-003  0.42483510984181050        1.8164700746027926E-002
 0.1000  0.35877702134678169        1.1889540582217953E-002  0.11856387215091121        2.3311979777442559E-003  0.42920677148318676        1.4836200010945629E-002
 0.1200  0.40571238046474412        1.1101314959341295E-002  0.12763861032671517        1.7699899185261378E-003  0.43139826474031029        1.2177224132720528E-002
 0.1400  0.45139133066623982        1.0307393689139180E-002  0.13588061846612540        1.2971926249808951E-003  0.43212019090047393        1.0080619881236564E-002
 0.1600  0.49604708205569964        9.5811224128976163E-003  0.14341051280503228        9.4658872928250640E-004  0.43185960604832191        8.4622330558755104E-003
 0.1800  0.53987436998942362        8.9613101818649434E-003  0.15034339458593204        6.9780997345556906E-004  0.43092403334436041        7.2224279399620466E-003
 0.2000  0.58303778127836425        8.4546107234203093E-003  0.15677017667203180        5.2295749562918364E-004  0.42950183265424186        6.2692546151319464E-003
 0.2200  0.62567539958020790        8.0509810614649985E-003  0.16275964583930835        3.9926970346906154E-004  0.42771120383044386        5.5285911514092890E-003
 0.2400  0.66790190272483774        7.7346019328661782E-003  0.16836420237538213        3.1054986391377062E-004  0.42563057385393371        4.9445979625630833E-003
 0.2600  0.70981202771198737        7.4894375452845092E-003  0.17362474478698972        2.4581605911625241E-004  0.42331545815840471        4.4765681558814599E-003
 0.2800  0.75148406727390571        7.3014331079747693E-003  0.17857410131010124        1.9772836383808844E-004  0.42080750121402655        4.0952056168081386E-003
 0.3000  0.79298304768306815        7.1590399147616951E-003  0.18323931913490588        1.6137405142143990E-004  0.41813936635506505        3.7794439580980262E-003
 0.3200  0.83436342606831393        7.0530448139189883E-003  0.18764318728187590        1.3343342116979164E-004  0.41533748506800616        3.5140370544722377E-003
 0.3400  0.87567129506455832        6.9761858842572293E-003  0.19180526756131352        1.1163187019106356E-004  0.41242369400841977        3.2878354728550336E-003
 0.3600  0.91694614654696538        6.9227563692195841E-003  0.19574261040166202        9.4385623839496376E-005  0.40941627851044077        3.0925850784706168E-003
 0.3800  0.95822226350553041        6.8882639248197888E-003  0.19947026546695606        8.0573165722561883E-005  0.40633068643987297        2.9220960300155225E-003


