# triplet j1 / nf 4 / mode 2 / nplat 10 / jkb  20 / start  2001 / nmeas  2000
 0.0010   4.1732238100024638E-003   1.0903953960534687E-003   2.4614374208435288E-003   1.2794219448342573E-004  0.53166457085043639       0.13960080321304874     
 0.0020   8.2680618490721287E-003   2.1423747920778615E-003   4.9337335245455954E-003   2.5909880227179037E-004  0.53729663855738685       0.13993437412165374     
 0.0030   1.2440378125178307E-002   3.2193721921171202E-003   7.4271607572604795E-003   3.9762749416086154E-004  0.53660344474531696       0.13960537325145195     
 0.0040   1.6646366532371532E-002   4.3200698561648640E-003   9.9508326727366387E-003   5.4912835378296047E-004  0.53598822909179444       0.13988379249225108     
 0.0050   2.0896310915661735E-002   5.4463482153379334E-003   1.2512161115738555E-002   7.2037844591981131E-004  0.53529913613891511       0.14036708583594967     
 0.0060   2.5198872258026406E-002   6.5994209056563849E-003   1.5116364172359158E-002   9.1828113354571665E-004  0.53448213200785710       0.14091565484046120     
 0.0070   2.9560875046043537E-002   7.7781829140117463E-003   1.7766051165468238E-002   1.1483919286845608E-003  0.53350953596613537       0.14143431402395260     
 0.0080   3.3987145630197925E-002   8.9787211012221334E-003   2.0460915212137210E-002   1.4135727982194362E-003  0.53236295466128147       0.14183677876963410     
 0.0090   3.8480399690264157E-002   1.0194157523513716E-002   2.3197564989436738E-002   1.7131797453982004E-003  0.53102855895134138       0.14203913310204497     
 0.0100   4.3041181857927623E-002   1.1414741447717574E-002   2.5969523597845059E-002   2.0428852550969721E-003  0.52949614329851658       0.14196105208780579     
 0.0200   9.1130727195464736E-002   2.0802898914450727E-002   5.2825094291604154E-002   4.7910114363901466E-003  0.50441187268344767       0.11739482407403579     
 0.0400  0.17636535584527513        1.5474642320358322E-002   8.2646550933568305E-002   2.2425897084637821E-003  0.46104581215745732        4.0933819191141162E-002
 0.0600  0.24119229256823910        8.1495129142112113E-003   9.7131539126129568E-002   9.9236060402243783E-004  0.44761778385264461        1.5296182329340194E-002
 0.0800  0.29696276554217560        4.7702318523775615E-003  0.10811290435906165        5.3009555810038553E-004  0.44289090255932312        7.1967127556465350E-003
 0.1000  0.34742137515456095        3.1964356223841916E-003  0.11768063536902583        3.9342593151786386E-004  0.44158159632308608        4.1292627698989786E-003
 0.1200  0.39449281004874981        2.5985281182002128E-003  0.12636250827055295        3.5668650729553977E-004  0.44144402970712249        2.9737946704821577E-003
 0.1400  0.43957919130276601        2.4004915834114878E-003  0.13436563770301613        3.2258852594881657E-004  0.44125130089940179        2.4671536018301171E-003
 0.1600  0.48351970248173204        2.2809644286483212E-003  0.14179903409049094        2.8217448968455782E-004  0.44055227674628439        2.1239927661868651E-003
 0.1800  0.52673726250452158        2.1709363113269495E-003  0.14873207610690303        2.4164246880339067E-004  0.43929830554758670        1.8453919401599551E-003
 0.2000  0.56945655492745417        2.0862788764429274E-003  0.15521613784453830        2.0523802074688200E-004  0.43756022372487524        1.6289524795615271E-003
 0.2200  0.61181149940050583        2.0438017387454750E-003  0.16129317081864095        1.7434391058736276E-004  0.43542834067747788        1.4734942407387227E-003
 0.2400  0.65389208940145305        2.0447180637153963E-003  0.16699903784284273        1.4876620751813843E-004  0.43298367252422765        1.3676045123644997E-003
 0.2600  0.69576598580514315        2.0801104108940254E-003  0.17236492309751486        1.2772950623825760E-004  0.43029165485472615        1.2962717164617399E-003
 0.2800  0.73748844601491759        2.1388730109524082E-003  0.17741812229262130        1.1038367401735379E-004  0.42740321239643875        1.2466703242121589E-003
 0.3000  0.77910657700134445        2.2119893717687236E-003  0.18218263746591573        9.5993461918743463E-005  0.42435785662108777        1.2099855725041990E-003
 0.3200  0.82066101405003700        2.2934209782420646E-003  0.18667968279058847        8.3974626701745382E-005  0.42118676088723850        1.1808553675909878E-003
 0.3400  0.86218673143545199        2.3795321223844469E-003  0.19092811837716275        7.3874073741144638E-005  0.41791510419558203        1.1562258540375105E-003
 0.3600  0.90371377470865488        2.4682874961254337E-003  0.19494481448170187        6.5338991035769010E-005  0.41456362191883733        1.1344150852978731E-003
 0.3800  0.94526811255424348        2.5586216631319795E-003  0.19874495140027867        5.8090521723658255E-005  0.41114957063184621        1.1145074990453578E-003


# triplet j3 / nf 4 / mode 2 / nplat 10 / jkb  20 / start  2001 / nmeas  2000
 0.0010   9.0754136465464666E-002   9.3431808794510698E-002   2.4614374208435288E-003   1.2794219448342573E-004   2.4447979259348714E-002   2.5177327946456562E-002
 0.0020   9.1038161958776218E-002   9.3057837039413574E-002   4.9337335245455954E-003   2.5909880227179037E-004   4.8797138950395662E-002   4.9896154396006497E-002
 0.0030   9.1231738769882040E-002   9.1349345809902893E-002   7.4271607572604795E-003   3.9762749416086154E-004   7.3171352929521719E-002   7.3291855365173714E-002
 0.0040   9.1762211505908492E-002   8.8919464840686122E-002   9.9508326727366387E-003   5.4912835378296047E-004   9.7232361470758963E-002   9.4258340503224680E-002
 0.0050   9.2495771033873297E-002   8.7441783262132450E-002   1.2512161115738555E-002   7.2037844591981131E-004  0.12093284975750421       0.11437804657534240     
 0.0060   9.3497420898431133E-002   8.6174324452058929E-002   1.5116364172359158E-002   9.1828113354571665E-004  0.14405046512774550       0.13283992472698541     
 0.0070   9.4601651732909645E-002   8.3693662239480354E-002   1.7766051165468238E-002   1.1483919286845608E-003  0.16670965506071858       0.14758567874446521     
 0.0080   9.5886154150798764E-002   8.0167281724321721E-002   2.0460915212137210E-002   1.4135727982194362E-003  0.18869770540322273       0.15789858570189405     
 0.0090   9.7384910841194397E-002   7.4207898611746148E-002   2.3197564989436738E-002   1.7131797453982004E-003  0.20982913080564053       0.16007870498074972     
 0.0100   9.8788700336943480E-002   6.8247989003708223E-002   2.5969523597845059E-002   2.0428852550969721E-003  0.23069581560493563       0.15963386570835153     
 0.0200  0.12408107938577423        2.9995204016533356E-002   5.2825094291604154E-002   4.7910114363901466E-003  0.37046277314169529        9.1117312164562772E-002
 0.0400  0.19388697779675498        1.7197926595688327E-002   8.2646550933568305E-002   2.2425897084637821E-003  0.41938096950152542        3.7632056705090552E-002
 0.0600  0.25408086396657292        1.1522308705439910E-002   9.7131539126129568E-002   9.9236060402243783E-004  0.42491180876942164        1.9391185958184724E-002
 0.0800  0.30521052145220773        8.1114773960145499E-003  0.10811290435906165        5.3009555810038553E-004  0.43092258625848706        1.1501107599024675E-002
 0.1000  0.35253501786361391        6.6474455290051939E-003  0.11768063536902583        3.9342593151786386E-004  0.43517630210813490        8.2379203285554911E-003
 0.1200  0.39797751075775861        6.2216135251692839E-003  0.12636250827055295        3.5668650729553977E-004  0.43757873510698503        6.8685237924788973E-003
 0.1400  0.44239585476202764        6.2048973816104074E-003  0.13436563770301613        3.2258852594881657E-004  0.43844192463102882        6.1719224483804862E-003
 0.1600  0.48630682638344286        6.3038334729510663E-003  0.14179903409049094        2.8217448968455782E-004  0.43802738152816845        5.6947050696622824E-003
 0.1800  0.52980520067404147        6.4220257848511091E-003  0.14873207610690303        2.4164246880339067E-004  0.43675446483466013        5.3059879160839603E-003
 0.2000  0.57284787291965911        6.5334341096832576E-003  0.15521613784453830        2.0523802074688200E-004  0.43496982245162219        4.9692379551906397E-003
 0.2200  0.61545686321115345        6.6221978430397064E-003  0.16129317081864095        1.7434391058736276E-004  0.43284928955283158        4.6632468772401089E-003
 0.2400  0.65771143974369928        6.6847760913214581E-003  0.16699903784284273        1.4876620751813843E-004  0.43046932316383507        4.3793566121893765E-003
 0.2600  0.69970306615125089        6.7274995061696596E-003  0.17236492309751486        1.2772950623825760E-004  0.42787049522376852        4.1169394099916700E-003
 0.2800  0.74151294060290451        6.7595489411062439E-003  0.17741812229262130        1.1038367401735379E-004  0.42508352002022864        3.8772694277789291E-003
 0.3000  0.78320562802486071        6.7887084029975495E-003  0.18218263746591573        9.5993461918743463E-005  0.42213690155606032        3.6607088172471635E-003
 0.3200  0.82482960623116519        6.8200028778817668E-003  0.18667968279058847        8.3974626701745382E-005  0.41905813234994377        3.4662126934917000E-003
 0.3400  0.86642068012718354        6.8558245611096066E-003  0.19092811837716275        7.3874073741144638E-005  0.41587287326867939        3.2917075280790038E-003
 0.3600  0.90800616662583333        6.8966068995277704E-003  0.19494481448170187        6.5338991035769010E-005  0.41260386701266394        3.1346254412018991E-003
 0.3800  0.94960859401748321        6.9416112573729427E-003  0.19874495140027867        5.8090521723658255E-005  0.40927028362750634        2.9923517256752311E-003


