# triplet j1 / nf 3 / mode 2 / nplat 10 / jkb  20 / start  2001 / nmeas  2000
 0.0010   4.5579837493269796E-003   9.7931187490612180E-004   2.6169692807621230E-003   1.4252122318578634E-004  0.50192813211327447       0.10870510400758285     
 0.0020   9.2487147782605045E-003   1.9703955807175546E-003   5.3653718680754178E-003   3.1889183547896733E-004  0.50089710675769294       0.10774697504154042     
 0.0030   1.4056067062581558E-002   3.0301711918070818E-003   8.2379055809338100E-003   5.4138524552778281E-004  0.50017296014403856       0.10907140443149507     
 0.0040   1.8970615495205529E-002   4.1359643092650526E-003   1.1223600124696651E-002   8.1331480179806261E-004  0.49949329689313432       0.11039286677541384     
 0.0050   2.3983813722534133E-002   5.2749640585472192E-003   1.4307844719458829E-002   1.1313481887873784E-003  0.49873387417646126       0.11144892793993037     
 0.0060   2.9085226139141482E-002   6.4331870832726023E-003   1.7472639124303163E-002   1.4875036296342528E-003  0.49784876234757308       0.11213681555555667     
 0.0070   3.4262800257134449E-002   7.5951104893631416E-003   2.0697078450706449E-002   1.8705992138155871E-003  0.49681612861466173       0.11239546359124412     
 0.0080   3.9503162992321060E-002   8.7441510401223780E-003   2.3958055667330936E-002   2.2674365780964920E-003  0.49562579978037147       0.11218729160794863     
 0.0090   4.4791902908637632E-002   9.8633072141254483E-003   2.7231137863410183E-002   2.6639038852104384E-003  0.49427612571197871       0.11149382170003133     
 0.0100   5.0113882519390911E-002   1.0935920444624932E-002   3.0491548302576499E-002   3.0460377724450525E-003  0.49277275277054083       0.11031448686094512     
 0.0200  0.10200821778825524        1.6828171484720506E-002   5.8324420699747914E-002   4.4351586669618675E-003  0.47350007557600060        8.0160542471517562E-002
 0.0400  0.18279432494806047        1.1307747922981469E-002   8.4900130263896742E-002   1.7788291500879844E-003  0.45085455667188806        2.8287191041674969E-002
 0.0600  0.24529140738111371        6.4000386161014331E-003   9.8641972276702961E-002   8.9202407663560340E-004  0.44354650504040144        1.1745312040335944E-002
 0.0800  0.30011327330250143        4.0076909602674042E-003  0.10943937000018432        5.3858425948748385E-004  0.44092180825077554        5.9871627654970736E-003
 0.1000  0.35019180503829228        2.8269601448322381E-003  0.11892780151213111        3.9640918887502626E-004  0.44040345192920921        3.6301774244746582E-003
 0.1200  0.39731882601041318        2.2683434105772527E-003  0.12754994474277379        3.2649683332998798E-004  0.44035873421468741        2.5764641519463176E-003
 0.1400  0.44265572521081920        1.9855137977642153E-003  0.13549129283631758        2.7651233059660822E-004  0.44001615670420080        2.0241013504246003E-003
 0.1600  0.48685968827201703        1.8245141784365665E-003  0.14285536668324431        2.3412599161016465E-004  0.43915663898530127        1.6846321058514621E-003
 0.1800  0.53029237059818812        1.7404233398270554E-003  0.14971299312386291        1.9756581761884922E-004  0.43778977905222899        1.4655778317981172E-003
 0.2000  0.57316614530334842        1.7172588318395366E-003  0.15611921308327398        1.6670378321998895E-004  0.43599111812599356        1.3268477559717311E-003
 0.2200  0.61562043300000935        1.7400884246907991E-003  0.16211940198741970        1.4118588554132714E-004  0.43384121605903758        1.2407442163200469E-003
 0.2400  0.65775712022340938        1.7936711196913061E-003  0.16775180734528608        1.2033473017251448E-004  0.43140846713302849        1.1865617202602731E-003
 0.2600  0.69965602670887261        1.8656394987224525E-003  0.17304897930794547        1.0335575789733485E-004  0.42874751254606641        1.1504066880734150E-003
 0.2800  0.74138156256653287        1.9476079222144600E-003  0.17803883005732421        8.9495632604607650E-005  0.42590192011400169        1.1239526062760896E-003
 0.3000  0.78298610436877802        2.0346128930586512E-003  0.18274549786828689        7.8112733638522626E-005  0.42290703895981197        1.1026472405364280E-003
 0.3200  0.82451248362568952        2.1240822898894187E-003  0.18719005218314141        6.8690130203748724E-005  0.41979197700001608        1.0841937859226076E-003
 0.3400  0.86599623889645427        2.2148750507513886E-003  0.19139105713145860        6.0822436685355446E-005  0.41658082059456747        1.0675027799397138E-003
 0.3600  0.90746760212196553        2.3065558113161272E-003  0.19536501463458264        5.4195168349372005E-005  0.41329344406774626        1.0520515595051924E-003
 0.3800  0.94895311328172194        2.3989466659794152E-003  0.19912671046391864        4.8564799019632269E-005  0.40994613938976787        1.0375459166086700E-003


# triplet j3 / nf 3 / mode 2 / nplat 10 / jkb  20 / start  2001 / nmeas  2000
 0.0010   8.8864480149662958E-002   8.2161737583934719E-002   2.6169692807621230E-003   1.4252122318578634E-004   2.5744597455016196E-002   2.3813091893865140E-002
 0.0020   8.9389217467173779E-002   7.9207509209522964E-002   5.3653718680754178E-003   3.1889183547896733E-004   5.1825651962542851E-002   4.5948368914898320E-002
 0.0030   8.9893242476321064E-002   7.4820536855857572E-002   8.2379055809338100E-003   5.4138524552778281E-004   7.8209045274192285E-002   6.5146177524628035E-002
 0.0040   9.0712512805501938E-002   6.9445092943982517E-002   1.1223600124696651E-002   8.1331480179806261E-004  0.10445852490173181        8.0057885718689686E-002
 0.0050   9.1802318889046969E-002   6.5369266686552824E-002   1.4307844719458829E-002   1.1313481887873784E-003  0.13029671232839812        9.2922697641699928E-002
 0.0060   9.3016222452704370E-002   5.6200991943882603E-002   1.7472639124303163E-002   1.4875036296342528E-003  0.15567224140212194        9.4291285665901128E-002
 0.0070   9.4232154173593569E-002   4.9143052400563915E-002   2.0697078450706449E-002   1.8705992138155871E-003  0.18064228636743923        9.4559856684751795E-002
 0.0080   9.5642547701107375E-002   4.1213927774060292E-002   2.3958055667330936E-002   2.2674365780964920E-003  0.20470791737072064        8.8742260145872900E-002
 0.0090   9.7352452530364342E-002   3.7229664822449327E-002   2.7231137863410183E-002   2.6639038852104384E-003  0.22741664598581288        8.7677484848887863E-002
 0.0100   9.9384577419143721E-002   3.4509341698524196E-002   3.0491548302576499E-002   3.0460377724450525E-003  0.24847674037946832        8.7166762453420796E-002
 0.0200  0.12888869627248475        2.1444763537337885E-002   5.8324420699747914E-002   4.4351586669618675E-003  0.37474891304663849        6.3958796188084824E-002
 0.0400  0.19785661585927436        1.3906597280689085E-002   8.4900130263896742E-002   1.7788291500879844E-003  0.41653221439515381        2.9599888434228876E-002
 0.0600  0.25688470755684284        1.0419022464541773E-002   9.8641972276702961E-002   8.9202407663560340E-004  0.42352909013184337        1.7284387203208323E-002
 0.0800  0.30821520515282474        8.1714651730146696E-003  0.10943937000018432        5.3858425948748385E-004  0.42933147012972855        1.1431444412611206E-002
 0.1000  0.35579005735789193        6.9614944235994562E-003  0.11892780151213111        3.9640918887502626E-004  0.43347383263452971        8.5121897273990020E-003
 0.1200  0.40147319854936769        6.4576950603417631E-003  0.12754994474277379        3.2649683332998798E-004  0.43580198113796786        7.0320293367550054E-003
 0.1400  0.44613280693118007        6.3074650674688829E-003  0.13549129283631758        2.7651233059660822E-004  0.43658674709484285        6.1885578176298847E-003
 0.1600  0.49012582202639593        6.2807980378272767E-003  0.14285536668324431        2.3412599161016465E-004  0.43623015713596863        5.6015609372610927E-003
 0.1800  0.53357326948803097        6.2835034608475105E-003  0.14971299312386291        1.9756581761884922E-004  0.43509784510011179        5.1318664169430492E-003
 0.2000  0.57654785084835569        6.2899785625830339E-003  0.15611921308327398        1.6670378321998895E-004  0.43343383935100355        4.7343030090282456E-003
 0.2200  0.61913100033168311        6.2973292663868292E-003  0.16211940198741970        1.4118588554132714E-004  0.43138127010347316        4.3917008582511421E-003
 0.2400  0.66140731409909981        6.3091569341465117E-003  0.16775180734528608        1.2033473017251448E-004  0.42902759756735870        4.0953813555395530E-003
 0.2600  0.70345019716421509        6.3296632898795224E-003  0.17304897930794547        1.0335575789733485E-004  0.42643499468558155        3.8391858948050930E-003
 0.2800  0.74531628945055928        6.3610621114767434E-003  0.17803883005732421        8.9495632604607650E-005  0.42365346833755330        3.6173291243574586E-003
 0.3000  0.78704832557045168        6.4029430135984829E-003  0.18274549786828689        7.8112733638522626E-005  0.42072427344950558        3.4239358209645541E-003
 0.3200  0.82868103316916542        6.4529969690293081E-003  0.18719005218314141        6.8690130203748724E-005  0.41768027951445169        3.2534081499295949E-003
 0.3400  0.87024570111894051        6.5082460344620379E-003  0.19139105713145860        6.0822436685355446E-005  0.41454663133347397        3.1009407522587951E-003
 0.3600  0.91177229493985468        6.5660267466831936E-003  0.19536501463458264        5.4195168349372005E-005  0.41134218789311505        2.9627843984750967E-003
 0.3800  0.95328988354957200        6.6244433229079277E-003  0.19912671046391864        4.8564799019632269E-005  0.40808118492061346        2.8362064182960870E-003


