# triplet j1 / nf 2 / mode 2 / nplat 10 / jkb  20 / start     1 / nmeas  2000
 0.0010   1.0995404909452932E-002   5.2038433042927885E-003   1.2540202149292448E-002   5.0025639321978829E-003  0.45546608029659330       0.23392222637603188     
 0.0020   2.1832905772773407E-002   1.0031970690312279E-002   2.4547653862122345E-002   9.4619326900499921E-003  0.45386161131195141       0.22614562072599015     
 0.0030   3.2391355316359817E-002   1.4240023976731136E-002   3.5573613072666793E-002   1.2975252764574972E-002  0.45103525907968706       0.21467048862074636     
 0.0040   4.2553464009089048E-002   1.7650713329573527E-002   4.5310930723143822E-002   1.5356250286411837E-002  0.44741605684333502       0.20047270725759284     
 0.0050   5.2229095195751557E-002   2.0206946224805292E-002   5.3612137108647533E-002   1.6627239010195218E-002  0.44332176896162578       0.18478115094091679     
 0.0060   6.1357073516544694E-002   2.1947628867946774E-002   6.0472088679614719E-002   1.6953845249335620E-002  0.43903937381875036       0.16867447253605344     
 0.0070   6.9904614280841548E-002   2.2973058065407011E-002   6.5989982270144937E-002   1.6565810392638828E-002  0.43480765352150258       0.15296037208961616     
 0.0080   7.7864287296930304E-002   2.3411417609499448E-002   7.0326688255176531E-002   1.5694645226172536E-002  0.43080601842797100       0.13816259560800667     
 0.0090   8.5249375917387876E-002   2.3393814885624132E-002   7.3668246254833328E-002   1.4538112215037917E-002  0.42715472016575828       0.12456568133118863     
 0.0100   9.2088559734495506E-002   2.3039361037734130E-002   7.6199994566794355E-002   1.3247494571318224E-002  0.42392281204833548       0.11227924937092060     
 0.0200  0.13982219795899378        1.4859368530663990E-002   8.3210390076684945E-002   4.0451892365566417E-003  0.41261275568616751        4.4982072207454503E-002
 0.0400  0.19971291189843729        6.5482775983244723E-003   9.0505545231212750E-002   1.8778430446617130E-003  0.42606557338670525        1.4652608033553848E-002
 0.0600  0.25331798550224655        4.3641514472809130E-003  0.10121428111355633        1.2313250016603792E-003  0.43505633282440975        7.9485937595089699E-003
 0.0800  0.30483817695270077        3.5203774438123591E-003  0.11149863403697434        7.5989960719801439E-004  0.43815261605970807        5.2756289292157175E-003
 0.1000  0.35429369382833037        2.9401454362537271E-003  0.12083774844589315        5.0392637491803349E-004  0.43878612668554684        3.7545001843665754E-003
 0.1200  0.40185041481864220        2.4628112343531958E-003  0.12933779474217655        3.5806547965769661E-004  0.43843369715014419        2.7547022793401078E-003
 0.1400  0.44786135401488503        2.0769039836563271E-003  0.13714194264192353        2.6575401959733248E-004  0.43754283399060012        2.0728670836600797E-003
 0.1600  0.49267494465686235        1.7832543556370697E-003  0.14436013210426224        2.0353073602591976E-004  0.43625272032660611        1.6087009121772630E-003
 0.1800  0.53656973227802407        1.5751456131227329E-003  0.15107340038762440        1.6022972111499396E-004  0.43462938167799287        1.2965422802988869E-003
 0.2000  0.57975698660165276        1.4399994372550642E-003  0.15734325278489864        1.2934635270114419E-004  0.43272109434871997        1.0894093494580562E-003
 0.2200  0.62239779955155494        1.3632876720295960E-003  0.16321802225120202        1.0671105571013438E-004  0.43056859039214546        9.5355402504678486E-004
 0.2400  0.66461766388210841        1.3312742395697320E-003  0.16873677642322887        8.9616431230599112E-005  0.42820685269678488        8.6523196479898284E-004
 0.2600  0.70651642342405141        1.3324837352509077E-003  0.17393179841875370        7.6323690381801851E-005  0.42566594261134655        8.0821645475347311E-004
 0.2800  0.74817490943444576        1.3581236901984868E-003  0.17883025356824206        6.5721322170239071E-005  0.42297175762754852        7.7172282843046590E-004
 0.3000  0.78965955426776990        1.4018191036242816E-003  0.18345536136763738        5.7090862753529172E-005  0.42014667889658075        7.4871217364730152E-004
 0.3200  0.83102573777641930        1.4590672285209713E-003  0.18782724429214737        4.9955578549653245E-005  0.41721009265667769        7.3461163646214962E-004
 0.3400  0.87232027739148543        1.5266963607386515E-003  0.19196355431580092        4.3987488253689626E-005  0.41417881355479724        7.2642902902435432E-004
 0.3600  0.91358330167164614        1.6024437735345464E-003  0.19587994181918755        3.8951921721761307E-005  0.41106744001493617        7.2217817850317011E-004
 0.3800  0.95484967311789115        1.6846634013257501E-003  0.19959041088798612        3.4674584961516258E-005  0.40788865731372231        7.2051908186560607E-004


# triplet j3 / nf 2 / mode 2 / nplat 10 / jkb  20 / start     1 / nmeas  2000
 0.0010  0.11102537858967278        2.1259828098705247E-002   1.2540202149292448E-002   5.0025639321978829E-003   4.5107110094991167E-002   1.2472069333524162E-002
 0.0020  0.11140311603648491        2.1163435943190100E-002   2.4547653862122345E-002   9.4619326900499921E-003   8.8948300067366814E-002   2.4070743040669772E-002
 0.0030  0.11202800729823625        2.1005236818880071E-002   3.5573613072666793E-002   1.2975252764574972E-002  0.13041063292470578        3.4110720462147123E-002
 0.0040  0.11289323950419276        2.0788766427440694E-002   4.5310930723143822E-002   1.5356250286411837E-002  0.16864697262287615        4.2203621819147330E-002
 0.0050  0.11398964281520717        2.0518686238527057E-002   5.3612137108647533E-002   1.6627239010195218E-002  0.20312630429926004        4.8260501235761713E-002
 0.0060  0.11530602476421266        2.0200547499089339E-002   6.0472088679614719E-002   1.6953845249335620E-002  0.23362327502955915        5.2418093809352029E-002
 0.0070  0.11682955643667851        1.9840520945037052E-002   6.5989982270144937E-002   1.6565810392638828E-002  0.26016585385439273        5.4940617634277801E-002
 0.0080  0.11854617975630567        1.9445138976621375E-002   7.0326688255176531E-002   1.5694645226172536E-002  0.28296486362596512        5.6136136665034884E-002
 0.0090  0.12044101826496813        1.9021052872484425E-002   7.3668246254833328E-002   1.4538112215037917E-002  0.30234444908283414        5.6302430373714525E-002
 0.0100  0.12249876307754001        1.8574821883077536E-002   7.6199994566794355E-002   1.3247494571318224E-002  0.31868437051415505        5.5700142253393661E-002
 0.0200  0.14890591648366641        1.4049588729547402E-002   8.3210390076684945E-002   4.0451892365566417E-003  0.38744210954361619        3.7749573288629372E-002
 0.0400  0.20833626270739078        9.9525090029528012E-003   9.0505545231212750E-002   1.8778430446617130E-003  0.40843007940603526        1.9966039607604767E-002
 0.0600  0.26318659302667635        9.1779592035489480E-003  0.10121428111355633        1.2313250016603792E-003  0.41874319107092145        1.4823078501257025E-002
 0.0800  0.31451174647972829        8.8975242192354722E-003  0.11149863403697434        7.5989960719801439E-004  0.42467617251715895        1.2100915705970416E-002
 0.1000  0.36319806397035725        8.5535145542153211E-003  0.12083774844589315        5.0392637491803349E-004  0.42802859664124215        1.0119742525103446E-002
 0.1200  0.40980014995038483        8.0588433658868638E-003  0.12933779474217655        3.5806547965769661E-004  0.42992849829749297        8.4755924838746718E-003
 0.1400  0.45486509431753808        7.5019567607462435E-003  0.13714194264192353        2.6575401959733248E-004  0.43080581147812363        7.1174042930801547E-003
 0.1600  0.49885933636300223        6.9940970249665370E-003  0.14436013210426224        2.0353073602591976E-004  0.43084446691986700        6.0481471709429363E-003
 0.1800  0.54210532362647357        6.5890251150769056E-003  0.15107340038762440        1.6022972111499396E-004  0.43019125768226468        5.2337387360963245E-003
 0.2000  0.58480874887022272        6.2917443035316930E-003  0.15734325278489864        1.2934635270114419E-004  0.42898311316860210        4.6186400790146492E-003
 0.2200  0.62710497910699237        6.0867229605224655E-003  0.16321802225120202        1.0671105571013438E-004  0.42733665358183093        4.1501099812864314E-003
 0.2400  0.66908959895326181        5.9543290936818379E-003  0.16873677642322887        8.9616431230599112E-005  0.42534488436656614        3.7868930273456053E-003
 0.2600  0.71083491255027131        5.8770415772409429E-003  0.17393179841875370        7.6323690381801851E-005  0.42307992198670646        3.4991720662280379E-003
 0.2800  0.75239891490075728        5.8409554136817400E-003  0.17883025356824206        6.5721322170239071E-005  0.42059717284156456        3.2660566039328168E-003
 0.3000  0.79383032129098607        5.8355756250117507E-003  0.18345536136763738        5.7090862753529172E-005  0.41793923749977713        3.0730273785118264E-003
 0.3200  0.83517141105696346        5.8531565851395453E-003  0.18782724429214737        4.9955578549653245E-005  0.41513912050580964        2.9099555402202102E-003
 0.3400  0.87645964222996864        5.8880333955793817E-003  0.19196355431580092        4.3987488253689626E-005  0.41222271981691400        2.7697043686850499E-003
 0.3600  0.91772860263393030        5.9360675958528130E-003  0.19587994181918755        3.8951921721761307E-005  0.40921068383476805        2.6471761311360224E-003
 0.3800  0.95900864170801270        5.9942268993237501E-003  0.19959041088798612        3.4674584961516258E-005  0.40611975134118250        2.5386726485040756E-003


