# triplet j1 / nf 6 / mode 2 / nplat 10 / jkb  20 / start  8001 / nmeas  2000
 0.0010   3.2331293591167684E-003   3.7504581250183619E-003   1.8616147385788085E-003   1.0465811083704281E-003  0.59681100234582796       0.71234200406498760     
 0.0020   6.5004900128459485E-003   8.0249940928541971E-003   3.7862686877793675E-003   2.5271240391343814E-003  0.59867292169907460       0.76560264014270007     
 0.0030   1.0224328977525281E-002   1.5333009611680534E-002   6.0806723018711579E-003   6.5223199182468036E-003  0.59076751974202923       0.94090042851555877     
 0.0040   1.5236901095985559E-002   2.9051122453454113E-002   9.5080490866422968E-003   1.7443755273230995E-002  0.57239265546374352        1.2110809410745587     
 0.0050   2.2644192069617687E-002   4.7868769439161331E-002   1.5383272938153378E-002   3.8684323956711036E-002  0.54773127923989640        1.3472106485092048     
 0.0060   3.3293478058433024E-002   6.4887110413744467E-002   2.5295242032740906E-002   6.3971022919249249E-002  0.52330016999136963        1.2157366871791826     
 0.0070   4.7383073301733955E-002   7.3618112797167679E-002   4.0068899825397436E-002   7.9116714008442460E-002  0.49985552975536118       0.92014148022742126     
 0.0080   6.4076494859202901E-002   7.0546995940876600E-002   5.8242804745705777E-002   7.9913052066727289E-002  0.47641166307034716       0.61801466658217918     
 0.0090   8.1344949344009057E-002   6.7603776961172202E-002   7.5962654709658101E-002   7.3975764635496627E-002  0.45457518739990915       0.43785268523295540     
 0.0100   9.7224569352506465E-002   6.4764216296708477E-002   8.9477156888101247E-002   6.7394113967876618E-002  0.43510598553467733       0.33295036366173991     
 0.0200  0.15534870612011858        2.2085854055929739E-002   8.7259180310966897E-002   6.3057822563873482E-003  0.38030139612619440        5.5786124675369121E-002
 0.0400  0.18996913649623487        3.7049123223643350E-002   8.2625245670801373E-002   3.1162930264313888E-003  0.42797492721477692        8.3855983847267321E-002
 0.0600  0.24583400689821952        1.7365817921231534E-002   9.3155441142001735E-002   4.1800239433527385E-003  0.43008349528588657        3.1876795130974626E-002
 0.0800  0.29369418111038142        8.2269224905508666E-003  0.10185923933941239        1.2114005024014467E-003  0.43467520099209822        1.2447392605431717E-002
 0.1000  0.33417399290046412        6.8645027349525543E-003  0.11034510928372041        1.5534840077907929E-003  0.44454823930362225        9.6530655341226616E-003
 0.1200  0.37276256907145267        9.6943324163725302E-003  0.11883615327454868        3.1741247352597285E-003  0.45305154654699986        1.3245129499392319E-002
 0.1400  0.41225773270587346        1.3831059274448488E-002  0.12713677782896721        3.8469469110898359E-003  0.45766300247892672        1.6843389018897186E-002
 0.1600  0.45252946039975284        1.7711896601770496E-002  0.13512569070918587        3.9105147130121462E-003  0.45951225135030732        1.9174932784752907E-002
 0.1800  0.49376687340551434        2.0627310289640856E-002  0.14274819428598701        3.6243029001817055E-003  0.45910773742451677        2.0045407174619646E-002
 0.2000  0.53605491635042157        2.2294134483125720E-002  0.14997548904135405        3.1602950757108231E-003  0.45691020243650271        1.9602862948929264E-002
 0.2200  0.57930347160774454        2.2702875766938135E-002  0.15678729275476025        2.6334022732561659E-003  0.45339386339981069        1.8171870885032061E-002
 0.2400  0.62326368232907992        2.2040968100424174E-002  0.16317234005463432        2.1197489905842959E-003  0.44902659929457772        1.6144916654786276E-002
 0.2600  0.66760745817200917        2.0610062181259204E-002  0.16913366268995406        1.6641850131688361E-003  0.44421735206745327        1.3886713322056118E-002
 0.2800  0.71202643418865930        1.8737124853771513E-002  0.17468948406306775        1.2860395877117980E-003  0.43926973020119436        1.1672013404554704E-002
 0.3000  0.75629867287819408        1.6704963668523500E-002  0.17986866637584506        9.8657279605362494E-004  0.43437022139469211        9.6679484744033508E-003
 0.3200  0.80030484124445123        1.4717771991000829E-002  0.18470439008622608        7.5687072280036642E-004  0.42960878332785035        7.9494760647129889E-003
 0.3400  0.84400923553640939        1.2898588180740148E-002  0.18922927067910666        5.8412844806232103E-004  0.42501221814237250        6.5282988143017199E-003
 0.3600  0.88742958594789700        1.1305200767338137E-002  0.19347280791437488        4.5551210789074331E-004  0.42057389450630744        5.3806290764411308E-003
 0.3800  0.93061091217355807        9.9513098401549042E-003  0.19746062004815465        3.5996089976693434E-004  0.41627363333972317        4.4674838462287446E-003


# triplet j3 / nf 6 / mode 2 / nplat 10 / jkb  20 / start  8001 / nmeas  2000
 0.0010   9.9790356330542396E-002   3.7312111675887723E-002   1.8616147385788085E-003   1.0465811083704281E-003   1.9336208873097577E-002   9.0451165064982277E-003
 0.0020   9.1452480062686609E-002   3.9355485734000564E-002   3.7862686877793675E-003   2.5271240391343814E-003   4.2553983727927049E-002   2.3173814877947025E-002
 0.0030   8.5540090120414441E-002   5.6471865865829786E-002   6.0806723018711579E-003   6.5223199182468036E-003   7.0612521714396151E-002   6.0061015793556057E-002
 0.0040   8.3195660702448881E-002   7.6717571971491053E-002   9.5080490866422968E-003   1.7443755273230995E-002  0.10483107178584949       0.13635289998842395     
 0.0050   8.2342858497595164E-002   9.3489236879782500E-002   1.5383272938153378E-002   3.8684323956711036E-002  0.15062547640373503       0.25517504361423188     
 0.0060   8.4638161308208906E-002  0.10159309851506901        2.5295242032740906E-002   6.3971022919249249E-002  0.20584665898090770       0.35888834646223738     
 0.0070   8.4640179281612951E-002  0.11459652990883873        4.0068899825397436E-002   7.9116714008442460E-002  0.27982798958721661       0.46889306025074190     
 0.0080   8.7675473135650508E-002  0.13249335959941341        5.8242804745705777E-002   7.9913052066727289E-002  0.34817935264929450       0.57784190663178159     
 0.0090   9.0379653348563321E-002  0.12683165658686654        7.5962654709658101E-002   7.3975764635496627E-002  0.40913407190753326       0.60772628454673194     
 0.0100   9.4171418234143836E-002  0.12220146313773854        8.9477156888101247E-002   6.7394113967876618E-002  0.44921264710197456       0.60697266473908928     
 0.0200  0.12739189925189867       0.18919176549451203        8.7259180310966897E-002   6.3057822563873482E-003  0.46376049160754190       0.68894200484600665     
 0.0400  0.20337761367156390        8.3884899139963956E-002   8.2625245670801373E-002   3.1162930264313888E-003  0.39975897984684500       0.16505638107635057     
 0.0600  0.25294689106230761        3.9780916979229745E-002   9.3155441142001735E-002   4.1800239433527385E-003  0.41798951749471031        6.6402690419891996E-002
 0.0800  0.30323024186998432        2.5704426171648385E-002  0.10185923933941239        1.2114005024014467E-003  0.42100542616426118        3.5775773446931121E-002
 0.1000  0.34395178625232503        1.9949735615858021E-002  0.11034510928372041        1.5534840077907929E-003  0.43191070988065927        2.5235304431380879E-002
 0.1200  0.38336164636359854        1.8631892142032702E-002  0.11883615327454868        3.1741247352597285E-003  0.44052570207422365        2.2203754582747016E-002
 0.1400  0.42418869155898115        1.9825818891928502E-002  0.12713677782896721        3.8469469110898359E-003  0.44479052718709877        2.1850724185426690E-002
 0.1600  0.46585712927336337        2.1613470780212748E-002  0.13512569070918587        3.9105147130121462E-003  0.44636610257521686        2.1693026651744243E-002
 0.1800  0.50818934941851501        2.3084401642671250E-002  0.14274819428598701        3.6243029001817055E-003  0.44607820357465433        2.1039430120070333E-002
 0.2000  0.55108456836678676        2.3822063705623325E-002  0.14997548904135405        3.1602950757108231E-003  0.44444895467248080        1.9774899940962758E-002
 0.2200  0.59441536308290377        2.3727262996779741E-002  0.15678729275476025        2.6334022732561659E-003  0.44186717804688602        1.8024126856825140E-002
 0.2400  0.63800290759134015        2.2913123778602450E-002  0.16317234005463432        2.1197489905842959E-003  0.43865312902194897        1.6009296780754731E-002
 0.2600  0.68165119089779602        2.1605063161080438E-002  0.16913366268995406        1.6641850131688361E-003  0.43506535490542175        1.3954606918076385E-002
 0.2800  0.72519796974428408        2.0049371338785333E-002  0.17468948406306775        1.2860395877117980E-003  0.43129141653893344        1.2029028937549655E-002
 0.3000  0.76854374488734101        1.8450242088841898E-002  0.17986866637584506        9.8657279605362494E-004  0.42744947722757021        1.0328417158584201E-002
 0.3200  0.81165114845163855        1.6943702729106440E-002  0.18470439008622608        7.5687072280036642E-004  0.42360315733466020        8.8854580981742592E-003
 0.3400  0.85452785471809622        1.5600553684027112E-002  0.18922927067910666        5.8412844806232103E-004  0.41978062546166528        7.6909982486116947E-003
 0.3600  0.89720731980230550        1.4443534771807300E-002  0.19347280791437488        4.5551210789074331E-004  0.41599049497775603        6.7146311285018875E-003
 0.3800  0.93973436090699136        1.3466583986037055E-002  0.19746062004815465        3.5996089976693434E-004  0.41223222407467358        5.9193088048340118E-003


