# triplet j1 / nf 2 / mode 2 / nplat 10 / jkb  20 / start  4001 / nmeas  2000
 0.0010  -100.00000000000000        130.84066938218115        3.3223276628228994E-003   8.5376758293483708E-004  -2.5777228954342238E-005   3.3889337659341372E-005
 0.0020  -100.00000000000000        133.66901893451913        6.6329665222691053E-003   1.6944772460888331E-003  -5.1509092487711741E-005   6.9165338253252264E-005
 0.0030  -94.999662849421199        165.98992712298556        9.9204699527798163E-003   2.5095643534418328E-003  -8.1211902438360888E-005   1.4227031446015326E-004
 0.0040  0.34275941297257478        198.99052379508171        1.3173864298101409E-002   3.2874158188556622E-003   2.9951059914043648E-002   17.388223379389622     
 0.0050  0.21381450874331906        184.85631129713352        1.6382857814897910E-002   4.0177623940205499E-003   5.9862887235280854E-002   51.755293381401550     
 0.0060  0.18261313025234052        159.29879397500352        1.9538019042844298E-002   4.6919814352353022E-003   8.3849192845992918E-002   73.144112935484472     
 0.0070  0.17041194601700413        144.01241033469157        2.2630918214830997E-002   5.3032961560556214E-003  0.10445159340566199        88.270372035591166     
 0.0080  0.16469950937897598        130.99702148928696        2.5654227996223581E-002   5.8468675751393905E-003  0.12301190974704375        97.839963280537887     
 0.0090  0.16078806515205266        130.98085582163020        2.8601782568794316E-002   6.3197848011020789E-003  0.14111688905864095        114.95636229151134     
 0.0100  0.15774031412436171        127.85010126323209        3.1468596591727752E-002   6.7209668528937705E-003  0.15904169075695290        128.90488115047617     
 0.0200  0.15952507506824756       0.11811770847547211        5.5335547165491390E-002   7.4348857222465807E-003  0.29491926463007478       0.21926506765450635     
 0.0400  0.19760604318613306        2.0354422002247623E-002   8.3136553826275453E-002   3.6772712442759248E-003  0.41270599787323292        4.3479615770999229E-002
 0.0600  0.24780237215745168        8.3763062243768522E-003   9.8953887856549474E-002   1.8663507431051045E-003  0.43974569308086958        1.5432082022442204E-002
 0.0800  0.29954164417051798        5.6624622915513855E-003  0.11050061235164491        1.0778629526044569E-003  0.44389997892282418        8.6661612098107368E-003
 0.1000  0.34980960501826075        4.7621634289817258E-003  0.12019249939732290        6.8150818162017012E-004  0.44322265500510555        6.1633033099483189E-003
 0.1200  0.39804339169287001        4.0325821528043393E-003  0.12882218733035983        4.6681629793493714E-004  0.44174387567167223        4.5463201506300132E-003
 0.1400  0.44451646082765212        3.4206353251622613E-003  0.13669592269141281        3.3788517694816143E-004  0.44011781496845609        3.4301892959465543E-003
 0.1600  0.48964462601803904        2.9512524606026109E-003  0.14396499833675844        2.5433810504384439E-004  0.43835145766944245        2.6703142940520327E-003
 0.1800  0.53376901668854559        2.6114701236748675E-003  0.15072176218110211        1.9785889246974405E-004  0.43640113448459000        2.1542253708396117E-003
 0.2000  0.57714069142734459        2.3749510395817530E-003  0.15703081723632734        1.5843037063277543E-004  0.43425091848633318        1.8003325036512459E-003
 0.2200  0.61994292124263040        2.2167682950934601E-003  0.16294120820710134        1.2996261711261349E-004  0.43190685695557568        1.5539716134779114E-003
 0.2400  0.66231219523056584        2.1173142318512161E-003  0.16849209684164634        1.0868312699346344E-004  0.42938575684533831        1.3796506828550660E-003
 0.2600  0.70435295983074719        2.0620603642552250E-003  0.17371580111596488        9.2265533325246919E-005  0.42670820088739797        1.2543579751189990E-003
 0.2800  0.74614737697616929        2.0403692714481953E-003  0.17863960979323146        7.9266334096711420E-005  0.42389498407732307        1.1629663064178272E-003
 0.3000  0.78776176488199812        2.0443936492741425E-003  0.18328696131355687        6.8767401167478808E-005  0.42096550771590180        1.0953371600924569E-003
 0.3200  0.82925090633454723        2.0682655103747014E-003  0.18767825962952919        6.0161593177494369E-005  0.41793718757324844        1.0445428002319851E-003
 0.3400  0.87066098868463226        2.1075381005265896E-003  0.19183146496825279        5.3029013046222173E-005  0.41482535392560621        1.0057695493652691E-003
 0.3600  0.91203165808659736        2.1588084067432436E-003  0.19576253556665263        4.7066576602234939E-005  0.41164337030427306        9.7562893871996621E-004
 0.3800  0.95339749236950733        2.2194557923952344E-003  0.19948576576185201        4.2047379653100372E-005  0.40840283384521259        9.5171262323159433E-004


# triplet j3 / nf 2 / mode 2 / nplat 10 / jkb  20 / start  4001 / nmeas  2000
 0.0010  0.11347905097772214        1.7777893095791142E-002   3.3223276628228994E-003   8.5376758293483708E-004   2.2715407586024618E-002   4.6024692704689976E-003
 0.0020  0.11371941398947275        1.7699190113396011E-002   6.6329665222691053E-003   1.6944772460888331E-003   4.5294897925239087E-002   9.1197953734155728E-003
 0.0030  0.11411869381239617        1.7570025099216496E-002   9.9204699527798163E-003   2.5095643534418328E-003   6.7605955634994455E-002   1.3470859484415763E-002
 0.0040  0.11467491768422965        1.7393301567241677E-002   1.3173864298101409E-002   3.2874158188556622E-003   8.9522695296914270E-002   1.7582245222942498E-002
 0.0050  0.11538535713131461        1.7172883144911395E-002   1.6382857814897910E-002   4.0177623940205499E-003  0.11092875339114057        2.1391271378279144E-002
 0.0060  0.11624656964714951        1.6913410503637826E-002   1.9538019042844298E-002   4.6919814352353022E-003  0.13171970253587942        2.4848158844400035E-002
 0.0070  0.11725444008903424        1.6620106371701401E-002   2.2630918214830997E-002   5.3032961560556214E-003  0.15180490634998470        2.7917240729681100E-002
 0.0080  0.11840424625298131        1.6298566000927710E-002   2.5654227996223581E-002   5.8468675751393905E-003  0.17110873827803158        3.0577200925087249E-002
 0.0090  0.11969073099003354        1.5954563870329862E-002   2.8601782568794316E-002   6.3197848011020789E-003  0.18957116699291526        3.2820457845085048E-002
 0.0100  0.12110818473358859        1.5593870370562419E-002   3.1468596591727752E-002   6.7209668528937705E-003  0.20714773583682941        3.4651844166437254E-002
 0.0200  0.14109535009018359        1.2105635096652183E-002   5.5335547165491390E-002   7.4348857222465807E-003  0.33344130617425816        3.6334965600257264E-002
 0.0400  0.19798869309415185        9.9841312890855509E-003   8.3136553826275453E-002   3.6772712442759248E-003  0.41190836690927735        2.2681428099606927E-002
 0.0600  0.25774403463361190        1.1312739522159736E-002   9.8953887856549474E-002   1.8663507431051045E-003  0.42278389118244836        1.8980054766198202E-002
 0.0800  0.31165589508358466        1.1683794332124818E-002  0.11050061235164491        1.0778629526044569E-003  0.42664532143099693        1.6129464162808121E-002
 0.1000  0.36146271359892174        1.1225723070943272E-002  0.12019249939732290        6.8150818162017012E-004  0.42893370754283888        1.3376518277071285E-002
 0.1200  0.40873185621319025        1.0560022137492506E-002  0.12882218733035983        4.6681629793493714E-004  0.43019213662708278        1.1141768862041124E-002
 0.1400  0.45427371907769387        9.8899482503172383E-003  0.13669592269141281        3.3788517694816143E-004  0.43066460867289919        9.3910522438447001E-003
 0.1600  0.49858996327920213        9.2816983536119224E-003  0.14396499833675844        2.5433810504384439E-004  0.43048687571519273        8.0229151990389748E-003
 0.1800  0.54202064647272608        8.7572268656724243E-003  0.15072176218110211        1.9785889246974405E-004  0.42975743811878303        6.9491592507280910E-003
 0.2000  0.58480494358177715        8.3209989883150960E-003  0.15703081723632734        1.5843037063277543E-004  0.42855977552644503        6.1016685401751756E-003
 0.2200  0.62711426375128576        7.9688399001986363E-003  0.16294120820710134        1.2996261711261349E-004  0.42696780169547449        5.4282185396966097E-003
 0.2400  0.66907274502130676        7.6915102293509327E-003  0.16849209684164634        1.0868312699346344E-004  0.42504708992131729        4.8881686221096945E-003
 0.2600  0.71077187004624576        7.4774182423871412E-003  0.17371580111596488        9.2265533325246919E-005  0.42285464147524099        4.4499063654047455E-003
 0.2800  0.75228127348306961        7.3148990550557045E-003  0.17863960979323146        7.9266334096711420E-005  0.42043865988878404        4.0892507991610681E-003
 0.3000  0.79365621022540833        7.1936011030474672E-003  0.18328696131355687        6.8767401167478808E-005  0.41783901775120086        3.7880519227708755E-003
 0.3200  0.83494231027303389        7.1049899514422843E-003  0.18767825962952919        6.0161593177494369E-005  0.41508830888291526        3.5328444997871473E-003
 0.3400  0.87617846872046312        7.0423010521142920E-003  0.19183146496825279        5.3029013046222173E-005  0.41221311145406558        3.3136605499075448E-003
 0.3600  0.91739861540309187        7.0002662461711093E-003  0.19576253556665263        4.7066576602234939E-005  0.40923517787739627        3.1230815496197666E-003
 0.3800  0.95863285473442661        6.9748015061580036E-003  0.19948576576185201        4.2047379653100372E-005  0.40617243164745781        2.9555311581318322E-003


