# triplet j1 / nf 3 / mode 2 / nplat 10 / jkb  20 / start  8001 / nmeas  2000
 0.0010   5.6066908508234162E-003   5.9857920758403108E-003   3.6071753604826119E-003   2.6159025275681834E-003  0.47906232255068609       0.54014787150294186     
 0.0020   1.3282918473866930E-002   1.5379588789167226E-002   9.8340745946445766E-003   9.1702857410215170E-003  0.47217527038144014       0.58936847012362881     
 0.0030   2.2565022404389380E-002   2.6279661995527490E-002   1.8391333123557736E-002   1.8562206090823624E-002  0.46552870109881356       0.59087409217174480     
 0.0040   3.3004648353023372E-002   3.6528470053568546E-002   2.8678750095082015E-002   2.8722772590027021E-002  0.45893374624610872       0.55750576713678479     
 0.0050   4.4166807109669373E-002   4.4532905307164743E-002   3.9811997896374962E-002   3.7346828291935773E-002  0.45176333594021517       0.50238136199612571     
 0.0060   5.5615168513260677E-002   4.9608910672866990E-002   5.0789028825018415E-002   4.2923369935680730E-002  0.44389711227317241       0.43814045481738173     
 0.0070   6.6934379680590919E-002   5.1935963407619024E-002   6.0726313682591071E-002   4.5167221405959176E-002  0.43561540962532125       0.37482189164670615     
 0.0080   7.7768983678865936E-002   5.2139207108364817E-002   6.9043818045866651E-002   4.4669867066482211E-002  0.42738174463180750       0.31814290275454454     
 0.0090   8.7807748487580384E-002   4.9475824386365740E-002   7.5519481974593045E-002   4.2315366023363006E-002  0.41988746747772010       0.26422022119208977     
 0.0100   9.6739215958274533E-002   4.5394414984100982E-002   8.0224426943353452E-002   3.8904381449307975E-002  0.41406235356135762       0.21870326356481307     
 0.0200  0.14738396299977008        2.0543760838741605E-002   8.4642483126042153E-002   1.0667208888178507E-002  0.39479710866164863        6.0392450199899396E-002
 0.0400  0.19916260677138731        1.0438873547716840E-002   8.5099703762761811E-002   2.5424461547509506E-003  0.41428691411845464        2.2579031899533385E-002
 0.0600  0.24556007773749106        9.1123860946836169E-003   9.3601137736735576E-002   1.2698028586781371E-003  0.43159203844145166        1.6281128800385819E-002
 0.0800  0.29046373460974950        1.0186497767932201E-002  0.10331394431229397        3.1612988732088398E-003  0.44263682854056646        1.6936069078849200E-002
 0.1000  0.33541791909893548        1.2297150663685778E-002  0.11322067440423389        3.7251968409707809E-003  0.44863340343401009        1.8027874365481998E-002
 0.1200  0.38084440154596311        1.3585771303279776E-002  0.12279695414254715        3.4013904897343423E-003  0.45076671761529702        1.7249463382570208E-002
 0.1400  0.42662454422258833        1.3730241345740052E-002  0.13175071143941169        2.7556047042490289E-003  0.45020432503082636        1.5234847595628775E-002
 0.1600  0.47240105520442738        1.2981492114735647E-002  0.13998546933164452        2.1012457636447146E-003  0.44802846673518887        1.2762667184851523E-002
 0.1800  0.51783041091418847        1.1735647550132081E-002  0.14752515553462825        1.5587642914909538E-003  0.44503763504625349        1.0356353048122697E-002
 0.2000  0.56271061182178295        1.0324027614702781E-002  0.15444415666655556        1.1479146119853397E-003  0.44170328699123540        8.2684868799727477E-003
 0.2200  0.60698224121258348        8.9565083289681637E-003  0.16082495069940242        8.4964101122234851E-004  0.43825518892444465        6.5696074086764094E-003
 0.2400  0.65067865406054648        7.7384206197554607E-003  0.16674045507701046        6.3659651196762532E-004  0.43478499766831324        5.2370180496160599E-003
 0.2600  0.69387717371913527        6.7066355633723469E-003  0.17225008286611718        4.8459808910775821E-004  0.43131919969220783        4.2128131414381166E-003
 0.2800  0.73666766911215187        5.8606028304609391E-003  0.17740114242627328        3.7529354536938107E-004  0.42785893882019077        3.4338114058872909E-003
 0.3000  0.77913677128570713        5.1826733324381062E-003  0.18223147019043529        2.9565407656801030E-004  0.42439827826139626        2.8439336917399213E-003
 0.3200  0.82136177007733835        4.6494415117604203E-003  0.18677182008799162        2.3670486071335168E-004  0.42093125825313743        2.3976275937321974E-003
 0.3400  0.86340938984318905        4.2372972636580616E-003  0.19104768276527154        1.9233241550126539E-004  0.41745395134001967        2.0594592594833298E-003
 0.3600  0.90533661265247800        3.9247599418634543E-003  0.19508058908248258        1.5837266145804867E-004  0.41396458969414351        1.8024436964386090E-003
 0.3800  0.94719214391380246        3.6932242969282955E-003  0.19888903056209281        1.3196955692777653E-004  0.41046310327272012        1.6062316335912605E-003


# triplet j3 / nf 3 / mode 2 / nplat 10 / jkb  20 / start  8001 / nmeas  2000
 0.0010   9.0584939801645462E-002   4.8562269183775021E-002   3.6071753604826119E-003   2.6159025275681834E-003   2.9651223997064002E-002   1.9190461430026718E-002
 0.0020   9.1252153160918878E-002   7.9356314118679758E-002   9.8340745946445766E-003   9.1702857410215170E-003   6.8731152138323828E-002   6.7819899769559780E-002
 0.0030   9.1371974463641092E-002   9.4274405355267987E-002   1.8391333123557736E-002   1.8562206090823624E-002  0.11496594696397910       0.13204608881492688     
 0.0040   9.4090429083139290E-002   8.5992299178779000E-002   2.8678750095082015E-002   2.8722772590027021E-002  0.16098286573658283       0.16776551725319033     
 0.0050   9.4837150949074689E-002   9.0393898967104619E-002   3.9811997896374962E-002   3.7346828291935773E-002  0.21039164418178810       0.22349997304079602     
 0.0060   9.6043009821948078E-002   9.3208696372965194E-002   5.0789028825018415E-002   4.2923369935680730E-002  0.25704538776314595       0.27208113244784199     
 0.0070   9.7691817278783968E-002   9.4833954588475419E-002   6.0726313682591071E-002   4.5167221405959176E-002  0.29846560371960290       0.31026809335310829     
 0.0080   9.9751174267551798E-002   9.5445321705733402E-002   6.9043818045866651E-002   4.4669867066482211E-002  0.33319952538872527       0.33654417725675079     
 0.0090   9.9104565187145291E-002  0.11320968349703754        7.5519481974593045E-002   4.2315366023363006E-002  0.37202497248989502       0.43756819329778174     
 0.0100  0.10163033382869441       0.11219771840480047        8.0224426943353452E-002   3.8904381449307975E-002  0.39413495884881300       0.44548786975752319     
 0.0200  0.13613072841560350        8.0757648965197382E-002   8.4642483126042153E-002   1.0667208888178507E-002  0.42743297661466995       0.25499507637815694     
 0.0400  0.20609855851925918        3.9024038649911913E-002   8.5099703762761811E-002   2.5424461547509506E-003  0.40034468149564945        7.6039397727595950E-002
 0.0600  0.25737281171304915        2.4538982193931944E-002   9.3601137736735576E-002   1.2698028586781371E-003  0.41178310096222059        3.9360324916241293E-002
 0.0800  0.30313032070391560        1.9320291049004117E-002  0.10331394431229397        3.1612988732088398E-003  0.42414083155769094        2.7800941723713238E-002
 0.1000  0.34860394816923068        1.7897664328577229E-002  0.11322067440423389        3.7251968409707809E-003  0.43166373590541818        2.3271968182974903E-002
 0.1200  0.39413643820705718        1.7290148658092926E-002  0.12279695414254715        3.4013904897343423E-003  0.43556485563217351        2.0037178630780410E-002
 0.1400  0.43951475258557304        1.6503153755651968E-002  0.13175071143941169        2.7556047042490289E-003  0.43700060997592755        1.7033261544385211E-002
 0.1600  0.48452963746430638        1.5428147693188546E-002  0.13998546933164452        2.1012457636447146E-003  0.43681356945459582        1.4289941897037372E-002
 0.1800  0.52903929658582083        1.4218487475424734E-002  0.14752515553462825        1.5587642914909538E-003  0.43560851323432037        1.1931481195527045E-002
 0.2000  0.57299436888261557        1.3034501623405265E-002  0.15444415666655556        1.1479146119853397E-003  0.43377586301803467        9.9983620389246276E-003
 0.2200  0.61641862761981636        1.1972663348430125E-002  0.16082495069940242        8.4964101122234851E-004  0.43154620071032379        8.4590568554958698E-003
 0.2400  0.65937593221890833        1.1069758931959590E-002  0.16674045507701046        6.3659651196762532E-004  0.42905011127190074        7.2494100744304587E-003
 0.2600  0.70194457017998302        1.0325699832433569E-002  0.17225008286611718        4.8459808910775821E-004  0.42636208037978068        6.3004546310400670E-003
 0.2800  0.74420274093633976        9.7231913301719427E-003  0.17740114242627328        3.7529354536938107E-004  0.42352685609959417        5.5515870114209659E-003
 0.3000  0.78622207388520837        9.2397621035789426E-003  0.18223147019043529        2.9565407656801030E-004  0.42057367154521758        4.9543856537458989E-003
 0.3200  0.82806560626142756        8.8536676855794326E-003  0.18677182008799162        2.3670486071335168E-004  0.41752349179266124        4.4719895174657898E-003
 0.3400  0.86978787475292996        8.5461379678967789E-003  0.19104768276527154        1.9233241550126539E-004  0.41439260292804003        4.0769717652694056E-003
 0.3600  0.91143585417396944        8.3018096486491850E-003  0.19508058908248258        1.5837266145804867E-004  0.41119437827188388        3.7490795648899514E-003
 0.3800  0.95305013311229048        8.1084132579650210E-003  0.19888903056209281        1.3196955692777653E-004  0.40794016314416953        3.4733339819199437E-003


