# triplet j1 / nf 3 / mode 2 / nplat 10 / jkb  20 / start  4001 / nmeas  2000
 0.0010  -100.00000000000000        95.009123147567820        2.1054435093436647E-003   7.9508800545221407E-005  -2.0520445947121448E-005   1.9500145504221908E-005
 0.0020  -100.00000000000000        95.007562426871615        4.2427436947410002E-003   1.5991511253005610E-004  -4.1195842968634594E-005   3.9146865467161995E-005
 0.0030  -100.00000000000000        95.015987125379496        6.4089760250264881E-003   2.5692378645378458E-004  -6.2011173307847456E-005   5.8933637348026094E-005
 0.0040  -100.00000000000000        95.019629153708351        8.6007383158776332E-003   3.8189872394562430E-004  -8.2949325812221693E-005   7.8839653496765079E-005
 0.0050  -100.00000000000000        95.023381926784353        1.0814183829191328E-002   5.4029503855170197E-004  -1.0399126804300123E-004   9.8850160772474547E-005
 0.0060  -100.00000000000000        95.027235456923876        1.3045068159506670E-002   7.3312807169372332E-004  -1.2511627308790812E-004   1.1894650483435564E-004
 0.0070  -100.00000000000000        95.027367438673792        1.5288809056463496E-002   9.5876160139396569E-004  -1.4630219642592144E-004   1.3910278605017877E-004
 0.0080  -100.00000000000000        95.031531319660644        1.7540557616079731E-002   1.2140088513828847E-003  -1.6752579558303122E-004   1.5930784943361416E-004
 0.0090  -100.00000000000000        95.035365396758110        1.9795278604398631E-002   1.4947075476480108E-003  -1.8876308295828805E-004   1.7953318671699587E-004
 0.0100  -100.00000000000000        95.043470298680518        2.2047837114662967E-002   1.7960459799704843E-003  -2.0998970029343329E-004   1.9976468320465754E-004
 0.0200  0.27924840855160699        120.74304567162257        4.3421941977095438E-002   4.8125503725136021E-003  0.14924297933623767        64.530545085745601     
 0.0400  0.20149602599033403        4.8672958046261407E-002   7.4093096398359828E-002   5.1248046991584075E-003  0.38209150363487737        9.3238347161048077E-002
 0.0600  0.23958662290754376        1.6325428901907905E-002   9.2891433097415335E-002   3.1306292533615416E-003  0.44067243832414144        3.0931985198573007E-002
 0.0800  0.28859400622852899        8.4316998892652126E-003  0.10613678185088858        1.8432546187415991E-003  0.45154978721208255        1.3763040311494753E-002
 0.1000  0.33876326488367486        6.9972227227442976E-003  0.11673503667887608        1.1055610486018167E-003  0.45104440512927230        9.5581059754251251E-003
 0.1200  0.38750381171374360        5.9914759014685149E-003  0.12592164542942882        7.0793569481465354E-004  0.44862124577894080        7.0501601315411788E-003
 0.1400  0.43447538201404207        5.0308621241518577E-003  0.13419535897605958        4.8618666476417730E-004  0.44615173902480759        5.2289012658749854E-003
 0.1600  0.48002649187417390        4.2549084363533484E-003  0.14178283224740787        3.5058467068388482E-004  0.44373287628254077        3.9712810543197563E-003
 0.1800  0.52453729620094547        3.6846291077525370E-003  0.14880846914902668        2.6380508003576354E-004  0.44125404698634013        3.1241827860559717E-003
 0.2000  0.56828689566293178        3.2834300997535521E-003  0.15535133984482949        2.0791954958560550E-004  0.43865173925289125        2.5513708257311730E-003
 0.2200  0.61146769793919664        3.0072058780146573E-003  0.16146724064973220        1.7122791858433385E-004  0.43590819180210677        2.1562253672151835E-003
 0.2400  0.65421677019636348        2.8202938858480344E-003  0.16719888342119610        1.4568065526516076E-004  0.43302765432191326        1.8762672263045960E-003
 0.2600  0.69663719678404190        2.6974881516409963E-003  0.17258101772344167        1.2636066760914969E-004  0.43002284179391664        1.6725410696170606E-003
 0.2800  0.73880952979727088        2.6217783573927169E-003  0.17764308438920595        1.1064774932728592E-004  0.42690936053768735        1.5207758793188881E-003
 0.3000  0.78079804522499974        2.5815731747148530E-003  0.18241063985347686        9.7274566952112960E-005  0.42370344115728503        1.4054498619651798E-003
 0.3200  0.82265497299639689        2.5686919356442107E-003  0.18690617862347042        8.5648275394183170E-005  0.42042069782237640        1.3162684312702560E-003
 0.3400  0.86442376084671191        2.5771668289189861E-003  0.19114966332144423        7.5473075009688796E-005  0.41707535585737338        1.2461789813000071E-003
 0.3600  0.90614153521239249        2.6025373392004948E-003  0.19515890790823348        6.6570818286530205E-005  0.41367988115078957        1.1902268088497816E-003
 0.3800  0.94784083880935754        2.6414003037674278E-003  0.19894987978256418        5.8805573044798933E-005  0.41024492743385566        1.1448587166356440E-003


# triplet j3 / nf 3 / mode 2 / nplat 10 / jkb  20 / start  4001 / nmeas  2000
 0.0010  0.12798168954108063        3.8029722221526417E-002   2.1054435093436647E-003   7.9508800545221407E-005   1.6033892051827165E-002   4.7740754306907929E-003
 0.0020  0.12735076079644989        3.7310202132169387E-002   4.2427436947410002E-003   1.5991511253005610E-004   3.2348328907496400E-002   9.4967405706082308E-003
 0.0030  0.12689938714599272        3.6603587541735191E-002   6.4089760250264881E-003   2.5692378645378458E-004   4.8866408816069427E-002   1.4129298446171137E-002
 0.0040  0.12662361493829821        3.5903389862566894E-002   8.6007383158776332E-003   3.8189872394562430E-004   6.5508575041584194E-002   1.8631427931015195E-002
 0.0050  0.12651781732628550        3.5204060864191429E-002   1.0814183829191328E-002   5.4029503855170197E-004   8.2194958971518600E-002   2.2963042813481927E-002
 0.0060  0.12657512790750206        3.4501135588372513E-002   1.3045068159506670E-002   7.3312807169372332E-004   9.8847439584923813E-002   2.7086071837460375E-002
 0.0070  0.12678786758441624        3.3791284413849605E-002   1.5288809056463496E-002   9.5876160139396569E-004  0.11539132190902447        3.0965993945543304E-002
 0.0080  0.12714791992405833        3.3072303882449604E-002   1.7540557616079731E-002   1.2140088513828847E-003  0.13175661519519108        3.4573044258157638E-002
 0.0090  0.12764707041575329        3.2343052602653091E-002   1.9795278604398631E-002   1.4947075476480108E-003  0.14787889948705962        3.7883028760066738E-002
 0.0100  0.12827724893955375        3.1603356085569141E-002   2.2047837114662967E-002   1.7960459799704843E-003  0.16369987821642770        4.0877788257072944E-002
 0.0200  0.14032289588958183        2.4041507465067207E-002   4.3421941977095438E-002   4.8125503725136021E-003  0.29699974621346831        5.3480475904052006E-002
 0.0400  0.18419939661831780        1.4986209287336140E-002   7.4093096398359828E-002   5.1248046991584075E-003  0.41797053063442424        3.6950220248714867E-002
 0.0600  0.24506822713684223        1.3965636050923205E-002   9.2891433097415335E-002   3.1306292533615416E-003  0.43081562444877908        2.5601628001938492E-002
 0.0800  0.30357482875210434        1.6192891170046166E-002  0.10613678185088858        1.8432546187415991E-003  0.42926669065038997        2.3198799317698870E-002
 0.1000  0.35470036326158150        1.5887741841895595E-002  0.11673503667887608        1.1055610486018167E-003  0.43077845729868491        1.9402959639216035E-002
 0.1200  0.40216345540466741        1.4667232886682887E-002  0.12592164542942882        7.0793569481465354E-004  0.43226812486028338        1.5811933546271615E-002
 0.1400  0.44770464210576982        1.3441880093775255E-002  0.13419535897605958        4.8618666476417730E-004  0.43296836578977771        1.3023077542993653E-002
 0.1600  0.49196067418375899        1.2335592708131228E-002  0.14178283224740787        3.5058467068388482E-004  0.43296862352778831        1.0869594546162799E-002
 0.1800  0.53530192501653251        1.1351159528609702E-002  0.14880846914902668        2.6380508003576354E-004  0.43238066953858134        9.1767052504362900E-003
 0.2000  0.57800787987623270        1.0498335452204823E-002  0.15535133984482949        2.0791954958560550E-004  0.43127445811041371        7.8385366563396459E-003
 0.2200  0.62029085892598035        9.7899132702760593E-003  0.16146724064973220        1.7122791858433385E-004  0.42970773262012368        6.7858081009573154E-003
 0.2400  0.66229956799252698        9.2264835133396127E-003  0.16719888342119610        1.4568065526516076E-004  0.42774292345512444        5.9617920762435528E-003
 0.2600  0.70412966426112744        8.7940345614052947E-003  0.17258101772344167        1.2636066760914969E-004  0.42544707639149504        5.3157869759673342E-003
 0.2800  0.74584009863327860        8.4703301685455454E-003  0.17764308438920595        1.1064774932728592E-004  0.42288515259888626        4.8044124301115237E-003
 0.3000  0.78746849128074536        8.2319263068582216E-003  0.18241063985347686        9.7274566952112960E-005  0.42011435666797831        4.3931601700177257E-003
 0.3200  0.82904201567220914        8.0582845363978955E-003  0.18690617862347042        8.5648275394183170E-005  0.41718172453993185        4.0561308382700946E-003
 0.3400  0.87058365407338478        7.9331308534755750E-003  0.19114966332144423        7.5473075009688796E-005  0.41412430153015595        3.7745633833157193E-003
 0.3600  0.91211512183835164        7.8442577265419380E-003  0.19515890790823348        6.6570818286530205E-005  0.41097062598518047        3.5350728487990950E-003
 0.3800  0.95365788204789870        7.7827455551093307E-003  0.19894987978256418        5.8805573044798933E-005  0.40774254945722710        3.3281084175677354E-003


