# triplet j1 / nf 1 / mode 2 / nplat 10 / jkb  20 / start  4001 / nmeas  2000
 0.0010   4.3894302041796729E-002   1.9257377943292280E-002   7.9276985902621291E-002   1.8016857896960600E-002  0.28686688335528876       0.13000766012281015     
 0.0020   6.0294151423955465E-002   2.2773288039541702E-002   7.9778034361052547E-002   1.6441277280204187E-002  0.29627600103050999       0.11599410742399806     
 0.0030   7.1832369894567469E-002   2.3622588446348920E-002   8.0313467341526210E-002   1.5016998293777006E-002  0.30559737415148336       0.10448006817566505     
 0.0040   8.0878685055940119E-002   2.3422334608146800E-002   8.0876198414154291E-002   1.3727671512412370E-002  0.31450045365785206        9.4909265364506015E-002
 0.0050   8.8412549588714889E-002   2.2782018979198397E-002   8.1460211890888964E-002   1.2559183343463499E-002  0.32281882544866441        8.6826129384373882E-002
 0.0060   9.4944774751287112E-002   2.1962493270035272E-002   8.2060413167118609E-002   1.1499258721583836E-002  0.33051136985587076        7.9883659257838330E-002
 0.0070  0.10077252169486088        2.1080768243695230E-002   8.2672500817242922E-002   1.0537147585266046E-002  0.33759999308977917        7.3827513690805480E-002
 0.0080  0.10608164062708240        2.0190674270199153E-002   8.3292856750546027E-002   9.6633757402860253E-003  0.34413087787045671        6.8473436789653050E-002
 0.0090  0.11099506906351571        1.9317136177520962E-002   8.3918451504439259E-002   8.8695454985577432E-003  0.35015577832487982        6.3687211232150695E-002
 0.0100  0.11559792443855448        1.8471414187225383E-002   8.4546762336017586E-002   8.1481750052316195E-003  0.35572423334016662        5.9369648477372680E-002
 0.0200  0.15292201781019032        1.1768713632205510E-002   9.0668644264631351E-002   3.7244609086566800E-003  0.39381162926595448        3.1368079857687067E-002
 0.0400  0.21302686374373292        5.2224205524133817E-003  0.10119756116586501        1.3266594608318334E-003  0.42237250857387870        1.0718330039027561E-002
 0.0600  0.26777101463919745        3.4018104375767569E-003  0.11026017808616022        7.5625961770954433E-004  0.42957243303878040        5.6527084639957639E-003
 0.0800  0.31922777948205000        2.8393851959655084E-003  0.11858099856946444        5.0100886976532752E-004  0.43148615575461824        3.9446337045249413E-003
 0.1000  0.36795265483958034        2.4528005375720145E-003  0.12637753275054428        3.5878146981737908E-004  0.43207386051096214        2.9448141929766898E-003
 0.1200  0.41454084240598826        2.1260373761028879E-003  0.13372367129913865        2.7019433552726263E-004  0.43215788453229370        2.2589814923593692E-003
 0.1400  0.45954716068114959        1.8664136607069335E-003  0.14065905613255889        2.1088079928977067E-004  0.43184985482176785        1.7835478124388353E-003
 0.1600  0.50339610447275940        1.6745825024954541E-003  0.14721347246301125        1.6922151059901120E-004  0.43116045065861269        1.4555357191954115E-003
 0.1800  0.54639392767896655        1.5422781955970496E-003  0.15341252387961299        1.3890672000539656E-004  0.43010628975875209        1.2295552988372286E-003
 0.2000  0.58876119493101686        1.4589563312605799E-003  0.15927919527928028        1.1619559456732366E-004  0.42871664365285644        1.0738116261633094E-003
 0.2200  0.63065971354158101        1.4149336026810452E-003  0.16483442283431526        9.8750880085997475E-005  0.42702687170326264        9.6656899848511166E-004
 0.2400  0.67221110532290029        1.4021655618816856E-003  0.17009739047624453        8.5060018657305453E-005  0.42507323596711133        8.9300775502630647E-004
 0.2600  0.71350907902307270        1.4141608141044139E-003  0.17508573526099347        7.4115421241679997E-005  0.42289013119034424        8.4292547270699346E-004
 0.2800  0.75462754772552887        1.4457139024816098E-003  0.17981571235195293        6.5227447386108307E-005  0.42050888578690676        8.0921228497036579E-004
 0.3000  0.79562608886946851        1.4926644064428649E-003  0.18430233557120299        5.7911578546492291E-005  0.41795740998095871        7.8686952521912095E-004
 0.3200  0.83655369954373082        1.5517037278289841E-003  0.18855949970016833        5.1818871475544395E-005  0.41526025990317000        7.7236703307359750E-004
 0.3400  0.87745143569774608        1.6202181377247345E-003  0.19260008776769233        4.6692294775920700E-005  0.41243888850654964        7.6320950780927720E-004
 0.3600  0.91835430845655308        1.6961548173377891E-003  0.19643606555118054        4.2338687239499229E-005  0.40951196360206110        7.5763469231761760E-004
 0.3800  0.95929267311234112        1.7779096215434862E-003  0.20007856506619617        3.8610396548092849E-005  0.40649569516959616        7.5440100633796360E-004


# triplet j3 / nf 1 / mode 2 / nplat 10 / jkb  20 / start  4001 / nmeas  2000
 0.0010  0.11866520202530131        8.5262704880678560E-003   7.9276985902621291E-002   1.8016857896960600E-002  0.10611216606786832        1.4266046782830782E-002
 0.0020  0.11943405261089848        7.8609094836728285E-003   7.9778034361052547E-002   1.6441277280204187E-002  0.14956965521060678        1.8287941362253698E-002
 0.0030  0.12153977740772277        8.0259964421689756E-003   8.0313467341526210E-002   1.5016998293777006E-002  0.18061398570130213        2.0673093392573307E-002
 0.0040  0.12221081916680862        7.5889241078686293E-003   8.0876198414154291E-002   1.3727671512412370E-002  0.20813528061394423        2.1887566073642634E-002
 0.0050  0.12324371838170585        7.2512830080717358E-003   8.1460211890888964E-002   1.2559183343463499E-002  0.23158369276683041        2.2458031005581469E-002
 0.0060  0.12460287065465743        6.9922116253302580E-003   8.2060413167118609E-002   1.1499258721583836E-002  0.25184273362912329        2.2607315658649617E-002
 0.0070  0.12624674702920974        6.7931692118605204E-003   8.2672500817242922E-002   1.0537147585266046E-002  0.26947864739796629        2.2476300324195193E-002
 0.0080  0.12813400866967445        6.6391366125329448E-003   8.3292856750546027E-002   9.6633757402860253E-003  0.28490459710073879        2.2159771604073196E-002
 0.0090  0.13022668939708185        6.5186263832377285E-003   8.3918451504439259E-002   8.8695454985577432E-003  0.29844546442896863        2.1723724711545073E-002
 0.0100  0.13249144061605805        6.4231405535376722E-003   8.4546762336017586E-002   8.1481750052316195E-003  0.31036709130352236        2.1214906469859206E-002
 0.0200  0.16008803480335923        6.0580546168124902E-003   9.0668644264631351E-002   3.7244609086566800E-003  0.37618344842849349        1.6197146992129253E-002
 0.0400  0.21985820462212408        6.3085239142985266E-003  0.10119756116586501        1.3266594608318334E-003  0.40924872914209215        1.2045325580241984E-002
 0.0600  0.27534899696248544        6.6379847854569803E-003  0.11026017808616022        7.5625961770954433E-004  0.41775001007719170        1.0172312334388997E-002
 0.0800  0.32649922346143673        6.6209952050002114E-003  0.11858099856946444        5.0100886976532752E-004  0.42187655430997278        8.6014237635819515E-003
 0.1000  0.37457002571374459        6.3929152507234749E-003  0.12637753275054428        3.5878146981737908E-004  0.42444059360823883        7.2690844226913657E-003
 0.1200  0.42052827575955887        6.1100936579519304E-003  0.13372367129913865        2.7019433552726263E-004  0.42600487014299115        6.2046107858847611E-003
 0.1400  0.46502771233392298        5.8599740968536011E-003  0.14065905613255889        2.1088079928977067E-004  0.42676031849346002        5.3872602612300546E-003
 0.1600  0.50849539052131354        5.6721472864514379E-003  0.14721347246301125        1.6922151059901120E-004  0.42683669372449817        4.7675795604387389E-003
 0.1800  0.55121397391758509        5.5463003189987654E-003  0.15341252387961299        1.3890672000539656E-004  0.42634525991869981        4.2942146838395572E-003
 0.2000  0.59337820985028178        5.4717367293460476E-003  0.15927919527928028        1.1619559456732366E-004  0.42538084347175126        3.9256449583920088E-003
 0.2200  0.63512861849145485        5.4364721355345666E-003  0.16483442283431526        9.8750880085997475E-005  0.42402221651197791        3.6316991528647846E-003
 0.2400  0.67657088789484088        5.4303314646806100E-003  0.17009739047624453        8.5060018657305453E-005  0.42233408930986432        3.3914061005006347E-003
 0.2600  0.71778725502248908        5.4454894009042590E-003  0.17508573526099347        7.4115421241679997E-005  0.42036960941040280        3.1903728123349722E-003
 0.2800  0.75884348603405827        5.4761628339748437E-003  0.17981571235195293        6.5227447386108307E-005  0.41817264708512725        3.0186786920263506E-003
 0.3000  0.79979337907187742        5.5181359799952607E-003  0.18430233557120299        5.7911578546492291E-005  0.41577966024557200        2.8693954380511083E-003
 0.3200  0.84068181917519202        5.5683450880381676E-003  0.18855949970016833        5.1818871475544395E-005  0.41322114832495860        2.7376029359504912E-003
 0.3400  0.88154692761436648        5.6245605496626121E-003  0.19260008776769233        4.6692294775920700E-005  0.41052277935675130        2.6197435700281370E-003
 0.3600  0.92242161448843030        5.6851549398790517E-003  0.19643606555118054        4.2338687239499229E-005  0.40770627035558588        2.5131974166333003E-003
 0.3800  0.96333473941262171        5.7489425355802702E-003  0.20007856506619617        3.8610396548092849E-005  0.40479007563421432        2.4160023892539455E-003


