# triplet j1 / nf 6 / mode 2 / nplat 10 / jkb  20 / start     1 / nmeas  2000
 0.0010   3.9993359467060249E-003   9.3762368136990478E-004   2.8729363949408539E-003   6.4041167663411594E-004  0.59936325838026816       0.15558852699329390     
 0.0020   8.0625382482775836E-003   1.5107897817256979E-003   5.7558577812178852E-003   1.2438622408788881E-003  0.59513190726600640       0.12873010765658183     
 0.0030   1.2176467459076449E-002   2.6960718384381518E-003   8.7143921297561707E-003   1.6465803334483747E-003  0.59384466872264285       0.14295604540973000     
 0.0040   1.6444833936119840E-002   4.8164383940244382E-003   1.1913474722201682E-002   1.5195770997575911E-003  0.59365581353284458       0.17794698444461224     
 0.0050   2.1165869980088896E-002   9.3215476474385536E-003   1.5636380339959653E-002   1.6048842004363427E-003  0.59078844002968678       0.26194648754152300     
 0.0060   2.6590914044522955E-002   1.6771834533305018E-002   2.0262123209897225E-002   5.3589245487900240E-003  0.58640792751594750       0.37791009979332824     
 0.0070   3.3026137009098233E-002   2.7095739752531846E-002   2.6177780587231168E-002   1.2449220387132254E-002  0.57965909072251387       0.49514255356648190     
 0.0080   4.0715035015220155E-002   3.9163107277395838E-002   3.3610877926878134E-002   2.1649133027184159E-002  0.56956737782136879       0.57774994592402829     
 0.0090   4.9761102393156752E-002   5.0971347879575052E-002   4.2420971932965873E-002   3.0473482379565757E-002  0.55531137143915932       0.60277345059603926     
 0.0100   6.0078760928555575E-002   6.0454763587113616E-002   5.1983736716772776E-002   3.6431329702329152E-002  0.53669528249960141       0.57186233937660902     
 0.0200  0.15330571411822100        5.6024301773747801E-002   8.4214913874454830E-002   1.2104560844083559E-002  0.37858740152642978       0.14100158238514113     
 0.0400  0.19754935084628186        2.4642357302908716E-002   8.0606803463574059E-002   1.5721133829535163E-003  0.40649502633452145        5.0861005995312542E-002
 0.0600  0.24066620090854227        1.4845479126653417E-002   9.0330103983342291E-002   3.4586379690007140E-003  0.43260524014571611        2.7940876222882986E-002
 0.0800  0.28533991513200602        5.1734350438842683E-003  0.10192822762445404        3.1766875459723282E-003  0.44755323421193988        1.0699741648680464E-002
 0.1000  0.33145481476355299        4.3074007761209586E-003  0.11280084185780812        2.2740314900050844E-003  0.45315506260472971        7.4527799737654343E-003
 0.1200  0.37872412370214048        5.8941191044027891E-003  0.12259660865780736        1.5211952674979278E-003  0.45292039748879048        7.5882801023178757E-003
 0.1400  0.42544932411581915        6.3551486020354342E-003  0.13141698384136816        1.0183765702539821E-003  0.45087579941139311        6.9578388199467477E-003
 0.1600  0.47117328570961908        6.0813955167714892E-003  0.13941788084894760        6.9400968994719843E-004  0.44828434081450441        5.8925686655302827E-003
 0.1800  0.51589457532593108        5.5073848927776675E-003  0.14674197100392325        4.7791553040136371E-004  0.44552026498374564        4.8111255589846887E-003
 0.2000  0.55977149950699245        4.8647550864554228E-003  0.15350408262035661        3.3095916632759138E-004  0.44266906994475419        3.8765477234039571E-003
 0.2200  0.60299531438761933        4.2580315049444289E-003  0.15979015971466048        2.3390792333755162E-004  0.43973133695078759        3.1217836141505537E-003
 0.2400  0.64572534024500183        3.7282003348349298E-003  0.16566289538116258        1.7524846641896484E-004  0.43670223302924072        2.5319297003587940E-003
 0.2600  0.68808217142143291        3.2877267454018257E-003  0.17116863955527731        1.4445241565540955E-004  0.43358421812200620        2.0797723693757653E-003
 0.2800  0.73017177227631669        2.9399460937191801E-003  0.17634293434690709        1.3020187696874516E-004  0.43037596108753318        1.7401240604661965E-003
 0.3000  0.77209364734788799        2.6846253016771129E-003  0.18121425166264846        1.2313424560620072E-004  0.42707271014628695        1.4920345518545720E-003
 0.3200  0.81392668075928221        2.5145730791307657E-003  0.18580633253174872        1.1794256241732142E-004  0.42367706765315150        1.3158113220414676E-003
 0.3400  0.85572316537445270        2.4158024100074445E-003  0.19013961216622752        1.1250103330187233E-004  0.42020137504720850        1.1927711878609634E-003
 0.3600  0.89751640245813424        2.3720173577103047E-003  0.19423208919197210        1.0629634211680456E-004  0.41666243230338679        1.1070702609026943E-003
 0.3800  0.93933017608036684        2.3683694556270356E-003  0.19809986674810173        9.9444582215436024E-005  0.41307661884048985        1.0466539494802477E-003


# triplet j3 / nf 6 / mode 2 / nplat 10 / jkb  20 / start     1 / nmeas  2000
 0.0010   6.3916541323608786E-002   8.6546461529495855E-002   2.8729363949408539E-003   6.4041167663411594E-004   3.7502890092860196E-002   5.0952685993653830E-002
 0.0020   6.4132689180016064E-002   8.5065885107844741E-002   5.7558577812178852E-003   1.2438622408788881E-003   7.4817909968411561E-002   9.9567544193215132E-002
 0.0030   6.4436171216237945E-002   7.9635098353893111E-002   8.7143921297561707E-003   1.6465803334483747E-003  0.11221849697092333       0.13909274390277371     
 0.0040   6.5123763954754263E-002   6.9901646581461002E-002   1.1913474722201682E-002   1.5195770997575911E-003  0.14990797023867436       0.16118992130582213     
 0.0050   6.5710175710323629E-002   5.6953587880642448E-002   1.5636380339959653E-002   1.6048842004363427E-003  0.19029855227496104       0.16522808589592353     
 0.0060   6.5579436912115069E-002   4.4717037126114037E-002   2.0262123209897225E-002   5.3589245487900240E-003  0.23777457583998793       0.16515359554024317     
 0.0070   6.5953139636682687E-002   3.6777156813342315E-002   2.6177780587231168E-002   1.2449220387132254E-002  0.29026518910592297       0.17596072206249008     
 0.0080   7.0106769804652011E-002   3.4514721427960735E-002   3.3610877926878134E-002   2.1649133027184159E-002  0.33078054795765766       0.19459774303360011     
 0.0090   7.8107615939863956E-002   3.7488304838526949E-002   4.2420971932965873E-002   3.0473482379565757E-002  0.35377991866431097       0.21208174950796144     
 0.0100   8.7147153732068897E-002   4.3650794868468526E-002   5.1983736716772776E-002   3.6431329702329152E-002  0.36999472946540801       0.22617381862421612     
 0.0200  0.13495251367952810        6.1299162237292058E-002   8.4214913874454830E-002   1.2104560844083559E-002  0.43007433033072451       0.19778165507479220     
 0.0400  0.20465655588316994        4.1176925268921596E-002   8.0606803463574059E-002   1.5721133829535163E-003  0.39237848124674085        7.9039274394632389E-002
 0.0600  0.25317450141756215        2.4281663648161450E-002   9.0330103983342291E-002   3.4586379690007140E-003  0.41123201213412153        4.0218844333516114E-002
 0.0800  0.29712952883538157        1.6930820189406372E-002  0.10192822762445404        3.1766875459723282E-003  0.42979505392021111        2.5389557528197347E-002
 0.1000  0.34681151471807165        1.6536168549101924E-002  0.11280084185780812        2.2740314900050844E-003  0.43308950528046097        2.1106347533387589E-002
 0.1200  0.39524846136125952        1.6839862851610991E-002  0.12259660865780736        1.5211952674979278E-003  0.43398494216777261        1.8685264999777563E-002
 0.1400  0.43975222114907453        1.5114196918559676E-002  0.13141698384136816        1.0183765702539821E-003  0.43621110910711897        1.5087456049417096E-002
 0.1600  0.48316925555637985        1.3369002680777056E-002  0.13941788084894760        6.9400968994719843E-004  0.43715448233666443        1.2144640212069176E-002
 0.1800  0.52630739481452204        1.2143022617107780E-002  0.14674197100392325        4.7791553040136371E-004  0.43670579240841761        1.0100789368618085E-002
 0.2000  0.56920106346319377        1.1332564582557632E-002  0.15350408262035661        3.3095916632759138E-004  0.43533567481530866        8.6800543340043220E-003
 0.2200  0.61182383304051169        1.0788992614812828E-002  0.15979015971466048        2.3390792333755162E-004  0.43338608509742560        7.6489748988355548E-003
 0.2400  0.65409381452982440        1.0343444463458747E-002  0.16566289538116258        1.7524846641896484E-004  0.43111506598064736        6.8212057707683280E-003
 0.2600  0.69593452234974007        9.8546173705489695E-003  0.17116863955527731        1.4445241565540955E-004  0.42869201155898895        6.0730871219096174E-003
 0.2800  0.73740499459020814        9.3037756422746625E-003  0.17634293434690709        1.3020187696874516E-004  0.42615439352569318        5.3790546468825669E-003
 0.3000  0.77868100421538666        8.7702428860640565E-003  0.18121425166264846        1.2313424560620072E-004  0.42345983101494339        4.7715750604334847E-003
 0.3200  0.81992707750506599        8.3241448748696632E-003  0.18580633253174872        1.1794256241732142E-004  0.42057651082589698        4.2719044571670377E-003
 0.3400  0.86123812128172605        7.9851767549078030E-003  0.19013961216622752        1.1250103330187233E-004  0.41751060695613496        3.8730202239179953E-003
 0.3600  0.90265411891209812        7.7411060938212270E-003  0.19423208919197210        1.0629634211680456E-004  0.41429087780721524        3.5547411167494154E-003
 0.3800  0.94418782195606088        7.5708308097384722E-003  0.19809986674810173        9.9444582215436024E-005  0.41095142734024459        3.2967674142411023E-003


