# triplet j1 / nf 0 / mode 2 / nplat 10 / jkb  20 / start     1 / nmeas  2000
 0.0010  0.15714587260963492        1.2128729488800241E-002   2.5187084070906218        3.4102325867639151E-002  0.45164890832151694        3.4992706830972838E-002
 0.0020  0.14949548741275581        1.0021235978613175E-002   1.2710650471137335        1.7124911713375084E-002  0.47696421904383002        3.2133716524881201E-002
 0.0030  0.14853852112109608        9.4943923521331672E-003  0.85795797454872802        1.1388473382762323E-002  0.48302491988732260        3.1040326306027714E-002
 0.0040  0.15003081652154068        9.0394274148314115E-003  0.65305262690352472        8.4683221677414287E-003  0.48176873336728171        2.9194378093518235E-002
 0.0050  0.15243981680687274        8.5800711595349112E-003  0.53121853336914238        6.6887751430387068E-003  0.47812140940100312        2.7078873794914467E-002
 0.0060  0.15524461224853461        8.1379707510923632E-003  0.45079370768993371        5.4899624964514868E-003  0.47376503846925727        2.5001903553043027E-002
 0.0070  0.15824399944869930        7.7224349484633047E-003  0.39394810652517676        4.6293923426918935E-003  0.46930618283731579        2.3067923826666076E-002
 0.0080  0.16134706629329706        7.3350668854229775E-003  0.35178161768801336        3.9839249115445176E-003  0.46498130171330943        2.1302054873955239E-002
 0.0090  0.16450694024298110        6.9745485708848365E-003  0.31935928535486702        3.4839261536194935E-003  0.46088418063988773        1.9701011144884664E-002
 0.0100  0.16769693315565731        6.6386481897588966E-003  0.29372662092210183        3.0868479135658699E-003  0.45704770454077293        1.8251922394052059E-002
 0.0200  0.19921702742260650        4.2291674948167742E-003  0.18465072899619051        1.3891317862789623E-003  0.43139891986094270        9.3007957782436038E-003
 0.0400  0.25529029038681428        2.0692208553289479E-003  0.14104995624157096        6.3077845121147695E-004  0.41609948095050925        3.4986192162151115E-003
 0.0600  0.30499189793726800        1.2747824233191442E-003  0.13336232499946049        3.9204997832182882E-004  0.41478104326563969        1.8377476402080838E-003
 0.0800  0.35135916760581792        9.0557891701655382E-004  0.13381235641220687        2.7816026881796719E-004  0.41644419349960332        1.1573152697979974E-003
 0.1000  0.39572085098003096        7.1192260580874337E-004  0.13715250059382789        2.1185566728239223E-004  0.41853128667935902        8.1941256260842246E-004
 0.1200  0.43876258401323309        6.1396389820886669E-004  0.14169774296736429        1.6838208264021131E-004  0.42029817250717366        6.3894828302901458E-004
 0.1400  0.48089234024080874        5.7172858091668376E-004  0.14675174776465741        1.3770203054346296E-004  0.42152447601795900        5.3875694730696404E-004
 0.1600  0.52237637152227823        5.6161259020108610E-004  0.15198251460311440        1.1497161763420556E-004  0.42217088377443934        4.8115052928186363E-004
 0.1800  0.56339938514409715        5.7127127958746108E-004  0.15721767687937194        9.7540423695688673E-005  0.42226546979904067        4.4775446753620904E-004
 0.2000  0.60409463519479178        5.9536267369604762E-004  0.16236334492575358        8.3824287645471043E-005  0.42186064438422222        4.2978778518424184E-004
 0.2200  0.64456107783982541        6.3178479667654411E-004  0.16736744152595209        7.2813556727753954E-005  0.42101517526670729        4.2270995579927708E-004
 0.2400  0.68487412256017932        6.7941796779938867E-004  0.17220149309357674        6.3832273075339937E-005  0.41978635511890616        4.2364778801543337E-004
 0.2600  0.72509267456163784        7.3719505285892357E-004  0.17685091839066544        5.6409773602575047E-005  0.41822675664438674        4.3040701322405304E-004
 0.2800  0.76526384907033163        8.0391213202113615E-004  0.18130955540602761        5.0207680812276477E-005  0.41638316514488694        4.4119480425759347E-004
 0.3000  0.80542618790004916        8.7831325747832060E-004  0.18557643958579279        4.4976221618114211E-005  0.41429653208557315        4.5456919740451834E-004
 0.3200  0.84561189796796510        9.5920869573123946E-004  0.18965384042766598        4.0526957005979953E-005  0.41200237803491135        4.6941803987500904E-004
 0.3400  0.88584844018133724        1.0455478780865459E-003  0.19354603144132038        3.6715075794275543E-005  0.40953136313816552        4.8491930462219628E-004
 0.3600  0.92615968122876169        1.1364432980479143E-003  0.19725850263951178        3.3427612321825707E-005  0.40690988804176920        5.0048732998788639E-004
 0.3800  0.96656674399410492        1.2311645952747662E-003  0.20079744797672994        3.0575227361012427E-005  0.40416066363424008        5.1571851928865252E-004


# triplet j3 / nf 0 / mode 2 / nplat 10 / jkb  20 / start     1 / nmeas  2000
 0.0010  0.22762837325776786        1.8387205003685934E-002   2.5187084070906218        3.4102325867639151E-002  0.31180103251452534        2.5274742801610586E-002
 0.0020  0.22592924821603394        1.9110570784721458E-002   1.2710650471137335        1.7124911713375084E-002  0.31560322077565095        2.6780305660368334E-002
 0.0030  0.22408821318350924        1.9643176726498054E-002  0.85795797454872802        1.1388473382762323E-002  0.32017662261398572        2.8146448183245066E-002
 0.0040  0.22243375454754713        2.0008067919935795E-002  0.65305262690352472        8.4683221677414287E-003  0.32495138423872261        2.9305431816961922E-002
 0.0050  0.22104597330968526        2.0207174226834265E-002  0.53121853336914238        6.6887751430387068E-003  0.32972661283642229        3.0213737018474754E-002
 0.0060  0.21993301456152839        2.0251020649320810E-002  0.45079370768993371        5.4899624964514868E-003  0.33441759456034625        3.0859805853745450E-002
 0.0070  0.21908459413541234        2.0158893230363198E-002  0.39394810652517676        4.6293923426918935E-003  0.33897813596275761        3.1254327805794652E-002
 0.0080  0.21848669924801201        1.9953587047249977E-002  0.35178161768801336        3.9839249115445176E-003  0.34337728187068817        3.1419605400780017E-002
 0.0090  0.21812504548177214        1.9657873344139570E-002  0.31935928535486702        3.4839261536194935E-003  0.34759257560726647        3.1383074130572779E-002
 0.0100  0.21798564517378310        1.9292650720959387E-002  0.29372662092210183        3.0868479135658699E-003  0.35160800747323101        3.1173592633963156E-002
 0.0200  0.23022833279993421        1.3229707870639564E-002  0.18465072899619051        1.3891317862789623E-003  0.37329033052896610        2.1496447544854819E-002
 0.0400  0.26212116783603562        7.4727549521204596E-003  0.14104995624157096        6.3077845121147695E-004  0.40525592876995625        1.1588834011007495E-002
 0.0600  0.30830926702301875        4.1106803700776380E-003  0.13336232499946049        3.9204997832182882E-004  0.41031805120714232        5.5039052636917489E-003
 0.0800  0.35349515439043133        2.7532589199628483E-003  0.13381235641220687        2.7816026881796719E-004  0.41392783851482839        3.2525285375787547E-003
 0.1000  0.39739734834723323        2.2909989272029904E-003  0.13715250059382789        2.1185566728239223E-004  0.41676563171681852        2.4241226393178746E-003
 0.1200  0.44031220221192047        2.2313458704278566E-003  0.14169774296736429        1.6838208264021131E-004  0.41881899093164537        2.1369641280530156E-003
 0.1400  0.48248958176111845        2.3494419491516092E-003  0.14675174776465741        1.3770203054346296E-004  0.42012905439566162        2.0552565005761128E-003
 0.1600  0.52411176594694830        2.5439339389166041E-003  0.15198251460311440        1.1497161763420556E-004  0.42077302735227623        2.0485400530231633E-003
 0.1800  0.56531490179262667        2.7678480422366845E-003  0.15721767687937194        9.7540423695688673E-005  0.42083466276576720        2.0645872878594517E-003
 0.2000  0.60620415095174207        2.9985096976779331E-003  0.16236334492575358        8.3824287645471043E-005  0.42039262131778737        2.0822469649603155E-003
 0.2200  0.64686276154864331        3.2249233305608250E-003  0.16736744152595209        7.2813556727753954E-005  0.41951710824588123        2.0934853176044926E-003
 0.2400  0.68735784975567638        3.4420506764514368E-003  0.17220149309357674        6.3832273075339937E-005  0.41826948179465734        2.0959832161070906E-003
 0.2600  0.72774438934545838        3.6479793795084381E-003  0.17685091839066544        5.6409773602575047E-005  0.41670284510371419        2.0898719181631936E-003
 0.2800  0.76806806423969987        3.8424263979866132E-003  0.18130955540602761        5.0207680812276477E-005  0.41486295093167830        2.0762362637052299E-003
 0.3000  0.80836737916942336        4.0259266713426490E-003  0.18557643958579279        4.4976221618114211E-005  0.41278914154198876        2.0564296908429057E-003
 0.3200  0.84867524537247119        4.1993880398076147E-003  0.18965384042766598        4.0526957005979953E-005  0.41051522918464689        2.0317719769496791E-003
 0.3400  0.88902018550142958        4.3638474079169516E-003  0.19354603144132038        3.6715075794275543E-005  0.40807028361978326        2.0034290467380186E-003
 0.3600  0.92942726292814004        4.5203415036729529E-003  0.19725850263951178        3.3427612321825707E-005  0.40547931745653321        1.9723793228584095E-003
 0.3800  0.96991881245450517        4.6698452928604639E-003  0.20079744797672994        3.0575227361012427E-005  0.40276387227798799        1.9394201740735287E-003


