 # triplet j1
 0.0010  -100.00000000000000        95.007017215420433        2.3091034936259473E-003   4.7756988221359532E-004  -2.1490013930316321E-005   2.0537607396863695E-005
 0.0020  -99.999999999999986        95.022787033883390        4.8803614223758519E-003   1.4400814708534423E-003  -4.4183080120679019E-005   4.2487047759619489E-005
 0.0030  -100.00000000000000        95.030759667909919        7.7021015503447986E-003   2.8563682159802629E-003  -6.7979856797487296E-005   6.5820090473261522E-005
 0.0040  -100.00000000000000        107.48592024816256        1.0754982774176245E-002   4.6610694400138304E-003  -9.2757674719351374E-005   1.0170735739630287E-004
 0.0050  -100.00000000000000        118.01710105231275        1.4011564512859363E-002   6.7545623382009061E-003  -1.1837045456049987E-004   1.4258121038508009E-004
 0.0060  -99.999999999999986        131.01428770735839        1.7436577516537134E-002   9.0083716292124888E-003  -1.4465093508112751E-004   1.9316195744952493E-004
 0.0070  -100.00000000000000        130.95161232375034        2.0987982252990766E-002   1.1277662506984767E-002  -1.7141521272683784E-004   2.2914667356117776E-004
 0.0080  -80.043907422695824        159.62785452335277        2.4618786221998742E-002   1.3418604398173177E-002  -2.4795052312426898E-004   4.9907205044120702E-004
 0.0090  0.26738800594351453        133.43133294839043        2.8279460813873343E-002   1.5306350600457366E-002   8.4378129262476259E-002   42.106181521119446     
 0.0100  0.22330952392269673        143.23184888006733        3.1920684340765552E-002   1.6849052158455356E-002  0.11314720983988336        72.573194139888798     
 0.0200  0.17049592594319174        3.4544771317268526E-002   6.0437960668535642E-002   1.4983340324200914E-002  0.28838382025029358        6.8497926410902993E-002
 0.0400  0.19771445291317491        5.3547211838683847E-003   8.2248631360874902E-002   3.3934052167793648E-003  0.41027109080812429        1.3967594645384124E-002
 0.0600  0.24452923384700159        2.6783311088877429E-003   9.4588486385755621E-002   1.1238116225020694E-003  0.43569138619738762        5.4288323432612031E-003
 0.0800  0.29223419684876911        3.2992809101193574E-003  0.10556803746304849        1.6490063526886118E-003  0.44472872376067574        6.1052580552702828E-003
 0.1000  0.34008484031154895        4.4326573188035474E-003  0.11581266130077592        1.6165801572121784E-003  0.44751309231432695        6.6164623138923245E-003
 0.1200  0.38747774584454797        4.8706241155330142E-003  0.12523557190591295        1.2851903733680627E-003  0.44742753563930282        6.0747227203283719E-003
 0.1400  0.43408108548372693        4.7080626756134227E-003  0.13382041937630185        9.3506643590646210E-004  0.44593272713469906        5.0813416501132988E-003
 0.1600  0.47978671063840361        4.2587483682162202E-003  0.14164922842141020        6.5830443532122402E-004  0.44374541758158642        4.0715666482728898E-003
 0.1800  0.52462683072520400        3.7482843924235066E-003  0.14883109292138985        4.6164112440990913E-004  0.44121227668420671        3.2257275163450256E-003
 0.2000  0.56870844742038940        3.2908454129626230E-003  0.15546380056284301        3.2740900105761577E-004  0.43848521752121306        2.5789749873772151E-003
 0.2200  0.61216151332754987        2.9279713423125057E-003  0.16162483880226514        2.3657848986904988E-004  0.43562657802439747        2.1078553868950334E-003
 0.2400  0.65511073871385250        2.6637363008445141E-003  0.16737380647374767        1.7463438806441012E-004  0.43266288985821899        1.7736651853535693E-003
 0.2600  0.69766494978883908        2.4861504857559900E-003  0.17275699039208858        1.3170048133535827E-004  0.42960821930773996        1.5396551935457344E-003
 0.2800  0.73991548112913197        2.3783890259306147E-003  0.17781121879443282        1.0134844332510011E-004  0.42647293874708869        1.3762346419437907E-003
 0.3000  0.78193809240798040        2.3241379990817448E-003  0.18256658085413388        7.9447469425913898E-005  0.42326649878765871        1.2614324755094955E-003
 0.3200  0.82379575052247367        2.3097224749796890E-003  0.18704825087298571        6.3332272212120313E-005  0.41999804158363824        1.1797168194947888E-003
 0.3400  0.86554125135390991        2.3245423109166177E-003  0.19127771024491536        5.1259636122368537E-005  0.41667636564309940        1.1204394901368111E-003
 0.3600  0.90721939445346467        2.3607297233656514E-003  0.19527358328631153        4.2068140853576250E-005  0.41330976871314734        1.0764190676412189E-003
 0.3800  0.94886870158847847        2.4125612002173754E-003  0.19905222608376097        3.4968104679988603E-005  0.40990592310874568        1.0428345516500636E-003


 # triplet j3
 0.0010  0.11425174505105809        2.5125872981017063E-002   2.3091034936259473E-003   4.7756988221359532E-004   1.8809352908100114E-002   4.5709845408141089E-003
 0.0020  0.11270111817363640        2.6052144582146258E-002   4.8803614223758519E-003   1.4400814708534423E-003   3.9203763757345342E-002   1.0750924299187916E-002
 0.0030  0.11163888547789010        2.6925204593068103E-002   7.7021015503447986E-003   2.8563682159802629E-003   6.0892632980423828E-002   1.8524963724016002E-002
 0.0040  0.11098933924411584        2.7735685127471786E-002   1.0754982774176245E-002   4.6610694400138304E-003   8.3573499356848338E-002   2.7642949997024605E-002
 0.0050  0.11070790293471221        2.8468347244474147E-002   1.4011564512859363E-002   6.7545623382009061E-003  0.10692141339747578        3.7684791385020164E-002
 0.0060  0.11076467121242776        2.9107948170282595E-002   1.7436577516537134E-002   9.0083716292124888E-003  0.13059302528304503        4.8122664531172872E-002
 0.0070  0.11113730327983781        2.9642198651663652E-002   2.0987982252990766E-002   1.1277662506984767E-002  0.15423733316186689        5.8390845839579701E-002
 0.0080  0.11180724275843322        3.0062809586212966E-002   2.4618786221998742E-002   1.3418604398173177E-002  0.17751022410282097        6.7958416285010870E-002
 0.0090  0.11275759128086565        3.0365635259374791E-002   2.8279460813873343E-002   1.5306350600457366E-002  0.20009029522933980        7.6391880858274336E-002
 0.0100  0.11397194830075856        3.0550408186362975E-002   3.1920684340765552E-002   1.6849052158455356E-002  0.22169358284417123        8.3395089495505309E-002
 0.0200  0.13687959771966413        2.7561646926336988E-002   6.0437960668535642E-002   1.4983340324200914E-002  0.35920814555071756        8.4935652263231923E-002
 0.0400  0.19914955755065269        1.8059951428769854E-002   8.2248631360874902E-002   3.3934052167793648E-003  0.40731460949687631        3.7881112432186601E-002
 0.0600  0.25320767458311561        1.3797972773339967E-002   9.4588486385755621E-002   1.1238116225020694E-003  0.42075849808262306        2.3064112311347112E-002
 0.0800  0.30281250950658795        1.2318362246415981E-002  0.10556803746304849        1.6490063526886118E-003  0.42919277547531992        1.7778361425146882E-002
 0.1000  0.35150634481015441        1.2089663436781698E-002  0.11581266130077592        1.6165801572121784E-003  0.43297203815550805        1.5195090335367204E-002
 0.1200  0.39881409134931728        1.1746946360841188E-002  0.12523557190591295        1.2851903733680627E-003  0.43470934628146507        1.2997060695492784E-002
 0.1400  0.44486704805838501        1.1197073572493433E-002  0.13382041937630185        9.3506643590646210E-004  0.43512092678517339        1.1056773463301819E-002
 0.1600  0.48987096592651797        1.0578963471438368E-002  0.14164922842141020        6.5830443532122402E-004  0.43461068132433528        9.4397730050249807E-003
 0.1800  0.53401321725558926        9.9924068969051080E-003  0.14883109292138985        4.6164112440990913E-004  0.43345705857894562        8.1386201158400867E-003
 0.2000  0.57746241946013821        9.4799354483942593E-003  0.15546380056284301        3.2740900105761577E-004  0.43183805364583494        7.1038559572845945E-003
 0.2200  0.62036435112279709        9.0502329779683487E-003  0.16162483880226514        2.3657848986904988E-004  0.42986645632758286        6.2790264489278194E-003
 0.2400  0.66284054091961808        8.6974247915032488E-003  0.16737380647374767        1.7463438806441012E-004  0.42761733462446849        5.6153897399488411E-003
 0.2600  0.70499022960149293        8.4111171970432507E-003  0.17275699039208858        1.3170048133535827E-004  0.42514432706624883        5.0749118822748804E-003
 0.2800  0.74689391692959883        8.1805491546856606E-003  0.17781121879443282        1.0134844332510011E-004  0.42248828449268333        4.6289785944876429E-003
 0.3000  0.78861715016170486        7.9959965261363966E-003  0.18256658085413388        7.9447469425913898E-005  0.41968171574047308        4.2562428998624228E-003
 0.3200  0.83021391698349900        7.8491134892771618E-003  0.18704825087298571        6.3332272212120313E-005  0.41675114667011681        3.9407330687849977E-003
 0.3400  0.87172942228188655        7.7329138560754199E-003  0.19127771024491536        5.1259636122368537E-005  0.41371849304371178        3.6704215035610857E-003
 0.3600  0.91320223127396416        7.6416370539408056E-003  0.19527358328631153        4.2068140853576250E-005  0.41060197320209224        3.4361843298610440E-003
 0.3800  0.95466588464121671        7.5705921490229850E-003  0.19905222608376097        3.4968104679988603E-005  0.40741678035326101        3.2310523789271781E-003


