# triplet j1 / nf 1 / mode 2 / nplat 10 / jkb  20 / start  8001 / nmeas  2000
 0.0010   4.1014397517741219E-002   9.1240943231232583E-003  0.13385714973620891        3.4969312558230090E-002  0.39893252707607280       0.10291441449789079     
 0.0020   5.7035879794693149E-002   1.1271394356027378E-002  0.12769268703591310        2.9235810400788927E-002  0.39624597483005103        9.0495545317350490E-002
 0.0030   6.8691628710757693E-002   1.2083530456953685E-002  0.12258275986691237        2.4691977467590633E-002  0.39480851331175848        8.0028256777593468E-002
 0.0040   7.8037901983773708E-002   1.2256900249931800E-002  0.11831775636639637        2.1033508295513741E-002  0.39424334525170529        7.1149274445132402E-002
 0.0050   8.5915198203549745E-002   1.2092221005159632E-002  0.11473920865963032        1.8047996539352927E-002  0.39426291522479467        6.3566787444239811E-002
 0.0060   9.2776761282488143E-002   1.1747003166358998E-002  0.11172508962638145        1.5583382712098410E-002  0.39466332558852685        5.7049271159941087E-002
 0.0070   9.8901491148683462E-002   1.1309812530515700E-002  0.10917991008552287        1.3528417261209591E-002  0.39530521563821036        5.1412927165599850E-002
 0.0080  0.10447402807689019        1.0831827436765092E-002  0.10702788203418102        1.1800160023630893E-002  0.39609569055305982        4.6511151061989137E-002
 0.0090  0.10962225546091824        1.0342805285782413E-002  0.10520809454577618        1.0335751004310703E-002  0.39697403046553098        4.2226270342193950E-002
 0.0100  0.11443753554768196        9.8598905968658723E-003  0.10367104318380130        9.0868561469046403E-003  0.39790118780308487        3.8463159973414339E-002
 0.0200  0.15339233636975902        6.2067144459331579E-003   9.7487136216654086E-002   2.9790836453407045E-003  0.40709895695053211        1.7607741155126762E-002
 0.0400  0.21523053398637199        3.5725688338908504E-003  0.10200960292704313        1.4992076269766284E-003  0.41972190840867446        7.6190645322981110E-003
 0.0600  0.27010484642699206        3.1361834549242401E-003  0.11030113916845199        1.2979660085513118E-003  0.42593982214034337        5.5443125294001722E-003
 0.0800  0.32107559098905464        2.9501788490479833E-003  0.11858287886813738        9.9001156465874061E-004  0.42900632532405336        4.3296133181613735E-003
 0.1000  0.36929459269097437        2.7203412473168587E-003  0.12641157993043564        7.2930314451739268E-004  0.43056178296179470        3.4061700890300100E-003
 0.1200  0.41551585799328489        2.4760125072376600E-003  0.13377770592181321        5.3969339495189535E-004  0.43123091691675380        2.7128898117854661E-003
 0.1400  0.46027611680270281        2.2521392652381182E-003  0.14071972125987206        4.0646522643654850E-004  0.43125888759612591        2.2001577444331327E-003
 0.1600  0.50395989935672103        2.0642926578655933E-003  0.14727333356218181        3.1255973171159779E-004  0.43076565263381772        1.8227267983757921E-003
 0.1800  0.54684448691042320        1.9168254378370061E-003  0.15346805358367593        2.4530048202681581E-004  0.42982968430370339        1.5453239747075449E-003
 0.2000  0.58913252818300577        1.8089153632233166E-003  0.15932892753157790        1.9615990329609309E-004  0.42851330373260837        1.3419202825716663E-003
 0.2200  0.63097486625345212        1.7373943817952126E-003  0.16487793164781567        1.5952871761739043E-004  0.42686991079778652        1.1933933056210522E-003
 0.2400  0.67248614572262133        1.6980287119711113E-003  0.17013477248211611        1.3170203671017533E-004  0.42494607221264818        1.0855224984293859E-003
 0.2600  0.71375539998207327        1.6861968263383630E-003  0.17511734630295611        1.1019681098742702E-004  0.42278235013293419        1.0076128126740092E-003
 0.2800  0.75485325882819654        1.6973285439728883E-003  0.17984202850730138        9.3317520492606332E-005  0.42041390862996891        9.5159526356490781E-004
 0.3000  0.79583690984253941        1.7271987428956576E-003  0.18432387694798985        7.9883327770814404E-005  0.41787110946310663        9.1141172045780365E-004
 0.3200  0.83675356716028804        1.7720978787543553E-003  0.18857678769588554        6.9055893210131762E-005  0.41518010200506861        8.8255891356675954E-004
 0.3400  0.87764293844677810        1.8288939608377562E-003  0.19261362123921649        6.0229216189205720E-005  0.41236338089243918        8.6172694142510589E-004
 0.3600  0.91853900990234216        1.8950181979249768E-003  0.19644630818439027        5.2958061339498514E-005  0.40944029238043411        8.4650845253909858E-004
 0.3800  0.95947135973230713        1.9684068376045298E-003  0.20008593956200285        4.6910428423971311E-005  0.40642748151287272        8.3516779880039068E-004


# triplet j3 / nf 1 / mode 2 / nplat 10 / jkb  20 / start  8001 / nmeas  2000
 0.0010  0.12711531845483834        1.4962811784282173E-002  0.13385714973620891        3.4969312558230090E-002  0.12871758846333073        2.2633008099735473E-002
 0.0020  0.12686672730658891        1.4389612905002590E-002  0.12769268703591310        2.9235810400788927E-002  0.17814156847383295        2.8707793027555342E-002
 0.0030  0.12635610202552675        1.1756460002304531E-002  0.12258275986691237        2.4691977467590633E-002  0.21463181732828937        2.9429212442061179E-002
 0.0040  0.12668899611128651        8.0910835447033334E-003  0.11831775636639637        2.1033508295513741E-002  0.24284605986996807        2.6579713439002870E-002
 0.0050  0.12812376657645549        8.9253924615385755E-003  0.11473920865963032        1.8047996539352927E-002  0.26437855685138922        2.7776518490613585E-002
 0.0060  0.13000491268340983        8.6196282662847328E-003  0.11172508962638145        1.5583382712098410E-002  0.28164770383905835        2.7102128530436247E-002
 0.0070  0.13206121173852978        8.4662537495270012E-003  0.10917991008552287        1.3528417261209591E-002  0.29604661937282722        2.6393501728901911E-002
 0.0080  0.13428351848442729        8.4511057171986897E-003  0.10702788203418102        1.1800160023630893E-002  0.30816672636392506        2.5782575611797597E-002
 0.0090  0.13546162928396840        9.7738327026298758E-003  0.10520809454577618        1.0335751004310703E-002  0.32125103476954076        2.8040525709051186E-002
 0.0100  0.13772242774140045        9.5918845227323420E-003  0.10367104318380130        9.0868561469046403E-003  0.33062756785830510        2.7206656812510572E-002
 0.0200  0.16312345253577498        8.5770241659018105E-003   9.7487136216654086E-002   2.9790836453407045E-003  0.38281350210288689        2.0960956688087323E-002
 0.0400  0.22120654887560848        6.9728093067661159E-003  0.10200960292704313        1.4992076269766284E-003  0.40838289341685580        1.3218092272554363E-002
 0.0600  0.27576198004731273        6.4688278708656486E-003  0.11030113916845199        1.2979660085513118E-003  0.41720185729236059        1.0089875809017825E-002
 0.0800  0.32654809809074065        6.1775490886138585E-003  0.11858287886813738        9.9001156465874061E-004  0.42181675608224534        8.1717751266698786E-003
 0.1000  0.37452732241348347        5.9406120112913486E-003  0.12641157993043564        7.2930314451739268E-004  0.42454616459632516        6.8444463995637082E-003
 0.1200  0.42052102956590720        5.7501589602306259E-003  0.13377770592181321        5.3969339495189535E-004  0.42609827294692515        5.8894753042990459E-003
 0.1400  0.46509777447325529        5.6111638042945049E-003  0.14071972125987206        4.0646522643654850E-004  0.42678803686860567        5.1857389700928295E-003
 0.1600  0.50864268605199048        5.5206925076740710E-003  0.14727333356218181        3.1255973171159779E-004  0.42679983591758852        4.6544757735552328E-003
 0.1800  0.55142361747844204        5.4710424156911852E-003  0.15346805358367593        2.4530048202681581E-004  0.42626029375884900        4.2429114257432309E-003
 0.2000  0.59363321063981567        5.4535668951352497E-003  0.15932892753157790        1.9615990329609309E-004  0.42526449238908470        3.9155645384209813E-003
 0.2200  0.63541433707563877        5.4604963631424575E-003  0.16487793164781567        1.5952871761739043E-004  0.42388748436627433        3.6484868878646107E-003
 0.2400  0.67687585858127319        5.4854851870245616E-003  0.17013477248211611        1.3170203671017533E-004  0.42219018837696920        3.4253811893899550E-003
 0.2600  0.71810276899112502        5.5235997524977530E-003  0.17511734630295611        1.1019681098742702E-004  0.42022284059487153        3.2350297729783831E-003
 0.2800  0.75916292479142511        5.5711062289095755E-003  0.17984202850730138        9.3317520492606332E-005  0.41802727533516165        3.0696036950241101E-003
 0.3000  0.80011164367049359        5.6252288266198693E-003  0.18432387694798985        7.9883327770814404E-005  0.41563856131626037        2.9235573758762206E-003
 0.3200  0.84099490894676165        5.6839303616117772E-003  0.18857678769588554        6.9055893210131762E-005  0.41308624781307141        2.7929002885777503E-003
 0.3400  0.88185164884316736        5.7457330265475179E-003  0.19261362123921649        6.0229216189205720E-005  0.41039534233342650        2.6747139003869247E-003
 0.3600  0.92271538917721141        5.8095800013345973E-003  0.19644630818439027        5.2958061339498514E-005  0.40758709043815500        2.5668287289161667E-003
 0.3800  0.96361546505342122        5.8747263313540495E-003  0.20008593956200285        4.6910428423971311E-005  0.40467960764630800        2.4676040186885450E-003


