# triplet j1 / nf 1 / mode 2 / nplat 10 / jkb  20 / start  2001 / nmeas  2000
 0.0010   2.9207999587964745E-002   3.8378610420950663E-003   7.4909658365345966E-002   1.1057943970088925E-002  0.41906567722393456        6.3156727365197465E-002
 0.0020   4.1862532808042918E-002   5.0693589591075923E-003   7.6207505131534362E-002   1.0114867776170313E-002  0.41706463629961676        5.7591579245111262E-002
 0.0030   5.1815696314190002E-002   5.7793462104545569E-003   7.7434485071169235E-002   9.2580333906338505E-003  0.41598866198485207        5.2641937573593235E-002
 0.0040   6.0326435396280090E-002   6.1962290427618081E-003   7.8596189882352618E-002   8.4808118839058890E-003  0.41565984934760514        4.8224576117970645E-002
 0.0050   6.7880088021563187E-002   6.4235951896390248E-003   7.9697872363865038E-002   7.7767547992788717E-003  0.41589238351916313        4.4279330891584957E-002
 0.0060   7.4733524606777110E-002   6.5236950993386453E-003   8.0744443433181962E-002   7.1396632610145547E-003  0.41651580013177131        4.0756193401058301E-002
 0.0070   8.1048030716174682E-002   6.5381047790067561E-003   8.1740475174351984E-002   6.5636383626352717E-003  0.41738816441023263        3.7610199315188081E-002
 0.0080   8.6935259431042064E-002   6.4955217359027820E-003   8.2690208562879813E-002   6.0431156974003492E-003  0.41839942644050243        3.4799712161860522E-002
 0.0090   9.2476895115652130E-002   6.4158063531320518E-003   8.3597564708871433E-002   5.5728866954867437E-003  0.41946895644290710        3.2286090151213517E-002
 0.0100   9.7734633517569808E-002   6.3125918288459938E-003   8.4466158642235251E-002   5.1481091710523490E-003  0.42054055247619898        3.0033898008531134E-002
 0.0200  0.14154944594409993        5.0674518326867075E-003   9.1629405988107634E-002   2.5846552184257483E-003  0.42770000709080608        1.6457001374241612E-002
 0.0400  0.21049002153010682        3.3644932456695148E-003  0.10215930761817928        1.0198490283182600E-003  0.42948940165610233        7.1919423129174990E-003
 0.0600  0.26894553095097540        2.3655656568824803E-003  0.11105360465038668        5.6137720034812996E-004  0.42923252276732138        3.9281862824232282E-003
 0.0800  0.32135621899121369        1.7131336018805054E-003  0.11923547136363778        3.7343752248446152E-004  0.42980950836257303        2.3881040963451929E-003
 0.1000  0.36997578633728662        1.3160303306626907E-003  0.12690929433842074        2.7608386741211473E-004  0.43061426295636857        1.6017400801059546E-003
 0.1200  0.41618113081576441        1.1113435194397487E-003  0.13415121555016613        2.1621263071715282E-004  0.43114220751754379        1.2025773549662890E-003
 0.1400  0.46079579484668254        1.0338386782656217E-003  0.14100227360185322        1.7507380234741305E-004  0.43120477985291444        1.0038027118851719E-003
 0.1600  0.50431606882375635        1.0303311215234760E-003  0.14749054116793781        1.4490971873488493E-004  0.43077874589729664        9.0517726182006526E-004
 0.1800  0.54705646457712942        1.0671409459768440E-003  0.15363854330704668        1.2193432065331183E-004  0.42990172360338536        8.5578341549592547E-004
 0.2000  0.58922862795792774        1.1258525355499840E-003  0.15946607989995704        1.0398754169649798E-004  0.42862778080059705        8.3082719369969389E-004
 0.2200  0.63098218728719335        1.1969800025338599E-003  0.16499131885965670        8.9691841414944628E-005  0.42701171113864039        8.1831859704299063E-004
 0.2400  0.67242737710324918        1.2756639325535355E-003  0.17023121797046850        7.8111874541563107E-005  0.42510365106680836        8.1234148851347344E-004
 0.2600  0.71364847080792038        1.3593249736103764E-003  0.17520169300944546        6.8591444651018243E-005  0.42294751881259934        8.0985414832087451E-004
 0.2800  0.75471202815292238        1.4465022238920157E-003  0.17991769594114324        6.0660987317603391E-005  0.42058103201054275        8.0920950680712087E-004
 0.3000  0.79567208405825385        1.5363005940091483E-003  0.18439326521953062        5.3979072775009685E-005  0.41803633484589092        8.0946935388368153E-004
 0.3200  0.83657352113900363        1.6281285250674792E-003  0.18864157009938198        4.8293418872011295E-005  0.41534077972106231        8.1007730716314429E-004
 0.3400  0.87745435325299759        1.7215691445975022E-003  0.19267495549924152        4.3414545045521122E-005  0.41251767094665642        8.1069467213765157E-004
 0.3600  0.91834733379388367        1.8163135404328343E-003  0.19650498841193026        3.9197651361440517E-005  0.40958691004946490        8.1111311345797687E-004
 0.3800  0.95928112898411999        1.9121247190231922E-003  0.20014250511748496        3.5530278997233147E-005  0.40656553546469704        8.1120580051172739E-004


# triplet j3 / nf 1 / mode 2 / nplat 10 / jkb  20 / start  2001 / nmeas  2000
 0.0010  0.12063804729687096        7.4842699385859225E-003   7.4909658365345966E-002   1.1057943970088925E-002  0.10146110950856152        9.7827365142433564E-003
 0.0020  0.12138671074026665        6.8907926071854770E-003   7.6207505131534362E-002   1.0114867776170313E-002  0.14383273023622289        1.2561054981619019E-002
 0.0030  0.12094659472070855        8.9222615300891452E-003   7.7434485071169235E-002   9.2580333906338505E-003  0.17821702404542947        1.6921866848598876E-002
 0.0040  0.11613277426962158        1.0966213566709477E-002   7.8596189882352618E-002   8.4808118839058890E-003  0.21591903927378314        2.3482115672136726E-002
 0.0050  0.11677748456979221        1.1349718261313925E-002   7.9697872363865038E-002   7.7767547992788717E-003  0.24174875580494568        2.6290052935453646E-002
 0.0060  0.11799137619234505        1.1680040334396900E-002   8.0744443433181962E-002   7.1396632610145547E-003  0.26381329553709082        2.8601303014686857E-002
 0.0070  0.11967912183895889        1.1946125050026535E-002   8.1740475174351984E-002   6.5636383626352717E-003  0.28265990132521335        3.0411350501894408E-002
 0.0080  0.12175365103869867        1.2143622458032993E-002   8.2690208562879813E-002   6.0431156974003492E-003  0.29874802417089841        3.1733661567079047E-002
 0.0090  0.12413844222698427        1.2273234330364174E-002   8.3597564708871433E-002   5.5728866954867437E-003  0.31248327265388093        3.2602869301946731E-002
 0.0100  0.12676797411145899        1.2339059761354262E-002   8.4466158642235251E-002   5.1481091710523490E-003  0.32422523956563215        3.3069293901474880E-002
 0.0200  0.15825685275695983        1.0902078770796861E-002   9.1629405988107634E-002   2.5846552184257483E-003  0.38254709340748438        2.6899740667451297E-002
 0.0400  0.21988176605066845        7.2011049853004565E-003  0.10215930761817928        1.0198490283182600E-003  0.41114474849503257        1.3620440597423495E-002
 0.0600  0.27501614738684749        5.7156069173849144E-003  0.11105360465038668        5.6137720034812996E-004  0.41975778453001761        8.7880205565353236E-003
 0.0800  0.32569070279096418        5.0637686817521683E-003  0.11923547136363778        3.7343752248446152E-004  0.42408935014186994        6.6270096339786835E-003
 0.1000  0.37350845799202903        4.7451736919674088E-003  0.12690929433842074        2.7608386741211473E-004  0.42654148021658322        5.4387479235620427E-003
 0.1200  0.41944248811544538        4.6042929271978587E-003  0.13415121555016613        2.1621263071715282E-004  0.42778987954522613        4.7085605434966839E-003
 0.1400  0.46405891605513266        4.5736503508047033E-003  0.14100227360185322        1.7507380234741305E-004  0.42817267894149497        4.2283281506533760E-003
 0.1600  0.50770064831645745        4.6141492059682604E-003  0.14749054116793781        1.4490971873488493E-004  0.42790696522478761        3.8946352525803993E-003
 0.1800  0.55059458796820515        4.6968518836677806E-003  0.15363854330704668        1.2193432065331183E-004  0.42713917312180899        3.6476546295502329E-003
 0.2000  0.59290843054369191        4.8002162945158565E-003  0.15946607989995704        1.0398754169649798E-004  0.42596756290712900        3.4514502092508280E-003
 0.2200  0.63477551487595574        4.9105652907409838E-003  0.16499131885965670        8.9691841414944628E-005  0.42445995029307065        3.2856095435737751E-003
 0.2400  0.67630437336930749        5.0207378029672499E-003  0.17023121797046850        7.8111874541563107E-005  0.42266669319285149        3.1392844488437768E-003
 0.2600  0.71758348689247320        5.1277168785705046E-003  0.17520169300944546        6.8591444651018243E-005  0.42062819943046498        3.0068577019701603E-003
 0.2800  0.75868499857931193        5.2306520293484921E-003  0.17991769594114324        6.0660987317603391E-005  0.41837859489209800        2.8853173105036424E-003
 0.3000  0.79966802640803947        5.3296524768980807E-003  0.18439326521953062        5.3979072775009685E-005  0.41594740664194207        2.7728877351101259E-003
 0.3200  0.84058149321298858        5.4251677743644630E-003  0.18864157009938198        4.8293418872011295E-005  0.41336039559441895        2.6683795928507848E-003
 0.3400  0.88146642885093229        5.5177151215474521E-003  0.19267495549924152        4.3414545045521122E-005  0.41064005879133086        2.5708997404988569E-003
 0.3600  0.92235776384918766        5.6077713239538300E-003  0.19650498841193026        3.9197651361440517E-005  0.40780601795021432        2.4797217247049010E-003
 0.3800  0.96328570452525331        5.6957401848070867E-003  0.20014250511748496        3.5530278997233147E-005  0.40487535944366687        2.3942270413996290E-003


