# triplet j1 / nf 0 / mode 2 / nplat 10 / jkb  20 / start  8001 / nmeas  2000
 0.0010  0.14485631190552881        1.0644455826265877E-002   2.4326696891721773        4.4167858333635228E-002  0.48152533945673454        3.5652851779597865E-002
 0.0020  0.14532971595367156        9.8617892702328718E-003   1.2285622631529178        2.2034113139215283E-002  0.48236318774911097        3.3016793576582534E-002
 0.0030  0.14689891868279037        9.2301365667689598E-003  0.83024703555551271        1.4556710931324098E-002  0.48046382345642275        3.0481515557798166E-002
 0.0040  0.14919517755383749        8.6598007851301888E-003  0.63283892554883214        1.0771630384016427E-002  0.47691040758492526        2.7977493592190778E-002
 0.0050  0.15197226393214283        8.1326193831891651E-003  0.51553043807170962        8.4817742423246526E-003  0.47245758189365672        2.5580000097422440E-002
 0.0060  0.15503963881460459        7.6487564475304082E-003  0.43811546394891787        6.9485142103319778E-003  0.46767285857127766        2.3368430092818814E-002
 0.0070  0.15826296875630044        7.2069679669899429E-003  0.38339794497173402        5.8521606058069128E-003  0.46292389658521144        2.1374605322744603E-002
 0.0080  0.16155802007566181        6.8036742104465465E-003  0.34280138855037356        5.0313084689321587E-003  0.45840859864993355        1.9595822209530780E-002
 0.0090  0.16487648469944408        6.4346718757015619E-003  0.31157462884882114        4.3954702572306130E-003  0.45421197128569085        1.8013832739973343E-002
 0.0100  0.16819219227391932        6.0961185973214850E-003  0.28687567614085363        3.8898937196765256E-003  0.45035607942011807        1.6606247086566991E-002
 0.0200  0.19985343566138083        3.8502771892923462E-003  0.18158846205509180        1.7132635595438995E-003  0.42644448504312171        8.4583825046369333E-003
 0.0400  0.25508737351899968        2.0730935187608592E-003  0.13962946446939598        7.6110450955904293E-004  0.41432827085360263        3.5515467517155531E-003
 0.0600  0.30425415837854924        1.3429319317944835E-003  0.13250916470667154        4.6701711944356248E-004  0.41445469004234192        1.9697473808605549E-003
 0.0800  0.35033532940177048        9.8460635552711129E-004  0.13324372827627440        3.2609757799185541E-004  0.41677287288693304        1.2775394124885930E-003
 0.1000  0.39455644070110535        8.1785942831239650E-004  0.13674524178347036        2.4503118770929959E-004  0.41914276344453161        9.4650650468939700E-004
 0.1200  0.43753907037394496        7.5370127831849072E-004  0.14138920061297505        1.9301557200892985E-004  0.42101435186337816        7.8009568399553704E-004
 0.1400  0.47965698921772693        7.4159580730834491E-004  0.14650743226942539        1.5711963671617498E-004  0.42225817564908386        6.9100098230044866E-004
 0.1600  0.52115789855651617        7.5664784693476130E-004  0.15178227329950639        1.3102346731439009E-004  0.42287907079354531        6.4051700639777061E-004
 0.1800  0.56221491495426446        7.8849854622649860E-004  0.15704909538314987        1.1129179454353855E-004  0.42292816414967266        6.1178730837693253E-004
 0.2000  0.60295353657216577        8.3309834480735996E-004  0.16221840358399478        9.5908625932524986E-005  0.42247032655482042        5.9693604589030149E-004
 0.2200  0.64346754745806756        8.8851375498175708E-004  0.16724073796491434        8.3619839900361080E-005  0.42157099925643471        5.9157797135069891E-004
 0.2400  0.68382896009051286        9.5330319193521801E-004  0.17208925297069000        7.3607761502556489E-005  0.42029091671706081        5.9276819422272441E-004
 0.2600  0.72409447114144487        1.0260707522715897E-003  0.17675041985878628        6.5317951398626139E-005  0.41868429191661305        5.9831489608894953E-004
 0.2800  0.76430977897047980        1.1054434280657925E-003  0.18121878018285020        5.8361672440322187E-005  0.41679854928045867        6.0655243608316676E-004
 0.3000  0.80451254376024184        1.1901456628035456E-003  0.18549385350550424        5.2458422196102526E-005  0.41467472663411536        6.1623989230552090E-004
 0.3200  0.84473446059358015        1.2790586403670474E-003  0.18957825099139616        4.7400708086779600E-005  0.41234813221007016        6.2648336292698409E-004
 0.3400  0.88500274014348168        1.3712450088174215E-003  0.19347649282618093        4.3031693598513959E-005  0.40984906072796340        6.3666373824484805E-004
 0.3600  0.92534118457576375        1.4659455900412335E-003  0.19719425087730397        3.9230592513839474E-005  0.40720347996434514        6.4637098839956267E-004
 0.3800  0.96577098263503247        1.5625611570217813E-003  0.20073785581798825        3.5902843041792533E-005  0.40443365106232471        6.5534883628534928E-004


# triplet j3 / nf 0 / mode 2 / nplat 10 / jkb  20 / start  8001 / nmeas  2000
 0.0010  0.22837856263854653        1.9600615239633305E-002   2.4326696891721773        4.4167858333635228E-002  0.30542264543960917        2.6359161145127364E-002
 0.0020  0.22580168694130220        2.0278662789718190E-002   1.2285622631529178        2.2034113139215283E-002  0.31045695898768449        2.8019982078435517E-002
 0.0030  0.22276325735732683        2.0718785735316957E-002  0.83024703555551271        1.4556710931324098E-002  0.31683688310740254        2.9599003973089667E-002
 0.0040  0.21986346522274239        2.0989882840663061E-002  0.63283892554883214        1.0771630384016427E-002  0.32362235746999396        3.1018036965863725E-002
 0.0050  0.21722789609918777        2.1130021726099985E-002  0.51553043807170962        8.4817742423246526E-003  0.33053051482623669        3.2265875072720655E-002
 0.0060  0.21497350367105703        2.1164402881378566E-002  0.43811546394891787        6.9485142103319778E-003  0.33728729279694314        3.3313889846748775E-002
 0.0070  0.21319912459277263        2.1101089181997667E-002  0.38339794497173402        5.8521606058069128E-003  0.34363982648498076        3.4112245446943627E-002
 0.0080  0.21195296677985326        2.0937869956092599E-002  0.34280138855037356        5.0313084689321587E-003  0.34941518728758619        3.4612250255714613E-002
 0.0090  0.21122867228640765        2.0674474686099602E-002  0.31157462884882114        4.3954702572306130E-003  0.35453933560897810        3.4791318263144390E-002
 0.0100  0.21098008477982955        2.0319221080345069E-002  0.28687567614085363        3.8898937196765256E-003  0.35902145162470139        3.4662463913427061E-002
 0.0200  0.21906805410448574        1.5105188370432105E-002  0.18158846205509180        1.7132635595438995E-003  0.38904072893287761        2.6887858316236597E-002
 0.0400  0.26176730131814352        7.4300667512915948E-003  0.13962946446939598        7.6110450955904293E-004  0.40375520492631012        1.1512995297502694E-002
 0.0600  0.30733532668023583        4.3736045497922279E-003  0.13250916470667154        4.6701711944356248E-004  0.41029960423675715        5.8834575524164354E-003
 0.0800  0.35213947119418293        3.1298192883189853E-003  0.13324372827627440        3.2609757799185541E-004  0.41463759008160250        3.7200674126011218E-003
 0.1000  0.39589776456933751        2.6641346280752878E-003  0.13674524178347036        2.4503118770929959E-004  0.41772268421418662        2.8358066998658191E-003
 0.1200  0.43878086553721130        2.5573854854088764E-003  0.14138920061297505        1.9301557200892985E-004  0.41982283776859292        2.4636131163827588E-003
 0.1400  0.48098255348034369        2.6231614814341232E-003  0.14650743226942539        1.5711963671617498E-004  0.42109445288369868        2.3076200151857292E-003
 0.1600  0.52265868613707689        2.7752766969485979E-003  0.15178227329950639        1.3102346731439009E-004  0.42166479525511186        2.2463916910966568E-003
 0.1800  0.56392919204960157        2.9704530203537192E-003  0.15704909538314987        1.1129179454353855E-004  0.42164251326478108        2.2259880883443968E-003
 0.2000  0.60488834735727115        3.1843619454019834E-003  0.16221840358399478        9.5908625932524986E-005  0.42111900254969376        2.2204228695367660E-003
 0.2200  0.64561264928029283        3.4024787334482045E-003  0.16724073796491434        8.3619839900361080E-005  0.42017029448444737        2.2168525968317633E-003
 0.2400  0.68616562470781017        3.6162659752836447E-003  0.17208925297069000        7.3607761502556489E-005  0.41885966035751587        2.2093129010577490E-003
 0.2600  0.72660077451635985        3.8210780185007906E-003  0.17675041985878628        6.5317951398626139E-005  0.41724010152946001        2.1955533881639314E-003
 0.2800  0.76696358032982670        4.0147616455814576E-003  0.18121878018285020        5.8361672440322187E-005  0.41535636795005104        2.1752605445291995E-003
 0.3000  0.80729302871868325        4.1966928342061999E-003  0.18549385350550424        5.2458422196102526E-005  0.41324650069999336        2.1490462824786880E-003
 0.3200  0.84762282835239777        4.3671309050398255E-003  0.18957825099139616        4.7400708086779600E-005  0.41094301072130696        2.1178879331812442E-003
 0.3400  0.88798241222786967        4.5268069381462711E-003  0.19347649282618093        4.3031693598513959E-005  0.40847379046557181        2.0828361791253316E-003
 0.3600  0.92839775711179329        4.6766707549241284E-003  0.19719425087730397        3.9230592513839474E-005  0.40586284017509500        2.0448745086534274E-003
 0.3800  0.96889205718018190        4.8177418588821646E-003  0.20073785581798825        3.5902843041792533E-005  0.40313085622137401        2.0048615909880386E-003


