# triplet j1 / nf 4 / mode 2 / nplat 10 / jkb  20 / start  6001 / nmeas  2000
 0.0010  -100.00000000000000        95.003784853417685        2.2100271253266200E-003   9.9822450630633608E-004  -2.1023925063254102E-005   2.0530113790989559E-005
 0.0020  -100.00000000000000        95.010643701998745        4.4198490865451981E-003   2.0391117519009709E-003  -4.2046874255027317E-005   4.1109587144710993E-005
 0.0030  -100.00000000000000        95.014112545847112        6.6292073967230492E-003   3.1614390768193077E-003  -6.3067617982874764E-005   6.1781338725838404E-005
 0.0040  -100.00000000000000        95.015016948887720        8.8377435198522102E-003   4.3964082987473334E-003  -8.4084450499969187E-005   8.2584951209184736E-005
 0.0050  -100.00000000000000        95.018914766589049        1.1044964545174818E-002   5.7644007560837818E-003  -1.0509502626278189E-004   1.0355754359910819E-004
 0.0060  -100.00000000000000        95.025199012260856        1.3250225567098387E-002   7.2725048453927211E-003  -1.2609627544268732E-004   1.2472001384836328E-004
 0.0070  -100.00000000000001        95.029131746677365        1.5452731035397188E-002   8.9131893083166276E-003  -1.4708440926745450E-004   1.4606816031592442E-004
 0.0080  -100.00000000000000        95.033178133125176        1.7651554987761563E-002   1.0664451706500488E-002  -1.6805501474344197E-004   1.6758247975776303E-004
 0.0090  -100.00000000000000        95.035383226215046        1.9845677682070264E-002   1.2491602429150183E-002  -1.8900322702992790E-004   1.8921291550394039E-004
 0.0100  -100.00000000000000        95.039533742737859        2.2034033990915688E-002   1.4350563786460805E-002  -2.0992395761758916E-004   2.1089745070923598E-004
 0.0200  -100.00000000000000        95.083257510895578        4.3414472855294470E-002   2.6139232578771904E-002  -4.1672279925770550E-004   4.1561897605727936E-004
 0.0400  0.22505312194019184       0.10032308285265225        7.8771761886377245E-002   1.3215844183333665E-002  0.35273230093369118       0.15999918429966373     
 0.0600  0.25046946516144469        2.0801875892736826E-002   9.5656449556614245E-002   3.8053224640226696E-003  0.42775290068227345        3.6530182272443479E-002
 0.0800  0.29487939679526060        1.0857352902965210E-002  0.10620571253799249        1.3487566891633796E-003  0.44206842913507050        1.6517068965924465E-002
 0.1000  0.34091597035930110        7.0678363358054547E-003  0.11588786586114122        9.4291969556408643E-004  0.44656700737075217        9.4347501386293550E-003
 0.1200  0.38728078472246236        4.7699924485088297E-003  0.12504550395264946        8.6959236217750259E-004  0.44731525752203105        5.7247531341638493E-003
 0.1400  0.43302402898725140        3.7215808343253271E-003  0.13354094855201898        7.2206161971979932E-004  0.44655427106783013        4.0232707045087072E-003
 0.1600  0.47800905838807783        3.2044520664237150E-003  0.14135027361721245        5.4740464255717579E-004  0.44492538942903159        3.1045989459707233E-003
 0.1800  0.52234701908814685        2.9171281921882169E-003  0.14853300582541618        3.9795975221062108E-004  0.44269397840594277        2.5424280690593474E-003
 0.2000  0.56614223696190513        2.7582800191385520E-003  0.15517025466961915        2.8856711122836088E-004  0.44005673840225801        2.1826809821289352E-003
 0.2200  0.60945880864834723        2.6864594010564411E-003  0.16133605258880337        2.1472740137338774E-004  0.43716732406136188        1.9488447945535023E-003
 0.2400  0.65234943445014482        2.6711360640248802E-003  0.16709036586149842        1.6655564351437404E-004  0.43412623665257083        1.7907104151066622E-003
 0.2600  0.69487718955494093        2.6860098774378555E-003  0.17248028392693296        1.3486769729788712E-004  0.43098618120802801        1.6744532911075552E-003
 0.2800  0.73711705795895566        2.7145873838462569E-003  0.17754300732916786        1.1305043325947517E-004  0.42776902903129671        1.5812246914199283E-003
 0.3000  0.77914457229450640        2.7500506506794166E-003  0.18230854874290114        9.7020091718175538E-005  0.42448377267734166        1.5024995985044275E-003
 0.3200  0.82102570456486546        2.7906012688600833E-003  0.18680173739224282        8.4493134787667172E-005  0.42113728056492450        1.4345773701117403E-003
 0.3400  0.86281400533813402        2.8359787949964613E-003  0.19104360945201160        7.4251319590134946E-005  0.41773756194755285        1.3754570695763252E-003
 0.3600  0.90455242649342393        2.8861273698170650E-003  0.19505235310631514        6.5640205404816055E-005  0.41429348348399980        1.3237102108972698E-003
 0.3800  0.94627624864467197        2.9409015025510668E-003  0.19884395278926204        5.8286476122136445E-005  0.41081382516745840        1.2781740011335123E-003


# triplet j3 / nf 4 / mode 2 / nplat 10 / jkb  20 / start  6001 / nmeas  2000
 0.0010  0.14057398493800452        9.6944550101468019E-002   2.2100271253266200E-003   9.9822450630633608E-004   1.4955772273600983E-002   1.0852968352162195E-002
 0.0020  0.14075118975244702        9.6403254188036441E-002   4.4198490865451981E-003   2.0391117519009709E-003   2.9873192780096064E-002   2.1590003911107745E-002
 0.0030  0.14103840339714813        9.5525667503287046E-002   6.6292073967230492E-003   3.1614390768193077E-003   4.4716627857225182E-002   3.2108782139682115E-002
 0.0040  0.14142486538698978        9.4341915427508638E-002   8.8377435198522102E-003   4.3964082987473334E-003   5.9455209852866821E-002   4.2328766608922458E-002
 0.0050  0.14189793046377730        9.2884482457406561E-002   1.1044964545174818E-002   5.7644007560837818E-003   7.4063818914969881E-002   5.2191575783125430E-002
 0.0060  0.14244471910326667        9.1184148196297346E-002   1.3250225567098387E-002   7.2725048453927211E-003   8.8522955597443109E-002   6.1654635975080710E-002
 0.0070  0.14305348436453388        8.9268263993944302E-002   1.5452731035397188E-002   8.9131893083166276E-003  0.10281777470910733        7.0681277318617716E-002
 0.0080  0.14371451965290361        8.7160793061592926E-002   1.7651554987761563E-002   1.0664451706500488E-002  0.11693669863652262        7.9230863234484181E-002
 0.0090  0.14442059876955329        8.4883266894555415E-002   1.9845677682070264E-002   1.2491602429150183E-002  0.13086999267432306        8.7251944022781566E-002
 0.0100  0.14516695053798651        8.2455986750833307E-002   2.2034033990915688E-002   1.4350563786460805E-002  0.14460864324807690        9.4680348570788969E-002
 0.0200  0.15487223319352234        5.4675179354135822E-002   4.3414472855294470E-002   2.6139232578771904E-002  0.26907521811026308       0.12484042421476187     
 0.0400  0.19115760110436450        1.9113255002911653E-002   7.8771761886377245E-002   1.3215844183333665E-002  0.41527778689236733        5.4200350599679828E-002
 0.0600  0.24557858711669742        1.2423221744867015E-002   9.5656449556614245E-002   3.8053224640226696E-003  0.43627191406648902        2.3714643591413544E-002
 0.0800  0.29626908849844896        1.1778080506663536E-002  0.10620571253799249        1.3487566891633796E-003  0.43999484518028092        1.7713566915377642E-002
 0.1000  0.34632509474694384        1.1865190715974996E-002  0.11588786586114122        9.4291969556408643E-004  0.43959224138663894        1.5166356525537820E-002
 0.1200  0.39535496037264634        1.2028691409312774E-002  0.12504550395264946        8.6959236217750259E-004  0.43817991758134606        1.3418421695060334E-002
 0.1400  0.44274797430193868        1.1977480250448390E-002  0.13354094855201898        7.2206161971979932E-004  0.43674672916151225        1.1873984217387482E-002
 0.1600  0.48854707650685369        1.1687230636363731E-002  0.14135027361721245        5.4740464255717579E-004  0.43532829625055924        1.0448167677925524E-002
 0.1800  0.53307233883703464        1.1267838259861203E-002  0.14853300582541618        3.9795975221062108E-004  0.43378705504227805        9.1875877722047330E-003
 0.2000  0.57662681617672462        1.0799227897608024E-002  0.15517025466961915        2.8856711122836088E-004  0.43205535934155970        8.1016202348065981E-003
 0.2200  0.61944608130556200        1.0316691673790635E-002  0.16133605258880337        2.1472740137338774E-004  0.43011891517801942        7.1692197044247192E-003
 0.2400  0.66172925708254193        9.8479665923725292E-003  0.16709036586149842        1.6655564351437404E-004  0.42797262162605065        6.3727315587971617E-003
 0.2600  0.70365405524515579        9.4265719403015657E-003  0.17248028392693296        1.3486769729788712E-004  0.42561037501661259        5.7041595365328619E-003
 0.2800  0.74536294273281778        9.0778840376002368E-003  0.17754300732916786        1.1305043325947517E-004  0.42303665783199040        5.1539852700049132E-003
 0.3000  0.78695187769223152        8.8080102973374496E-003  0.18230854874290114        9.7020091718175538E-005  0.42027249299987368        4.7052564364500537E-003
 0.3200  0.82847814890720028        8.6078673212031786E-003  0.18680173739224282        8.4493134787667172E-005  0.41734900667015473        4.3372729066282166E-003
 0.3400  0.86997648766321767        8.4626300662751786E-003  0.19104360945201160        7.4251319590134946E-005  0.41429834497283941        4.0308597451199574E-003
 0.3600  0.91147159044862358        8.3580465290925016E-003  0.19505235310631514        6.5640205404816055E-005  0.41114849842046569        3.7707996605587401E-003
 0.3800  0.95298462201442502        8.2827617021139239E-003  0.19884395278926204        5.8286476122136445E-005  0.40792197102729993        3.5459132891814235E-003


