# triplet j1 / nf 5 / mode 2 / nplat 10 / jkb  20 / start  4001 / nmeas  2000
 0.0010  -100.00000000000000        95.008342844518197        2.0784628418734508E-003   1.5853238166378201E-004  -2.0388540123674626E-005   1.9386413613362371E-005
 0.0020  -100.00000000000000        95.011258706347562        4.1544933752554495E-003   3.1578385597692989E-004  -4.0765148719245218E-005   3.8762454680934524E-005
 0.0030  -100.00000000000000        95.009766734642028        6.2258114245985043E-003   4.7014862093477315E-004  -6.1118629359296849E-005   5.8114504841644684E-005
 0.0040  -100.00000000000000        95.017308986269455        8.2903066111559252E-003   6.1969359189614770E-004  -8.1438598274557379E-005   7.7440603306660303E-005
 0.0050  -100.00000000000000        95.016199448399774        1.0346035760570025E-002   7.6220061666065742E-004  -1.0171546470704454E-004   9.6718767191169688E-005
 0.0060  -100.00000000000000        95.023518336660416        1.2391213762293359E-002   8.9522209773299161E-004  -1.2194038098493882E-004   1.1595573605780468E-004
 0.0070  -100.00000000000000        95.023082125471603        1.4424199173573763E-002   1.0161497427827639E-003  -1.4210516824874199E-004   1.3512545213272638E-004
 0.0080  -100.00000000000000        95.026395233899251        1.6443476090001480E-002   1.1222961382333070E-003  -1.6220222484294834E-004   1.5423428696008474E-004
 0.0090  -100.00000000000000        95.033088358492492        1.8447633917318816E-002   1.2109890143755220E-003  -1.8222442495772589E-004   1.7327675384633181E-004
 0.0100  -100.00000000000000        95.036348998132908        2.0435346676070238E-002   1.2796785644347687E-003  -2.0216501515381063E-004   1.9223449219564427E-004
 0.0200  -100.00000000000001        95.067501388351076        3.9147226858828370E-002   7.8399531886383454E-004  -3.9571316308067566E-004   3.7621548434871083E-004
 0.0400  0.25586817320686062        42.645235397966481        6.7943428337049680E-002   4.8644951054912216E-003  0.28813927132395950        48.023820948260770     
 0.0600  0.24185735749636877        3.3012871487482873E-002   8.7331395212965512E-002   4.8028766135232038E-003  0.42326905520066432        5.8935785118569319E-002
 0.0800  0.28052193299321071        1.3818497839555459E-002  0.10201552443444369        3.2000766214440070E-003  0.45543489390018654        2.3544439213482999E-002
 0.1000  0.32885707864683661        9.8246524827681602E-003  0.11371332946601322        1.9325697634588574E-003  0.45857829067710537        1.4243508103943744E-002
 0.1200  0.37793383255801094        8.8649025030469019E-003  0.12350286810328980        1.1812256083212327E-003  0.45554194412150656        1.0905106231535710E-002
 0.1400  0.42542508754127256        7.4679730755466550E-003  0.13209491383199523        7.6839970405784502E-004  0.45206300410239059        8.0437673930198704E-003
 0.1600  0.47118056538000080        6.2039370908416151E-003  0.13985321463705316        5.2350854849598095E-004  0.44897674485004807        5.9710103298361633E-003
 0.1800  0.51565653749804019        5.3069569859653274E-003  0.14697833511404049        3.6203465575645392E-004  0.44608475773369016        4.6237044197514274E-003
 0.2000  0.55927396474053426        4.7116092759142700E-003  0.15359490745394794        2.5804830478242942E-004  0.44319392769835531        3.7522071630911391E-003
 0.2200  0.60231328489332203        4.3134360342948633E-003  0.15978334262808791        2.0141527509720525E-004  0.44021987596960516        3.1647983324559325E-003
 0.2400  0.64495006608920602        4.0437051147304828E-003  0.16559653999949092        1.7809575059088350E-004  0.43713960575807942        2.7508380097914955E-003
 0.2600  0.68729076067267203        3.8576525385236012E-003  0.17107091287919546        1.7046678551616676E-004  0.43395955240556866        2.4453226680081395E-003
 0.2800  0.72940168872655808        3.7189789511068846E-003  0.17623342270849010        1.6643216683685214E-004  0.43069654409640212        2.2053769175085663E-003
 0.3000  0.77134065587895528        3.6036572214925111E-003  0.18110572835998873        1.6108322842510174E-004  0.42736159939049373        2.0056330773744811E-003
 0.3200  0.81317388149376546        3.5064638545767592E-003  0.18570647350965819        1.5341124520714289E-004  0.42395531816794052        1.8364934182012566E-003
 0.3400  0.85496682574969840        3.4327332668403631E-003  0.19005247129791999        1.4383148705035193E-004  0.42047671761967181        1.6957154335702903E-003
 0.3600  0.89677011597298262        3.3862829659832764E-003  0.19415927581687104        1.3308837952954374E-004  0.41693100502457114        1.5808396995291717E-003
 0.3800  0.93861726853992766        3.3658486807241835E-003  0.19804143366198629        1.2186789371400573E-004  0.41332938981006601        1.4876306280446206E-003


# triplet j3 / nf 5 / mode 2 / nplat 10 / jkb  20 / start  4001 / nmeas  2000
 0.0010  0.14188573500253629        5.2859713021703947E-002   2.0784628418734508E-003   1.5853238166378201E-004   1.4369689893991225E-002   5.3814226965379908E-003
 0.0020  0.14200149896665837        5.2774022929505407E-002   4.1544933752554495E-003   3.1578385597692989E-004   2.8707548170894156E-002   1.0724632209601648E-002
 0.0030  0.14218720476636182        5.2628472205522331E-002   6.2258114245985043E-003   4.7014862093477315E-004   4.2984619790314704E-002   1.5992684388957901E-002
 0.0040  0.14243701675288653        5.2421629673113854E-002   8.2903066111559252E-003   6.1969359189614770E-004   5.7175164245292294E-002   2.1150615113263178E-002
 0.0050  0.14274536062684934        5.2152823893259578E-002   1.0346035760570025E-002   7.6220061666065742E-004   7.1256581832413415E-002   2.6165975392237344E-002
 0.0060  0.14310709745542605        5.1822170712638858E-002   1.2391213762293359E-002   8.9522209773299161E-004   8.5209177708967174E-002   3.1009227344680621E-002
 0.0070  0.14351767749854258        5.1430580928905872E-002   1.4424199173573763E-002   1.0161497427827639E-003   9.9015794239134813E-002   3.5654010140537595E-002
 0.0080  0.14397328290988567        5.0979740334848721E-002   1.6443476090001480E-002   1.1222961382333070E-003  0.11266133657900426        4.0077279208677014E-002
 0.0090  0.14447090921174735        5.0472060911726513E-002   1.8447633917318816E-002   1.2109890143755220E-003  0.12613226147185394        4.4259356620792056E-002
 0.0100  0.14500844182629188        4.9910599440149847E-002   2.0435346676070238E-002   1.2796785644347687E-003  0.13941603165144523        4.8183879108599142E-002
 0.0200  0.15265076839345110        4.2235334899974386E-002   3.9147226858828370E-002   7.8399531886383454E-004  0.25922775708586104        7.1769957164902490E-002
 0.0400  0.18233994064004269        2.6017880105225415E-002   6.7943428337049680E-002   4.8644951054912216E-003  0.40433088178063703        5.9481483669051122E-002
 0.0600  0.22607580075756448        1.9194300827486601E-002   8.7331395212965512E-002   4.8028766135232038E-003  0.45281597967487019        4.0411128898115350E-002
 0.0800  0.29135989187812605        1.8594267922567048E-002  0.10201552443444369        3.2000766214440070E-003  0.43849369920441594        2.8816904335646449E-002
 0.1000  0.34938818591238785        2.2013020106105775E-002  0.11371332946601322        1.9325697634588574E-003  0.43163084237985327        2.7440903462637313E-002
 0.1200  0.39841507945386656        2.0903503355507027E-002  0.12350286810328980        1.1812256083212327E-003  0.43212398754777454        2.2766079346402832E-002
 0.1400  0.44419139121742157        1.9022002007698522E-002  0.13209491383199523        7.6839970405784502E-004  0.43296413865052696        1.8583922180523779E-002
 0.1600  0.48864640739438236        1.7633890939063208E-002  0.13985321463705316        5.2350854849598095E-004  0.43292882804350286        1.5644196626295601E-002
 0.1800  0.53184023748879161        1.6375242041197086E-002  0.14697833511404049        3.6203465575645392E-004  0.43251056499547863        1.3327552905731904E-002
 0.2000  0.57375344321318389        1.4879787474457276E-002  0.15359490745394794        2.5804830478242942E-004  0.43200930299374501        1.1209654505634634E-002
 0.2200  0.61472827839863553        1.3205727064314545E-002  0.15978334262808791        2.0141527509720525E-004  0.43132923746618423        9.2698960344723014E-003
 0.2400  0.65531565845941020        1.1666335476520713E-002  0.16559653999949092        1.7809575059088350E-004  0.43022505869413091        7.6626263536180529E-003
 0.2600  0.69591038987011022        1.0459434547681761E-002  0.17107091287919546        1.7046678551616676E-004  0.42858447756422247        6.4451023059030107E-003
 0.2800  0.73667622393076149        9.5966299374800109E-003  0.17623342270849010        1.6643216683685214E-004  0.42644349903999956        5.5588980571628140E-003
 0.3000  0.77766365061124243        9.0141333115098133E-003  0.18110572835998873        1.6108322842510174E-004  0.42388682576618458        4.9170146780292663E-003
 0.3200  0.81887296343585336        8.6346955093257235E-003  0.18570647350965819        1.5341124520714289E-004  0.42100473095123081        4.4427349782878104E-003
 0.3400  0.86027984971307925        8.3916157297674390E-003  0.19005247129791999        1.4383148705035193E-004  0.41787988488262456        4.0792829444032414E-003
 0.3600  0.90185389513869441        8.2369148898952648E-003  0.19415927581687104        1.3308837952954374E-004  0.41458075165392155        3.7891612505572851E-003
 0.3800  0.94356900361446627        8.1394122577542281E-003  0.19804143366198629        1.2186789371400573E-004  0.41116028757268858        3.5490051387968243E-003


