# triplet j1 / nf 6 / mode 2 / nplat 10 / jkb  20 / start  6001 / nmeas  2000
 0.0010  -100.00000000000000        95.003439445328667        2.1629646213294921E-003   1.2311764862815669E-003  -2.0798868340991501E-005   2.0627242949082504E-005
 0.0020  -100.00000000000001        95.006990782878944        4.3230519918815739E-003   2.4619912669169362E-003  -4.1583900691885907E-005   4.1243940318944255E-005
 0.0030  -100.00000000000000        95.010411447654860        6.4774195662080560E-003   3.6929965723653865E-003  -6.2341412718391572E-005   6.1839444807967154E-005
 0.0040  -100.00000000000000        95.016167293342477        8.6232929245554611E-003   4.9262606474907789E-003  -8.3058017913049004E-005   8.2407435562114993E-005
 0.0050  -100.00000000000000        95.017250593612758        1.0757996719658200E-002   6.1654205249181433E-003  -1.0372076320418299E-004   1.0293673224883078E-004
 0.0060  -100.00000000000001        95.022679457422569        1.2878982155291905E-002   7.4150807615681732E-003  -1.2431724975380643E-004   1.2343163727169434E-004
 0.0070  -100.00000000000000        95.025969007094176        1.4983850291950896E-002   8.6796167119629532E-003  -1.4483573595190953E-004   1.4388250561865341E-004
 0.0080  -100.00000000000000        95.029282844334659        1.7070370850491345E-002   9.9616014896756477E-003  -1.6526522126807612E-004   1.6428662282763068E-004
 0.0090  -100.00000000000000        95.032624129904278        1.9136496619780684E-002   1.1260199265063608E-002  -1.8559551157181907E-004   1.8463516678591456E-004
 0.0100  -100.00000000000000        95.034353260958767        2.1180374025738781E-002   1.2569921933973795E-002  -2.0581726859395826E-004   2.0491014337584729E-004
 0.0200  -100.00000000000000        95.070246152621522        4.0140807742830305E-002   2.2975702611313428E-002  -4.0070342021415441E-004   3.9783598968666707E-004
 0.0400  0.27797423171580621        60.361135787673525        7.1769006869885146E-002   1.9591897632082998E-002  0.27258937457701077        59.191844517582425     
 0.0600  0.25671741415449367        3.2058794060569037E-002   9.3470930437314970E-002   6.1036587869097393E-003  0.41254713586990188        5.3250495091128176E-002
 0.0800  0.29529016887637999        1.2580194932254022E-002  0.10465484953991586        1.9392570343076494E-003  0.43821847377048040        1.9105727559274192E-002
 0.1000  0.33736323326721851        9.5761322194752811E-003  0.11392804493640413        7.2096141576632685E-004  0.44743769591204319        1.2779283841372786E-002
 0.1200  0.38164538553646238        7.0932969430702502E-003  0.12286759670830295        8.1207540893176236E-004  0.44995003188188942        8.4939766153680346E-003
 0.1400  0.42637610393703318        6.1049513467984614E-003  0.13142920873628658        9.9613369758424120E-004  0.44991669155017083        6.6638259215763447E-003
 0.1600  0.47107188538079175        4.8850788484590783E-003  0.13946972688337606        9.3857120626811557E-004  0.44846419910082924        4.8893184279809182E-003
 0.1800  0.51509707869789145        4.2157891233201268E-003  0.14692494572151435        7.5826778594679383E-004  0.44648814589474661        3.8315885360177319E-003
 0.2000  0.55861533985952450        3.7813536313023445E-003  0.15380738145833062        5.6326517626612829E-004  0.44402326647999341        3.1136855479852246E-003
 0.2200  0.60186224476464911        3.4827414376045981E-003  0.16017002923311394        4.0254660657421408E-004  0.44108253823111010        2.6118621069003444E-003
 0.2400  0.64491803155718219        3.2901309316163193E-003  0.16607562925946087        2.8655859867682634E-004  0.43779324097062033        2.2651688497802979E-003
 0.2600  0.68775085168013939        3.1955664931358858E-003  0.17158139102862363        2.0935159358678032E-004  0.43431579825825101        2.0353256540410281E-003
 0.2800  0.73031786022811762        3.1787227181225321E-003  0.17673463354510044        1.6048961755211322E-004  0.43076749403134207        1.8850977791618516E-003
 0.3000  0.77261829600126009        3.2032115588397788E-003  0.18157326952456601        1.3000291751909327E-004  0.42720526247701179        1.7777482290991591E-003
 0.3200  0.81470191062153707        3.2417115402520523E-003  0.18612766806161488        1.1027105791709037E-004  0.42363976679814047        1.6903339906257399E-003
 0.3400  0.85664374113402841        3.2850031466819664E-003  0.19042252172125840        9.6401307037566420E-005  0.42006197141580975        1.6143324933090115E-003
 0.3600  0.89851440620858780        3.3326929323522852E-003  0.19447833743704529        8.5681378719404560E-005  0.41646338054315069        1.5474322712904541E-003
 0.3800  0.94036806560947939        3.3855050063537491E-003  0.19831253059047840        7.6760307766568907E-005  0.41284212239090257        1.4884566435267796E-003


# triplet j3 / nf 6 / mode 2 / nplat 10 / jkb  20 / start  6001 / nmeas  2000
 0.0010  0.14758043817378644       0.12724591329722351        2.1629646213294921E-003   1.2311764862815669E-003   1.4093242030152638E-002   1.2796262568456436E-002
 0.0020  0.14772814802024448       0.12664793779816938        4.3230519918815739E-003   2.4619912669169362E-003   2.8148935222681672E-002   2.5428534138987567E-002
 0.0030  0.14798963989968439       0.12556476701156338        6.4774195662080560E-003   3.6929965723653865E-003   4.2125524976376755E-002   3.7705627193100097E-002
 0.0040  0.14845836836926307       0.12296033979215906        8.6232929245554611E-003   4.9262606474907789E-003   5.5947009808471927E-002   4.9016193166990955E-002
 0.0050  0.14903633038469252       0.12039423312947480        1.0757996719658200E-002   6.1654205249181433E-003   6.9594281432224611E-002   5.9651726137783544E-002
 0.0060  0.14983339153728770       0.11656830187193808        1.2878982155291905E-002   7.4150807615681732E-003   8.2970323556260633E-002   6.8827101641961583E-002
 0.0070  0.15065012313100054       0.11421306947548286        1.4983850291950896E-002   8.6796167119629532E-003   9.6140469680177421E-002   7.8025260798840007E-002
 0.0080  0.15158222769678883       0.11197944869514365        1.7070370850491345E-002   9.9616014896756477E-003  0.10902677957646689        8.6596963442136590E-002
 0.0090  0.15263728776953422       0.10974771068998063        1.9136496619780684E-002   1.1260199265063608E-002  0.12159251142620418        9.4462056292575133E-002
 0.0100  0.15381219055843454       0.10748171914008436        2.1180374025738781E-002   1.2569921933973795E-002  0.13381076483386184       0.10158632892695521     
 0.0200  0.16959542491654325        8.1668237221339521E-002   4.0140807742830305E-002   2.2975702611313428E-002  0.23627018264869928       0.13235179098673366     
 0.0400  0.18814146553612787        3.2964010202410451E-002   7.1769006869885146E-002   1.9591897632082998E-002  0.40274387018307994        8.9449347395280626E-002
 0.0600  0.24115006722397608        1.4645330384575132E-002   9.3470930437314970E-002   6.1036587869097393E-003  0.43917895257726874        3.0282025122305035E-002
 0.0800  0.28864936653101692        1.2400206327344529E-002  0.10465484953991586        1.9392570343076494E-003  0.44830033295960747        1.9701518558586595E-002
 0.1000  0.33599798195365926        1.2207250778161729E-002  0.11392804493640413        7.2096141576632685E-004  0.44925575713529209        1.6383837742434779E-002
 0.1200  0.38424249113983744        1.2388905532058214E-002  0.12286759670830295        8.1207540893176236E-004  0.44690880719699644        1.4484907773922393E-002
 0.1400  0.43197700563004349        1.2738232179877192E-002  0.13142920873628658        9.9613369758424120E-004  0.44408318854752471        1.3202916842939677E-002
 0.1600  0.47902088940453941        1.3055459872281986E-002  0.13946972688337606        9.3857120626811557E-004  0.44102226117701421        1.2111083537889051E-002
 0.1800  0.52489989148480076        1.3103624747244394E-002  0.14692494572151435        7.5826778594679383E-004  0.43814971836449973        1.0996269041974942E-002
 0.2000  0.56954234739613685        1.2842610020228079E-002  0.15380738145833062        5.6326517626612829E-004  0.43550441691342467        9.8525133689854154E-003
 0.2200  0.61321729644324829        1.2427703759462222E-002  0.16017002923311394        4.0254660657421408E-004  0.43291493590613966        8.7904745379381310E-003
 0.2400  0.65616259643429098        1.1966582291272140E-002  0.16607562925946087        2.8655859867682634E-004  0.43029084060887274        7.8560849404308870E-003
 0.2600  0.69854479074583775        1.1494701049011947E-002  0.17158139102862363        2.0935159358678032E-004  0.42760473502540614        7.0411596642568621E-003
 0.2800  0.74049984908952349        1.1023222647018358E-002  0.17673463354510044        1.6048961755211322E-004  0.42484437354526000        6.3272558260480316E-003
 0.3000  0.78216696860074109        1.0575230593616706E-002  0.18157326952456601        1.3000291751909327E-004  0.42198995251388982        5.7074835347531716E-003
 0.3200  0.82368523464547638        1.0184964617931620E-002  0.18612766806161488        1.1027105791709037E-004  0.41901944202539909        5.1827111571513453E-003
 0.3400  0.86516446663877833        9.8752377365734917E-003  0.19042252172125840        9.6401307037566420E-005  0.41592491668062886        4.7486546507294362E-003
 0.3600  0.90667075451394152        9.6471359916870808E-003  0.19447833743704529        8.5681378719404560E-005  0.41271690435957070        4.3923213305428433E-003
 0.3800  0.94823689758830554        9.4875062653752371E-003  0.19831253059047840        7.6760307766568907E-005  0.40941620076399871        4.0971463664039370E-003


