# triplet j1 / nf 5 / mode 2 / nplat 10 / jkb  20 / start     1 / nmeas  2000
 0.0010   4.0468584711839074E-003   9.3810989408404770E-004   2.8180199954547123E-003   5.6073729882062120E-004  0.58663641330627692       0.14798510403654314     
 0.0020   8.1959099943714475E-003   1.7107442316204157E-003   5.7087642274135540E-003   1.0046444128109606E-003  0.58304740763444529       0.13207189697479751     
 0.0030   1.2547662177959129E-002   3.5048128949866342E-003   8.8571242020528494E-003   1.1228477964092310E-003  0.58097731474211434       0.16640465374806279     
 0.0040   1.7332188138943851E-002   6.9258179583389654E-003   1.2544384169070499E-002   1.4562205255246538E-003  0.57798460619064806       0.23338226911525775     
 0.0050   2.2786724476763092E-002   1.2421013114975456E-002   1.7096895306614783E-002   3.9526651719178508E-003  0.57382137923693632       0.31974519217356712     
 0.0060   2.9122853538937017E-002   1.9959114699332824E-002   2.2801383636339861E-002   8.7704105579964955E-003  0.56798556399804701       0.40430095302199476     
 0.0070   3.6475843157160161E-002   2.8954743597441587E-002   2.9787383027413575E-002   1.5349640074708798E-002  0.55985408729530384       0.46723949391552694     
 0.0080   4.4871129414667775E-002   3.8338111003037613E-002   3.7908488558186640E-002   2.2433990926309429E-002  0.54885954965543760       0.49627421014503553     
 0.0090   5.4211525033210362E-002   4.6839649684316961E-002   4.6693116334240517E-002   2.8385671898457261E-002  0.53477495261838370       0.48981300772331549     
 0.0100   6.4283881485813404E-002   5.3433094640240784E-002   5.5432803586331174E-002   3.2041770886410359E-002  0.51796012637394906       0.45581416106151573     
 0.0200  0.14705129443186410        4.7713252186669698E-002   8.2755378630395907E-002   1.0389085216817395E-002  0.39125442189664594       0.12930275603884919     
 0.0400  0.19597187636230326        1.9750423954920916E-002   8.1172082240930851E-002   1.9687599123897680E-003  0.41120140130285660        4.1740615336537737E-002
 0.0600  0.24035564300209566        1.0841895682156096E-002   9.1391149726813822E-002   3.3215449779478681E-003  0.43570081333959693        2.1188382779875743E-002
 0.0800  0.28653023110319265        4.5323453454519189E-003  0.10304175667816452        2.7238388578893096E-003  0.44812189958225179        9.2372215602808949E-003
 0.1000  0.33383129371202824        4.6964655238634807E-003  0.11377815147068200        1.8416468339741735E-003  0.45187403703617784        7.3339916631666299E-003
 0.1200  0.38145085270181117        5.4222018900093377E-003  0.12340731285083620        1.1988990051095862E-003  0.45116715836849525        6.7773104588793303E-003
 0.1400  0.42816041762193036        5.4130628089462127E-003  0.13208764899270772        7.9353093197063670E-004  0.44916261899278875        5.8366654042417013E-003
 0.1600  0.47375909690836870        4.9874271133989708E-003  0.13998945385416775        5.3913526648323125E-004  0.44675054047365320        4.7811306711619652E-003
 0.1800  0.51837642408063411        4.4227358077016258E-003  0.14725017293703638        3.7538445151396135E-004  0.44415434568042356        3.8315372169499900E-003
 0.2000  0.56221119905141115        3.8644457854954601E-003  0.15397279024966254        2.6978626150796155E-004  0.44142049487500790        3.0587177487583837E-003
 0.2200  0.60544596606402235        3.3754152706477643E-003  0.16023246588398385        2.0369435376198098E-004  0.43855716063557754        2.4608346255635509E-003
 0.2400  0.64822678678453227        2.9764234427877832E-003  0.16608459484043045        1.6397620807574617E-004  0.43557036198127619        2.0115072402960709E-003
 0.2600  0.69067024411018119        2.6696463984276740E-003  0.17157141643677587        1.4028202204473340E-004  0.43246741890591134        1.6809391340791790E-003
 0.2800  0.73287129392152817        2.4492767352525674E-003  0.17672654836709661        1.2509572634935651E-004  0.42925681630175327        1.4426105636405424E-003
 0.3000  0.77490491016484964        2.3047312522058582E-003  0.18157783503384722        1.1388405477701194E-004  0.42595000652008574        1.2738880451392703E-003
 0.3200  0.81682768363443514        2.2224078946730791E-003  0.18614907396564884        1.0439303687001815E-004  0.42256155179492766        1.1557862125131553E-003
 0.3400  0.85868226681819548        2.1881547417431425E-003  0.19046106136292326        9.5691759841390223E-005  0.41910714259627224        1.0731753545171782E-003
 0.3600  0.90050246808755841        2.1894404519956921E-003  0.19453224253321816        8.7481354446312536E-005  0.41560152970277214        1.0147863470066092E-003
 0.3800  0.94231701508602728        2.2163773837630251E-003  0.19837913746108257        7.9717496497490469E-005  0.41205744172634118        9.7270975824794944E-004


# triplet j3 / nf 5 / mode 2 / nplat 10 / jkb  20 / start     1 / nmeas  2000
 0.0010   7.1268772602395836E-002   7.5601298408511042E-002   2.8180199954547123E-003   5.6073729882062120E-004   3.3311006377758821E-002   3.5491104569159389E-002
 0.0020   7.1611783911055632E-002   7.1727530542424950E-002   5.7087642274135540E-003   1.0046444128109606E-003   6.6729298090921860E-002   6.7094565969114520E-002
 0.0030   7.2213612345962797E-002   6.3418601377649139E-002   8.8571242020528494E-003   1.1228477964092310E-003  0.10094920945814501        8.8885069709361067E-002
 0.0040   7.2825908763679240E-002   5.2614620264896286E-002   1.2544384169070499E-002   1.4562205255246538E-003  0.13755733510195303        9.9701416473689936E-002
 0.0050   7.3254999467093504E-002   4.2667889142741798E-002   1.7096895306614783E-002   3.9526651719178508E-003  0.17849306890544495       0.10599221740616491     
 0.0060   7.4351500186159200E-002   3.6088252515392653E-002   2.2801383636339861E-002   8.7704105579964955E-003  0.22247513972320487       0.11615145716825977     
 0.0070   7.7825010699686378E-002   3.3760045379100101E-002   2.9787383027413575E-002   1.5349640074708798E-002  0.26239829195630099       0.13239099123250206     
 0.0080   8.3633703818435545E-002   3.5166250791315017E-002   3.7908488558186640E-002   2.2433990926309429E-002  0.29447395916521185       0.15140594920499301     
 0.0090   9.0072138130886381E-002   3.8718790468768388E-002   4.6693116334240517E-002   2.8385671898457261E-002  0.32186385637784903       0.16945295763400239     
 0.0100   9.5960571524571381E-002   4.2690557120590236E-002   5.5432803586331174E-002   3.2041770886410359E-002  0.34698091986325941       0.18407789723717716     
 0.0200  0.13585256000230536        5.2460344478608430E-002   8.2755378630395907E-002   1.0389085216817395E-002  0.42350669866740914       0.16568633760433646     
 0.0400  0.20366408035704131        3.4777232697492520E-002   8.1172082240930851E-002   1.9687599123897680E-003  0.39567070459777920        6.7734036005569626E-002
 0.0600  0.25312731495025115        2.1444719469579127E-002   9.1391149726813822E-002   3.3215449779478681E-003  0.41371729940467644        3.5847006249215725E-002
 0.0800  0.30047514314958651        1.6567477490428424E-002  0.10304175667816452        2.7238388578893096E-003  0.42732477004190084        2.4229156131148313E-002
 0.1000  0.34968648666912316        1.6003826034301290E-002  0.11377815147068200        1.8416468339741735E-003  0.43138554141899027        2.0049198191356407E-002
 0.1200  0.39662693825053968        1.5216994989783848E-002  0.12340731285083620        1.1988990051095862E-003  0.43390420738897306        1.6780070831079238E-002
 0.1400  0.44134238448832264        1.3733407463620067E-002  0.13208764899270772        7.9353093197063670E-004  0.43574707820340963        1.3622324826677070E-002
 0.1600  0.48518534595110169        1.2438172186167086E-002  0.13998945385416775        5.3913526648323125E-004  0.43622944172649114        1.1214646881186232E-002
 0.1800  0.52853451361396442        1.1477441828216483E-002  0.14725017293703638        3.7538445151396135E-004  0.43561798808441837        9.4759862600840572E-003
 0.2000  0.57144717294450409        1.0748478807514238E-002  0.15397279024966254        2.6978626150796155E-004  0.43428606782808699        8.1774405068839699E-003
 0.2200  0.61393277471122243        1.0133408425724921E-002  0.16023246588398385        2.0369435376198098E-004  0.43249468790812912        7.1439315845043799E-003
 0.2400  0.65602572397999159        9.5605411611913611E-003  0.16608459484043045        1.6397620807574617E-004  0.43039223287273065        6.2758860028619152E-003
 0.2600  0.69781481329304795        9.0218101291772417E-003  0.17157141643677587        1.4028202204473340E-004  0.42803960606094160        5.5367442892764428E-003
 0.2800  0.73941777040980450        8.5442336924345542E-003  0.17672654836709661        1.2509572634935651E-004  0.42545636712700008        4.9186041843032394E-003
 0.3000  0.78093721580325259        8.1505961890936500E-003  0.18157783503384722        1.1388405477701194E-004  0.42265977963114687        4.4132662872348591E-003
 0.3200  0.82244148178760845        7.8447662517818050E-003  0.18614907396564884        1.0439303687001815E-004  0.41967724292724701        4.0047738566491749E-003
 0.3400  0.86396955055737579        7.6169829056264085E-003  0.19046106136292326        9.5691759841390223E-005  0.41654230870994602        3.6738371079612854E-003
 0.3600  0.90554293228994953        7.4527219995517658E-003  0.19453224253321816        8.7481354446312536E-005  0.41328819417970825        3.4026783335189630E-003
 0.3800  0.94717511008992061        7.3380497280031405E-003  0.19837913746108257        7.9717496497490469E-005  0.40994398437548474        3.1770269189609771E-003


