# triplet j1 / nf 5 / mode 2 / nplat 10 / jkb  20 / start  2001 / nmeas  2000
 0.0010   3.9285670956227111E-003   1.2273044622907842E-003   2.4122741704151879E-003   1.1843832733044313E-004  0.55910600443694536       0.17520603027321432     
 0.0020   7.7661917948871001E-003   2.4017297080685292E-003   4.8232600113260358E-003   2.3806612758153341E-004  0.56557762665467048       0.17546346779127633     
 0.0030   1.1664326685866188E-002   3.5855641391393865E-003   7.2332060220753527E-003   3.6080842931463479E-004  0.56478267787215386       0.17418230159945194     
 0.0040   1.5569754227906121E-002   4.7757626602328712E-003   9.6438574683841167E-003   4.8943710496100322E-004  0.56414225198655110       0.17363237287603969     
 0.0050   1.9488325616443338E-002   5.9730772485993965E-003   1.2058153532273240E-002   6.2765857820298399E-004  0.56346361510644405       0.17332038668537897     
 0.0060   2.3426621058726137E-002   7.1807489648885890E-003   1.4479828656897648E-002   7.8015428829885584E-004  0.56268155866886471       0.17313848751441055     
 0.0070   2.7391689302697596E-002   8.4023066270644039E-003   1.6912943695107079E-002   9.5241670151770480E-004  0.56176516150398881       0.17304395138610734     
 0.0080   3.1390763180637896E-002   9.6405463868413713E-003   1.9361376418047017E-002   1.1502445628873781E-003  0.56069441613013227       0.17300075394217726     
 0.0090   3.5430949827712110E-002   1.0896736679660179E-002   2.1828304132123791E-002   1.3788884534748770E-003  0.55945280495466665       0.17296386685850898     
 0.0100   3.9518878894564735E-002   1.2169950234140036E-002   2.4315713682109809E-002   1.6420074080975577E-003  0.55802530387803584       0.17287527517001830     
 0.0200   8.3586915752106847E-002   2.3738661290493998E-002   4.9430755761626734E-002   5.0064500649909111E-003  0.53197389399907968       0.15346350625503960     
 0.0400  0.17129893576021449        1.9429979289926454E-002   8.1232587288240718E-002   2.7628343705296413E-003  0.47060384548208978        5.3975924305119188E-002
 0.0600  0.23863814562413543        9.7141339679451735E-003   9.6330403672605591E-002   1.1441931524350821E-003  0.45053905886613910        1.8534046556328867E-002
 0.0800  0.29528009069953326        5.5237032229205375E-003  0.10742647270081319        5.4331328243859532E-004  0.44399848046483531        8.3812715370163125E-003
 0.1000  0.34619533871253255        3.5475208081245675E-003  0.11702118326244169        3.7957737623388625E-004  0.44190205819014261        4.5846083564805530E-003
 0.1200  0.39335302737615241        2.8579955077120737E-003  0.12571850641485333        3.9001731833994755E-004  0.44159355902642078        3.2808011350087389E-003
 0.1400  0.43826197858036470        2.7974562966494366E-003  0.13373604873337516        3.7752235567084421E-004  0.44153940132352770        2.8864570633865614E-003
 0.1600  0.48197536466492524        2.7972292147819019E-003  0.14118565600830121        3.3575906566272968E-004  0.44100695291336184        2.6126284262535009E-003
 0.1800  0.52497005182240042        2.7087038098424611E-003  0.14813821590886742        2.8584421397191619E-004  0.43989626709189877        2.3090838887747092E-003
 0.2000  0.56748896857179454        2.5725475487882992E-003  0.15464550245179470        2.4004269152553474E-004  0.43826947034945463        2.0156750022814981E-003
 0.2200  0.60967311859598872        2.4466202571225603E-003  0.16074903642950977        2.0230340062266797E-004  0.43621789797109645        1.7719337579380173E-003
 0.2400  0.65161280606046934        2.3638089861886904E-003  0.16648381872139884        1.7236902908664243E-004  0.43382744421518188        1.5897081927569569E-003
 0.2600  0.69337242777020214        2.3315998307616259E-003  0.17188005665842809        1.4859971800832510E-004  0.43116931724618190        1.4618216771795189E-003
 0.2800  0.73500272771057451        2.3424189513247388E-003  0.17696414225905990        1.2933728775181880E-004  0.42829963115691561        1.3739148175454451E-003
 0.3000  0.77654665502016296        2.3840125630950888E-003  0.18175933159123187        1.1334068083764266E-004  0.42526185606980382        1.3122773978001970E-003
 0.3200  0.81804188490556462        2.4455021667125357E-003  0.18628627009235785        9.9789930592291353E-005  0.42208981213304947        1.2668742738114278E-003
 0.3400  0.85952176494044308        2.5192177245227034E-003  0.19056341257928971        8.8163334261831379E-005  0.41881028525954384        1.2313303422120654E-003
 0.3600  0.90101572940355268        2.6003448166448660E-003  0.19460736085072930        7.8119217068517744E-005  0.41544497183599349        1.2018763735778778E-003
 0.3800  0.94254967565506842        2.6860207984286196E-003  0.19843313511938987        6.9415969604637409E-005  0.41201179093815005        1.1763356815309442E-003


# triplet j3 / nf 5 / mode 2 / nplat 10 / jkb  20 / start  2001 / nmeas  2000
 0.0010   9.0987057639666094E-002   9.5107264132465355E-002   2.4122741704151879E-003   1.1843832733044313E-004   2.4140636140743871E-002   2.5240765248714252E-002
 0.0020   9.1242068702802825E-002   9.5052189345066304E-002   4.8232600113260358E-003   2.3806612758153341E-004   4.8139902853411451E-002   5.0164217262484739E-002
 0.0030   9.1663961963033683E-002   9.4923941335803869E-002   7.2332060220753527E-003   3.6080842931463479E-004   7.1869135046506799E-002   7.4446704687548937E-002
 0.0040   9.2247208817926668E-002   9.4672310410539945E-002   9.6438574683841167E-003   4.8943710496100322E-004   9.5217582467396575E-002   9.7750639114274424E-002
 0.0050   9.2984996830783845E-002   9.4224015696809577E-002   1.2058153532273240E-002   6.2765857820298399E-004  0.11809391599158821       0.11970697365569787     
 0.0060   9.3870773352287967E-002   9.3474890699865934E-002   1.4479828656897648E-002   7.8015428829885584E-004  0.14042419361135033       0.13988314186711406     
 0.0070   9.4921419562196838E-002   9.2519529992317689E-002   1.6912943695107079E-002   9.5241670151770480E-004  0.16210984660753286       0.15807373614851883     
 0.0080   9.5719714697516792E-002   8.8982869467030198E-002   1.9361376418047017E-002   1.1502445628873781E-003  0.18387670386468069       0.17102252791645289     
 0.0090   9.6950081083548870E-002   8.7490845329073294E-002   2.1828304132123791E-002   1.3788884534748770E-003  0.20445515920961019       0.18461983075969327     
 0.0100   9.8336294294805296E-002   8.5799199812750429E-002   2.4315713682109809E-002   1.6420074080975577E-003  0.22425630904848656       0.19581186860525954     
 0.0200  0.12041156371414706        3.7556341368609518E-002   4.9430755761626734E-002   5.0064500649909111E-003  0.36928394323972230       0.11668787925150499     
 0.0400  0.19085269365752050        2.0137515355154328E-002   8.1232587288240718E-002   2.7628343705296413E-003  0.42238826369621862        4.5142754528375767E-002
 0.0600  0.25220391814642340        1.2233794335290973E-002   9.6330403672605591E-002   1.1441931524350821E-003  0.42630505635775884        2.0833423846954802E-002
 0.0800  0.30328929087669554        7.8630100134578045E-003  0.10742647270081319        5.4331328243859532E-004  0.43227346143063378        1.1260209198690769E-002
 0.1000  0.35065930172768356        6.2830952467283537E-003  0.11702118326244169        3.7957737623388625E-004  0.43627655664388154        7.8491379774024202E-003
 0.1200  0.39622655083605701        5.9142513216257830E-003  0.12571850641485333        3.9001731833994755E-004  0.43839102388856166        6.5788552119730370E-003
 0.1400  0.44055537229460084        5.9668717609396198E-003  0.13373604873337516        3.7752235567084421E-004  0.43924088506140885        5.9812850418385841E-003
 0.1600  0.48436223690260688        6.1336204219447450E-003  0.14118565600830121        3.3575906566272968E-004  0.43883372970904100        5.5815242797094301E-003
 0.1800  0.52789993844524674        6.3397371293400194E-003  0.14813821590886742        2.8584421397191619E-004  0.43745480784076024        5.2704753535667377E-003
 0.2000  0.57100797699564887        6.5704500156017259E-003  0.15464550245179470        2.4004269152553474E-004  0.43556850290204246        5.0233682584787508E-003
 0.2200  0.61362062034594289        6.7731775305549221E-003  0.16074903642950977        2.0230340062266797E-004  0.43341165114935271        4.7917885937569836E-003
 0.2400  0.65581085429228314        6.9188955252082289E-003  0.16648381872139884        1.7236902908664243E-004  0.43105038048837729        4.5531126672074896E-003
 0.2600  0.69769154075213358        7.0117052340642081E-003  0.17188005665842809        1.4859971800832510E-004  0.42850013052575681        4.3103499703011638E-003
 0.2800  0.73936642190657642        7.0679518555182745E-003  0.17696414225905990        1.2933728775181880E-004  0.42577183362749882        4.0731263280930014E-003
 0.3000  0.78091813512994790        7.1034606971003434E-003  0.18175933159123187        1.1334068083764266E-004  0.42288129444416039        3.8489114380966289E-003
 0.3200  0.82240923229226293        7.1297588871294271E-003  0.18628627009235785        9.9789930592291353E-005  0.41984833335874971        3.6415516059384286E-003
 0.3400  0.86388620264068317        7.1541164990414569E-003  0.19056341257928971        8.8163334261831379E-005  0.41669441468232232        3.4521250098047086E-003
 0.3600  0.90538353303031460        7.1805857902189517E-003  0.19460736085072930        7.8119217068517744E-005  0.41344075816465375        3.2800434667081763E-003
 0.3800  0.94692719529999392        7.2110349975380112E-003  0.19843313511938987        6.9415969604637409E-005  0.41010711472045908        3.1238692249061220E-003


