# triplet j1 / nf 4 / mode 2 / nplat 10 / jkb  20 / start  8001 / nmeas  2000
 0.0010   3.9052257981055482E-003   4.3614252065672689E-003   2.2205683171542183E-003   1.1982328624731335E-003  0.53963600407411882       0.62001229471203134     
 0.0020   8.8103260176244525E-003   1.1745135031098688E-002   5.4003915116029068E-003   4.9058514376685075E-003  0.52753422323605037       0.74296069081604366     
 0.0030   1.5408294322170911E-002   2.3226909832795448E-002   1.0428483531744998E-002   1.3130365629967892E-002  0.51337136343752843       0.83864630778671467     
 0.0040   2.3985689501926668E-002   3.6848381002508583E-002   1.7968488720642752E-002   2.5978776215827094E-002  0.49986020365111977       0.84868736183710936     
 0.0050   3.4449140505542590E-002   4.9411057490643021E-002   2.8194011925807751E-002   4.0531074870030596E-002  0.48741630007408426       0.78198472176357114     
 0.0060   4.6447108547945759E-002   5.8131703538865452E-002   4.0531353019379865E-002   5.2177157565662061E-002  0.47481834574202658       0.66825101152737010     
 0.0070   5.9400576915111698E-002   6.2243795569874548E-002   5.3666340691512104E-002   5.8075845233497382E-002  0.46144967721329067       0.54419607409526249     
 0.0080   7.2543749813605563E-002   6.1209046099408880E-002   6.5974225873604395E-002   5.8597616774926385E-002  0.44786501843558524       0.42703411801852836     
 0.0090   8.4934623692716288E-002   5.7326229612422265E-002   7.6151735139500881E-002   5.5669192326988248E-002  0.43590453495423614       0.33458403227901157     
 0.0100   9.6063342054332090E-002   5.4197373121432725E-002   8.3608557794046148E-002   5.0960389408442941E-002  0.42567943764419292       0.27295957464098930     
 0.0200  0.14829574490224459        1.8957766047323323E-002   8.6065544635936714E-002   1.0023103366521952E-002  0.39565436966183970        5.5579389732630810E-002
 0.0400  0.19638524304899743        1.9789308639202079E-002   8.4127936386155192E-002   3.4653920508411176E-003  0.41774019099721349        4.2965026489354255E-002
 0.0600  0.24493379315569214        1.2113882025461318E-002   9.2815493288789713E-002   1.3640634529197458E-003  0.43087585021554620        2.1544089699372482E-002
 0.0800  0.28929931162163663        9.4796707774139292E-003  0.10183422885949182        1.7487701165294059E-003  0.44122435873923088        1.4946029373395278E-002
 0.1000  0.33145430938844578        1.1387884550222278E-002  0.11102174665784777        3.4824661302086920E-003  0.44956796373758501        1.6979181683953286E-002
 0.1200  0.37376087769915950        1.4348095470582592E-002  0.12016067904299739        4.0045719110142920E-003  0.45435254691009680        1.9014211906035319E-002
 0.1400  0.41685131167762324        1.6660258756514827E-002  0.12900414497511961        3.7842098618531979E-003  0.45593158109152526        1.9410453884116750E-002
 0.1600  0.46086067871184372        1.7715606837342746E-002  0.13738250042877559        3.2211201100898722E-003  0.45495772368440518        1.8283907010056964E-002
 0.1800  0.50555506384153603        1.7538875247938152E-002  0.14520317482641915        2.5724053641691257E-003  0.45224194645722515        1.6192661590467027E-002
 0.2000  0.55053396752259520        1.6458745674423268E-002  0.15244152190386934        1.9763562099944297E-003  0.44853621493543999        1.3721027363774599E-002
 0.2200  0.59542320495003465        1.4874750733059210E-002  0.15912238161983344        1.4876903122346002E-003  0.44439198490707377        1.1294408433065993E-002
 0.2400  0.63997717107393848        1.3121265099180643E-002  0.16529623297074253        1.1123218462643382E-003  0.44013673199550157        9.1447002696484220E-003
 0.2600  0.68408800927544211        1.1420598637843348E-002  0.17101998968413665        8.3428654662434415E-004  0.43592636047766165        7.3548960008511495E-003
 0.2800  0.72774713481800701        9.8920909826089344E-003  0.17634649925100224        6.3191189785151598E-004  0.43181421071173426        5.9203159326464564E-003
 0.3000  0.77100067598649347        8.5822042185973273E-003  0.18132087995063151        4.8528369548988946E-004  0.42780393541720840        4.7962824717635291E-003
 0.3200  0.81391709710043558        7.4942704849446304E-003  0.18598043963748767        3.7860064849269318E-004  0.42388051239594554        3.9267214202218202E-003
 0.3400  0.85656878646677159        6.6101049715773588E-003  0.19035589021066751        3.0019847531168021E-004  0.42002522359163791        3.2581937918934921E-003
 0.3600  0.89902352017440856        5.9032043194083422E-003  0.19447274667617392        2.4178749701419451E-004  0.41622155595723409        2.7452314421801413E-003
 0.3800  0.94134150825496510        5.3457975786839465E-003  0.19835251749021393        1.9758718294574158E-004  0.41245677847431417        2.3512981283512007E-003


# triplet j3 / nf 4 / mode 2 / nplat 10 / jkb  20 / start  8001 / nmeas  2000
 0.0010   8.9802163130049587E-002   2.7455578400922092E-002   2.2205683171542183E-003   1.1982328624731335E-003   2.3467145681612889E-002   9.5689303049192789E-003
 0.0020   8.7213765296722048E-002   4.7244327179522219E-002   5.4003915116029068E-003   4.9058514376685075E-003   5.3291455498465534E-002   3.7673545678715142E-002
 0.0030   8.7116288095452452E-002   7.4434213719624678E-002   1.0428483531744998E-002   1.3130365629967892E-002   9.0800207829705798E-002   9.6366555519121017E-002
 0.0040   8.7150488529067566E-002  0.10286551990840030        1.7968488720642752E-002   2.5978776215827094E-002  0.13757228262864757       0.19041408432885612     
 0.0050   8.9865082416086747E-002  0.10248240339042042        2.8194011925807751E-002   4.0531074870030596E-002  0.18684757365713012       0.25187552294301108     
 0.0060   9.2356358859291957E-002   9.2970833941572600E-002   4.0531353019379865E-002   5.2177157565662061E-002  0.23879177912195382       0.28531914716836670     
 0.0070   9.3767013570816529E-002   9.8337426491481653E-002   5.3666340691512104E-002   5.8075845233497382E-002  0.29232430467736020       0.34497124495568537     
 0.0080   9.5771754411369411E-002  0.10248417890079177        6.5974225873604395E-002   5.8597616774926385E-002  0.33924206617436631       0.39303911491590843     
 0.0090   9.8248827363892774E-002  0.10456560892242114        7.6151735139500881E-002   5.5669192326988248E-002  0.37683287053554115       0.42405374197476192     
 0.0100   9.8983350797637010E-002  0.13313928962462532        8.3608557794046148E-002   5.0960389408442941E-002  0.41312189468621258       0.56976125568352665     
 0.0200  0.13134358365929175       0.12165797945339961        8.6065544635936714E-002   1.0023103366521952E-002  0.44672040946462899       0.41459495916943473     
 0.0400  0.20612274123411548        5.8124835298879969E-002   8.4127936386155192E-002   3.4653920508411176E-003  0.39800561766808212       0.11253310916439838     
 0.0600  0.26016886628397756        3.3968304807492994E-002   9.2815493288789713E-002   1.3640634529197458E-003  0.40564444885301404        5.3045779571448279E-002
 0.0800  0.30251555835525534        2.3164138160713905E-002  0.10183422885949182        1.7487701165294059E-003  0.42194822622662664        3.2511801130772039E-002
 0.1000  0.34438987006030836        1.9976573329206188E-002  0.11102174665784777        3.4824661302086920E-003  0.43268182922371307        2.5999243448898746E-002
 0.1200  0.38732192098774665        1.9816745138066246E-002  0.12016067904299739        4.0045719110142920E-003  0.43844460516175832        2.3592120303164259E-002
 0.1400  0.43100341556585187        2.0183557675925258E-002  0.12900414497511961        3.7842098618531979E-003  0.44096095471479357        2.1639000675294281E-002
 0.1600  0.47514593317827258        2.0107584149337561E-002  0.13738250042877559        3.2211201100898722E-003  0.44127942739588261        1.9377694569566943E-002
 0.1800  0.51947060636491071        1.9398183075795983E-002  0.14520317482641915        2.5724053641691257E-003  0.44012732060607834        1.6891398075384867E-002
 0.2000  0.56371109463700386        1.8214547664103659E-002  0.15244152190386934        1.9763562099944297E-003  0.43805137833057245        1.4436277654220260E-002
 0.2200  0.60767413462723641        1.6807985559559088E-002  0.15912238161983344        1.4876903122346002E-003  0.43543288224665150        1.2214669191297056E-002
 0.2400  0.65126369200349976        1.5388573371970155E-002  0.16529623297074253        1.1123218462643382E-003  0.43250908055641407        1.0322755834362183E-002
 0.2600  0.69446392456418671        1.4084718641932271E-002  0.17101998968413665        8.3428654662434415E-004  0.42941322879658050        8.7718695283526375E-003
 0.2800  0.73730800653807260        1.2952891823337335E-002  0.17634649925100224        6.3191189785151598E-004  0.42621475941199705        7.5265023557414459E-003
 0.3000  0.77985183932159274        1.2002818434909916E-002  0.18132087995063151        4.8528369548988946E-004  0.42294844580129626        6.5342225481168264E-003
 0.3200  0.82215768473170669        1.1220180717233564E-002  0.18598043963748767        3.7860064849269318E-004  0.41963190586649762        5.7427219795121477E-003
 0.3400  0.86428582342159377        1.0581606007841231E-002  0.19035589021066751        3.0019847531168021E-004  0.41627490155166502        5.1070873082698235E-003
 0.3600  0.90629109356568027        1.0062727655126205E-002  0.19447274667617392        2.4178749701419451E-004  0.41288386376713726        4.5915100677322469E-003
 0.3800  0.94822196659899727        9.6416909627680993E-003  0.19835251749021393        1.9758718294574158E-004  0.40946392259987696        4.1684944594255931E-003


