# triplet j1 / nf 4 / mode 2 / nplat 10 / jkb  20 / start     1 / nmeas  2000
 0.0010   4.1920836439933657E-003   1.0465880550453817E-003   2.8096160359957446E-003   4.2565103669046830E-004  0.56546866631575909       0.14752894678258410     
 0.0020   8.7306929280490005E-003   2.6292238571175171E-003   5.9928642632461710E-003   6.8425503256595269E-004  0.56078772978546731       0.17188744556727220     
 0.0030   1.3831810796347033E-002   5.7086837537851220E-003   9.8931952811271168E-003   1.5930665836417553E-003  0.55701241667503121       0.23422441906860766     
 0.0040   1.9680974618727910E-002   1.0320208869494757E-002   1.4782333006381779E-002   3.9927494379101260E-003  0.55254783679832475       0.29919733385690378     
 0.0050   2.6365874082632138E-002   1.6248127752824072E-002   2.0803656787582846E-002   7.8526477188423614E-003  0.54705081136055056       0.35257896138884864     
 0.0060   3.3887801049501155E-002   2.3020382748846976E-002   2.7912239338998744E-002   1.2773302008764753E-002  0.54006318642332451       0.38712374409113909     
 0.0070   4.2168926914739065E-002   2.9975501618578065E-002   3.5841086175944357E-002   1.7970957054410201E-002  0.53120487207801048       0.40039967572624607     
 0.0080   5.1063549124991350E-002   3.6395938622378533E-002   4.4128008861493560E-002   2.2497856710856898E-002  0.52036270237812987       0.39389966445508606     
 0.0090   6.0373533469519791E-002   4.1685525679666310E-002   5.2214067319831768E-002   2.5613407355099919E-002  0.50778915405430669       0.37207268971369495     
 0.0100   6.9869179886321575E-002   4.5507307783602749E-002   5.9580598633075833E-002   2.7028081401263865E-002  0.49406237695912775       0.34074796162413951     
 0.0200  0.13995624767191714        3.4044806033113682E-002   8.1205106834104479E-002   8.2535857332700045E-003  0.40722025963400815       0.10119626774941957     
 0.0400  0.19451767174691301        1.4211760629651654E-002   8.2378308233399630E-002   2.2992171081580937E-003  0.41734226161509946        3.1042907060365298E-002
 0.0600  0.24118645892931170        7.4691586643752406E-003   9.3128923858973950E-002   2.9145382827084178E-003  0.43830860202970778        1.5208093081661390E-002
 0.0800  0.28917369253919750        4.6016899374581441E-003  0.10466603582302351        2.1245488231578674E-003  0.44751139532427964        8.4464383512329131E-003
 0.1000  0.33762519441799166        4.7276106984810579E-003  0.11515710736048805        1.3626699883727573E-003  0.44949568207260865        6.8328807107031738E-003
 0.1200  0.38549079950643866        4.7405108449116240E-003  0.12456695457085257        8.7343245547300767E-004  0.44853158105506991        5.7355193777607252E-003
 0.1400  0.43215112761632601        4.4011817237324669E-003  0.13308087143406919        5.8195635910084369E-004  0.44668480904527069        4.6528569610384263E-003
 0.1600  0.47764732383075287        3.9104917209442673E-003  0.14086360330765796        4.0508309208811365E-004  0.44449516070553791        3.6947725724606321E-003
 0.1800  0.52219010789928044        3.4121977731177426E-003  0.14803856451147371        2.9441026569900229E-004  0.44208933947876405        2.9220441158965558E-003
 0.2000  0.56599157724849480        2.9753467212485932E-003  0.15469536192061359        2.2383213176916536E-004  0.43949979190085914        2.3321718416246932E-003
 0.2200  0.60922457313858591        2.6240787384513012E-003  0.16089983793451607        1.7807989736822342E-004  0.43674378066287062        1.8966242427457939E-003
 0.2400  0.65202251999841576        2.3602639485619313E-003  0.16670210875215302        1.4750071746635177E-004  0.43383897918656777        1.5821439380756840E-003
 0.2600  0.69448835970069478        2.1758002561643899E-003  0.17214196653477121        1.2596733362387941E-004  0.43080435098281766        1.3588631882845972E-003
 0.2800  0.73670263484346343        2.0584881846104929E-003  0.17725221491228854        1.0978169486484407E-004  0.42765900950241248        1.2022775883941729E-003
 0.3000  0.77872949541161063        1.9950627337838906E-003  0.18206067177928598        9.6845933112919667E-005  0.42442120215279500        1.0931879936762498E-003
 0.3200  0.82062124930056290        1.9730994340422109E-003  0.18659139150278548        8.6021937500063144E-005  0.42110755226305840        1.0171521663837092E-003
 0.3400  0.86242178307923345        1.9821396854604731E-003  0.19086544910082417        7.6699974317060834E-005  0.41773262801836170        9.6375405600802161E-004
 0.3600  0.90416897351679548        2.0140596569278670E-003  0.19490147936132973        6.8543465458422860E-005  0.41430885525760475        9.2575467116227483E-004
 0.3800  0.94589628078961940        2.0628887183314786E-003  0.19871607403869151        6.1351478556326297E-005  0.41084667587257268        8.9825016622881789E-004


# triplet j3 / nf 4 / mode 2 / nplat 10 / jkb  20 / start     1 / nmeas  2000
 0.0010   8.1027656738246329E-002   6.1156669625449120E-002   2.8096160359957446E-003   4.2565103669046830E-004   2.9255343702098278E-002   2.2191773007041081E-002
 0.0020   8.1739963946002775E-002   5.1953537227701158E-002   5.9928642632461710E-003   6.8425503256595269E-004   5.9898062468059843E-002   3.8224189728962181E-002
 0.0030   8.2537292492978087E-002   4.2504081022302985E-002   9.8931952811271168E-003   1.5930665836417553E-003   9.3345566906262570E-002   4.8653965254050476E-002
 0.0040   8.3616908984504898E-002   3.5705783811425876E-002   1.4782333006381779E-002   3.9927494379101260E-003  0.13005359901160701        5.8246273533933635E-002
 0.0050   8.5726327621146015E-002   3.2360192431448401E-002   2.0803656787582846E-002   7.8526477188423614E-003  0.16825021215041761        7.1007367937088034E-002
 0.0060   8.9096852280267869E-002   3.1971484507020163E-002   2.7912239338998744E-002   1.2773302008764753E-002  0.20541190117584535        8.7419783003550522E-002
 0.0070   9.3057250128761884E-002   3.3411118706195155E-002   3.5841086175944357E-002   1.7970957054410201E-002  0.24071568197443974       0.10541056491832219     
 0.0080   9.6967146156837755E-002   3.5554959081808814E-002   4.4128008861493560E-002   2.2497856710856898E-002  0.27402648699922744       0.12237333568982170     
 0.0090  0.10062732873128685        3.7699848537342422E-002   5.2214067319831768E-002   2.5613407355099919E-002  0.30465904117978448       0.13642472362688315     
 0.0100  0.10407637870949343        3.9537151292952051E-002   5.9580598633075833E-002   2.7028081401263865E-002  0.33167692341770694       0.14674985188872552     
 0.0200  0.13725524413116805        4.1193818017212891E-002   8.1205106834104479E-002   8.2535857332700045E-003  0.41523382130226100       0.12639625367993720     
 0.0400  0.20213030422691072        2.6680728066401815E-002   8.2378308233399630E-002   2.2992171081580937E-003  0.40162431537147120        5.3308925330660159E-002
 0.0600  0.25412522361168233        1.8048983821561709E-002   9.3128923858973950E-002   2.9145382827084178E-003  0.41599215591183997        3.0253988630176171E-002
 0.0800  0.30371348058518155        1.5220634315443432E-002  0.10466603582302351        2.1245488231578674E-003  0.42608751639852127        2.1786909460849661E-002
 0.1000  0.35233757332905530        1.4317620129974255E-002  0.11515710736048805        1.3626699883727573E-003  0.43072632196419053        1.7687582876688330E-002
 0.1200  0.39893535500379557        1.3309562978577730E-002  0.12456695457085257        8.7343245547300767E-004  0.43341557878007786        1.4539534724160752E-002
 0.1400  0.44400246868398313        1.2195089257691449E-002  0.13308087143406919        5.8195635910084369E-004  0.43476187078452727        1.1979061338166456E-002
 0.1600  0.48810291818874502        1.1203238162701976E-002  0.14086360330765796        4.0508309208811365E-004  0.43497368291623589        1.0003353986693619E-002
 0.1800  0.53150300121393468        1.0363737338892827E-002  0.14803856451147371        2.9441026569900229E-004  0.43434313513992062        8.4802297782170279E-003
 0.2000  0.57435463952378485        9.6458751550596491E-003  0.15469536192061359        2.2383213176916536E-004  0.43310032391242009        7.2803556912235641E-003
 0.2200  0.61678256961012934        9.0287882708048571E-003  0.16089983793451607        1.7807989736822342E-004  0.43139196283295850        6.3194536202967064E-003
 0.2400  0.65889955653106225        8.5073788906139293E-003  0.16670210875215302        1.4750071746635177E-004  0.42931093469241211        5.5462993522371372E-003
 0.2600  0.70080077837232002        8.0806600056899606E-003  0.17214196653477121        1.2596733362387941E-004  0.42692390804826863        4.9251704624138767E-003
 0.2800  0.74255935623646341        7.7435654881240785E-003  0.17725221491228854        1.0978169486484407E-004  0.42428597319383171        4.4264940339857487E-003
 0.3000  0.78422806756587315        7.4859096244421410E-003  0.18206067177928598        9.6845933112919667E-005  0.42144539613366144        4.0245009306186076E-003
 0.3200  0.82584464862265550        7.2949051606316338E-003  0.18659139150278548        8.6021937500063144E-005  0.41844408170998593        3.6974860397081771E-003
 0.3400  0.86743741592992607        7.1578153451124782E-003  0.19086544910082417        7.6699974317060834E-005  0.41531724512915474        3.4280805285157984E-003
 0.3600  0.90902957083703173        7.0634758020538656E-003  0.19490147936132973        6.8543465458422860E-005  0.41209353842279489        3.2029298705378152E-003
 0.3800  0.95064190572251750        7.0027821918552668E-003  0.19871607403869151        6.1351478556326297E-005  0.40879572038987982        3.0120026154839379E-003


