 # triplet j1
 0.0010  -100.00000000000000        95.008862190279331        2.1058663000263619E-003   1.8853023080834183E-004  -2.0522506182366527E-005   1.9519828589360465E-005
 0.0020  -100.00000000000000        95.018566118414313        4.2479321838313749E-003   5.3643417472920335E-004  -4.1221024654083378E-005   3.9254007801163294E-005
 0.0030  -100.00000000000000        95.028706857013219        6.4608384030809375E-003   1.1960237078085024E-003  -6.2261569542122549E-005   5.9446359663343920E-005
 0.0040  -100.00000000000000        95.053362028816451        8.7760429086031384E-003   2.2980325375259996E-003  -8.3790419063771906E-005   8.0397590526844963E-005
 0.0050  -100.00000000000000        95.051716515891783        1.1220098600229688E-002   3.9334268308461708E-003  -1.0592496684082411E-004   1.0238116085296928E-004
 0.0060  -100.00000000000000        95.074458391205809        1.3812860734716088E-002   6.1322324185544884E-003  -1.2874561305791863E-004   1.2569610128637884E-004
 0.0070  -99.999999999999986        95.084875818320626        1.6565734257914955E-002   8.8439869970979492E-003  -1.5228929036895846E-004   1.5040202225897778E-004
 0.0080  -100.00000000000000        95.094572208011854        1.9480159230019067E-002   1.1929164833188932E-002  -1.7654533346432723E-004   1.7637299300870797E-004
 0.0090  -99.999999999999986        95.103210687934805        2.2546601241734805E-002   1.5170921478564527E-002  -2.0145441726386308E-004   2.0322451889387170E-004
 0.0100  -100.00000000000000        95.110642573584897        2.5744332736250843E-002   1.8309969626958068E-002  -2.2691114003614210E-004   2.3040846812353425E-004
 0.0200  0.22204951628404279        79.761375077579700        5.6410017708093993E-002   2.1540549423119875E-002  0.21392339497895668        76.842439653363286     
 0.0400  0.19927132799917158        1.5573755031628497E-002   8.0628673799972780E-002   5.4866854610331698E-003  0.40303701778362544        3.4354342875366504E-002
 0.0600  0.24395449567191335        3.1266077879198253E-003   9.2604298902803209E-002   1.1367108891225549E-003  0.43211303889520558        6.1403771322297391E-003
 0.0800  0.28910390767734612        2.4235185377139358E-003  0.10280784160699281        1.6487540350961505E-003  0.44362820527822761        5.1462910977448052E-003
 0.1000  0.33363535673299277        4.9314271578628317E-003  0.11269530602992148        2.4929746066910874E-003  0.44998272673722117        8.3071910097078840E-003
 0.1200  0.37874134943148913        7.2382265128146462E-003  0.12223899776504195        2.4151952499317981E-003  0.45223876753221370        9.7292828571511180E-003
 0.1400  0.42429968710231458        8.1914355234979832E-003  0.13120127686120139        1.9573611126115897E-003  0.45172625693719209        9.3492653273203035E-003
 0.1600  0.46994443441706979        8.0223992345888149E-003  0.13946014994855443        1.4480477293776959E-003  0.44952468200214696        8.0208396664340955E-003
 0.1800  0.51527320410785704        7.2446713951961634E-003  0.14702167593264226        1.0242476623443626E-003  0.44648243351374983        6.4672686845868958E-003
 0.2000  0.56004631586743825        6.2731404456518348E-003  0.15395791489836860        7.1321437455326426E-004  0.44310541901673112        5.0682805126923726E-003
 0.2200  0.60420089386821263        5.3481092442177833E-003  0.16035476874221347        4.9820219129608748E-004  0.43962857676332717        3.9508633691881850E-003
 0.2400  0.64778336781256918        4.5739226577080211E-003  0.16628809740607212        3.5319360605582273E-004  0.43613546939586295        3.1141385747389216E-003
 0.2600  0.69088496246838449        3.9753297072138236E-003  0.17181838514115266        2.5575226766707507E-004  0.43264406274235734        2.5101579789847377E-003
 0.2800  0.73360412084118343        3.5388005961016892E-003  0.17699267339820288        1.8964228304228602E-004  0.42915076977266603        2.0828892604703442E-003
 0.3000  0.77603053361257901        3.2364766956883037E-003  0.18184794403857465        1.4398326176599804E-004  0.42564840815370447        1.7831693077248916E-003
 0.3200  0.81824079111544645        3.0384243659622983E-003  0.18641399750105367        1.1174028792408506E-004  0.42213184952408411        1.5726258126769568E-003
 0.3400  0.86029888476956284        2.9181976734340876E-003  0.19071550229794454        8.8426553249681741E-005  0.41859891129847382        1.4232308797943044E-003
 0.3600  0.90225819786505068        2.8547061953985175E-003  0.19477337051530658        7.1178168615867093E-005  0.41504979275694970        1.3153877479877983E-003
 0.3800  0.94416364082319226        2.8321480388452279E-003  0.19860567333591689        5.8146706613933573E-005  0.41148627052237247        1.2357783198375194E-003


 # triplet j3
 0.0010  0.12857274956867104        2.5236131573288228E-002   2.1058663000263619E-003   1.8853023080834183E-004   1.5961785254818249E-002   3.2134044742382767E-003
 0.0020  0.12840952156072172        2.6779531223452831E-002   4.2479321838313749E-003   5.3643417472920335E-004   3.2101221274772031E-002   6.9947485144338864E-003
 0.0030  0.12802678768234962        2.9206522218352182E-002   6.4608384030809375E-003   1.1960237078085024E-003   4.8631673628023259E-002   1.1972653742276485E-002
 0.0040  0.12737474136227869        3.2186226540368568E-002   8.7760429086031384E-003   2.2980325375259996E-003   6.5782601925334278E-002   1.8721316018597670E-002
 0.0050  0.12649752074038115        3.5318796318753932E-002   1.1220098600229688E-002   3.9334268308461708E-003   8.3736792801038865E-002   2.7605273879476682E-002
 0.0060  0.12549084168310687        3.8279201146583307E-002   1.3812860734716088E-002   6.1322324185544884E-003  0.10259363259593939        3.8703773378401675E-002
 0.0070  0.12446138956477244        4.0860043168872706E-002   1.6565734257914955E-002   8.8439869970979492E-003  0.12235866151060747        5.1772677423458570E-002
 0.0080  0.12350539803191786        4.2945283170486438E-002   1.9480159230019067E-002   1.1929164833188932E-002  0.14294543904769419        6.6228635427494797E-002
 0.0090  0.12270127095537930        4.4477593020141586E-002   2.2546601241734805E-002   1.5170921478564527E-002  0.16418282850315591        8.1197505517444118E-002
 0.0100  0.12211040459064214        4.5456554704223218E-002   2.5744332736250843E-002   1.8309969626958068E-002  0.18582457473368433        9.5665469924214250E-002
 0.0200  0.13320276947157564        4.3903638159685482E-002   5.6410017708093993E-002   2.1540549423119875E-002  0.35661110174630417       0.13583552433827417     
 0.0400  0.19628207598649669        2.7033282397850422E-002   8.0628673799972780E-002   5.4866854610331698E-003  0.40917501693885683        5.8048515956905210E-002
 0.0600  0.24928545732332225        1.5868800136337218E-002   9.2604298902803209E-002   1.1367108891225549E-003  0.42287231517165369        2.7043669384933296E-002
 0.0800  0.29481672323904046        1.2324694449134707E-002  0.10280784160699281        1.6487540350961505E-003  0.43503179294830319        1.8517861125574044E-002
 0.1000  0.34272454743698860        1.2912647684356137E-002  0.11269530602992148        2.4929746066910874E-003  0.43804900664799817        1.7200631065888875E-002
 0.1200  0.38997079227393955        1.3796006345212407E-002  0.12223899776504195        2.4151952499317981E-003  0.43921628099795079        1.6132625565350812E-002
 0.1400  0.43622230815457685        1.3927030790267166E-002  0.13120127686120139        1.9573611126115897E-003  0.43937988931650973        1.4405636125842005E-002
 0.1600  0.48172130255982293        1.3445102537847505E-002  0.13946014994855443        1.4480477293776959E-003  0.43853493984476150        1.2449691378948196E-002
 0.1800  0.52648482820345643        1.2670886660393652E-002  0.14702167593264226        1.0242476623443626E-003  0.43697448011853796        1.0626226181768431E-002
 0.2000  0.57054233133018373        1.1846485739171336E-002  0.15395791489836860        7.1321437455326426E-004  0.43495380418600893        9.0872061703742811E-003
 0.2200  0.61397579286107640        1.1094104551060880E-002  0.16035476874221347        4.9820219129608748E-004  0.43262940027753644        7.8461404329607676E-003
 0.2400  0.65689350154635473        1.0452863422296300E-002  0.16628809740607212        3.5319360605582273E-004  0.43008692051710185        6.8590125852008767E-003
 0.2600  0.69940495517131407        9.9217990230545186E-003  0.17181838514115266        2.5575226766707507E-004  0.42737369079220749        6.0710857318884773E-003
 0.2800  0.74160849193801570        9.4865643408301378E-003  0.17699267339820288        1.8964228304228602E-004  0.42451883519384953        5.4351529553498812E-003
 0.3000  0.78358747000793749        9.1312412234961539E-003  0.18184794403857465        1.4398326176599804E-004  0.42154344467442556        4.9151315885396290E-003
 0.3200  0.82541050898705881        8.8419433108517780E-003  0.18641399750105367        1.1174028792408506E-004  0.41846510887472671        4.4844263935261298E-003
 0.3400  0.86713341526211363        8.6071971219109106E-003  0.19071550229794454        8.8426553249681741E-005  0.41529961851023178        4.1234029492272020E-003
 0.3600  0.90880166233899395        8.4175271860221675E-003  0.19477337051530658        7.1178168615867093E-005  0.41206139200201186        3.8173486908281082E-003
 0.3800  0.95045282718459578        8.2650485800336380E-003  0.19860567333591689        5.8146706613933573E-005  0.40876344855114433        3.5550722044313111E-003


