# triplet j1 / nf 5 / mode 2 / nplat 10 / jkb  20 / start  8001 / nmeas  2000
 0.0010   3.4333524667280162E-003   3.9078948495338750E-003   1.9550294617323911E-003   1.0102387405871054E-003  0.57593472032754245       0.67221453074123738     
 0.0020   7.1399928792068093E-003   9.3501856055627601E-003   4.1696159004700178E-003   3.1454869319052464E-003  0.57197920806686897       0.77948773744035382     
 0.0030   1.1856853589035906E-002   1.8939501725626924E-002   7.2917249277014992E-003   9.0942715947707805E-003  0.55785496992614136       0.95658628257643719     
 0.0040   1.8438568528786760E-002   3.3544306317091703E-002   1.2314228458286350E-002   2.1824418878047886E-002  0.53829630041294729        1.0892907194781469     
 0.0050   2.7472317529716597E-002   4.9849892685898747E-002   2.0326923631338006E-002   4.0816882141790412E-002  0.51896794090866238        1.0762334434161496     
 0.0060   3.9103853085173328E-002   6.2602121224598600E-002   3.1964988306758028E-002   5.9227051342091566E-002  0.50085076955999153       0.92640165531167262     
 0.0070   5.2965556836208613E-002   6.8804589791726017E-002   4.6659201975208467E-002   6.9305078348350382E-002  0.48254645418417791       0.72206089110947413     
 0.0080   6.8089566400580490E-002   6.5897318482750503E-002   6.2350546854906659E-002   7.0202591988000745E-002  0.46387349272801043       0.51936750324054415     
 0.0090   8.2927794164074184E-002   6.3368378541344653E-002   7.6350138882625540E-002   6.6098075628550829E-002  0.44703451389881133       0.39259654843516245     
 0.0100   9.6409548799054084E-002   6.0184531124065938E-002   8.6782924950421989E-002   6.0268903190084010E-002  0.43212768326743883       0.30868394311053599     
 0.0200  0.15023634987996345        1.6191775229579711E-002   8.6857782871347280E-002   8.2132788919041608E-003  0.39233706768861626        4.6174136499352571E-002
 0.0400  0.19294969424928574        2.9471166753295339E-002   8.3370597450894771E-002   3.4996486699344861E-003  0.42326012479515029        6.5256325480053015E-002
 0.0600  0.24525737764747918        1.5132366160628503E-002   9.2906028296936435E-002   3.0348179766752047E-003  0.43051718302054776        2.7477794110797395E-002
 0.0800  0.29101907967293178        8.9734956128396017E-003  0.10168755604493643        1.9210356475409221E-004  0.43830097141838259        1.3521233218194583E-002
 0.1000  0.33197945441853477        8.9402420497145564E-003  0.11043058521240483        2.5256961421856209E-003  0.44766019318574229        1.3097448294641342E-002
 0.1200  0.37224237900811419        1.2189719592963199E-002  0.11915814097345130        3.7166927493401014E-003  0.45429887907331595        1.6477789433084561E-002
 0.1400  0.41308977575317790        1.5852963693651374E-002  0.12767909627315649        4.0138236367148880E-003  0.45771428809343195        1.8981784413127808E-002
 0.1600  0.45487505105922821        1.8717160542385917E-002  0.13586480763942826        3.7833267907482959E-003  0.45839129425277675        1.9912364659327750E-002
 0.1800  0.49772797712782535        2.0306574085981351E-002  0.14363579440938701        3.2881745477239006E-003  0.45686778700807024        1.9359212570990471E-002
 0.2000  0.54151395206705244        2.0587284818969903E-002  0.15094139221702160        2.7034694029979007E-003  0.45375823585847586        1.7723124391984122E-002
 0.2200  0.58591022554231331        1.9795715573837226E-002  0.15775856247225536        2.1380839320716055E-003  0.44966773918517350        1.5495158758177851E-002
 0.2400  0.63053889722729961        1.8290156355589841E-002  0.16409297812577150        1.6487798318621932E-003  0.44509604406846354        1.3103194809214453E-002
 0.2600  0.67508583397587241        1.6427044749673072E-002  0.16997277671261110        1.2543691485498816E-003  0.44038484138838330        1.0838508850436742E-002
 0.2800  0.71935576366843057        1.4486652851250033E-002  0.17543777687173176        9.5075145107519662E-004  0.43572436288748689        8.8538524793399572E-003
 0.3000  0.76326679077677650        1.2650889801033518E-002  0.18053006977667402        7.2347052188252660E-004  0.43119531473530426        7.1989529922318494E-003
 0.3200  0.80681627557878655        1.1015425261985292E-002  0.18528858588097047        5.5577245969424150E-004  0.42681499610462426        5.8623376061378912E-003
 0.3400  0.85004526107204081        9.6149133276517505E-003  0.18974709113774360        4.3256931906071274E-004  0.42257127245580134        4.8039377893556254E-003
 0.3600  0.89301297294194104        8.4473989583842887E-003  0.19393412559054543        3.4176272571334208E-004  0.41844231718668018        3.9753631975003008E-003
 0.3800  0.93578213549740286        7.4923845860408204E-003  0.19787371661713318        2.7424784403925540E-004  0.41440606383119771        3.3303668467442836E-003


# triplet j3 / nf 5 / mode 2 / nplat 10 / jkb  20 / start  8001 / nmeas  2000
 0.0010   9.6393867689622159E-002   3.2190661074931209E-002   1.9550294617323911E-003   1.0102387405871054E-003   2.0513617101430667E-002   8.6614298975544474E-003
 0.0020   8.7867997841391127E-002   3.8166222583341868E-002   4.1696159004700178E-003   3.1454869319052464E-003   4.6477984852046079E-002   2.6737601640031472E-002
 0.0030   8.5075617964734271E-002   6.1203804615806857E-002   7.2917249277014992E-003   9.0942715947707805E-003   7.7747360061164686E-002   7.4020342955113269E-002
 0.0040   8.4488165097801507E-002   8.0524067555683532E-002   1.2314228458286350E-002   2.1824418878047886E-002  0.11747696511655908       0.15288348281340497     
 0.0050   8.3718104617079528E-002  0.11506228523914269        2.0326923631338006E-002   4.0816882141790412E-002  0.17030070288377402       0.28986240708300237     
 0.0060   8.8043732679916054E-002   9.9927286702160042E-002   3.1964988306758028E-002   5.9227051342091566E-002  0.22244848456927760       0.32590400860519114     
 0.0070   8.9035197668222460E-002  0.11099418418119104        4.6659201975208467E-002   6.9305078348350382E-002  0.28705885216813570       0.41654766224778944     
 0.0080   9.2280144270162345E-002  0.11800674288701032        6.2350546854906659E-002   7.0202591988000745E-002  0.34227238410143734       0.47823065760648997     
 0.0090   9.3481274857585145E-002  0.12233219431453933        7.6350138882625540E-002   6.6098075628550829E-002  0.39656697246924172       0.54661198187518778     
 0.0100   9.6799992164813012E-002  0.12549741899103453        8.6782924950421989E-002   6.0268903190084010E-002  0.43038469359027770       0.57764399525562271     
 0.0200  0.12874868048504656       0.16002106264651578        8.6857782871347280E-002   8.2132788919041608E-003  0.45781664518877757       0.56942947066249272     
 0.0400  0.20436079501580465        7.2560874688233981E-002   8.3370597450894771E-002   3.4996486699344861E-003  0.39962612036630030       0.14213997524811914     
 0.0600  0.26188961301362806        4.0213454625237025E-002   9.2906028296936435E-002   3.0348179766752047E-003  0.40317565146925044        6.2257315267055698E-002
 0.0800  0.30403879814847462        2.5542235862910288E-002  0.10168755604493643        1.9210356475409221E-004  0.41953180350239333        3.5247006845245406E-002
 0.1000  0.34359096293744451        2.0145340871402916E-002  0.11043058521240483        2.5256961421856209E-003  0.43253170988014561        2.5837958663661637E-002
 0.1200  0.38441829496591812        1.9570397879670989E-002  0.11915814097345130        3.7166927493401014E-003  0.43990959260137102        2.3422706913478652E-002
 0.1400  0.42639740497554057        2.0654214626956522E-002  0.12767909627315649        4.0138236367148880E-003  0.44342927611950944        2.2581802089904852E-002
 0.1600  0.46915357547457481        2.1787566152047060E-002  0.13586480763942826        3.7833267907482959E-003  0.44444031608928342        2.1547527285470866E-002
 0.1800  0.51250119265445004        2.2291945182363784E-002  0.14363579440938701        3.2881745477239006E-003  0.44369824441698985        1.9956316120364154E-002
 0.2000  0.55623980096080095        2.2000098330971714E-002  0.15094139221702160        2.7034694029979007E-003  0.44174547588696006        1.7913946184955370E-002
 0.2200  0.60013351143647575        2.1039127260155124E-002  0.15775856247225536        2.1380839320716055E-003  0.43901052259931156        1.5675456191114042E-002
 0.2400  0.64396296406140408        1.9661157780059012E-002  0.16409297812577150        1.6487798318621932E-003  0.43581756164536439        1.3485103167655003E-002
 0.2600  0.68757504497724409        1.8119277847503959E-002  0.16997277671261110        1.2543691485498816E-003  0.43238562843543621        1.1505572526244751E-002
 0.2800  0.73089619042391341        1.6602248143403046E-002  0.17543777687173176        9.5075145107519662E-004  0.42884452801987594        9.8102326059797650E-003
 0.3000  0.77391654763306705        1.5220253958805191E-002  0.18053006977667402        7.2347052188252660E-004  0.42526169660354685        8.4067194979717420E-003
 0.3200  0.81666531323289615        1.4019551562934742E-002  0.18528858588097047        5.5577245969424150E-004  0.42166757904177388        7.2662655922527209E-003
 0.3400  0.85919025200010946        1.3005464262402858E-002  0.18974709113774360        4.3256931906071274E-004  0.41807353700771543        6.3462484774380002E-003
 0.3600  0.90154478093152202        1.2162252454894303E-002  0.19393412559054543        3.4176272571334208E-004  0.41448237023733031        5.6034714965302219E-003
 0.3800  0.94378119617180234        1.1466331346095893E-002  0.19787371661713318        2.7424784403925540E-004  0.41089374629205766        5.0002075245174048E-003


