# triplet j1 / nf 0 / mode 2 / nplat 10 / jkb  20 / start  6001 / nmeas  2000
 0.0010  0.10504442751376758        1.9598481850926081E-002   2.4763181144303537        4.8639958055028742E-002  0.66995432724975068       0.12516861934858969     
 0.0020  0.12442503967672254        1.3325874608282535E-002   1.2505820165444383        2.4219366037127713E-002  0.56843171037320184        6.1127143691449844E-002
 0.0030  0.13402478317904024        1.0972430985631587E-002  0.84491134139693691        1.5986767410822677E-002  0.53124649993714312        4.3781876128690590E-002
 0.0040  0.13991866129082534        9.7058321330661633E-003  0.64371192477758632        1.1818751016716034E-002  0.51287925082657870        3.5887438771602526E-002
 0.0050  0.14440890552266847        8.9125493978424418E-003  0.52404599738291802        9.2943237619056533E-003  0.50129194664248988        3.1256195705158703E-002
 0.0060  0.14837115738257961        8.3395547146163443E-003  0.44501083564069011        7.6013536641128896E-003  0.49252290399529558        2.8001183719315557E-002
 0.0070  0.15214166349034047        7.8769906967163447E-003  0.38911275160226960        6.3889640315618439E-003  0.48512492548254965        2.5430686904248569E-002
 0.0080  0.15584287285081047        7.4757993287525200E-003  0.34762302697588598        5.4800617418597512E-003  0.47854999307269530        2.3263929717903840E-002
 0.0090  0.15951230782694523        7.1132380577910020E-003  0.31570238749539042        4.7752487962361371E-003  0.47258614730949833        2.1375276524498631E-002
 0.0100  0.16315595164121469        6.7782917262556117E-003  0.29045338532688919        4.2142680091881166E-003  0.46714348727033350        1.9701083272574128E-002
 0.0200  0.19738850325710583        4.3509189330015585E-003  0.18292340746319152        1.7893108181481372E-003  0.43335397357316663        9.7844823660703170E-003
 0.0400  0.25494656618591938        2.2017794179536210E-003  0.14019665896617567        7.5675781467311547E-004  0.41539824616889182        3.7585797958970442E-003
 0.0600  0.30482177151980050        1.4200004390101644E-003  0.13288330796189660        4.7457083462592171E-004  0.41426653868528662        2.0667653757620139E-003
 0.0800  0.35108649874522191        1.0962536084323277E-003  0.13352469616446222        3.4597759911961522E-004  0.41631941230707414        1.4073951210259357E-003
 0.1000  0.39531353548395143        9.4878465868466924E-004  0.13697161562110036        2.7019271580115375E-004  0.41868615718196939        1.0864237318257528E-003
 0.1200  0.43824202612991614        8.7925243379282714E-004  0.14157999075322400        2.1888161911237712E-004  0.42062253637856284        9.0437085536215051E-004
 0.1400  0.48029022855725728        8.5045768369406002E-004  0.14667286375042235        1.8138559967978808E-004  0.42193946743823013        7.9137810693819812E-004
 0.1600  0.52172286318299943        8.4735050301904902E-004  0.15192829300126498        1.5274298366363818E-004  0.42262428528977347        7.1852544430995235E-004
 0.1800  0.56271914657355138        8.6324877419797239E-004  0.15717948126334974        1.3024129024073958E-004  0.42272456279614684        6.7172140324204513E-004
 0.2000  0.60340615519550700        8.9449460718789623E-004  0.16233577181875661        1.1221524298606037E-004  0.42230611957471170        6.4282065299761648E-004
 0.2200  0.64387735035089322        9.3845229771116517E-004  0.16734703315450666        9.7557888288753739E-005  0.42143655062860025        6.2640753514357154E-004
 0.2400  0.68420370310701151        9.9289650418711746E-004  0.17218599620366595        8.5493265066219167E-005  0.42017877648216373        6.1860951514735977E-004
 0.2600  0.72444070264556892        1.0558981832761917E-003  0.17683884222391241        7.5457641020686150E-005  0.41858885417070874        6.1660981850876560E-004
 0.2800  0.76463291700063407        1.1258271534810235E-003  0.18129990052767428        6.7031129952948199E-005  0.41671564544639067        6.1837923472486006E-004
 0.3000  0.80481703946186423        1.2013475653314715E-003  0.18556852770294896        5.9895224369703272E-005  0.41460126572486333        6.2248031322818483E-004
 0.3200  0.84502397274124508        1.2813869500214756E-003  0.18964720563135495        5.3804877513433393E-005  0.41228181682633258        6.2791011836339609E-004
 0.3400  0.88528028719297525        1.3650935069149080E-003  0.19354034969414124        4.8569322860747477E-005  0.40978817614754898        6.3397792535415179E-004
 0.3600  0.92560926789990772        1.4517912625646499E-003  0.19725354553378929        4.4038577207462668E-005  0.40714674101420639        6.4021313960478026E-004
 0.3800  0.96603168066186629        1.5409418604980011E-003  0.20079305212994289        4.0093623274345875E-005  0.40438009277627784        6.4629925184320864E-004


# triplet j3 / nf 0 / mode 2 / nplat 10 / jkb  20 / start  6001 / nmeas  2000
 0.0010  0.22268851109569598        1.8998761510077528E-002   2.4763181144303537        4.8639958055028742E-002  0.31602424579541560        2.7139789094601199E-002
 0.0020  0.22083775916773582        1.9744254164962727E-002   1.2505820165444383        2.4219366037127713E-002  0.32026741433729450        2.8801328283287863E-002
 0.0030  0.21906408646075848        2.0297491067660996E-002  0.84491134139693691        1.5986767410822677E-002  0.32501994333723838        3.0271457542692930E-002
 0.0040  0.21766193498135131        2.0630057025915183E-002  0.64371192477758632        1.1818751016716034E-002  0.32969190587065506        3.1394520953672581E-002
 0.0050  0.21665090735215634        2.0771992723604978E-002  0.52404599738291802        9.2943237619056533E-003  0.33413670981908938        3.2172999798561260E-002
 0.0060  0.21595563923544853        2.0756592604767327E-002  0.44501083564069011        7.6013536641128896E-003  0.33838520522975946        3.2652068781030129E-002
 0.0070  0.21551367275592373        2.0611910380154926E-002  0.38911275160226960        6.3889640315618439E-003  0.34247345989566153        3.2874901750782760E-002
 0.0080  0.21528858596635458        2.0361697120178032E-002  0.34762302697588598        5.4800617418597512E-003  0.34641226049410473        3.2876775804310747E-002
 0.0090  0.21526083094486004        2.0027159674068883E-002  0.31570238749539042        4.7752487962361371E-003  0.35019518726884658        3.2688478158074109E-002
 0.0100  0.21541878368652242        1.9627456118322475E-002  0.29045338532688919        4.2142680091881166E-003  0.35380963031291784        3.2338688579122310E-002
 0.0200  0.21840159263293682        1.5328422954015397E-002  0.18292340746319152        1.7893108181481372E-003  0.39165965409368875        2.7555129212423816E-002
 0.0400  0.26050949276024471        7.6461597847496416E-003  0.14019665896617567        7.5675781467311547E-004  0.40652782107206897        1.1982252194318874E-002
 0.0600  0.30731124210026922        4.2567831264163714E-003  0.13288330796189660        4.7457083462592171E-004  0.41091064336078975        5.7389111076329982E-003
 0.0800  0.35294660304288733        2.8615089138870117E-003  0.13352469616446222        3.4597759911961522E-004  0.41412531971245059        3.4001116874653745E-003
 0.1000  0.39703010723298232        2.4287584046651422E-003  0.13697161562110036        2.7019271580115375E-004  0.41687595484205681        2.5830958873021060E-003
 0.1200  0.44001301115722802        2.4029422386160357E-003  0.14157999075322400        2.1888161911237712E-004  0.41892959504458444        2.3106091477704928E-003
 0.1400  0.48221946056718057        2.5454299204375991E-003  0.14667286375042235        1.8138559967978808E-004  0.42025139967366010        2.2334950181932892E-003
 0.1600  0.52385526026538831        2.7561256996930317E-003  0.15192829300126498        1.5274298366363818E-004  0.42090395744111919        2.2245593834080380E-003
 0.1800  0.56506353689523403        2.9897941220790340E-003  0.15717948126334974        1.3024129024073958E-004  0.42097072219407566        2.2342061253118654E-003
 0.2000  0.60595165130132556        3.2248178957626139E-003  0.16233577181875661        1.1221524298606037E-004  0.42053208598551001        2.2427471115356624E-003
 0.2200  0.64660377669194713        3.4509858641891202E-003  0.16734703315450666        9.7557888288753739E-005  0.41965954938899241        2.2431007898652067E-003
 0.2400  0.68708767624257805        3.6639566543278132E-003  0.17218599620366595        8.5493265066219167E-005  0.41841512339186732        2.2336528121994254E-003
 0.2600  0.72745890647841027        3.8624432058967720E-003  0.17683884222391241        7.5457641020686150E-005  0.41685214234713824        2.2150626663251702E-003
 0.2800  0.76776370448448605        4.0467091709998505E-003  0.18129990052767428        6.7031129952948199E-005  0.41501636203475184        2.1888025675361757E-003
 0.3000  0.80804108058028579        4.2177489074301461E-003  0.18556852770294896        5.9895224369703272E-005  0.41294702863151322        2.1564982120480681E-003
 0.3200  0.84832439623298073        4.3768492854729347E-003  0.18964720563135495        5.3804877513433393E-005  0.41067782594794766        2.1196540218131115E-003
 0.3400  0.88864256741484571        4.5253562641888474E-003  0.19354034969414124        4.8569322860747477E-005  0.40823769597662318        2.0795557115545647E-003
 0.3600  0.92902100141315958        4.6645609889025118E-003  0.19725354553378929        4.4038577207462668E-005  0.40565153673032422        2.0372563397720793E-003
 0.3800  0.96948233113642657        4.7956484874119220E-003  0.20079305212994289        4.0093623274345875E-005  0.40294079438555258        1.9935958526810489E-003


