 # triplet j1
 0.0010                       NaN                       NaN   2.0883956334008030E-003   9.7898433156358157E-005                       NaN                       NaN
 0.0020                       NaN                       NaN   4.1789612617542053E-003   2.3294404480142828E-004                       NaN                       NaN
 0.0030                       NaN                       NaN   6.2808401635563024E-003   4.9727006110903435E-004                       NaN                       NaN
 0.0040                       NaN                       NaN   8.4100061962769247E-003   1.0353168983982218E-003                       NaN                       NaN
 0.0050                       NaN                       NaN   1.0587935690482811E-002   2.0269967274187842E-003                       NaN                       NaN
 0.0060                       NaN                       NaN   1.2839780789536348E-002   3.6584891565567029E-003                       NaN                       NaN
 0.0070                       NaN                       NaN   1.5192063920785068E-002   6.0764745318099590E-003                       NaN                       NaN
 0.0080  -100.00000000000000        95.374828306994104        1.7669931894461942E-002   9.3275487387571385E-003  -1.6814247241889573E-004   1.6639303722849836E-004
 0.0090  -100.00000000000000        95.205818019100676        2.0294067984620544E-002   1.3299424627458442E-002  -1.9112645649495250E-004   1.9243890292577198E-004
 0.0100  -100.00000000000000        95.178681419922171        2.3077469692212176E-002   1.7696480150221804E-002  -2.1483700655246609E-004   2.2044673631759173E-004
 0.0200  -60.852400214234130        116.44204238532768        5.4490358942056560E-002   2.6264524894437539E-002  -7.6720622353782170E-004   1.4796592510038465E-003
 0.0400  0.19765533134845004        3.8617853074411262E-002   8.0323571458836895E-002   7.1009846055248233E-003  0.40556266264688579        8.1241301825822329E-002
 0.0600  0.24443657167483840        5.1006316232819959E-003   9.2392211083007686E-002   2.7629402101155744E-003  0.43076669618770874        1.1058180841079098E-002
 0.0800  0.28951699974077683        1.6087361220399475E-003  0.10192127893739364        7.2586703262229933E-004  0.44108100366767755        2.9110070866224164E-003
 0.1000  0.33229370793583224        3.1711448091824032E-003  0.11113236269590621        2.5755121728928613E-003  0.44865566291024739        6.7349901792309042E-003
 0.1200  0.37445437080852456        7.4763670356222797E-003  0.12027613095445176        3.1558117314080610E-003  0.45372889891229606        1.0839764942062844E-002
 0.1400  0.41764345070615799        1.0586686994775898E-002  0.12915510331139726        2.9691799513094099E-003  0.45533299912163161        1.2673310895872144E-002
 0.1600  0.46190165289235108        1.1874254797820744E-002  0.13756894275211157        2.4368644677369715E-003  0.45424031110940427        1.2350917163190521E-002
 0.1800  0.50684149360119701        1.1663747407852714E-002  0.14539382218998800        1.8385680433694706E-003  0.45139013675520478        1.0772604436656851E-002
 0.2000  0.55190921797583070        1.0560661972902024E-002  0.15259951070484526        1.3195461248917937E-003  0.44765033982024827        8.7816288079468167E-003
 0.2200  0.59667556989463821        9.1135051574673318E-003  0.15922470910459696        9.2447793512462860E-004  0.44360181430584084        6.8967860018568968E-003
 0.2400  0.64093375660197682        7.6819357725363890E-003  0.16533706561008604        6.4463998690699310E-004  0.43953411183750452        5.3372827901908464E-003
 0.2600  0.68465256807852781        6.4444310471800798E-003  0.17100506665092299        4.5362684355384971E-004  0.43554789525244525        4.1401843372756968E-003
 0.2800  0.72789322132679590        5.4579385506672859E-003  0.17628665068126553        3.2510713375576893E-004  0.43165428040459841        3.2610413817251689E-003
 0.3000  0.77074830373116088        4.7144575793774714E-003  0.18122775078819464        2.3854098670755770E-004  0.42783410127351057        2.6320487225173789E-003
 0.3200  0.81331064260665598        4.1782582924856987E-003  0.18586441737756679        1.7952126147160698E-004  0.42406424751138844        2.1881695707847721E-003
 0.3400  0.85566183633027604        3.8063665480649084E-003  0.19022541519699218        1.3847531862345292E-004  0.42032629955911227        1.8760478016623294E-003
 0.3600  0.89787022953826712        3.5586155423640510E-003  0.19433430743751473        1.0922315240784013E-004  0.41660781713224765        1.6553271757855431E-003
 0.3800  0.93999234198028259        3.4017816879703825E-003  0.19821091697973844        8.7826869938154034E-005  0.41290131501863303        1.4970651166904968E-003


 # triplet j3
 0.0010  0.13310079294508409        2.4790500419157788E-002   2.0883956334008030E-003   9.7898433156358157E-005   1.5354679057857614E-002   2.8824201204541082E-003
 0.0020  0.13450753694866369        2.5034874376899090E-002   4.1789612617542053E-003   2.3294404480142828E-004   3.0396077853701006E-002   5.7204713771303699E-003
 0.0030  0.13613143101589434        2.6174013638666522E-002   6.2808401635563024E-003   4.9727006110903435E-004   4.5094760643176898E-002   8.8522395442805091E-003
 0.0040  0.13694836332855170        2.8722970778730435E-002   8.4100061962769247E-003   1.0353168983982218E-003   5.9894411908818897E-002   1.3091804227775198E-002
 0.0050  0.13686891737597565        3.2891367134706931E-002   1.0587935690482811E-002   2.0269967274187842E-003   7.5179739297976653E-002   1.9447153598405039E-002
 0.0060  0.13674174728450172        3.8565245599458065E-002   1.2839780789536348E-002   3.6584891565567029E-003   9.0775427446391388E-002   2.8682397193699909E-002
 0.0070  0.13637213509028961        4.5448099001606582E-002   1.5192063920785068E-002   6.0764745318099590E-003  0.10694162212517636        4.1564554903899271E-002
 0.0080  0.13579461169224896        5.7454998587208456E-002   1.7669931894461942E-002   9.3275487387571385E-003  0.12382116663064412        6.1746795526016286E-002
 0.0090  0.13492106630228273        6.4525718707842253E-002   2.0294067984620544E-002   1.3299424627458442E-002  0.14165797953800993        8.2123426088852716E-002
 0.0100  0.13396100653204093        7.2128490126279879E-002   2.3077469692212176E-002   1.7696480150221804E-002  0.16037279213864458       0.10600539419064338     
 0.0200  0.13192106311451143        5.8481337791382336E-002   5.4490358942056560E-002   2.6264524894437539E-002  0.35389602736182890       0.17856906207145523     
 0.0400  0.19450031097110118        3.6146436603474046E-002   8.0323571458836895E-002   7.1009846055248233E-003  0.41214135888934522        7.8730120548354918E-002
 0.0600  0.24909641726895679        1.7532090026649537E-002   9.2392211083007686E-002   2.7629402101155744E-003  0.42270834547624153        3.0415327933319879E-002
 0.0800  0.29401730004390153        1.2427049283358856E-002  0.10192127893739364        7.2586703262229933E-004  0.43432971054917124        1.8422583528270073E-002
 0.1000  0.33656200452139512        1.2302016790112304E-002  0.11113236269590621        2.5755121728928613E-003  0.44296578880572252        1.6985421555680180E-002
 0.1200  0.38360114464519818        1.4334028110597162E-002  0.12027613095445176        3.1558117314080610E-003  0.44290996450751918        1.7540589986414543E-002
 0.1400  0.42927158020727391        1.5932808596311222E-002  0.12915510331139726        2.9691799513094099E-003  0.44299891663389435        1.7212761704788915E-002
 0.1600  0.47453418591887275        1.6389668374663401E-002  0.13756894275211157        2.4368644677369715E-003  0.44214801954782634        1.5765214865594911E-002
 0.1800  0.51952343754785335        1.5903800102266989E-002  0.14539382218998800        1.8385680433694706E-003  0.44037137610135890        1.3765313372786310E-002
 0.2000  0.56408278935713763        1.4906218425054237E-002  0.15259951070484526        1.3195461248917937E-003  0.43798951791877055        1.1728021182045958E-002
 0.2200  0.60809355580703639        1.3770129405150641E-002  0.15922470910459696        9.2447793512462860E-004  0.43527243929752285        9.9373057832251623E-003
 0.2400  0.65154530305614966        1.2711639619155177E-002  0.16533706561008604        6.4463998690699310E-004  0.43237553571995813        8.4776481999535580E-003
 0.2600  0.69450201032695702        1.1812096784996272E-002  0.17100506665092299        4.5362684355384971E-004  0.42937094575924761        7.3249173796268397E-003
 0.2800  0.73705725562123559        1.1076736820997361E-002  0.17628665068126553        3.2510713375576893E-004  0.42628740476664634        6.4184339514804858E-003
 0.3000  0.77930717477564138        1.0481762964417114E-002  0.18122775078819464        2.3854098670755770E-004  0.42313534188856661        5.6980235366991365E-003
 0.3200  0.82133892389733243        9.9993685310435076E-003  0.18586441737756679        1.7952126147160698E-004  0.41991917783882776        5.1163153113827813E-003
 0.3400  0.86322705342678929        9.6066165483713380E-003  0.19022541519699218        1.3847531862345292E-004  0.41664261089931470        4.6391803154188461E-003
 0.3600  0.90503316724278882        9.2863568743166199E-003  0.19433430743751473        1.0922315240784013E-004  0.41331055030342378        4.2424837038520496E-003
 0.3800  0.94680707498814543        9.0256776150389861E-003  0.19821091697973844        8.7826869938154034E-005  0.40992941895365836        3.9088109554346736E-003


