# triplet j1 / nf 4 / mode 2 / nplat 10 / jkb  20 / start  4001 / nmeas  2000
 0.0010  -100.00000000000000        95.003615345691401        2.0706351619365951E-003   1.2683049184573596E-004  -2.0350111360563091E-005   1.9343384533422154E-005
 0.0020  -100.00000000000000        95.006904848652354        4.1407835616630436E-003   2.4981692344658399E-004  -4.0697830712032034E-005   3.8685234072632384E-005
 0.0030  -100.00000000000000        95.014680096050142        6.2099177957427006E-003   3.6524874931520617E-004  -6.1040565834907031E-005   5.8025272434803166E-005
 0.0040  -100.00000000000000        95.013389335790364        8.2774310865096311E-003   4.6969081828885528E-004  -8.1375333297060631E-005   7.7351925337467158E-005
 0.0050  -100.00000000000000        95.017089753744173        1.0342602283444824E-002   5.6014370578628839E-004  -1.0169858545449305E-004   9.6670271278854612E-005
 0.0060  -100.00000000000000        95.020185568433845        1.2404566262841072E-002   6.3423654725928242E-004  -1.2200606343706564E-004   1.1597233830576874E-004
 0.0070  -100.00000000000001        95.027719459206850        1.4462291151431385E-002   6.9047356146508931E-004  -1.4229268291800508E-004   1.3526014886567757E-004
 0.0080  -100.00000000000000        95.031124437148833        1.6514563492559520E-002   7.2856647698872406E-004  -1.6255245795771661E-004   1.5451703722309243E-004
 0.0090  -100.00000000000000        95.030626385241646        1.8559982108310676E-002   7.4989739842475946E-004  -1.8277846644219119E-004   1.7373476535063946E-004
 0.0100  -100.00000000000000        95.034763332064230        2.0596961002800375E-002   7.5815360458869358E-004  -2.0296285868503318E-004   1.9292143932012789E-004
 0.0200  -100.00000000000000        95.072234521147308        4.0066473449194513E-002   1.9553859410900462E-003  -4.0033222927560814E-004   3.8073014119343007E-004
 0.0400  0.22757011582080655       0.12635765362816176        6.9887383182945198E-002   5.2406293558503077E-003  0.32857094181466778       0.18285353115831504     
 0.0600  0.23871521354302611        2.4945446743094891E-002   8.9436711919648776E-002   4.1262415069810337E-003  0.43397872273583149        4.6442056743415436E-002
 0.0800  0.28315718441704840        1.1002973813461091E-002  0.10365470786667037        2.5778017439205946E-003  0.45480677139911430        1.8555763724369581E-002
 0.1000  0.33255453746431707        8.6767386598629523E-003  0.11485852799832107        1.5420022358173197E-003  0.45575741487196164        1.2278485578419799E-002
 0.1200  0.38147457041252142        7.6212910776473613E-003  0.12436451854750240        9.5222750965937573E-004  0.45288535250311618        9.2125947448583011E-003
 0.1400  0.42866400782330122        6.4061933145492418E-003  0.13281633874845114        6.2945529569582949E-004  0.44987074049400411        6.8071103684565620E-003
 0.1600  0.47429252349670015        5.3676038277651146E-003  0.14051497712558117        4.3680853451076991E-004  0.44708491735483991        5.1071906494921269E-003
 0.1800  0.51879651473171018        4.6048128955727243E-003  0.14762293772982327        3.1371828140712747E-004  0.44435607538488203        3.9722442942313621E-003
 0.2000  0.56252299399197281        4.0739650772914048E-003  0.15423939276242196        2.3770925047371892E-004  0.44155760537334848        3.2159472728090586E-003
 0.2200  0.60569820069866165        3.7104092685146498E-003  0.16042908841462375        1.9458028160133673E-004  0.43864341354451336        2.7001935637263347E-003
 0.2400  0.64846554717584537        3.4614126738349783E-003  0.16623704265339159        1.7076051449521501E-004  0.43560977203783224        2.3359590681910976E-003
 0.2600  0.69092326383145009        3.2884493508444123E-003  0.17169703086580410        1.5567478465434030E-004  0.43246727365364407        2.0676440737091850E-003
 0.2800  0.73314957877762510        3.1668314302980088E-003  0.17683639364251846        1.4349946984685378E-004  0.42922721339263625        1.8622036129060889E-003
 0.3000  0.77521244002185230        3.0834189769791062E-003  0.18167860727579568        1.3193670087418245E-004  0.42589916425419516        1.7010643604020771E-003
 0.3200  0.81716901759623861        3.0313529494413538E-003  0.18624458229462937        1.2043529729080801E-004  0.42249339014806020        1.5732144373118945E-003
 0.3400  0.85906446144426185        3.0056914058792881E-003  0.19055329505357957        1.0909465762746440E-004  0.41902210547297114        1.4709715785617490E-003
 0.3600  0.90093365834667927        3.0018738678383038E-003  0.19462209869402455        9.8168985515458817E-005  0.41549854923094898        1.3883843223865605E-003
 0.3800  0.94280444989504941        3.0157641146176012E-003  0.19846689529271694        8.7884281909141675E-005  0.41193549050138628        1.3208175918050808E-003


# triplet j3 / nf 4 / mode 2 / nplat 10 / jkb  20 / start  4001 / nmeas  2000
 0.0010  0.13654965368811262        4.7095766546774019E-002   2.0706351619365951E-003   1.2683049184573596E-004   1.4903085296022746E-002   5.1602759817155714E-003
 0.0020  0.13657968748222238        4.6959257500204118E-002   4.1407835616630436E-003   2.4981692344658399E-004   2.9797864867225871E-002   1.0284551064238364E-002
 0.0030  0.13663239227949817        4.6734587382289507E-002   6.2099177957427006E-003   3.6524874931520617E-004   4.4675032630652575E-002   1.5337300267836513E-002
 0.0040  0.13671159086509357        4.6425809646159506E-002   8.2774310865096311E-003   4.6969081828885528E-004   5.9523360661760914E-002   2.0283927391036776E-002
 0.0050  0.13682233293643858        4.6038194621086229E-002   1.0342602283444824E-002   5.6014370578628839E-004   7.4328936856922004E-002   2.5091180022047577E-002
 0.0060  0.13697061786129133        4.5577894149998195E-002   1.2404566262841072E-002   6.3423654725928242E-004   8.9074624428298818E-002   2.9727525069896267E-002
 0.0070  0.13716307308061257        4.5051586092517831E-002   1.4462291151431385E-002   6.9047356146508931E-004  0.10373978923203171        3.4163490361121492E-002
 0.0080  0.13740659136210109        4.4466138451145096E-002   1.6514563492559520E-002   7.2856647698872406E-004  0.11830033504677356        3.8371997119480250E-002
 0.0090  0.13770798275439175        4.3828325415152115E-002   1.8559982108310676E-002   7.4989739842475946E-004  0.13272902760342126        4.2328687448708824E-002
 0.0100  0.13807363684968410        4.3144611696858196E-002   2.0596961002800375E-002   7.5815360458869358E-004  0.14699609810813610        4.6012264605083002E-002
 0.0200  0.14599606991329994        3.4884113530201377E-002   4.0066473449194513E-002   1.9553859410900462E-003  0.27420753826684940        6.5859579968639517E-002
 0.0400  0.18037795667081863        2.0846295972927368E-002   6.9887383182945198E-002   5.2406293558503077E-003  0.41453472843454231        5.0365882211760485E-002
 0.0600  0.23378859519690523        1.5830073924793138E-002   8.9436711919648776E-002   4.1262415069810337E-003  0.44312394017236090        3.1697822599826515E-002
 0.0800  0.29739691964683257        1.8287335418530989E-002  0.10365470786667037        2.5778017439205946E-003  0.43303005624978730        2.7166565525298576E-002
 0.1000  0.35159438357360978        1.9654334932696228E-002  0.11485852799832107        1.5420022358173197E-003  0.43107684132544338        2.4270566509665539E-002
 0.1200  0.39957988941367334        1.8289223641623789E-002  0.12436451854750240        9.5222750965937573E-004  0.43236471571619012        1.9858925646596484E-002
 0.1400  0.44514082697820556        1.6702778048139130E-002  0.13281633874845114        6.2945529569582949E-004  0.43321884431876173        1.6287819205695962E-002
 0.1600  0.48927073039243379        1.5295429883650792E-002  0.14051497712558117        4.3680853451076991E-004  0.43339815872382259        1.3565494940004346E-002
 0.1800  0.53225570870005923        1.3935278174545210E-002  0.14762293772982327        3.1371828140712747E-004  0.43311960668786004        1.1349076631997836E-002
 0.2000  0.57439268705530500        1.2597642442125061E-002  0.15423939276242196        2.3770925047371892E-004  0.43243291878927825        9.4900176310215960E-003
 0.2200  0.61603165796248882        1.1382223660446947E-002  0.16042908841462375        1.9458028160133673E-004  0.43128550764903828        7.9730180734107897E-003
 0.2400  0.65746119649265033        1.0382865626538309E-002  0.16623704265339159        1.7076051449521501E-004  0.42964958340749154        6.7887694391820545E-003
 0.2600  0.69885299538279688        9.6234981870959406E-003  0.17169703086580410        1.5567478465434030E-004  0.42756016241927380        5.8908720791078289E-003
 0.2800  0.74028527132027033        9.0756564760430553E-003  0.17683639364251846        1.4349946984685378E-004  0.42508984426702368        5.2143164494619859E-003
 0.3000  0.78178272251783343        8.6921529215857780E-003  0.18167860727579568        1.3193670087418245E-004  0.42231980934732266        4.6980130398190370E-003
 0.3200  0.82334577645831064        8.4278714998630225E-003  0.18624458229462937        1.2043529729080801E-004  0.41932383506393811        4.2943925099003574E-003
 0.3400  0.86496788096318045        8.2474275833203815E-003  0.19055329505357957        1.0909465762746440E-004  0.41616227295115199        3.9698753156919677E-003
 0.3600  0.90664407917730960        8.1255722955926521E-003  0.19462209869402455        9.8168985515458817E-005  0.41288156686144178        3.7018133208333776E-003
 0.3800  0.94837421495623975        8.0450728027916044E-003  0.19846689529271694        8.7884281909141675E-005  0.40951620930808136        3.4751152447853274E-003


