# triplet j1 / nf 3 / mode 2 / nplat 10 / jkb  20 / start  6001 / nmeas  2000
 0.0010  -100.00000000000000        95.008140924776527        2.3365732590034222E-003   1.0135043831382379E-003  -2.1617461733531170E-005   2.1066667438057006E-005
 0.0020  -100.00000000000000        95.012101272841051        4.7320261749885717E-003   2.3762021510810071E-003  -4.3506441706894720E-005   4.2755332234103875E-005
 0.0030  -100.00000000000000        95.016373323904062        7.1825696454946653E-003   4.0615264461217777E-003  -6.5647100372345462E-005   6.5078436126681511E-005
 0.0040  -100.00000000000000        95.017948750677320        9.6836101602771948E-003   6.0241034946183578E-003  -8.8016408289714692E-005   8.7998402696098439E-005
 0.0050  -100.00000000000000        95.022700238335361        1.2229895248900469E-002   8.2008472650440482E-003  -1.1058885680257514E-004   1.1143401945145026E-004
 0.0060  -100.00000000000000        95.027745056353254        1.4815658660886901E-002   1.0514345843757940E-002  -1.3333713058658598E-004   1.3525262151559256E-004
 0.0070  -100.00000000000000        95.035621748945729        1.7434755122466884E-002   1.2878380158300945E-002  -1.5623270199114408E-004   1.5929470482851306E-004
 0.0080  -100.00000000000000        95.040768059230359        2.0080776014781813E-002   1.5204839544594721E-002  -1.7924631550927594E-004   1.8337577988645541E-004
 0.0090  -100.00000000000000        95.043465116541427        2.2747139935604364E-002   1.7410905833230444E-002  -2.0234834292399791E-004   2.0732455956915530E-004
 0.0100  -99.999999999999986        95.051182224637330        2.5427155532067917E-002   1.9425303812899780E-002  -2.2550900439702147E-004   2.3100984957937474E-004
 0.0200  0.23219511314282992        98.611485938978788        5.1463963441312183E-002   2.4548776833135617E-002  0.19540178892485696        82.985656066500411     
 0.0400  0.20479624981835470        3.6204289417948642E-002   8.4270606571579823E-002   8.3137959403056880E-003  0.40092307605233352        7.3583444988293750E-002
 0.0600  0.24947580629480984        1.4907998622580883E-002   9.8016609269366242E-002   2.4741274257334693E-003  0.43472240674215867        2.6550909312499753E-002
 0.0800  0.29782453692253941        8.3223036301180563E-003  0.10841636377664038        1.1426499231033261E-003  0.44222871069477354        1.2575303852156798E-002
 0.1000  0.34605255524064782        4.9908121339724120E-003  0.11809084625627886        8.4581249145046316E-004  0.44410028802938223        6.5993743819891502E-003
 0.1200  0.39320610070867107        3.5422234870626092E-003  0.12704654736026186        6.5423571174798431E-004  0.44408571870407121        4.1607729544246540E-003
 0.1400  0.43923575609119458        2.8935284599535078E-003  0.13525825379873538        4.8210633477689750E-004  0.44306068754854383        3.0236472836186411E-003
 0.1600  0.48429485648593251        2.5771861741792613E-003  0.14279689737666712        3.4851244343480752E-004  0.44139206172344214        2.4098453618785387E-003
 0.1800  0.52854778154513249        2.4218978438215080E-003  0.14975554075440556        2.5570883611327882E-004  0.43929721086539020        2.0475780951849155E-003
 0.2000  0.57213294525621972        2.3561423318199984E-003  0.15621583775414599        1.9460962669852065E-004  0.43691360684949199        1.8197509629107719E-003
 0.2200  0.61517066042113044        2.3398805791904806E-003  0.16224224378949795        1.5455844757251240E-004  0.43432286743147325        1.6649057470594422E-003
 0.2400  0.65777081439589458        2.3494552629191043E-003  0.16788478198096540        1.2731479034503091E-004  0.43157043407124807        1.5501639646067827E-003
 0.2600  0.70003185224349740        2.3728501974295212E-003  0.17318288469924834        1.0763839970342906E-004  0.42868309262348947        1.4591719112639501E-003
 0.2800  0.74203734352744843        2.4048861399867385E-003  0.17816844009480634        9.2553816022385426E-005  0.42568038660573043        1.3840208980690082E-003
 0.3000  0.78385569922099063        2.4434947181348073E-003  0.18286791059039309        8.0453096371036487E-005  0.42257933587126895        1.3205722811952504E-003
 0.3200  0.82554266110923358        2.4877935669147069E-003  0.18730375644889419        7.0458492677204205E-005  0.41939544536987527        1.2663180131137080E-003
 0.3400  0.86714440216129041        2.5372976289758462E-003  0.19149539548559436        6.2060298654734026E-005  0.41614262217486575        1.2195149392285342E-003
 0.3600  0.90870008457741691        2.5916247892119348E-003  0.19545986340018456        5.4933190235585020E-005  0.41283306621910298        1.1788337390071894E-003
 0.3800  0.95024369674735010        2.6503948123662610E-003  0.19921228109399902        4.8848204171507972E-005  0.40947732063567477        1.1432062681236055E-003


# triplet j3 / nf 3 / mode 2 / nplat 10 / jkb  20 / start  6001 / nmeas  2000
 0.0010  0.12889592028780986        7.5019398414887251E-002   2.3365732590034222E-003   1.0135043831382379E-003   1.6771253648107595E-002   1.0416798882048618E-002
 0.0020  0.12801445271087705        7.2479094242500861E-002   4.7320261749885717E-003   2.3762021510810071E-003   3.3985570211478230E-002   2.1049064286049270E-002
 0.0030  0.12736640865319354        7.0051039096810985E-002   7.1825696454946653E-003   4.0615264461217777E-003   5.1541926216272758E-002   3.1874205533581577E-002
 0.0040  0.12693081920417879        6.7680412752758656E-002   9.6836101602771948E-003   6.0241034946183578E-003   6.9342031227367221E-002   4.2804855678496942E-002
 0.0050  0.12669302378647912        6.5330882604516902E-002   1.2229895248900469E-002   8.2008472650440482E-003   8.7288828932645113E-002   5.3689369062467095E-002
 0.0060  0.14929415716016825        6.9014017140319184E-002   1.4815658660886901E-002   1.0514345843757940E-002   8.9311687157011113E-002   5.2046805920723659E-002
 0.0070  0.14860621298405044        6.6970535684201166E-002   1.7434755122466884E-002   1.2878380158300945E-002  0.10513201221803033        6.1256655999177748E-002
 0.0080  0.14819600284062437        6.4897811018383114E-002   2.0080776014781813E-002   1.5204839544594721E-002  0.12095219309122951        7.0017081710859186E-002
 0.0090  0.14803168616837917        6.2801427659120265E-002   2.2747139935604364E-002   1.7410905833230444E-002  0.13669258802729309        7.8099888153037575E-002
 0.0100  0.14809066752206959        6.0693058277156549E-002   2.5427155532067917E-002   1.9425303812899780E-002  0.15227766082114147        8.5312847937478342E-002
 0.0200  0.15839918225497041        4.2472932726557576E-002   5.1463963441312183E-002   2.4548776833135617E-002  0.28643670909036417       0.10279156040441165     
 0.0400  0.19715206093263193        1.2774893956052203E-002   8.4270606571579823E-002   8.3137959403056880E-003  0.41646809093826098        3.3915747838037295E-002
 0.0600  0.25207144304652968        1.1038172180001051E-002   9.8016609269366242E-002   2.4741274257334693E-003  0.43024597164067135        1.9607324881597200E-002
 0.0800  0.30406930884199124        1.0912215316676348E-002  0.10841636377664038        1.1426499231033261E-003  0.43314651346467697        1.5711136489322899E-002
 0.1000  0.35430176868060687        1.0836630374278147E-002  0.11809084625627886        8.4581249145046316E-004  0.43376029430498120        1.3357569441162188E-002
 0.1200  0.40260432978188021        1.0650476005855150E-002  0.12704654736026186        6.5423571174798431E-004  0.43371916523262016        1.1527804698988547E-002
 0.1400  0.44911075622582136        1.0356825333752555E-002  0.13525825379873538        4.8210633477689750E-004  0.43331871568851171        1.0022445052711172E-002
 0.1600  0.49416558862194027        9.9989241586165775E-003  0.14279689737666712        3.4851244343480752E-004  0.43257545670571496        8.7686158284909065E-003
 0.1800  0.53809662783266943        9.6009358834551490E-003  0.14975554075440556        2.5570883611327882E-004  0.43150161928550440        7.7078337756083214E-003
 0.2000  0.58118092941801192        9.1845979857118117E-003  0.15621583775414599        1.9460962669852065E-004  0.43011161594658265        6.8024765332195336E-003
 0.2200  0.62366198976759490        8.7873884481086736E-003  0.16224224378949795        1.5455844757251240E-004  0.42840944225794975        6.0397310645848397E-003
 0.2400  0.66573870459184270        8.4456707387521226E-003  0.16788478198096540        1.2731479034503091E-004  0.42640518559346036        5.4118620244944914E-003
 0.2600  0.70755011420512115        8.1750033502722488E-003  0.17318288469924834        1.0763839970342906E-004  0.42412800638414494        4.9021288403985567E-003
 0.2800  0.74918351064850564        7.9713199403767341E-003  0.17816844009480634        9.2553816022385426E-005  0.42161998866636896        4.4873772831998749E-003
 0.3000  0.79069456915702963        7.8218989937839708E-003  0.18286791059039309        8.0453096371036487E-005  0.41892436563571722        4.1452088383458702E-003
 0.3200  0.83212339176027084        7.7133685743984593E-003  0.18730375644889419        7.0458492677204205E-005  0.41607871555602804        3.8576359371790851E-003
 0.3400  0.87350300485722876        7.6348193652630569E-003  0.19149539548559436        6.2060298654734026E-005  0.41311334169781866        3.6114217162302813E-003
 0.3600  0.91486292005463510        7.5782137477775043E-003  0.19545986340018456        5.4933190235585020E-005  0.41005207880460387        3.3971312487701710E-003
 0.3800  0.95623042342331388        7.5378717893502447E-003  0.19921228109399902        4.8848204171507972E-005  0.40691368248047399        3.2080490779190386E-003


