# triplet j1 / nf 2 / mode 2 / nplat 10 / jkb  20 / start  6001 / nmeas  2000
 0.0010   1.9267821641259314E-002   95.019759941255458        4.8581956676948552E-003   4.0646817226651791E-003  0.16177815624815822        797.81315770690037     
 0.0020   3.7264942209285667E-002   95.037325221541607        9.6856351296268663E-003   7.9605171267388870E-003  0.16702965954509877        425.97818058485581     
 0.0030   5.3452305014715457E-002   95.052454627857131        1.4452412749400154E-002   1.1536725572417019E-002  0.17421252096946263        309.79633446300721     
 0.0040   6.7437624303808591E-002   95.065223629047409        1.9130274885804870E-002   1.4674956846616733E-002  0.18344392590826641        258.59657224596941     
 0.0050   7.9220863850001655E-002   95.075873707223195        2.3693327826937761E-002   1.7297480939315005E-002  0.19430029409773336        233.18694318175952     
 0.0060   8.9032504454361963E-002   95.084720865949407        2.8118616772853756E-002   1.9368593488753673E-002  0.20631889793386468        220.34397391988645     
 0.0070   9.7195483616941553E-002   95.092098846678866        3.2386552126538917E-002   2.0890330968311287E-002  0.21907876827900299        214.33774744543302     
 0.0080  0.10403701109947842        95.098315174410814        3.6481172330286825E-002   2.1894571976274278E-002  0.23222368781813540        212.27140622098432     
 0.0090  0.11098292610437775        85.063621788349778        4.0390245123122774E-002   2.2433748306156361E-002  0.24295079583464946        186.21130918108463     
 0.0100  0.11549960944220436        73.670931851769737        4.4105220036595789E-002   2.2571939687939198E-002  0.25714582567862854        164.01937820805506     
 0.0200  0.14744080870932519        4.5714233103918332E-002   7.0769046232427149E-002   1.4539408818125453E-002  0.36085602648509452       0.11786475934361455     
 0.0400  0.20105932047079150        1.6452317250955441E-002   9.1644880142444235E-002   3.6928355643504160E-003  0.42586788108541657        3.5888745941587231E-002
 0.0600  0.25488759636030878        8.3236978114324678E-003  0.10276107935830429        1.3021614377956912E-003  0.43566858968609828        1.4492646688943627E-002
 0.0800  0.30655665793190640        4.8456149100281299E-003  0.11260677531055031        7.3962632293919910E-004  0.43785619581571966        7.0688166875616243E-003
 0.1000  0.35577013267764268        3.2563056205939089E-003  0.12169291790382347        5.0778888931621324E-004  0.43850864971054582        4.1165494295168168E-003
 0.1200  0.40300394339611412        2.5177881132467305E-003  0.13003929192060085        3.6039374311264247E-004  0.43836273021231614        2.8052509592778985E-003
 0.1400  0.44873441402078545        2.1706250296572040E-003  0.13772639246719937        2.6431263336434285E-004  0.43762107057332456        2.1581154582489045E-003
 0.1600  0.49332395114529615        2.0107910314794085E-003  0.14484637371381009        2.0292142128603392E-004  0.43641191716726080        1.8048932713214823E-003
 0.1800  0.53704380384206518        1.9438601103158181E-003  0.15147639973921895        1.6271698941348794E-004  0.43482452107896602        1.5911051897960107E-003
 0.2000  0.58009781575334030        1.9245428353234814E-003  0.15767656410718547        1.3472249308580026E-004  0.43292467473716045        1.4481377295816106E-003
 0.2200  0.62264027767920493        1.9310141625882814E-003  0.16349369837523220        1.1387248424847107E-004  0.43076423315505208        1.3443389004221932E-003
 0.2400  0.66478982908530171        1.9528298448734922E-003  0.16896513052049511        9.7519822613132518E-005  0.42838553352833292        1.2644465332151548E-003
 0.2600  0.70663978614975542        1.9849924393586919E-003  0.17412140381027627        8.4272091811695611E-005  0.42582353972055775        1.2005935544170108E-003
 0.2800  0.74826529956324828        2.0250384186303147E-003  0.17898811539521259        7.3339989691566435E-005  0.42310728756572491        1.1483361852532925E-003
 0.3000  0.78972818121172861        2.0716343218647138E-003  0.18358715566100478        6.4223725402124543E-005  0.42026104481776883        1.1048871117862605E-003
 0.3200  0.83108020859122556        2.1239246946398154E-003  0.18793755904369275        5.6571627345478508E-005  0.41730523975788253        1.0683211907297771E-003
 0.3400  0.87236545294473300        2.1812463069637625E-003  0.19205610284524302        5.0116982645982371E-005  0.41425718898449060        1.0372102116189491E-003
 0.3600  0.91362197194064565        2.2430161199906542E-003  0.19595773974896080        4.4648512694437608E-005  0.41113166161363834        1.0104477369450940E-003
 0.3800  0.95488307529924787        2.3086959005703118E-003  0.19965591805153196        3.9995201040129496E-005  0.40794131753130231        9.8715777550679941E-004


# triplet j3 / nf 2 / mode 2 / nplat 10 / jkb  20 / start  6001 / nmeas  2000
 0.0010  0.10775201819623821        2.0745119266574557E-002   4.8581956676948552E-003   4.0646817226651791E-003   2.8928577972102586E-002   1.3321868881004287E-002
 0.0020  0.10817986913803079        2.0583317792354758E-002   9.6856351296268663E-003   7.9605171267388870E-003   5.7537050652583806E-002   2.6055952426645247E-002
 0.0030  0.10888629395197023        2.0320448196395696E-002   1.4452412749400154E-002   1.1536725572417019E-002   8.5520963844630260E-002   3.7680744067479462E-002
 0.0040  0.10986163915266875        1.9966072034073971E-002   1.9130274885804870E-002   1.4674956846616733E-002  0.11260547950705552        4.7793285327751844E-002
 0.0050  0.11109302107944057        1.9532411914189050E-002   2.3693327826937761E-002   1.7297480939315005E-002  0.13855629269209291        5.6138149210449038E-002
 0.0060  0.11256487606354595        1.9033418838319084E-002   2.8118616772853756E-002   1.9368593488753673E-002  0.16318667813347038        6.2611022663848923E-002
 0.0070  0.11425960699198000        1.8483827115189706E-002   3.2386552126538917E-002   2.0890330968311287E-002  0.18636040674090695        6.7241234516557530E-002
 0.0080  0.11615821491790042        1.7898306142739011E-002   3.6481172330286825E-002   2.1894571976274278E-002  0.20799095788595870        7.0161313568568084E-002
 0.0090  0.11824094258418369        1.7290777153756105E-002   4.0390245123122774E-002   2.2433748306156361E-002  0.22803767994254287        7.1572022779053515E-002
 0.0100  0.12048784413522395        1.6673909966159122E-002   4.4105220036595789E-002   2.2571939687939198E-002  0.24649990751135084        7.1709541225538076E-002
 0.0200  0.14818979793144652        1.1623875589234639E-002   7.0769046232427149E-002   1.4539408818125453E-002  0.35903216763416407        4.6404107183493283E-002
 0.0400  0.20724984085869558        8.7982158830613149E-003   9.1644880142444235E-002   3.6928355643504160E-003  0.41314727396943690        1.9414026836963711E-002
 0.0600  0.26242981155465245        8.5020586814951345E-003  0.10276107935830429        1.3021614377956912E-003  0.42314750361983611        1.3968601516310410E-002
 0.0800  0.31449662099952452        8.3419048919803184E-003  0.11260677531055031        7.3962632293919910E-004  0.42680182577938836        1.1407200910237046E-002
 0.1000  0.36393781663863467        8.1883146181106689E-003  0.12169291790382347        5.0778888931621324E-004  0.42866740787951790        9.6860573946115688E-003
 0.1200  0.41126887233213416        8.0744186054070854E-003  0.13003929192060085        3.6039374311264247E-004  0.42955331851806416        8.4543761852751073E-003
 0.1400  0.45691810323574117        7.9465955200008383E-003  0.13772639246719937        2.6431263336434285E-004  0.42978300329140612        7.4860373333465692E-003
 0.1600  0.50124112666677823        7.7542538457403241E-003  0.14484637371381009        2.0292142128603392E-004  0.42951872831251492        6.6515086299886190E-003
 0.1800  0.54458115621712899        7.5188839409448763E-003  0.15147639973921895        1.6271698941348794E-004  0.42880627090766599        5.9248896627123009E-003
 0.2000  0.58723668470482060        7.2939760613440641E-003  0.15767656410718547        1.3472249308580026E-004  0.42766173289563653        5.3150613226631196E-003
 0.2200  0.62941771714216366        7.1106584929831384E-003  0.16349369837523220        1.1387248424847107E-004  0.42612585321514201        4.8163161364266393E-003
 0.2400  0.67125808924993757        6.9734758406123183E-003  0.16896513052049511        9.7519822613132518E-005  0.42425759953989667        4.4091704945763144E-003
 0.2600  0.71284689902868603        6.8753135883052830E-003  0.17412140381027627        8.4272091811695611E-005  0.42211568214110723        4.0725309144123093E-003
 0.2800  0.75424994717695359        6.8071239858475303E-003  0.17898811539521259        7.3339989691566435E-005  0.41975011395457779        3.7892308690456499E-003
 0.3000  0.79552019818409470        6.7612921062094487E-003  0.18358715566100478        6.4223725402124543E-005  0.41720121162941587        3.5466309467853609E-003
 0.3200  0.83670247598985981        6.7321502717670508E-003  0.18793755904369275        5.6571627345478508E-005  0.41450113470011474        3.3356804360204786E-003
 0.3400  0.87783572700175727        6.7156501032206708E-003  0.19205610284524302        5.0116982645982371E-005  0.41167572609327574        3.1498742904149638E-003
 0.3600  0.91895430529471278        6.7089254647200360E-003  0.19595773974896080        4.4648512694437608E-005  0.40874602496173501        2.9844579400369886E-003
 0.3800  0.96008884447217979        6.7099363396199430E-003  0.19965591805153196        3.9995201040129496E-005  0.40572938855473228        2.8358812282876819E-003


