 # triplet j1
 0.0010                       NaN                       NaN   2.0941939729085960E-003   5.4335260057439735E-005                       NaN                       NaN
 0.0020                       NaN                       NaN   4.1863072318064068E-003   1.1627729462024285E-004                       NaN                       NaN
 0.0030                       NaN                       NaN   6.2762831238154116E-003   2.2089272123779601E-004                       NaN                       NaN
 0.0040                       NaN                       NaN   8.3678835352428895E-003   4.5488373566963583E-004                       NaN                       NaN
 0.0050                       NaN                       NaN   1.0470045530928175E-002   9.7315334533990157E-004                       NaN                       NaN
 0.0060                       NaN                       NaN   1.2597625653096290E-002   2.0012929138623781E-003                       NaN                       NaN
 0.0070                       NaN                       NaN   1.4771391165720038E-002   3.8133508333693979E-003                       NaN                       NaN
 0.0080                       NaN                       NaN   1.7017143931229477E-002   6.6693131390572792E-003                       NaN                       NaN
 0.0090                       NaN                       NaN   1.9363887134421904E-002   1.0703556114601099E-002                       NaN                       NaN
 0.0100                       NaN                       NaN   2.1840990041087277E-002   1.5789509088252652E-002                       NaN                       NaN
 0.0200  -87.113271584106442        123.32108276579108        5.3255125441626597E-002   2.9540436306693056E-002  -5.2981759565883327E-004   7.6429017959764203E-004
 0.0400  0.19429232192141316        7.3727202521885429E-002   8.0223372094130038E-002   8.0400805321215896E-003  0.41232513669292820       0.15782146140192793     
 0.0600  0.24502888209697904        8.7451346387732703E-003   9.2701925557053949E-002   4.3173241244756728E-003  0.43044505402911942        1.8343385059955468E-002
 0.0800  0.29156788615724621        2.9159729491477337E-003  0.10186414466648128        5.2828630001699659E-004  0.43785566650246349        4.5237992740661884E-003
 0.1000  0.33284769398393677        1.4636843006763042E-003  0.11059093780899018        2.0809904991833982E-003  0.44681651389205385        4.6403910332440774E-003
 0.1200  0.37346880732320253        5.9063578623052065E-003  0.11931963397568920        3.2785686661921209E-003  0.45311375109244939        9.4922617729669579E-003
 0.1400  0.41441170912424291        1.0912928738355823E-002  0.12789894800246754        3.5339110687619179E-003  0.45664686874865312        1.3579518198831674E-002
 0.1600  0.45663797683782470        1.4156040077367526E-002  0.13618028829730291        3.2300699942837976E-003  0.45715143411501252        1.5173601030948803E-002
 0.1800  0.50019889290162056        1.5410107078995075E-002  0.14404158559283842        2.6581448704008433E-003  0.45525263787715137        1.4640941617872685E-002
 0.2000  0.54472207556412366        1.5022861998089970E-002  0.15139285214276760        2.0316651437054098E-003  0.45175992760413142        1.2822513797644999E-002
 0.2200  0.58962350452255707        1.3598963672480839E-002  0.15819832038674758        1.4779557361325043E-003  0.44745821376032469        1.0529629133578558E-002
 0.2400  0.63438958033351145        1.1734962188993730E-002  0.16447708178355627        1.0455937437337461E-003  0.44291182305367233        8.3130726443031034E-003
 0.2600  0.67872709092957650        9.8602976387127308E-003  0.17028011379655719        7.3258541619971120E-004  0.43841807776869579        6.4386200766572994E-003
 0.2800  0.72254985186292597        8.2093246601998727E-003  0.17566593688393115        5.1570191556264602E-004  0.43408019879282805        4.9728354234292700E-003
 0.3000  0.76589584663689247        6.8688809221658141E-003  0.18068720551594442        3.6865533200564874E-004  0.42990214435898810        3.8804088469838851E-003
 0.3200  0.80885330121586796        5.8396033933953290E-003  0.18538687427144757        2.6953605366782020E-004  0.42585300452827851        3.0900381570139867E-003
 0.3400  0.85151834745917887        5.0818885201681391E-003  0.18979896374048272        2.0229017219848858E-004  0.42189790107504516        2.5279181547265021E-003
 0.3600  0.89397753228111165        4.5431267419041429E-003  0.19395058557650763        1.5591786513051914E-004  0.41800857570445638        2.1309225752871681E-003
 0.3800  0.93630355799752951        4.1718488215756779E-003  0.19786383744680591        1.2317362528931606E-004  0.41416494396597292        1.8498747461588715E-003


 # triplet j3
 0.0010  0.14633856330362693        2.5761940760281852E-002   2.0941939729085960E-003   5.4335260057439735E-005   1.3985070612698972E-002   2.4686553114646940E-003
 0.0020  0.14538615347026698        2.5583914499490372E-002   4.1863072318064068E-003   1.1627729462024285E-004   2.8146376855279421E-002   4.9683792834137883E-003
 0.0030  0.14083831011455514        2.5502907821900119E-002   6.2762831238154116E-003   2.2089272123779601E-004   4.3571858337998898E-002   7.9271324185039675E-003
 0.0040  0.13517373925733486        2.7251948685317249E-002   8.3678835352428895E-003   4.5488373566963583E-004   6.0528579142406759E-002   1.2313376223061352E-002
 0.0050  0.14015822969253156        2.8752843273512445E-002   1.0470045530928175E-002   9.7315334533990157E-004   7.3005517156405589E-002   1.5356250989603096E-002
 0.0060  0.14348492856878897        3.3507451811294296E-002   1.2597625653096290E-002   2.0012929138623781E-003   8.5689712672600629E-002   2.1136666710407349E-002
 0.0070  0.14310698652843154        4.1240970705767169E-002   1.4771391165720038E-002   3.8133508333693979E-003  0.10048792550736856        3.1731072053314553E-002
 0.0080  0.14341530142308470        5.6234480045320903E-002   1.7017143931229477E-002   6.6693131390572792E-003  0.11505562008611958        5.0434474843920933E-002
 0.0090  0.14338814344544865        7.0857530781941916E-002   1.9363887134421904E-002   1.0703556114601099E-002  0.13020248773115137        7.3720996579296968E-002
 0.0100  0.14290097731016072        8.2669974396051504E-002   2.1840990041087277E-002   1.5789509088252652E-002  0.14625676368007931        9.9769571441491511E-002
 0.0200  0.13321601879883690        8.0438735673915809E-002   5.3255125441626597E-002   2.9540436306693056E-002  0.34646091751444236       0.23021352608983597     
 0.0400  0.19264460993385030        4.4539105238970901E-002   8.0223372094130038E-002   8.0400805321215896E-003  0.41585180204180933        9.8376617046016718E-002
 0.0600  0.25031525337123250        1.9097931704109256E-002   9.2701925557053949E-002   4.3173241244756728E-003  0.42135454780499682        3.3611434730077341E-002
 0.0800  0.29731457235811398        1.3151795375989423E-002  0.10186414466648128        5.2828630001699659E-004  0.42939251215148644        1.9026908536096860E-002
 0.1000  0.33492255553119116        1.1722429794743671E-002  0.11059093780899018        2.0809904991833982E-003  0.44404846382184426        1.6093613110644417E-002
 0.1200  0.37978215195049680        1.3686639518370475E-002  0.11931963397568920        3.2785686661921209E-003  0.44558137167092898        1.7185213600608044E-002
 0.1400  0.42478536549240759        1.6515075304232327E-002  0.12789894800246754        3.5339110687619179E-003  0.44549512463782265        1.8381246139050875E-002
 0.1600  0.46920169326202354        1.8381715434192345E-002  0.13618028829730291        3.2300699942837976E-003  0.44491038498067065        1.8211202370832239E-002
 0.1800  0.51369783022251925        1.8893502320418341E-002  0.14404158559283842        2.6581448704008433E-003  0.44328952169810221        1.6809165207132604E-002
 0.2000  0.55824776485354566        1.8284631549953381E-002  0.15139285214276760        2.0316651437054098E-003  0.44081431384822450        1.4738118199907439E-002
 0.2200  0.60259866207364432        1.7029120455199429E-002  0.15819832038674758        1.4779557361325043E-003  0.43782354115569361        1.2540553473201311E-002
 0.2400  0.64653898760930351        1.5574068563823254E-002  0.16447708178355627        1.0455937437337461E-003  0.43458886615753789        1.0559280260017753E-002
 0.2600  0.68998735813167267        1.4205605151306979E-002  0.17028011379655719        7.3258541619971120E-004  0.43126330218661507        8.9272725795515283E-003
 0.2800  0.73296736877519786        1.3044986487267218E-002  0.17566593688393115        5.1570191556264602E-004  0.42791070475414661        7.6415983170019120E-003
 0.3000  0.77555478129112942        1.2106627102539168E-002  0.18068720551594442        3.6865533200564874E-004  0.42454804582172301        6.6414505115401055E-003
 0.3200  0.81784016809884041        1.1358017448829192E-002  0.18538687427144757        2.6953605366782020E-004  0.42117350306492296        5.8571898510144538E-003
 0.3400  0.85991125487942099        1.0757583553082203E-002  0.18979896374048272        2.0229017219848858E-004  0.41778009240069092        5.2312143237823756E-003
 0.3600  0.90184652700347678        1.0270885813343960E-002  0.19395058557650763        1.5591786513051914E-004  0.41436127300091213        4.7219865473374289E-003
 0.3800  0.94371316603997013        9.8735626467707227E-003  0.19786383744680591        1.2317362528931606E-004  0.41091310854591134        4.3010646663398013E-003


