# triplet j1 / nf 3 / mode 2 / nplat 10 / jkb  20 / start     1 / nmeas  2000
 0.0010   5.0092052205044967E-003   1.9315286743340095E-003   3.4533067356450008E-003   5.7679549726202849E-004  0.52464284110402370       0.20699048720795976     
 0.0020   1.1145351195914399E-002   5.3090583362669988E-003   8.3801472705377269E-003   2.3683704289678286E-003  0.51947190377580799       0.25810741758270805     
 0.0030   1.8195513053082944E-002   9.7669000547281684E-003   1.4644900091911698E-002   5.3048960795279718E-003  0.51517469904351909       0.29185052136851342     
 0.0040   2.5982386916294661E-002   1.4809919522363366E-002   2.1985411316005926E-002   9.0083933103804470E-003  0.51042653706018082       0.30916462622575913     
 0.0050   3.4327321119946005E-002   1.9974643819195382E-002   3.0014917834340429E-002   1.2931761679810054E-002  0.50469461009699812       0.31315475600070763     
 0.0060   4.3047439181649196E-002   2.4821659018625056E-002   3.8265096905356975E-002   1.6478232877310386E-002  0.49778832969094267       0.30638958983821973     
 0.0070   5.1958188835852119E-002   2.8991263685866703E-002   4.6260543390734182E-002   1.9165573863709852E-002  0.48979616319673602       0.29151891325146012     
 0.0080   6.0880807147219197E-002   3.2254207098186022E-002   5.3598369495289448E-002   2.0743025432711056E-002  0.48101141061109426       0.27130246107343498     
 0.0090   6.9652095773785186E-002   3.4527969756692499E-002   6.0004037157305651E-002   2.1206971493025872E-002  0.47183733221052310       0.24831657277979713     
 0.0100   7.8133787825798648E-002   3.5855450563634206E-002   6.5348218964996901E-002   2.0732285787203365E-002  0.46269307199896281       0.22465679325779919     
 0.0200  0.13747901592194606        2.4194812385507847E-002   8.0356580192304142E-002   5.8266418936395222E-003  0.41238637097698638        7.4099522776989279E-002
 0.0400  0.19448859137390939        1.0107354207859657E-002   8.4937736069777503E-002   2.3712964705063094E-003  0.42383928000399906        2.2807196587185379E-002
 0.0600  0.24454944977654589        5.6089467440675125E-003   9.6028714889546021E-002   2.1841776539924048E-003  0.43895953938622229        1.1237595619009562E-002
 0.0800  0.29456072578843939        4.5178621144440047E-003  0.10719308734225357        1.4157089876778292E-003  0.44459905967968461        7.4242662146164623E-003
 0.1000  0.34387417245762969        4.1676872446956411E-003  0.11728693440017562        8.8214570631216975E-004  0.44538978992145317        5.6519239518887992E-003
 0.1200  0.39181827820743537        3.7519794518735979E-003  0.12637851653477863        5.7890906324275322E-004  0.44448545662755146        4.3763666062353150E-003
 0.1400  0.43833632902307623        3.2822769368396820E-003  0.13464749062720011        4.0457982586235004E-004  0.44296629418251154        3.3830489084221431E-003
 0.1600  0.48365781537434654        2.8371185244079966E-003  0.14223889690198627        2.9724676661412080E-004  0.44110904899052872        2.6282586094528385E-003
 0.1800  0.52804018651302531        2.4614437849687794E-003  0.14925826133699668        2.2704858136662594E-004  0.43898882387972732        2.0733941938507129E-003
 0.2000  0.57169559078376009        2.1696113236150216E-003  0.15578288529056725        1.7918212202359875E-004  0.43664151437813359        1.6759937211447212E-003
 0.2200  0.61478648988642404        1.9589452544671675E-003  0.16187150463835687        1.4543971770177787E-004  0.43409744018360724        1.3968806051665185E-003
 0.2400  0.65743741782473164        1.8191093540401292E-003  0.16757057109857079        1.2085292107874470E-004  0.43138503531062194        1.2037231373708832E-003
 0.2600  0.69974636504366050        1.7372328477888736E-003  0.17291804503975652        1.0230612218270091E-004  0.42852994894566881        1.0714204716009970E-003
 0.2800  0.74179266019906887        1.7006622095855637E-003  0.17794569615851319        8.7837342652875115E-005  0.42555453787315095        9.8127976011980287E-004
 0.3000  0.78364201212669282        1.6984153009320870E-003  0.18268057025853338        7.6212930303418334E-005  0.42247799503149985        9.1988278527198265E-004
 0.3200  0.82534981497827820        1.7217439013241399E-003  0.18714598899842652        6.6651371155978777E-005  0.41931673015862775        8.7790850096330648E-004
 0.3400  0.86696344993698382        1.7640794575874458E-003  0.19136227371839953        5.8646687957925403E-005  0.41608477909593206        8.4903814613302082E-004
 0.3600  0.90852397395782181        1.8206591425746729E-003  0.19534729260833686        5.1859683890244266E-005  0.41279416962755122        8.2904178868125516E-004
 0.3800  0.95006739930732653        1.8880788328196041E-003  0.19911688553177254        4.6052940225010708E-005  0.40945523263092060        8.1509116485599809E-004


# triplet j3 / nf 3 / mode 2 / nplat 10 / jkb  20 / start     1 / nmeas  2000
 0.0010   9.4157141826330948E-002   3.3719317146269030E-002   3.4533067356450008E-003   5.7679549726202849E-004   2.7911251420586949E-002   1.0263700987825952E-002
 0.0020   9.5970026147163434E-002   2.8256247468568342E-002   8.3801472705377269E-003   2.3683704289678286E-003   6.0328177832457079E-002   1.9702098297623250E-002
 0.0030   9.7978513235283130E-002   2.7191854483649972E-002   1.4644900091911698E-002   5.3048960795279718E-003   9.5672690384209641E-002   3.1705901516034307E-002
 0.0040   9.9998259891226543E-002   2.7725708928909010E-002   2.1985411316005926E-002   9.0083933103804470E-003  0.13262330557219626        4.5720763231617320E-002
 0.0050  0.10194065507358541        2.8692882390733313E-002   3.0014917834340429E-002   1.2931761679810054E-002  0.16994999625811469        6.0237660488586656E-002
 0.0060  0.10385943454316771        2.9646912770428201E-002   3.8265096905356975E-002   1.6478232877310386E-002  0.20632225605656590        7.3771188586487055E-002
 0.0070  0.10582279762949501        3.0433944514766487E-002   4.6260543390734182E-002   1.9165573863709852E-002  0.24048619114714001        8.5235431802827041E-002
 0.0080  0.10787609943982271        3.1013007679890899E-002   5.3598369495289448E-002   2.0743025432711056E-002  0.27146293828840001        9.4073890425375048E-002
 0.0090  0.11004322549013303        3.1386223131316712E-002   6.0004037157305651E-002   2.1206971493025872E-002  0.29865045218727643       0.10020437145653788     
 0.0100  0.11233370132070504        3.1571695512508047E-002   6.5348218964996901E-002   2.0732285787203365E-002  0.32182650345351443       0.10386269481112734     
 0.0200  0.14069219630567600        2.7719366201483239E-002   8.0356580192304142E-002   5.8266418936395222E-003  0.40296813860493708        8.0726327188025027E-002
 0.0400  0.20273310832975702        1.7907143458423126E-002   8.4937736069777503E-002   2.3712964705063094E-003  0.40660307147675911        3.6360424468619340E-002
 0.0600  0.25683154111633372        1.3874128404560628E-002   9.6028714889546021E-002   2.1841776539924048E-003  0.41796779852067678        2.3073684876119268E-002
 0.0800  0.30762265882254725        1.2536003936658427E-002  0.10719308734225357        1.4157089876778292E-003  0.42572098624129939        1.7574957312539424E-002
 0.1000  0.35628099229389637        1.1799746351438064E-002  0.11728693440017562        8.8214570631216975E-004  0.42987992270992975        1.4328773327450835E-002
 0.1200  0.40301881727980116        1.1028283626095706E-002  0.12637851653477863        5.7890906324275322E-004  0.43213249316629732        1.1866304306546694E-002
 0.1400  0.44824628560759638        1.0193845652379345E-002  0.13464749062720011        4.0457982586235004E-004  0.43317306915265069        9.8725291403404334E-003
 0.1600  0.49238496358068373        9.3889828488517169E-003  0.14223889690198627        2.9724676661412080E-004  0.43329072729016266        8.2745466130006821E-003
 0.1800  0.53576235172206321        8.6838547506512768E-003  0.14925826133699668        2.2704858136662594E-004  0.43266149570516554        7.0204708645632977E-003
 0.2000  0.57860022272653688        8.1040639037509021E-003  0.15578288529056725        1.7918212202359875E-004  0.43143092366402908        6.0478542947652531E-003
 0.2200  0.62104404114293188        7.6464407353306167E-003  0.16187150463835687        1.4543971770177787E-004  0.42972353623748982        5.2943783607411633E-003
 0.2400  0.66319338456740395        7.2959413286358115E-003  0.16757057109857079        1.2085292107874470E-004  0.42764097215451236        4.7071023221250076E-003
 0.2600  0.70512086465197743        7.0346505316395396E-003  0.17291804503975652        1.0230612218270091E-004  0.42526365211881584        4.2445149309396331E-003
 0.2800  0.74688229382637372        6.8454714689055512E-003  0.17794569615851319        8.7837342652875115E-005  0.42265459406123507        3.8752006969464598E-003
 0.3000  0.78852249201609159        6.7134946683633876E-003  0.18268057025853338        7.6212930303418334E-005  0.41986311038414770        3.5757947980599282E-003
 0.3200  0.83007902740707440        6.6263931246941235E-003  0.18714598899842652        6.6651371155978777E-005  0.41692775534250359        3.3290980777503348E-003
 0.3400  0.87158470981745517        6.5743390261024572E-003  0.19136227371839953        5.8646687957925403E-005  0.41387864138510239        3.1225191112965178E-003
 0.3600  0.91306916837746355        6.5496907524169945E-003  0.19534729260833686        5.1859683890244266E-005  0.41073930914027196        2.9468479402925537E-003
 0.3800  0.95455975680504224        6.5465962272487225E-003  0.19911688553177254        4.6052940225010708E-005  0.40752825082472643        2.7953222841915091E-003


