 # triplet j1
 0.0010   3.7628725638357632E-002   2.8845532227198185E-003  0.10155550612232912        1.1460631640936169E-002  0.37874527613136172        3.6051145996968688E-002
 0.0020   5.2666320423625117E-002   3.6682004331228622E-003  0.10019038245438987        1.0104812568317046E-002  0.38011064816490342        3.2685290418171954E-002
 0.0030   6.3800667596760591E-002   4.0446647077383036E-003   9.9047695748182063E-002   8.9423974226752450E-003  0.38209608717251997        2.9736693743037314E-002
 0.0040   7.2871695828868807E-002   4.2178146333251348E-003   9.8096178742453910E-002   7.9406331389934495E-003  0.38442547730290211        2.7150938199571820E-002
 0.0050   8.0627806988814055E-002   4.2763896309271467E-003   9.7309713432054731E-002   7.0733394197576606E-003  0.38689511768702828        2.4875936531918174E-002
 0.0060   8.7470535520193141E-002   4.2675173204536516E-003   9.6666334094575354E-002   6.3193810072134232E-003  0.38937356381021349        2.2866162455050375E-002
 0.0070   9.3645630235053054E-002   4.2182739761190344E-003   9.6147453210889078E-002   5.6615409825892474E-003  0.39178282507281464        2.1083187543915846E-002
 0.0080   9.9315143268800102E-002   4.1448855561310987E-003   9.5737254074479555E-002   5.0856786233262176E-003  0.39408055067141412        1.9495038057488649E-002
 0.0090  0.10459118932682002        4.0573337148508354E-003   9.5422209540384884E-002   4.5800921713484346E-003  0.39624690712066452        1.8075112190525322E-002
 0.0100  0.10955404832459059        3.9618751524463100E-003   9.5190697278563649E-002   4.1350311637377343E-003  0.39827571072035406        1.6801177373483248E-002
 0.0200  0.15011999122078892        3.0233400682460861E-003   9.5793650808443848E-002   1.7007685884631294E-003  0.41234414080439269        9.0753624343372537E-003
 0.0400  0.21405674242846442        2.0008465064490829E-003  0.10279167155497675        6.1160576698367848E-004  0.42363813336230383        4.1555851030562682E-003
 0.0600  0.26997552464807534        1.6217761866994314E-003  0.11104902157780513        3.7654882769692943E-004  0.42758611845318478        2.6689035710948982E-003
 0.0800  0.32143468675430370        1.3898765955035210E-003  0.11911649839088777        2.5601549699158163E-004  0.42949015163693244        1.9136013684898918E-003
 0.1000  0.36984680979327811        1.2096100432418934E-003  0.12679168695359957        1.7931577315345924E-004  0.43056478903084083        1.4407305378779981E-003
 0.1200  0.41612186942614721        1.0800133745141290E-003  0.13405935162355445        1.2860550164574464E-004  0.43105594314905837        1.1377188118803225E-003
 0.1400  0.46087826062754844        1.0009142277007388E-003  0.14093647438663939        9.4424243730236503E-005  0.43102701823965445        9.4715507875991621E-004
 0.1600  0.50453740727376251        9.6614352867043939E-004  0.14744521339209549        7.0981442259455190E-005  0.43052359412126595        8.3090132888225963E-004
 0.1800  0.54739165784569366        9.6726441075434223E-004  0.15360761965284891        5.4637553819414305E-005  0.42959523486720652        7.6294826839002716E-004
 0.2000  0.58964930789504388        9.9600376739593550E-004  0.15944454057813615        4.3068094875530184E-005  0.42829305218585517        7.2575827881421061E-004
 0.2200  0.63146302780681307        1.0452916394417162E-003  0.16497542504168575        3.4761857764531029E-005  0.42666600216529305        7.0771011985885056E-004
 0.2400  0.67294778309674785        1.1095322505069237E-003  0.17021834757626583        2.8717083904022818E-005  0.42475885070362579        7.0124317314103910E-004
 0.2600  0.71419236529058350        1.1844897561936630E-003  0.17519009074572481        2.4257037050716761E-005  0.42261142851651734        7.0151245411844321E-004
 0.2800  0.75526700058192908        1.2670329939893884E-003  0.17990624126342322        2.0917118892477104E-005  0.42025860904737189        7.0544738946053522E-004
 0.3000  0.79622849720869526        1.3548797726991360E-003  0.18438128562645242        1.8374542655318552E-005  0.41773063635417917        7.1112424346900336E-004
 0.3200  0.83712379259176162        1.4463846793738306E-003  0.18862870036009471        1.6403399074309042E-005  0.41505360247454232        7.1735774102212534E-004
 0.3400  0.87799244048902070        1.5403758150776530E-003  0.19266103532183609        1.4844972641730111E-005  0.41224996228848848        7.2343784690144725E-004
 0.3600  0.91886838294388562        1.6360308216766086E-003  0.19648998983696001        1.3587472285107024E-005  0.40933902899707164        7.2895916305797353E-004
 0.3800  0.95978123128577197        1.7327804562759204E-003  0.20012648196990801        1.2551958934633391E-005  0.40633742458184052        7.3370861851046237E-004


 # triplet j3
 0.0010  0.12523621654248088        4.7759060482822011E-003  0.10155550612232912        1.1460631640936169E-002  0.11379856782512070        7.7501122191787949E-003
 0.0020  0.12524128567083218        4.7972915050998191E-003  0.10019038245438987        1.0104812568317046E-002  0.15984368960647716        1.0122303382165795E-002
 0.0030  0.12555988101520563        3.9773484348068272E-003   9.9047695748182063E-002   8.9423974226752450E-003  0.19415425732017513        1.0707066364953581E-002
 0.0040  0.12673869009959587        4.6222416942434215E-003   9.8096178742453910E-002   7.9406331389934495E-003  0.22103539518098680        1.2042330733250575E-002
 0.0050  0.12629473237291314        5.6072561761709829E-003   9.7309713432054731E-002   7.0733394197576606E-003  0.24699767193516464        1.4171982217792313E-002
 0.0060  0.12746418289960409        5.6950004196434272E-003   9.6666334094575354E-002   6.3193810072134232E-003  0.26720223178860747        1.4792109930579072E-002
 0.0070  0.12893904317797161        5.7691275158677701E-003   9.6147453210889078E-002   5.6615409825892474E-003  0.28454336766383964        1.5240401944858848E-002
 0.0080  0.13068010977743486        5.8282271717226405E-003   9.5737254074479555E-002   5.0856786233262176E-003  0.29949597085613483        1.5546563032648654E-002
 0.0090  0.13265019138589607        5.8727574548765914E-003   9.5422209540384884E-002   4.5800921713484346E-003  0.31243027130099399        1.5733622927458907E-002
 0.0100  0.13481521543711014        5.9040988960524865E-003   9.5190697278563649E-002   4.1350311637377343E-003  0.32364830866678046        1.5821277638979548E-002
 0.0200  0.16213511753275694        5.8519268483636609E-003   9.5793650808443848E-002   1.7007685884631294E-003  0.38178711521267439        1.4190483889990876E-002
 0.0400  0.22174061060523440        5.7529437965700468E-003  0.10279167155497675        6.1160576698367848E-004  0.40895800975966778        1.0679727512122681E-002
 0.0600  0.27710110161138096        5.9377883918228704E-003  0.11104902157780513        3.7654882769692943E-004  0.41659086156765912        8.9547058802482097E-003
 0.0800  0.32822023639738757        6.0668845089337812E-003  0.11911649839088777        2.5601549699158163E-004  0.42061097106861567        7.7877806227511122E-003
 0.1000  0.37629187455111168        6.0729577219394218E-003  0.12679168695359957        1.7931577315345924E-004  0.42319014680382727        6.8363994935609716E-003
 0.1200  0.42224850866625957        6.0034707926472685E-003  0.13405935162355445        1.2860550164574464E-004  0.42480151192721116        6.0432051182524003E-003
 0.1400  0.46673100808181378        5.9144894318551543E-003  0.14093647438663939        9.4424243730236503E-005  0.42562199427501674        5.3954336861502944E-003
 0.1600  0.51016492639324329        5.8371159715877429E-003  0.14744521339209549        7.0981442259455190E-005  0.42577458133743240        4.8726311668699767E-003
 0.1800  0.55283577853492294        5.7818207337889784E-003  0.15360761965284891        5.4637553819414305E-005  0.42536474111672445        4.4493108890858880E-003
 0.2000  0.59494190889565779        5.7487799300627480E-003  0.15944454057813615        4.3068094875530184E-005  0.42448295879243048        4.1020769041816623E-003
 0.2200  0.63662682444230290        5.7344397665731453E-003  0.16497542504168575        3.4761857764531029E-005  0.42320523616884126        3.8122976233059863E-003
 0.2400  0.67799837628718251        5.7345842977671235E-003  0.17021834757626583        2.8717083904022818E-005  0.42159470719831466        3.5660714004877138E-003
 0.2600  0.71914036142905047        5.7455215787497113E-003  0.17519009074572481        2.4257037050716761E-005  0.41970367944759229        3.3533190565073067E-003
 0.2800  0.76011976565341310        5.7644040929370451E-003  0.17990624126342322        2.0917118892477104E-005  0.41757558935609679        3.1667972180108041E-003
 0.3000  0.80099145366456181        5.7891993236537688E-003  0.18438128562645242        1.8374542655318552E-005  0.41524667373243868        3.0012840705679047E-003
 0.3200  0.84180128651756869        5.8185276387483385E-003  0.18862870036009471        1.6403399074309042E-005  0.41274734476793984        2.8529646945561105E-003
 0.3400  0.88258827619142799        5.8514859473889000E-003  0.19266103532183609        1.4844972641730111E-005  0.41010328399453100        2.7189961428970757E-003
 0.3600  0.92338610669719690        5.8874858078294418E-003  0.19648998983696001        1.3587472285107024E-005  0.40733631242916479        2.5972039236164882E-003
 0.3800  0.96422427248657372        5.9261416477155212E-003  0.20012648196990801        1.2551958934633391E-005  0.40446506566041551        2.4858827363316428E-003


