# triplet j1 / nf 1 / mode 2 / nplat 10 / jkb  20 / start     1 / nmeas  2000
 0.0010   4.3287346963030611E-002   8.1120474273901916E-003  0.14060913533759811        2.6683585867914215E-002  0.38740105355020366        8.1374547619684115E-002
 0.0020   5.9559866695025714E-002   9.7240833509675949E-003  0.13372330030326654        2.2013654319501381E-002  0.38831111490791032        7.0999054995246502E-002
 0.0030   7.1141064660507194E-002   1.0208998521659162E-002  0.12804881882316327        1.8397540179888927E-002  0.38962162489697111        6.2526658644752889E-002
 0.0040   8.0304722276044183E-002   1.0212901535914197E-002  0.12333454187298941        1.5547538672543933E-002  0.39115264515795800        5.5519877446724014E-002
 0.0050   8.7968282057853717E-002   9.9892821400832058E-003  0.11939301007782414        1.3267681041888892E-002  0.39279263869996489        4.9656982241973853E-002
 0.0060   9.4615627523354298E-002   9.6587357971506128E-003  0.11608147969812178        1.1420652750209793E-002  0.39446567337754201        4.4700153760442118E-002
 0.0070  0.10053810857975562        9.2834695741257391E-003  0.11328935564663126        9.9078663188138794E-003  0.39612099437151493        4.0471128031945858E-002
 0.0080  0.10592523963269498        8.8966905146603548E-003  0.11092964143095983        8.6570241947735247E-003  0.39772632812203967        3.6834169139229808E-002
 0.0090  0.11090657072817942        8.5161982233963804E-003  0.10893298333817944        7.6141142408629545E-003  0.39926264037459169        3.3684306776495122E-002
 0.0100  0.11557373973232341        8.1512661280933232E-003  0.10724343430146684        6.7381178217811198E-003  0.40072015622977131        3.0939136248249743E-002
 0.0200  0.15389712615252421        5.5888829046398993E-003  0.10016639818407465        2.6116824307467366E-003  0.41130170939825844        1.5869993217752936E-002
 0.0400  0.21620655290274124        3.4550431535897339E-003  0.10369242665879785        9.5805650381373497E-004  0.42125945342569682        7.0074998736011423E-003
 0.0600  0.27144707996659007        2.4434445921963687E-003  0.11131882060736970        5.4513351432129166E-004  0.42578440143554525        3.9719815130296989E-003
 0.0800  0.32251862892873273        1.8286015361650427E-003  0.11922035741352632        3.6117540421280129E-004  0.42823326113401339        2.5131328867640306E-003
 0.1000  0.37073814657019966        1.4270334838807745E-003  0.12684614792885482        2.5896226635507347E-004  0.42962185399361891        1.7108485979011230E-003
 0.1200  0.41693222262178292        1.1642123437510064E-003  0.13410071661883341        1.9591080550790974E-004  0.43028450732433637        1.2419266649134726E-003
 0.1400  0.46165892562689953        1.0014140213240054E-003  0.14097587786015445        1.5431008846100038E-004  0.43035829964743139        9.6277245164776268E-004
 0.1600  0.50530655235904065        9.1156775214465576E-004  0.14748515677288931        1.2526906028297372E-004  0.42992650124219151        7.9678437027280074E-004
 0.1800  0.54815180496815497        8.7321167044863968E-004  0.15364786873759875        1.0397163042511212E-004  0.42905569623322087        6.9873660550008999E-004
 0.2000  0.59039670537122135        8.7021676642200956E-004  0.15948424556993920        8.7715078795481719E-005  0.42780412174261534        6.4144361949924433E-004
 0.2200  0.63219233301118283        8.9163111029425175E-004  0.16501380979165281        7.4926508866212901E-005  0.42622337071767380        6.0887518056876582E-004
 0.2400  0.67365423325466345        9.3052440962084870E-004  0.17025487342006460        6.4644573741125586E-005  0.42435893568691568        5.9168103723738639E-004
 0.2600  0.71487262675260077        9.8256243580557498E-004  0.17522444622763136        5.6247215043227534E-005  0.42225067461884802        5.8430939907336136E-004
 0.2800  0.75591935862323456        1.0449153977685913E-003  0.17993828801453549        4.9308839227067962E-005  0.41993332249726123        5.8332293384712728E-004
 0.3000  0.79685273452045280        1.1156014528362237E-003  0.18441100420862033        4.3524092614175720E-005  0.41743703234031992        5.8648830059613492E-004
 0.3200  0.83772093860424479        1.1931392241770684E-003  0.18865614766212679        3.8665613797323572E-005  0.41478791762299932        5.9229639024534827E-004
 0.3400  0.87856448506928531        1.2763722693629638E-003  0.19268631412406809        3.4559398633941739E-005  0.41200856795481577        5.9970241205390469E-004
 0.3600  0.91941800384272121        1.3643779076055655E-003  0.19651322814038411        3.1069574348139324E-005  0.40911851981090208        6.0797562051140329E-004
 0.3800  0.96031156252318406        1.4564133268178657E-003  0.20014781940171750        2.8088383883835245E-005  0.40613467434118727        6.1660479339598355E-004


# triplet j3 / nf 1 / mode 2 / nplat 10 / jkb  20 / start     1 / nmeas  2000
 0.0010  0.13089836808573146        9.6688159360069255E-003  0.14060913533759811        2.6683585867914215E-002  0.12811132838484354        1.5405001748991733E-002
 0.0020  0.13076549460592912        9.0237003821479096E-003  0.13372330030326654        2.2013654319501381E-002  0.17686438085069039        1.8997031768537294E-002
 0.0030  0.13014853203171040        7.8335881834532203E-003  0.12804881882316327        1.8397540179888927E-002  0.21297279944097910        1.9959863951191412E-002
 0.0040  0.13098929736747600        7.3195209208802041E-003  0.12333454187298941        1.5547538672543933E-002  0.23980130566567323        2.0199201379028128E-002
 0.0050  0.13214291911528134        6.8919128129096641E-003  0.11939301007782414        1.3267681041888892E-002  0.26148426160665394        1.9926741527181473E-002
 0.0060  0.13334656309236997        5.9893658883096263E-003  0.11608147969812178        1.1420652750209793E-002  0.27989185740906608        1.8644495622027760E-002
 0.0070  0.13499105940971748        6.7890683909785478E-003  0.11328935564663126        9.9078663188138794E-003  0.29502143117470248        1.9661598778172081E-002
 0.0080  0.13664544199390488        6.4836720373833067E-003  0.11092964143095983        8.6570241947735247E-003  0.30831073470008696        1.8940374834618828E-002
 0.0090  0.13850019988587234        6.2130491285043851E-003  0.10893298333817944        7.6141142408629545E-003  0.31971686900317003        1.8181126964676886E-002
 0.0100  0.14052815141124439        5.9742262289582846E-003  0.10724343430146684        6.7381178217811198E-003  0.32956191749840269        1.7420808412454220E-002
 0.0200  0.16613026300574513        4.8582529034612272E-003  0.10016639818407465        2.6116824307467366E-003  0.38101517395312651        1.2199307898502810E-002
 0.0400  0.22308445980723740        4.9794642957461041E-003  0.10369242665879785        9.5805650381373497E-004  0.40827162224371111        9.3061565883205931E-003
 0.0600  0.27708567633689385        5.1065850175973943E-003  0.11131882060736970        5.4513351432129166E-004  0.41711983814160075        7.7549110796535214E-003
 0.0800  0.32750990336824909        5.0358422879580277E-003  0.11922035741352632        3.6117540421280129E-004  0.42170695549114057        6.5156181913028806E-003
 0.1000  0.37518421100343807        4.8661599877999999E-003  0.12684614792885482        2.5896226635507347E-004  0.42453068440608666        5.5232129539238770E-003
 0.1200  0.42091433286075497        4.6869793325227845E-003  0.13410071661883341        1.9591080550790974E-004  0.42621374943248264        4.7561901856336625E-003
 0.1400  0.46529916485423989        4.5578601185476408E-003  0.14097587786015445        1.5431008846100038E-004  0.42699141811718228        4.1891379654658452E-003
 0.1600  0.50873453131446977        4.4941990189253135E-003  0.14748515677288931        1.2526906028297372E-004  0.42702955026300093        3.7767676809520325E-003
 0.1800  0.55147480258801762        4.4865711686582115E-003  0.15364786873759875        1.0397163042511212E-004  0.42647035407310657        3.4725857725329662E-003
 0.2000  0.59369133598081703        4.5200492503682478E-003  0.15948424556993920        8.7715078795481719E-005  0.42543006561448288        3.2411098233259559E-003
 0.2200  0.63550819945376280        4.5818044696425966E-003  0.16501380979165281        7.4926508866212901E-005  0.42399948159520329        3.0584116332661379E-003
 0.2400  0.67702080370557527        4.6623655216600831E-003  0.17025487342006460        6.4644573741125586E-005  0.42224875791151417        2.9089593196028911E-003
 0.2600  0.71830558838035907        4.7550847391456220E-003  0.17522444622763136        5.6247215043227534E-005  0.42023263329115895        2.7827000717234743E-003
 0.2800  0.75942547145112416        4.8554077129578134E-003  0.17993828801453549        4.9308839227067962E-005  0.41799457582070776        2.6730734680724924E-003
 0.3000  0.80043322430488872        4.9602752566915700E-003  0.18441100420862033        4.3524092614175720E-005  0.41556975723909245        2.5757477829966274E-003
 0.3200  0.84137373943319926        5.0676706885202432E-003  0.18865614766212679        3.8665613797323572E-005  0.41298712734595278        2.4878190953341048E-003
 0.3400  0.88228567611769171        5.1762939347728522E-003  0.19268631412406809        3.4559398633941739E-005  0.41027085120791523        2.4073048589755121E-003
 0.3600  0.92320269706154356        5.2853242263549037E-003  0.19651322814038411        3.1069574348139324E-005  0.40744132790867810        2.3328190182224590E-003
 0.3800  0.96415443862933425        5.3942550235139882E-003  0.20014781940171750        2.8088383883835245E-005  0.40451592409395137        2.2633652639013038E-003


