# triplet j1 / nf 6 / mode 2 / nplat 10 / jkb  20 / start  4001 / nmeas  2000
 0.0010  -100.00000000000001        95.003476458102668        2.0908099790698767E-003   1.7800121040767108E-004  -2.0449009653623211E-005   1.9446761415417515E-005
 0.0020  -100.00000000000000        95.011131517464904        4.1789929924891354E-003   3.5489344461735081E-004  -4.0885170869101846E-005   3.8884237171923610E-005
 0.0030  -100.00000000000000        95.014094516203556        6.2619557370314251E-003   5.2951969653971165E-004  -6.1295786496453863E-005   5.8297270947857040E-005
 0.0040  -100.00000000000000        95.012869079650059        8.3371706702096218E-003   7.0062994929306920E-004  -8.1668454963760017E-005   7.7671384188201931E-005
 0.0050  -100.00000000000000        95.016084411801728        1.0402205105026107E-002   8.6684216073232008E-004  -1.0199120111571442E-004   9.7001177155552559E-005
 0.0060  -99.999999999999986        95.019298376355948        1.2454746097609333E-002   1.0266118804552636E-003  -1.2225258818172809E-004   1.1627276972209436E-004
 0.0070  -100.00000000000001        95.026303897765743        1.4492620246452590E-002   1.1782128103632297E-003  -1.4244180687225793E-004   1.3548096663989519E-004
 0.0080  -100.00000000000000        95.025990786061200        1.6513807897582070E-002   1.3197301942697076E-003  -1.6254873926343233E-004   1.5460005079925477E-004
 0.0090  -100.00000000000000        95.029232470600263        1.8516451642192483E-002   1.4490684519414990E-003  -1.8256399687766059E-004   1.7363617478244705E-004
 0.0100  -100.00000000000000        95.032479431957711        2.0498859366113079E-002   1.5639739888264382E-003  -2.0247893404555983E-004   1.9257571955906474E-004
 0.0200  -100.00000000000000        95.068824647155225        3.8943561157833886E-002   1.4336455961472888E-003  -3.9468246050633607E-004   3.7529029830662991E-004
 0.0400  0.29066106558151500        91.257105681767442        6.7006291463268086E-002   4.4813463804005216E-003  0.25189289813310450        79.085297887463767     
 0.0600  0.24609469145833268        4.3198235247359974E-002   8.6021698528910576E-002   5.2173449849826237E-003  0.41285009060690336        7.3543183227678582E-002
 0.0800  0.27936512176370071        1.6982209345448914E-002  0.10081438844078776        3.6900829763828824E-003  0.45462055417509589        2.8861036363135247E-002
 0.1000  0.32639900879126038        1.0579547755021797E-002  0.11289834286742247        2.2570881642884366E-003  0.46037311144496001        1.5615541891987862E-002
 0.1200  0.37561467244040575        9.7800673848028041E-003  0.12296725401539908        1.3838446501605506E-003  0.45735961093599520        1.2183404750827971E-002
 0.1400  0.42351175564812665        8.2607105370585392E-003  0.13170591348031949        9.0113535504916960E-004  0.45343619405817981        8.9793972351332393E-003
 0.1600  0.46951834481526750        6.7829043627277655E-003  0.13952546866802190        6.1195114702002214E-004  0.45003798204737128        6.5759613966230096E-003
 0.1800  0.51408001375381362        5.7954878829107378E-003  0.14666044137810677        4.1485256713574983E-004  0.44696861011101319        5.0784059781721035E-003
 0.2000  0.55767480061836816        5.2071809241612125E-003  0.15326049298846864        2.8057277505903375E-004  0.44398069233076648        4.1654561933432014E-003
 0.2200  0.60061586523054766        4.8389025620414012E-003  0.15942329415731554        2.0293422834656214E-004  0.44096632751474468        3.5637438991957251E-003
 0.2400  0.64310864054981232        4.5884721906342572E-003  0.16521198208888099        1.7360271804989471E-004  0.43788195141532954        3.1326733455215644E-003
 0.2600  0.68529542061361048        4.4141817904281991E-003  0.17066814486908713        1.7168438728417263E-004  0.43471044568517209        2.8086168457937518E-003
 0.2800  0.72726142696119500        4.2892966824114136E-003  0.17582074055675848        1.7691213707366418E-004  0.43145798633994498        2.5539265402153679E-003
 0.3000  0.76904717947983547        4.1795680331169309E-003  0.18069156252762203        1.7997255426112447E-004  0.42814569171443034        2.3366074042576019E-003
 0.3200  0.81069099885287621        4.0584784582369925E-003  0.18529836157670537        1.7861194654902386E-004  0.42478622559721407        2.1363954540067659E-003
 0.3400  0.85226322880464234        3.9306084379787457E-003  0.18965656070040104        1.7320575631087702E-004  0.42137099781444692        1.9528504652692119E-003
 0.3600  0.89384716196187919        3.8190094639432314E-003  0.19378016926295022        1.6482104359830736E-004  0.41788583299865911        1.7942623880667741E-003
 0.3800  0.93550567870404611        3.7396015959340104E-003  0.19768225099805253        1.5453515454128653E-004  0.41432792681490177        1.6641381960209869E-003


# triplet j3 / nf 6 / mode 2 / nplat 10 / jkb  20 / start  4001 / nmeas  2000
 0.0010  0.14585743230236156        5.6935322711599290E-002   2.0908099790698767E-003   1.7800121040767108E-004   1.4019861265096552E-002   5.5050845460290548E-003
 0.0020  0.14597695344974268        5.6847512613867966E-002   4.1789929924891354E-003   3.5489344461735081E-004   2.8007962834474345E-002   1.0971729424500075E-002
 0.0030  0.14617466302365489        5.6701734704220366E-002   6.2619557370314251E-003   5.2951969653971165E-004   4.1933249735991933E-002   1.6362414283462835E-002
 0.0040  0.14644837015030740        5.6498823747667015E-002   8.3371706702096218E-003   7.0062994929306920E-004   5.5766038829889016E-002   2.1641401194644194E-002
 0.0050  0.14679511962330680        5.6239900895120494E-002   1.0402205105026107E-002   8.6684216073232008E-004   6.9478604859232101E-002   2.6775483319341053E-002
 0.0060  0.14721127696171915        5.5926334665866578E-002   1.2454746097609333E-002   1.0266118804552636E-003   8.3045667903226372E-002   3.1734590714298849E-002
 0.0070  0.14769266493461169        5.5559708815934590E-002   1.4492620246452590E-002   1.1782128103632297E-003   9.6444740119843816E-002   3.6492220516496122E-002
 0.0080  0.14823469687675178        5.5141789510348059E-002   1.6513807897582070E-002   1.3197301942697076E-003  0.10965633734090058        4.1025695912058548E-002
 0.0090  0.14883254307221988        5.4674505898746430E-002   1.8516451642192483E-002   1.4490684519414990E-003  0.12266403107086114        4.5316253410842840E-002
 0.0100  0.14948129164121166        5.4159943150994531E-002   2.0498859366113079E-002   1.5639739888264382E-003  0.13545436477198383        4.9348994946673122E-002
 0.0200  0.15794083731000125        4.6986613665547523E-002   3.8943561157833886E-002   1.4336455961472888E-003  0.24989259727151245        7.4483966133140900E-002
 0.0400  0.18540088884183706        3.0223288345787504E-002   6.7006291463268086E-002   4.4813463804005216E-003  0.39490349070679626        6.5716013566728404E-002
 0.0600  0.22381001011223098        2.1807440775936139E-002   8.6021698528910576E-002   5.2173449849826237E-003  0.45395742404686223        4.6325185184412344E-002
 0.0800  0.28541466245718489        1.8395517341201772E-002  0.10081438844078776        3.6900829763828824E-003  0.44498458971938354        2.9813926356448014E-002
 0.1000  0.34716195681706308        2.3204792126771994E-002  0.11289834286742247        2.2570881642884366E-003  0.43283926795286981        2.9253323644184141E-002
 0.1200  0.39763761105258022        2.2692404913500049E-002  0.12296725401539908        1.3838446501605506E-003  0.43202900247401160        2.4774611403253863E-002
 0.1400  0.44349027733953511        2.0300384502959852E-002  0.13170591348031949        9.0113535504916960E-004  0.43300962486030425        1.9875919610094710E-002
 0.1600  0.48828815205122583        1.8821756404971173E-002  0.13952546866802190        6.1195114702002214E-004  0.43273851218228498        1.6707489954748470E-002
 0.1800  0.53211293254628156        1.7939654459147455E-002  0.14666044137810677        4.1485256713574983E-004  0.43182117024266697        1.4571223008550734E-002
 0.2000  0.57452726170172230        1.6863875253945962E-002  0.15326049298846864        2.8057277505903375E-004  0.43095752034567558        1.2655877735813637E-002
 0.2200  0.61543632845395735        1.5190029102291039E-002  0.15942329415731554        2.0293422834656214E-004  0.43034731635543960        1.0625244264581590E-002
 0.2400  0.65538701129989907        1.3214080781132474E-002  0.16521198208888099        1.7360271804989471E-004  0.42967843677199669        8.6662275277335169E-003
 0.2600  0.69517349038094223        1.1502342030736643E-002  0.17066814486908713        1.7168438728417263E-004  0.42853342632168501        7.0937903235041202E-003
 0.2800  0.73518861687886339        1.0255633272124165E-002  0.17582074055675848        1.7691213707366418E-004  0.42680577965354155        5.9576675781049283E-003
 0.3000  0.77550206080867423        9.4064382146096265E-003  0.18069156252762203        1.7997255426112447E-004  0.42458202661135069        5.1542989456293863E-003
 0.3200  0.81613682809248422        8.8618407802238362E-003  0.18529836157670537        1.7861194654902386E-004  0.42195175817911362        4.5861806363516680E-003
 0.3400  0.85708937927969708        8.5307296419364215E-003  0.18965656070040104        1.7320575631087702E-004  0.41899831663271819        4.1747349913934416E-003
 0.3600  0.89832786599481229        8.3351675531105410E-003  0.19378016926295022        1.6482104359830736E-004  0.41580149073554878        3.8620795268990752E-003
 0.3800  0.93981284272460575        8.2213461415105611E-003  0.19768225099805253        1.5453515454128653E-004  0.41242906114935446        3.6114691287934451E-003


