# triplet j1 / nf 2 / mode 2 / nplat 10 / jkb  20 / start  2001 / nmeas  2000
 0.0010   6.9365990007278248E-003   1.3585665854755399E-003   4.9482250127451449E-003   7.4940227066266506E-004  0.45351653823700799        9.5231239658842962E-002
 0.0020   1.3858074616562315E-002   2.6822132888540042E-003   9.8538902669370858E-003   1.4767685440207267E-003  0.45303417134412144        9.4026281180242380E-002
 0.0030   2.0728757260217529E-002   3.9628654194180293E-003   1.4676257785435269E-002   2.1616010275758123E-003  0.45269951066768083        9.2744834177368035E-002
 0.0040   2.7526985399435849E-002   5.1772331343485981E-003   1.9378065321457916E-002   2.7862846581770489E-003  0.45231558154825724        9.1074026606432865E-002
 0.0050   3.4232160947562089E-002   6.3076935204539409E-003   2.3926870835933155E-002   3.3370826702432774E-003  0.45186493091983571        8.9024888020882653E-002
 0.0060   4.0825861735630166E-002   7.3405614636735672E-003   2.8295992140335940E-002   3.8046937928969387E-003  0.45135444696103016        8.6641924626828778E-002
 0.0070   4.7292296745946469E-002   8.2662063170931693E-003   3.2465002448238856E-002   4.1843572873399171E-003  0.45079732656966875        8.3979663038237715E-002
 0.0080   5.3618561655050342E-002   9.0790024625123662E-003   3.6419797228187896E-002   4.4755593238217572E-003  0.45020839959950493        8.1095737774824914E-002
 0.0090   5.9794720981755096E-002   9.7770785991968534E-003   4.0152291651879120E-002   4.6814402235935580E-003  0.44960235510023244        7.8047380819337306E-002
 0.0100   6.5813762225554434E-002   1.0361867353741349E-002   4.3659835721871147E-002   4.8080218625582019E-003  0.44899275024128982        7.4888870181383183E-002
 0.0200  0.11744534779174738        1.1524859430410386E-002   6.8068649081955923E-002   3.6599687181082820E-003  0.44429123250104297        4.5204705518135074E-002
 0.0400  0.19204152547984008        7.1482355817256140E-003   8.9443846772938540E-002   1.4292955566766979E-003  0.44047887094116028        1.6769126122803936E-002
 0.0600  0.25266734417125952        4.4454292386688363E-003  0.10207355839410513        7.8934315115781616E-004  0.43802423024288312        7.8905049647220605E-003
 0.0800  0.30669843630815430        3.0057259125192515E-003  0.11240384472515154        4.9975653858112660E-004  0.43725925726697135        4.3941204973161289E-003
 0.1000  0.35652983962773654        2.2013737809708765E-003  0.12155437988158035        3.5646288949902982E-004  0.43732511604589580        2.7753339899707725E-003
 0.1200  0.40369061196875233        1.7538194396597641E-003  0.12987721373176606        2.7487413122189493E-004  0.43734428184059970        1.9555781607551075E-003
 0.1400  0.44910724765645543        1.5131316874508875E-003  0.13754168951226151        2.2113660323239994E-004  0.43696447383814269        1.5135467925962035E-003
 0.1600  0.49333344387443595        1.4032925207782179E-003  0.14465266779964503        1.8204316693776963E-004  0.43611161657858188        1.2705144793229773E-003
 0.1800  0.53671756693370476        1.3806897451988389E-003  0.15128426415347510        1.5206041461386619E-004  0.43481279852000476        1.1396884543909260E-003
 0.2000  0.57948998354854531        1.4129155320951009E-003  0.15749248715285283        1.2848339378112236E-004  0.43312572889002782        1.0707258735350744E-003
 0.2200  0.62181039156448126        1.4758776639751516E-003  0.16332133286294945        1.0969534150686743E-004  0.43111171093282658        1.0334426219308316E-003
 0.2400  0.66379403872654374        1.5542564297625762E-003  0.16880635203858310        9.4571581235120485E-005  0.42882654717131558        1.0112459687717551E-003
 0.2600  0.70552697089864036        1.6398308782335131E-003  0.17397696978766158        8.2274443460647942E-005  0.42631825771670667        9.9599043430257674E-004
 0.2800  0.74707557882782383        1.7288101168621269E-003  0.17885806322451808        7.2168866869909288E-005  0.42362710060742426        9.8403542838200898E-004
 0.3000  0.78849293172794399        1.8196302188748172E-003  0.18347105563487492        6.3773460652763968E-005  0.42078630867456596        9.7381184717989209E-004
 0.3200  0.82982305664215839        1.9116361336214934E-003  0.18783468550026325        5.6724186860799533E-005  0.41782304084883853        9.6459061199164766E-004
 0.3400  0.87110374248999234        2.0044800953257546E-003  0.19196555494005715        5.0745647104064035E-005  0.41475939385804511        9.5596801790223999E-004
 0.3600  0.91236827248311747        2.0979174237822089E-003  0.19587852786021359        4.5628644033939105E-005  0.41161338567917810        9.4768525889216723E-004
 0.3800  0.95364647819661785        2.1917621617885867E-003  0.19958702501585879        4.1213112688269679E-005  0.40839981740677189        9.3957040723331589E-004


# triplet j3 / nf 2 / mode 2 / nplat 10 / jkb  20 / start  2001 / nmeas  2000
 0.0010   9.0386224904891926E-002   2.1824338607243421E-002   4.9482250127451449E-003   7.4940227066266506E-004   3.4804665968277540E-002   8.8073964343838053E-003
 0.0020   9.0865209485386816E-002   2.1652575572601047E-002   9.8538902669370858E-003   1.4767685440207267E-003   6.9093345911990511E-002   1.7259335051816069E-002
 0.0030   9.1657782144247704E-002   2.1378468628646941E-002   1.4676257785435269E-002   2.1616010275758123E-003  0.10237972214603198        2.5041254144406357E-002
 0.0040   9.2755327753303127E-002   2.1018041817903489E-002   1.9378065321457916E-002   2.7862846581770489E-003  0.13423363067975166        3.1911087945874626E-002
 0.0050   9.4145860865774297E-002   2.0590058490597078E-002   2.3926870835933155E-002   3.3370826702432774E-003  0.16430157310750321        3.7715830562284197E-002
 0.0060   9.5814266023243111E-002   2.0113732022520488E-002   2.8295992140335940E-002   3.8046937928969387E-003  0.19231931746909942        4.2392374687982307E-002
 0.0070   9.7742715719318377E-002   1.9606986096764364E-002   3.2465002448238856E-002   4.1843572873399171E-003  0.21811590545154524        4.5956029138899034E-002
 0.0080   9.9911253964396887E-002   1.9085361981628107E-002   3.6419797228187896E-002   4.4755593238217572E-003  0.24160968733461852        4.8481867706251777E-002
 0.0090  0.10229846898666098        1.8561569226608583E-002   4.0152291651879120E-002   4.6814402235935580E-003  0.26279814001384366        5.0084114221368832E-002
 0.0100  0.10488219827301166        1.8045451059463143E-002   4.3659835721871147E-002   4.8080218625582019E-003  0.28174373336892378        5.0897141899175581E-002
 0.0200  0.13710342889064059        1.4076684473200133E-002   6.8068649081955923E-002   3.6599687181082820E-003  0.38058813513358580        4.0393136883055118E-002
 0.0400  0.20450743073623831        1.0529727742621571E-002   8.9443846772938540E-002   1.4292955566766979E-003  0.41362914791236871        2.1551934154163642E-002
 0.0600  0.26234651918757707        8.6352296217512420E-003  0.10207355839410513        7.8934315115781616E-004  0.42186349291334663        1.3981264773106900E-002
 0.0800  0.31384831775573796        7.3556303645616597E-003  0.11240384472515154        4.9975653858112660E-004  0.42729791073603179        1.0059485850240656E-002
 0.1000  0.36187352540230544        6.5393247460117697E-003  0.12155437988158035        3.5646288949902982E-004  0.43086725760245725        7.8116819002061700E-003
 0.1200  0.40794427538016365        6.0949568448519786E-003  0.12987721373176606        2.7487413122189493E-004  0.43278406251132567        6.4822779746712784E-003
 0.1400  0.45278879848694831        5.8701505570767669E-003  0.13754168951226151        2.2113660323239994E-004  0.43341158797407003        5.6297277573213594E-003
 0.1600  0.49677798706137821        5.7558164804224418E-003  0.14465266779964503        1.8204316693776963E-004  0.43308771991496714        5.0252768785295516E-003
 0.1800  0.54013335164112697        5.7007311993190722E-003  0.15128426415347510        1.5206041461386619E-004  0.43206305736207884        4.5652913959675270E-003
 0.2000  0.58300026305078034        5.6858156736924485E-003  0.15749248715285283        1.2848339378112236E-004  0.43051785293460848        4.2023741553855005E-003
 0.2200  0.62547500206286488        5.7033787589075655E-003  0.16332133286294945        1.0969534150686743E-004  0.42858586018475497        3.9106993859627627E-003
 0.2400  0.66762476904356161        5.7465617406457841E-003  0.16880635203858310        9.4571581235120485E-005  0.42636600506568845        3.6718764790900620E-003
 0.2600  0.70950496113727468        5.8070370385440500E-003  0.17397696978766158        8.2274443460647942E-005  0.42392801386974288        3.4711424395772001E-003
 0.2800  0.75116813036766517        5.8768354141284559E-003  0.17885806322451808        7.2168866869909288E-005  0.42131907438423927        3.2973256925287286E-003
 0.3000  0.79266543136737011        5.9501034687407112E-003  0.18347105563487492        6.3773460652763968E-005  0.41857133795458468        3.1428268794229160E-003
 0.3200  0.83404519260968391        6.0234134080483113E-003  0.18783468550026325        5.6724186860799533E-005  0.41570792082361668        3.0028683330052645E-003
 0.3400  0.87535156598775776        6.0951888067185701E-003  0.19196555494005715        5.0745647104064035E-005  0.41274668860040264        2.8745275467368684E-003
 0.3600  0.91662404200255976        6.1649829245301289E-003  0.19587852786021359        4.5628644033939105E-005  0.40970231677819130        2.7559679581008116E-003
 0.3800  0.95789763103327530        6.2329291443233145E-003  0.19958702501585879        4.1213112688269679E-005  0.40658733767406141        2.6459498209179585E-003


