# triplet j1 / nf 1 / mode 2 / nplat 10 / jkb  20 / start  6001 / nmeas  2000
 0.0010   3.4679667765870809E-002   8.9915754332925805E-003  0.10470981132002058        2.7635494217931041E-002  0.41728594597942503       0.12139911889574981     
 0.0020   4.8974406822831655E-002   1.1484754232818308E-002  0.10405348308611218        2.4209589050294477E-002  0.41657108583604507       0.10904772382059515     
 0.0030   5.9765294880446705E-002   1.2679523528450181E-002  0.10346391246806981        2.1286266033008840E-002  0.41688954821550900        9.8293774749263305E-002
 0.0040   6.8692085399228733E-002   1.3220032369489451E-002  0.10293745753268213        1.8780075356308577E-002  0.41775822670558160        8.8973269395898807E-002
 0.0050   7.6429439258468693E-002   1.3397916315107108E-002  0.10247054753652494        1.6622436017581298E-002  0.41883103507306135        8.0898276300177777E-002
 0.0060   8.3343542127272824E-002   1.3369203400480246E-002  0.10205971636164275        1.4757763920217692E-002  0.41989997363743520        7.3881947548967958E-002
 0.0070   8.9658145477690535E-002   1.3220914057006721E-002  0.10170162496869931        1.3140624129109629E-002  0.42086054413113339        6.7754434456493054E-002
 0.0080   9.5518449442421743E-002   1.3002297835708811E-002  0.10139307563620409        1.1733600518364860E-002  0.42167405075070974        6.2370124155486643E-002
 0.0090  0.10102250591527742        1.2741682719404786E-002  0.10113102008886636        1.0505678043491021E-002  0.42233814618679488        5.7608413778138585E-002
 0.0100  0.10623878617525370        1.2455799091902585E-002  0.10091256311241564        9.4309979048282245E-003  0.42286770266670126        5.3371162950164586E-002
 0.0200  0.14940479733650949        9.4146048612122075E-003  0.10059383599958172        3.6531486056476537E-003  0.42457179289491442        2.7842598907982029E-002
 0.0400  0.21599270004771259        5.2700530465106714E-003  0.10537797916505587        9.6956713978077914E-004  0.42508996516208436        1.0554614655687638E-002
 0.0600  0.27252499269873581        3.2939413719124838E-003  0.11253243098386560        4.5624104986966723E-004  0.42640583278890104        5.2258443389124436E-003
 0.0800  0.32379455850420413        2.3312519548661617E-003  0.12008440921164337        3.1059150822795352E-004  0.42808869413982681        3.1314727341787718E-003
 0.1000  0.37179223826436641        1.8257563364574190E-003  0.12748849277735044        2.4417503834438768E-004  0.42948714773390489        2.1488070757889098E-003
 0.1200  0.41768032254233123        1.5645513209540365E-003  0.13459241892818105        2.0051373028673420E-004  0.43030055328441408        1.6433853951361658E-003
 0.1400  0.46214689808322407        1.4418491521687603E-003  0.14135899288471529        1.6724581166332648E-004  0.43048764770915304        1.3670056589745808E-003
 0.1600  0.50560173637847239        1.3928174791970737E-003  0.14778723678345138        1.4072986154222005E-004  0.43011530539794651        1.2024366871089161E-003
 0.1800  0.54830984488492251        1.3830698648587653E-003  0.15388819541962109        1.1931862037041809E-004  0.42926735273055383        1.0955082699569765E-003
 0.2000  0.59045811180131680        1.3962710795775511E-003  0.15967682682343912        1.0194658638782809E-004  0.42801781835244296        1.0213253994910284E-003
 0.2200  0.63218561397725337        1.4246236074404318E-003  0.16516905966173204        8.7800808818141578E-005  0.42642835749740149        9.6761277420599810E-004
 0.2400  0.67359921398587008        1.4640754083061226E-003  0.17038066314455624        7.6231879613557619E-005  0.42455034593390656        9.2763979893201870E-004
 0.2600  0.71478297305708094        1.5122345326637715E-003  0.17532680430991174        6.6718835107070553E-005  0.42242696381231259        8.9731689303644926E-004
 0.2800  0.75580438228555702        1.5674953027546639E-003  0.18002188340554859        5.8846132695015476E-005  0.42009475405620067        8.7395392793536842E-004
 0.3000  0.79671865894490146        1.6286672149780255E-003  0.18447948769904973        5.2284348741379554E-005  0.41758479687155309        8.5568325219030801E-004
 0.3200  0.83757178380513964        1.6948145670815024E-003  0.18871239756545150        4.6773424532048507E-005  0.41492362625325435        8.4116518928712184E-004
 0.3400  0.87840268677482014        1.7651762228226191E-003  0.19273261593917818        4.2108528907588683E-005  0.41213396651911860        8.2941823761748770E-004
 0.3600  0.91924484898838421        1.8391221482793327E-003  0.19655140785688485        3.8128386333046823E-005  0.40923533250009753        8.1971382082839583E-004
 0.3800  0.96012750329420637        1.9161269216359197E-003  0.20017934372162013        3.4705893179064910E-005  0.40624452056798438        8.1150686442963760E-004


# triplet j3 / nf 1 / mode 2 / nplat 10 / jkb  20 / start  6001 / nmeas  2000
 0.0010  0.13118966894254697        9.9317905885920182E-003  0.10470981132002058        2.7635494217931041E-002  0.11030851809124644        1.6781904177126029E-002
 0.0020  0.13052948587107246        8.5509101307121860E-003  0.10405348308611218        2.4209589050294477E-002  0.15629665352787905        2.0867047661889144E-002
 0.0030  0.13125362738126256        7.6337121302555329E-003  0.10346391246806981        2.1286266033008840E-002  0.18982733870891080        2.2432119587218222E-002
 0.0040  0.13314840248164217        7.8397908429440437E-003  0.10293745753268213        1.8780075356308577E-002  0.21552405624278312        2.3400097962028524E-002
 0.0050  0.13348966115474384        8.1680544464922799E-003  0.10247054753652494        1.6622436017581298E-002  0.23980150131305156        2.4363902127628033E-002
 0.0060  0.13231710863655544        9.1017080895239109E-003  0.10205971636164275        1.4757763920217692E-002  0.26448545847701471        2.6394141577595863E-002
 0.0070  0.13377254503065583        8.7721488136900880E-003  0.10170162496869931        1.3140624129109629E-002  0.28207264714057717        2.5965620334235662E-002
 0.0080  0.13548829541971213        8.4728569491858540E-003  0.10139307563620409        1.1733600518364860E-002  0.29727771962177091        2.5327502630805857E-002
 0.0090  0.13742529873307011        8.2019252187451319E-003  0.10113102008886636        1.0505678043491021E-002  0.31046436329219851        2.4563785405533303E-002
 0.0100  0.13954949376090309        7.9567272922204061E-003  0.10091256311241564        9.4309979048282245E-003  0.32192844440554214        2.3732316032745792E-002
 0.0200  0.16625652235231847        6.3901423926476207E-003  0.10059383599958172        3.6531486056476537E-003  0.38153728813020965        1.6218668709358123E-002
 0.0400  0.22449844071116190        5.1790116088126200E-003  0.10537797916505587        9.6956713978077914E-004  0.40898426308749697        9.6207357217316120E-003
 0.0600  0.27872834267359436        4.8088208537953375E-003  0.11253243098386560        4.5624104986966723E-004  0.41691578743959051        7.2424110645125418E-003
 0.0800  0.32920665311328756        4.7577821212458861E-003  0.12008440921164337        3.1059150822795352E-004  0.42105099762958514        6.1094545433418787E-003
 0.1000  0.37703793959944271        4.8639223603014498E-003  0.12748849277735044        2.4417503834438768E-004  0.42351172439412282        5.4784832829114652E-003
 0.1200  0.42290888363475504        4.9921074054231325E-003  0.13459241892818105        2.0051373028673420E-004  0.42498060655826680        5.0265407863359351E-003
 0.1400  0.46733246432298958        5.0871299142445040E-003  0.14135899288471529        1.6724581166332648E-004  0.42571091511936698        4.6408979865058108E-003
 0.1600  0.51071122978450412        5.1560016389382238E-003  0.14778723678345138        1.4072986154222005E-004  0.42581214700119180        4.3036616138212719E-003
 0.1800  0.55333301115708267        5.2142937553809081E-003  0.15388819541962109        1.1931862037041809E-004  0.42537045656766892        4.0118385533896546E-003
 0.2000  0.59539767135619170        5.2702315892607871E-003  0.15967682682343912        1.0194658638782809E-004  0.42446688154833390        3.7596604615453286E-003
 0.2200  0.63704803037273372        5.3265798108028135E-003  0.16516905966173204        8.7800808818141578E-005  0.42317354445641314        3.5400881988146287E-003
 0.2400  0.67839068913427236        5.3837815791941699E-003  0.17038066314455624        7.6231879613557619E-005  0.42155174576976828        3.3468089830359627E-003
 0.2600  0.71950837440330973        5.4415837551111410E-003  0.17532680430991174        6.6718835107070553E-005  0.41965265705717936        3.1748034205137401E-003
 0.2800  0.76046728328727176        5.4996569971086035E-003  0.18002188340554859        5.8846132695015476E-005  0.41751889012023197        3.0202443484483249E-003
 0.3000  0.80132167666577347        5.5577765078861276E-003  0.18447948769904973        5.2284348741379554E-005  0.41518607201992497        2.8802327998122680E-003
 0.3200  0.84211691287657264        5.6158390864801226E-003  0.18871239756545150        4.6773424532048507E-005  0.41268417302856358        2.7525489861526834E-003
 0.3400  0.88289155016251464        5.6738321847303284E-003  0.19273261593917818        4.2108528907588683E-005  0.41003856411913819        2.6354608375168454E-003
 0.3600  0.92367886773981234        5.7317982481960442E-003  0.19655140785688485        3.8128386333046823E-005  0.40727084332379698        2.5275878129075368E-003
 0.3800  0.96450799881653637        5.7898078043141944E-003  0.20017934372162013        3.4705893179064910E-005  0.40439948423287603        2.4278071497558420E-003


