# triplet j1 / nf 4 / mode 2 / nplat 10 / jkb  20 / start     1 / nmeas 10000
 0.0010  -100.00000000000000        95.007289569815967        2.6200585169173000E-003   1.4545573340944617E-004  -2.2891301915431984E-005   2.1757685981248488E-005
 0.0020  -100.00000000000000        95.025058421721027        5.3101719436670003E-003   3.3051279924364461E-004  -4.6087620653129837E-005   4.3818268507832938E-005
 0.0030  -100.00000000000000        95.020834472029492        8.1361298408171214E-003   6.3652538758101728E-004  -6.9869005320601725E-005   6.6446344415615975E-005
 0.0040  -100.00000000000000        99.539959206407460        1.1154839409238568E-002   1.1570856450233294E-003  -9.4466245439261823E-005   9.4159217651328280E-005
 0.0050  -100.00000000000000        116.91060823077443        1.4409221265185105E-002   1.9538704814857804E-003  -1.2003841578921769E-004   1.4057343027340061E-004
 0.0060  -100.00000000000001        116.83154765942669        1.7922890427732825E-002   3.0467685467042292E-003  -1.4665424819376827E-004   1.7179125646558751E-004
 0.0070  -90.604309491062523        156.06784947681842        2.1695412494202128E-002   4.4132870406889532E-003  -1.9235306853540037E-004   3.3190935548686024E-004
 0.0080  0.41660859412030710        142.51148112356816        2.5699373451165339E-002   5.9888184206979157E-003   4.8673551316110925E-002   16.650017282143605     
 0.0090  0.26838042695477105        157.16970564903116        2.9880618314905936E-002   7.6729838089789944E-003   8.6413222911713730E-002   50.605557527948051     
 0.0100  0.18343397148165830        126.81290860935722        3.4162564914379537E-002   9.3441326788909276E-003  0.14249855611979542        98.513141169037397     
 0.0300  0.17129579949756724        2.0005483781194530E-002   7.8622852429629311E-002   4.0529938127802862E-003  0.40096208698475466        4.7954867664886262E-002
 0.0500  0.21755284597752964        1.4781808407370417E-002   8.9088433794006869E-002   2.7025315977187423E-003  0.43385628478641219        3.0204295802780806E-002
 0.0700  0.26515659777057865        1.1152040793530025E-002   9.8503762504905432E-002   8.7194586121188788E-004  0.44288195912619938        1.8729724964861864E-002
 0.0900  0.31107380119926165        6.7376670032603938E-003  0.10819894148144935        8.2133713586693099E-004  0.44862587918577879        9.8650241055886906E-003
 0.1100  0.35594372056054507        4.3487365212917005E-003  0.11769748481117362        1.0227369323362971E-003  0.45207823195005226        5.8621130250741376E-003
 0.1300  0.40096534109465720        3.2366935438186890E-003  0.12672247315036794        1.0502771904195803E-003  0.45269600264356985        4.1076778845559698E-003
 0.1500  0.44533883515573619        3.3086045922914274E-003  0.13515459734203583        9.5552304297620637E-004  0.45215305552541851        3.7200912665525969E-003
 0.1700  0.48920038630491497        3.5939516133193013E-003  0.14296735701945204        8.0442932879078231E-004  0.45068293250191421        3.5454493531335892E-003
 0.1900  0.53318369863745385        3.8688621302405799E-003  0.15018838909748744        6.4510074275663345E-004  0.44805684337565804        3.3905825763834328E-003
 0.2100  0.57710651175664962        3.8661713321340762E-003  0.15686981540553535        5.0316308984065309E-004  0.44477294653561539        3.0638295756690069E-003
 0.2300  0.62079468041469310        3.6782542230667944E-003  0.16306910203442299        3.8737205983265470E-004  0.44118096763702502        2.6660350305422026E-003
 0.2500  0.66418151260042713        3.3953575469318638E-003  0.16883980236415802        2.9728953538540306E-004  0.43745726844630750        2.2692430551334731E-003
 0.2700  0.70726032931394489        3.0794299864046930E-003  0.17422847020426208        2.2883427150884351E-004  0.43368773751561385        1.9096452837052741E-003
 0.2900  0.75005656338911053        2.7672865469165410E-003  0.17927447245414593        1.7726197832676667E-004  0.42991164368200879        1.6003090686222906E-003
 0.3100  0.79261111300797149        2.4783080444462972E-003  0.18401086093785760        1.3839942596301168E-004  0.42614501866509047        1.3420576505384855E-003
 0.3300  0.83497053472932381        2.2210586144252933E-003  0.18846547732769436        1.0896489517672782E-004  0.42239300959292597        1.1301997424758882E-003
 0.3500  0.87718160947232293        1.9978861291035980E-003  0.19266197629409446        8.6507702471823133E-005  0.41865618106543073        9.5816075112809017E-004
 0.3700  0.91928864611207362        1.8078156965038537E-003  0.19662067427166841        6.9237163278516455E-005  0.41493355230815798        8.1924635044948002E-004
 0.3900  0.96133240280535626        1.6482642446535229E-003  0.20035921940034040        5.5852082546374927E-005  0.41122393629932791        7.0739487444378710E-004
 0.4100   1.0033498896246804        1.5160074539458208E-003  0.20389310845849828        4.5403928859884847E-005  0.40752644165514473        6.1742001889864841E-004


# triplet j3 / nf 4 / mode 2 / nplat 10 / jkb  20 / start     1 / nmeas 10000
 0.0010  0.16006089569488652        2.1594772323251868E-002   2.6200585169173000E-003   1.4545573340944617E-004   1.4301620527644776E-002   1.9699325258065513E-003
 0.0020  0.15815579184380399        2.1864176395088204E-002   5.3101719436670003E-003   3.3051279924364461E-004   2.9140646773560066E-002   4.1293494711712340E-003
 0.0030  0.15567846113125047        2.1200132902030350E-002   8.1361298408171214E-003   6.3652538758101728E-004   4.4880328860455579E-002   6.3589057321046865E-003
 0.0040  0.15184558001379397        2.2110060462565966E-002   1.1154839409238568E-002   1.1570856450233294E-003   6.2212048207580563E-002   9.6161170323339935E-003
 0.0050  0.14779653701470691        2.3387584807544125E-002   1.4409221265185105E-002   1.9538704814857804E-003   8.1218693085666094E-002   1.3982170676853102E-002
 0.0060  0.14382236539178592        2.4878458893136515E-002   1.7922890427732825E-002   3.0467685467042292E-003  0.10196901420322775        1.9652965348322698E-002
 0.0070  0.14010664632505754        2.6404956335974634E-002   2.1695412494202128E-002   4.4132870406889532E-003  0.12439107929757107        2.6639259802962497E-002
 0.0080  0.13676659782364448        2.7817484215498556E-002   2.5699373451165339E-002   5.9888184206979157E-003  0.14826587856484594        3.4754111777825711E-002
 0.0090  0.13387824812405383        2.9010600877104008E-002   2.9880618314905936E-002   7.6729838089789944E-003  0.17322916892439311        4.3632183557713394E-002
 0.0100  0.13148761187719457        2.9921267480563622E-002   3.4162564914379537E-002   9.3441326788909276E-003  0.19879497168044347        5.2778705127611347E-002
 0.0300  0.15462707449833926        1.6242041806666670E-002   7.8622852429629311E-002   4.0529938127802862E-003  0.44418560902802517        4.8041433415925067E-002
 0.0500  0.20789036478761491        1.0294549486203602E-002   8.9088433794006869E-002   2.7025315977187423E-003  0.45402137610826232        2.3513761498155716E-002
 0.0700  0.25902871380961318        7.1689834283257085E-003   9.8503762504905432E-002   8.7194586121188788E-004  0.45335928889406890        1.2706783481330005E-002
 0.0900  0.30735757029239741        5.1663249283177377E-003  0.10819894148144935        8.2133713586693099E-004  0.45405017166786499        7.8242075716361964E-003
 0.1100  0.35405961547217574        4.5051770952594843E-003  0.11769748481117362        1.0227369323362971E-003  0.45448393669562792        6.1108404630626579E-003
 0.1300  0.40005688025105518        4.6903174465961735E-003  0.12672247315036794        1.0502771904195803E-003  0.45372399794313512        5.6420341122304244E-003
 0.1500  0.44561889054023779        4.9779930861682123E-003  0.13515459734203583        9.5552304297620637E-004  0.45186889365412702        5.2945107233951143E-003
 0.1700  0.49081035174436033        5.0723745820759527E-003  0.14296735701945204        8.0442932879078231E-004  0.44920459378534633        4.8113299158176045E-003
 0.1900  0.53550784360446657        4.9607738919584393E-003  0.15018838909748744        6.4510074275663345E-004  0.44611224243301284        4.2422468689308672E-003
 0.2100  0.57969472005779354        4.7089629489933064E-003  0.15686981540553535        5.0316308984065309E-004  0.44278713401651404        3.6662682344839499E-003
 0.2300  0.62340677997955041        4.3887606196185685E-003  0.16306910203442299        3.8737205983265470E-004  0.43933240157936071        3.1365945460722871E-003
 0.2500  0.66669741218730127        4.0525133200688688E-003  0.16883980236415802        2.9728953538540306E-004  0.43580644673792812        2.6766862237314190E-003
 0.2700  0.70962740213761466        3.7311959995645215E-003  0.17422847020426208        2.2883427150884351E-004  0.43224110445953440        2.2903664461778718E-003
 0.2900  0.75225926396994214        3.4401048247543922E-003  0.17927447245414593        1.7726197832676667E-004  0.42865281355175938        1.9716645485868701E-003
 0.3100  0.79465331944767004        3.1848687729246722E-003  0.18401086093785760        1.3839942596301168E-004  0.42504985417000196        1.7110282144152129E-003
 0.3300  0.83686537341362566        2.9657813997653439E-003  0.18846547732769436        1.0896489517672782E-004  0.42143662324933695        1.4984971555510951E-003
 0.3500  0.87894575188873469        2.7804796989490846E-003  0.19266197629409446        8.6507702471823133E-005  0.41781589129177471        1.3250539522056128E-003
 0.3700  0.92093926589408992        2.6254685634390577E-003  0.19662067427166841        6.9237163278516455E-005  0.41418985773998557        1.1830469206278820E-003
 0.3900  0.96288568003957575        2.4969479843057322E-003  0.20035921940034040        5.5852082546374927E-005  0.41056057117544981        1.0661993556874386E-003
 0.4100   1.0048203789949961        2.3912370891669343E-003  0.20389310845849828        4.5403928859884847E-005  0.40693005317308006        9.6945754053240612E-004


