# triplet j1 / nf 1 / mode 2 / nplat 10 / jkb  20 / start     1 / nmeas 10000
 0.0010   3.8910719218397623E-002   3.3773586782601763E-003   8.3995909867334392E-002   8.2920269942163023E-003  0.33310013520027681        3.3260363475940455E-002
 0.0020   5.3868757505790801E-002   4.1286750935607052E-003   8.4069122576533845E-002   7.2250840348717926E-003  0.34041704263119343        2.9911595566457526E-002
 0.0030   6.4643268388317451E-002   4.4346598831721219E-003   8.4222677971691029E-002   6.3330181285696551E-003  0.34774976238334043        2.7204088711833597E-002
 0.0040   7.3257215042425189E-002   4.5611616414202366E-003   8.4442421643942236E-002   5.5856966013743377E-003  0.35479290697594673        2.5013482201313570E-002
 0.0050   8.0539112725385886E-002   4.6085630771545401E-003   8.4716629072202468E-002   4.9581998492473755E-003  0.36139113289164487        2.3226630179412216E-002
 0.0060   8.6928964542902942E-002   4.6193842283969756E-003   8.5035572335739593E-002   4.4298353839696174E-003  0.36747384709442277        2.1747119140535932E-002
 0.0070   9.2689991032812946E-002   4.6117473548111850E-003   8.5391171180917991E-002   3.9833910316264647E-003  0.37302476270629414        2.0497838233812207E-002
 0.0080   9.7990584412995185E-002   4.5931643900928420E-003   8.5776709808346716E-002   3.6045572031545179E-003  0.37805965648678530        1.9419911370862207E-002
 0.0090  0.10294346604597512        4.5666212429556451E-003   8.6186605444349917E-002   3.2814674319599758E-003  0.38261091377474088        1.8469683277128602E-002
 0.0100  0.10762675672407913        4.5332798044015942E-003   8.6616218138561213E-002   3.0043212058342458E-003  0.38671797002709574        1.7615401259168665E-002
 0.0300  0.18057811515120287        3.1397472209801266E-003   9.6306927118549004E-002   1.0035283081540074E-003  0.42095848967481619        7.6408228628161183E-003
 0.0500  0.24024638029543816        1.9778523475343320E-003  0.10563874648606281        5.6673778212930131E-004  0.42781377740413096        3.7042633579274370E-003
 0.0700  0.29402312739090786        1.3765765729967792E-003  0.11433610285722971        3.5672200046230767E-004  0.43030284529297935        2.1235072115242328E-003
 0.0900  0.34400874459726233        1.0444982701539901E-003  0.12246689660951517        2.3122028246360299E-004  0.43159472350876177        1.3723084710509433E-003
 0.1100  0.39139625995277022        8.3185490089369410E-004  0.13009036903226673        1.5507185990800774E-004  0.43223232389487626        9.5408438828662226E-004
 0.1300  0.43695557302625659        6.8585392281513544E-004  0.13725901672207719        1.0838328050844698E-004  0.43233443984392345        6.9973862506429794E-004
 0.1500  0.48120172479247231        5.8403730630934652E-004  0.14401578220343733        7.9088619289801121E-005  0.43195499041509333        5.3751545835610266E-004
 0.1700  0.52448714895994641        5.1327786816202103E-004  0.15039530220633915        6.0112350569315435E-005  0.43114340009594165        4.3063696992164130E-004
 0.1900  0.56705975386519858        4.6468430389421810E-004  0.15642620428162710        4.7372426311730525E-005  0.42994977583361088        3.5829224226795116E-004
 0.2100  0.60909942213230361        4.3205812256382945E-004  0.16213291688270626        3.8507841185651417E-005  0.42842228750495343        3.0812607939433240E-004
 0.2300  0.65074066135352360        4.1109426631432056E-004  0.16753684911204214        3.2129133976236250E-005  0.42660519831866289        2.7258726652789147E-004
 0.2500  0.69208679059374201        3.9882233493310166E-004  0.17265712700656002        2.7395973486952983E-005  0.42453812448181771        2.4695222950764351E-004
 0.2700  0.73321906822367511        3.9319345696300581E-004  0.17751106129538990        2.3783993887923448E-005  0.42225600978335953        2.2819765089874332E-004
 0.2900  0.77420276409755817        3.9278197717512850E-004  0.18211445879004978        2.0955924657288930E-005  0.41978942406728975        2.1434000135449126E-004
 0.3100  0.81509132748710189        3.9657779241160715E-004  0.18648184191721595        1.8689019201258178E-005  0.41716498405068447        2.0404273374889087E-004
 0.3300  0.85592932177760350        4.0384602832118423E-004  0.19062661239714040        1.6832875809189214E-005  0.41440580318736225        1.9637985148080226E-004
 0.3500  0.89675453713696307        4.1403476517801587E-004  0.19456117927270339        1.5284067764821754E-005  0.41153192559252277        1.9069208519101457E-004
 0.3700  0.93759954073089191        4.2671611164659372E-004  0.19829706292305435        1.3970050214118664E-005  0.40856072430469703        1.8649843878732367E-004
 0.3900  0.97849283422889943        4.4154861667480730E-004  0.20184498202051324        1.2839259626982077E-005  0.40550725656974418        1.8344062812788184E-004
 0.4100   1.0194597304290414        4.5825287363114955E-004  0.20521492778500930        1.1854304553690027E-005  0.40238457610070844        1.8124712147597969E-004


# triplet j3 / nf 1 / mode 2 / nplat 10 / jkb  20 / start     1 / nmeas 10000
 0.0010  0.10651939012821419        7.3643019237340833E-003   8.3995909867334392E-002   8.2920269942163023E-003  0.12167893391792134        1.0336364234286546E-002
 0.0020  0.10642589721964667        7.2250955972085629E-003   8.4069122576533845E-002   7.2250840348717926E-003  0.17230621117049849        1.3843991370722735E-002
 0.0030  0.10693538898407820        7.0870935665974287E-003   8.4222677971691029E-002   6.3330181285696551E-003  0.21021741665957691        1.6017738249510537E-002
 0.0040  0.10796837291716267        6.9430800090021019E-003   8.4442421643942236E-002   5.5856966013743377E-003  0.24072920226190175        1.7407949460961952E-002
 0.0050  0.10944622686109423        6.7912723103809164E-003   8.4716629072202468E-002   4.9581998492473755E-003  0.26593992341879169        1.8244919343069602E-002
 0.0060  0.11129556582938073        6.6334303828948418E-003   8.5035572335739593E-002   4.4298353839696174E-003  0.28702060847137845        1.8669215163254819E-002
 0.0070  0.11345028032698888        6.4727970152230144E-003   8.5391171180917991E-002   3.9833910316264647E-003  0.30476488740802449        1.8784967078083883E-002
 0.0080  0.11585290420195778        6.3126667703348174E-003   8.5776709808346716E-002   3.6045572031545179E-003  0.31977003025781947        1.8674365658803239E-002
 0.0090  0.11845477987100771        6.1557506854344130E-003   8.6186605444349917E-002   3.2814674319599758E-003  0.33250911152661522        1.8402467151088609E-002
 0.0100  0.12121538576709331        6.0040153033700363E-003   8.6616218138561213E-002   3.0043212058342458E-003  0.34336565954513493        1.8019888346334383E-002
 0.0300  0.18433328877169447        4.1945124352334839E-003   9.6306927118549004E-002   1.0035283081540074E-003  0.41238286979474820        9.6266164514280106E-003
 0.0500  0.24310696751691183        3.2318100558226290E-003  0.10563874648606281        5.6673778212930131E-004  0.42277978501258212        5.7336168961604379E-003
 0.0700  0.29632950748033393        2.4946056451466917E-003  0.11433610285722971        3.5672200046230767E-004  0.42695372922537689        3.6554354550837925E-003
 0.0900  0.34584382023978666        1.9748516030721093E-003  0.12246689660951517        2.3122028246360299E-004  0.42930464654857836        2.4847065222461649E-003
 0.1100  0.39287584167695327        1.6312802369628969E-003  0.13009036903226673        1.5507185990800774E-004  0.43060452452623532        1.8062616053591417E-003
 0.1300  0.43818544156223488        1.4095447055611915E-003  0.13725901672207719        1.0838328050844698E-004  0.43112099349415850        1.3972264540595015E-003
 0.1500  0.48226087316029514        1.2678527706679137E-003  0.14401578220343733        7.9088619289801121E-005  0.43100632456112720        1.1392693474779499E-003
 0.1700  0.52543074237417997        1.1785671400806699E-003  0.15039530220633915        6.0112350569315435E-005  0.43036913235690044        9.6916319432694212E-004
 0.1900  0.56792571052607821        1.1240481741162003E-003  0.15642620428162710        4.7372426311730525E-005  0.42929420087842540        8.5214930527265271E-004
 0.2100  0.60991370136916512        1.0929714253897504E-003  0.16213291688270626        3.8507841185651417E-005  0.42785031253121392        7.6839369223523737E-004
 0.2300  0.65152091895714936        1.0779386426430716E-003  0.16753684911204214        3.2129133976236250E-005  0.42609429845336433        7.0615418066215891E-004
 0.2500  0.69284491244671598        1.0740364009809756E-003  0.17265712700656002        2.7395973486952983E-005  0.42407358815657625        6.5825204136351278E-004
 0.2700  0.73396297151456313        1.0779617661099991E-003  0.17751106129538990        2.3783993887923448E-005  0.42182803501151661        6.2017747180102823E-004
 0.2900  0.77493767440256889        1.0874721195009173E-003  0.18211445879004978        2.0955924657288930E-005  0.41939131776290933        5.8902741030392137E-004
 0.3100  0.81582066745375770        1.1010295840626196E-003  0.18648184191721595        1.8689019201258178E-005  0.41679204045205376        5.6288911436579614E-004
 0.3300  0.85665531374743742        1.1175672425036472E-003  0.19062661239714040        1.6832875809189214E-005  0.41405460559302237        5.4047268088879355E-004
 0.3500  0.89747860630054366        1.1363348355996933E-003  0.19456117927270339        1.5284067764821754E-005  0.41119990923574434        5.2088769836595072E-004
 0.3700  0.93832257992388268        1.1567962997829323E-003  0.19829706292305435        1.3970050214118664E-005  0.40824590142532763        5.0350496767055273E-004
 0.3900  0.97921537856327356        1.1785625476051860E-003  0.20184498202051324        1.2839259626982077E-005  0.40520804050635678        4.8786992157719611E-004
 0.4100   1.0201820745315353        1.2013472862282598E-003  0.20521492778500930        1.1854304553690027E-005  0.40209966605108383        4.7364743269510072E-004


