# triplet j1 / nf 5 / mode 2 / nplat 10 / jkb  20 / start     1 / nmeas 10000
 0.0010  -100.00000000000000        95.018523641571164        2.5796778383053750E-003   1.2571961318874947E-004  -2.2714215101144812E-005   2.1589807675994102E-005
 0.0020  -100.00000000000000        95.024811266666021        5.1686991258192722E-003   2.6140541137406571E-004  -4.5469546405563680E-005   4.3222646850104249E-005
 0.0030  -100.00000000000000        95.031430323910044        7.7958355882504311E-003   4.4013689072674089E-004  -6.8392260914157960E-005   6.5022812222507339E-005
 0.0040  -100.00000000000000        95.028598186329035        1.0508015841762790E-002   7.3931342752130732E-004  -9.1686491226408226E-005   8.7188067237838716E-005
 0.0050  -100.00000000000000        95.046123551289526        1.3364992828937232E-002   1.2752183946681957E-003  -1.1560706219317759E-004   1.1001836179792238E-004
 0.0060  -100.00000000000000        95.044477312186757        1.6431649214914728E-002   2.1613124350960008E-003  -1.4042072161151172E-004   1.3378127130784048E-004
 0.0070  -100.00000000000000        95.063170858130235        1.9767783841467851E-002   3.4734837011242141E-003  -1.6635773915888309E-004   1.5881889677228539E-004
 0.0080  -100.00000000000000        95.064818034287498        2.3415720332391917E-002   5.2256992861670218E-003  -1.9355917062187228E-004   1.8526992393890540E-004
 0.0090  -100.00000000000000        103.18194572852093        2.7387216040060704E-002   7.3494550821361082E-003  -2.2202925228921811E-004   2.3102298850772267E-004
 0.0100  -100.00000000000001        106.19926611554740        3.1652693543131341E-002   9.6909343699396380E-003  -2.5160561815321743E-004   2.6996504357098541E-004
 0.0300  0.17192505056792184        3.2275017889378275E-002   7.9339750953493618E-002   4.4048317455370320E-003  0.40131175486649434        7.6156348296337648E-002
 0.0500  0.21846122797997133        1.9446942672345341E-002   8.9138637972687090E-002   3.6568944240404095E-003  0.43217399068791346        3.9479350879519863E-002
 0.0700  0.26595877258636508        1.3639993221191880E-002   9.8045524530168932E-002   1.1976423045669347E-003  0.44051792511693322        2.2752094327115013E-002
 0.0900  0.31045172650491770        9.6389856726274235E-003  0.10739007985434529        4.7131912222421018E-004  0.44784141754918189        1.3939382669251104E-002
 0.1100  0.35393851914563246        6.3933217418143855E-003  0.11664953290693451        6.9943072350449353E-004  0.45261090451201513        8.2875179095599459E-003
 0.1300  0.39758855104223562        3.4333583906919055E-003  0.12553550177731035        9.0528786711814926E-004  0.45439765916826269        4.2522542596931754E-003
 0.1500  0.44161806081534655        3.2231135582601279E-003  0.13392288976421815        9.6877963278003628E-004  0.45388016796884412        3.6970790892471724E-003
 0.1700  0.48438887195409025        3.6170845394975100E-003  0.14176439544437441        9.1854002799575418E-004  0.45324068394497785        3.6892864526615800E-003
 0.1900  0.52720565416780207        4.4551528461183616E-003  0.14905963184163246        8.0449044854828374E-004  0.45143139718918546        4.0046108057711881E-003
 0.2100  0.57052334479597666        4.8912291968983652E-003  0.15583676155302814        6.6996275892470224E-004  0.44842124776469788        3.9634184833386155E-003
 0.2300  0.61396785146066790        4.9630733674460217E-003  0.16213726639033885        5.4138937746327795E-004  0.44481016963310760        3.6715577811716328E-003
 0.2500  0.65735405948611147        4.7945602314236023E-003  0.16800560797771474        4.3054545513322316E-004  0.44090755665272119        3.2651064892769816E-003
 0.2700  0.70058693481753676        4.4905377330382856E-003  0.17348392987346614        3.4020226221308833E-004  0.43688232195107080        2.8328499981073417E-003
 0.2900  0.74362657464194004        4.1249090208717561E-003  0.17861004091724594        2.6875486622147330E-004  0.43282469354339337        2.4228684381129356E-003
 0.3100  0.78646871381025596        3.7450498709191080E-003  0.18341701804570787        2.1304781408889404E-004  0.42877969220644430        2.0569165911259522E-003
 0.3300  0.82913107199487379        3.3789455096452396E-003  0.18793348853581027        1.6980149510007945E-004  0.42476709341771501        1.7416505149434114E-003
 0.3500  0.87164351990085442        3.0415458752111406E-003  0.19218416049762765        1.3618193481587212E-004  0.42079339054535508        1.4758817736015249E-003
 0.3700  0.91404138340580143        2.7395498186537611E-003  0.19619041006309640        1.0993134992988454E-004  0.41685871781183148        1.2548487266625860E-003
 0.3900  0.95636127636896096        2.4747020314247747E-003  0.19997083642118957        8.9316859487138087E-005  0.41296063019774532        1.0725585759988720E-003
 0.4100  0.99863879238348530        2.2459411882595412E-003  0.20354174579813716        7.3028232689765872E-005  0.40909600783587641        9.2298030377357195E-004


# triplet j3 / nf 5 / mode 2 / nplat 10 / jkb  20 / start     1 / nmeas 10000
 0.0010  0.16745211634850349        2.4529585017355124E-002   2.5796778383053750E-003   1.2571961318874947E-004   1.3564603181169532E-002   2.0143437498641985E-003
 0.0020  0.16708086043262987        2.4602836244951614E-002   5.1686991258192722E-003   2.6140541137406571E-004   2.7214096388914547E-002   4.0659653346198105E-003
 0.0030  0.16600716050487163        2.4843650586682895E-002   7.7958355882504311E-003   4.4013689072674089E-004   4.1198380061534111E-002   6.2742335381043915E-003
 0.0040  0.16399779126747388        2.5381359074756998E-002   1.0508015841762790E-002   7.3931342752130732E-004   5.5907150040131456E-002   8.8732573079508565E-003
 0.0050  0.16106173771101012        2.6352493492991971E-002   1.3364992828937232E-002   1.2752183946681957E-003   7.1778104369275494E-002   1.2233194309114660E-002
 0.0060  0.15771744026717549        2.6220674459028044E-002   1.6431649214914728E-002   2.1613124350960008E-003   8.9033097020619345E-002   1.5917923767671930E-002
 0.0070  0.15322464127353091        2.8123283531372199E-002   1.9767783841467851E-002   3.4734837011242141E-003  0.10857113958707690        2.2092787336729633E-002
 0.0080  0.14857817693109221        3.0325509146353295E-002   2.3415720332391917E-002   5.2256992861670218E-003  0.13027429372191140        3.0303832658899570E-002
 0.0090  0.14401775209928941        3.2601464230699054E-002   2.7387216040060704E-002   7.3494550821361082E-003  0.15416797516471833        4.0569119448839307E-002
 0.0100  0.13974803371093880        3.4757633088482918E-002   3.1652693543131341E-002   9.6909343699396380E-003  0.18004233152478555        5.2581626430327988E-002
 0.0300  0.15189816123326177        2.1884199906494900E-002   7.9339750953493618E-002   4.4048317455370320E-003  0.45422237628650936        6.6644164799955330E-002
 0.0500  0.20685887479780585        1.3294064405075846E-002   8.9138637972687090E-002   3.6568944240404095E-003  0.45641387539679157        3.0789917966843001E-002
 0.0700  0.25794714854274842        9.6557772430662728E-003   9.8045524530168932E-002   1.1976423045669347E-003  0.45420004573911976        1.7226964928897550E-002
 0.0900  0.30564195124238125        6.6904849699132851E-003  0.10739007985434529        4.7131912222421018E-004  0.45488893364738636        1.0007402707939980E-002
 0.1100  0.35128995763209836        4.6724890561961547E-003  0.11664953290693451        6.9943072350449353E-004  0.45602337844203233        6.2177110250961794E-003
 0.1300  0.39636295569174096        4.1563908798827659E-003  0.12553550177731035        9.0528786711814926E-004  0.45580270383844468        5.0543592355037203E-003
 0.1500  0.44084507137765583        4.7098578762222662E-003  0.13392288976421815        9.6877963278003628E-004  0.45467601349053904        5.1284491764128264E-003
 0.1700  0.48510618947048112        5.3451806820376379E-003  0.14176439544437441        9.1854002799575418E-004  0.45257048536002559        5.1977585938186369E-003
 0.1900  0.52932897517777455        5.6968289492331271E-003  0.14905963184163246        8.0449044854828374E-004  0.44962055022035835        4.9887740508812901E-003
 0.2100  0.57329792800010593        5.7494401509282835E-003  0.15583676155302814        6.6996275892470224E-004  0.44625102875350625        4.5769718785961290E-003
 0.2300  0.61698111430718483        5.5863053601851531E-003  0.16213726639033885        5.4138937746327795E-004  0.44263776933295679        4.0753197683116894E-003
 0.2500  0.66037833733520590        5.2979069537382895E-003  0.16800560797771474        4.3054545513322316E-004  0.43888837025350663        3.5656235831691922E-003
 0.2700  0.70350111205383226        4.9529027002540678E-003  0.17348392987346614        3.4020226221308833E-004  0.43507258420402894        3.0926311660044608E-003
 0.2900  0.74637293436238616        4.5960317569781785E-003  0.17861004091724594        2.6875486622147330E-004  0.43123206839631795        2.6751965464706044E-003
 0.3100  0.78902700469135134        4.2534652450970057E-003  0.18341701804570787        2.1304781408889404E-004  0.42738944425542552        2.3172915876782563E-003
 0.3300  0.83150230470031672        3.9388195986018986E-003  0.18793348853581027        1.6980149510007945E-004  0.42355576589833910        2.0154836919690838E-003
 0.3500  0.87383980873677880        3.6578819214572759E-003  0.19218416049762765        1.3618193481587212E-004  0.41973577813556850        1.7632906996168534E-003
 0.3700  0.91607974561098160        3.4118368599302105E-003  0.19619041006309640        1.0993134992988454E-004  0.41593116858987944        1.5534659991031064E-003
 0.3900  0.95826004963403100        3.1993195258824660E-003  0.19997083642118957        8.9316859487138087E-005  0.41214235690706036        1.3790845693865369E-003
 0.4100   1.0004157292948022        3.0176718089972385E-003  0.20354174579813716        7.3028232689765872E-005  0.40836937212303293        1.2339891617956871E-003


