# triplet j1 / nf 6 / mode 2 / nplat 10 / jkb  20 / start     1 / nmeas 10000
 0.0010  -100.00000000000000        95.007172585281268        2.5630728262647242E-003   1.1036800352245069E-004  -2.2640993027094568E-005   2.1516090101278372E-005
 0.0020  -100.00000000000000        95.024664793218179        5.1243540092272355E-003   2.2533613414161399E-004  -4.5274072090887676E-005   4.3033049834203421E-005
 0.0030  -100.00000000000000        95.031098603048335        7.6903280520849680E-003   3.6160850663090728E-004  -6.7927879631643012E-005   6.4572362378598731E-005
 0.0040  -100.00000000000000        95.037818907908303        1.0282795268629514E-002   5.6687167140361135E-004  -9.0698600953397347E-005   8.6234218950878805E-005
 0.0050  -100.00000000000000        95.045004773267991        1.2943525128516377E-002   9.4432287994854842E-004  -1.1376961425844942E-004   1.0821194812805824E-004
 0.0060  -100.00000000000000        95.052861317200112        1.5735413058573986E-002   1.6511093027091997E-003  -1.3741359346981937E-004   1.3081436300310201E-004
 0.0070  -100.00000000000000        95.053039078288108        1.8738900782622817E-002   2.8584377452010937E-003  -1.6197055626153770E-004   1.5445276152775897E-004
 0.0080  -100.00000000000000        95.070777653694080        2.2042238219984037E-002   4.6976926949243714E-003  -1.8779664840452945E-004   1.7965775763356304E-004
 0.0090  -100.00000000000000        95.080265538403481        2.5724485777015704E-002   7.1924815512180900E-003  -2.1518381537334136E-004   2.0679705065513912E-004
 0.0100  -100.00000000000000        95.083622109099636        2.9831928603873219E-002   1.0193933234850813E-002  -2.4426186195914096E-004   2.3597280253924354E-004
 0.0300  0.17073080742311120        4.6801918518938723E-002   7.9644438416034385E-002   5.3504666771606799E-003  0.40489410909598472       0.11182253379738261     
 0.0500  0.21898941842599293        2.2524375367573894E-002   8.9218371413182659E-002   4.2420394899420275E-003  0.43132438868863349        4.5533902171576796E-002
 0.0700  0.26667440526188779        1.5822420713469336E-002   9.7909108086424279E-002   1.5369714658396091E-003  0.43903003249070210        2.6275625764821967E-002
 0.0900  0.31081316892644084        1.1716243249145485E-002  0.10706907716169656        4.8386496512649280E-004  0.44665157630997315        1.6866955386708713E-002
 0.1100  0.35360039915990288        8.1745406650906433E-003  0.11617963968386018        3.6405053790032762E-004  0.45213029345466482        1.0476333259710910E-002
 0.1300  0.39603276632138334        4.3115393069189344E-003  0.12494510444349531        6.6594820786797780E-004  0.45510874100518867        5.1009748411730508E-003
 0.1500  0.43952147251674245        2.7378573733063691E-003  0.13324814018839382        8.7195442917573085E-004  0.45489494241725564        3.2007319037006491E-003
 0.1700  0.48179069097103822        3.6223208081527015E-003  0.14104618239381492        9.3557415474737810E-004  0.45452913041116105        3.7350752795365046E-003
 0.1900  0.52352273350476108        4.7664643047132336E-003  0.14833426975229211        8.8844056455090407E-004  0.45349969780532862        4.3465548231540621E-003
 0.2100  0.56604099684379749        5.6407733810162385E-003  0.15513081005918430        7.8230845648172179E-004  0.45094729713938858        4.6354460550446924E-003
 0.2300  0.60896611220902408        6.0159668163089512E-003  0.16146750576593777        6.5844176177695267E-004  0.44753639427846736        4.5143883618613476E-003
 0.2500  0.65206005633861175        6.0294866239999790E-003  0.16738111500531405        5.4021909959625723E-004  0.44366036614973753        4.1644555005205634E-003
 0.2700  0.69518042263080992        5.8132658489902442E-003  0.17290824783359240        4.3753868332401869E-004  0.43954890416551223        3.7174478368102500E-003
 0.2900  0.73824025798668869        5.4660999651656413E-003  0.17808298699262320        3.5268590411892446E-004  0.43533891237892136        3.2520475722445678E-003
 0.3100  0.78119250057231215        5.0559808834895375E-003  0.18293615121322518        2.8438090327875793E-004  0.43110945538449486        2.8102463284378357E-003
 0.3300  0.82401984316718724        4.6273812697725071E-003  0.18749523888185587        2.3005768073679138E-004  0.42690320937127679        2.4115897713299968E-003
 0.3500  0.86672629854754046        4.2079834917248087E-003  0.19178460433637801        1.8700197152928325E-004  0.42274055784347803        2.0627407820406210E-003
 0.3700  0.90932986039234864        3.8139302744744519E-003  0.19582572537699761        1.5282564324253632E-004  0.41862897010090666        1.7634047189142403E-003
 0.3900  0.95185654852984891        3.4536830755623736E-003  0.19963751868118482        1.2559067448300286E-004  0.41456905436668962        1.5098496212430160E-003
 0.4100  0.99433607486422260        3.1307489121713611E-003  0.20323667340279661        1.0377933297353881E-004  0.41055823626618915        1.2969193946158239E-003


# triplet j3 / nf 6 / mode 2 / nplat 10 / jkb  20 / start     1 / nmeas 10000
 0.0010  0.17217384099024999        2.7358979791733639E-002   2.5630728262647242E-003   1.1036800352245069E-004   1.3150077210844534E-002   2.1086834823948429E-003
 0.0020  0.17218402960790652        2.7370987792885122E-002   5.1243540092272355E-003   2.2533613414161399E-004   2.6294001943144636E-002   4.2195798697617004E-003
 0.0030  0.17194761205709155        2.7473501308473279E-002   7.6903280520849680E-003   3.6160850663090728E-004   3.9504985744779633E-002   6.3800076651948550E-003
 0.0040  0.17112290196470745        2.7789669156119894E-002   1.0282795268629514E-002   5.6687167140361135E-004   5.3002023640355937E-002   8.7304210112375668E-003
 0.0050  0.16937279287423251        2.8499859164419217E-002   1.2943525128516377E-002   9.4432287994854842E-004   6.7171127267724076E-002   1.1565238451916210E-002
 0.0060  0.16657738551700582        2.9805821565761097E-002   1.5735413058573986E-002   1.6511093027091997E-003   8.2492346150907059E-002   1.5381842160092111E-002
 0.0070  0.16337435030688624        2.9743837861490114E-002   1.8738900782622817E-002   2.8584377452010937E-003   9.9140750036519426E-002   1.9569380931055511E-002
 0.0080  0.15848154386446772        3.2230616072719799E-002   2.2042238219984037E-002   4.6976926949243714E-003  0.11849748798833749        2.7206778780418567E-002
 0.0090  0.15310366519208507        3.5027398054874939E-002   2.5724485777015704E-002   7.1924815512180900E-003  0.14054778839119889        3.7682769964067261E-002
 0.0100  0.14753510210112222        3.7843760681092770E-002   2.9831928603873219E-002   1.0193933234850813E-002  0.16556186187590877        5.1026250246582951E-002
 0.0300  0.14903201435658142        2.5890430803904567E-002   7.9644438416034385E-002   5.3504666771606799E-003  0.46384596266289396        8.2073582276480359E-002
 0.0500  0.20638019683342287        1.5218961659340212E-002   8.9218371413182659E-002   4.2420394899420275E-003  0.45767703724068687        3.5460689037194730E-002
 0.0700  0.25772481124954888        1.1603971071265224E-002   9.7909108086424279E-002   1.5369714658396091E-003  0.45427552061800258        2.0762061341724269E-002
 0.0900  0.30506348286908402        8.5105854927393920E-003  0.10706907716169656        4.8386496512649280E-004  0.45506984491640612        1.2737000477003230E-002
 0.1100  0.35014653900711995        5.7889419913463363E-003  0.11617963968386018        3.6405053790032762E-004  0.45659012564051821        7.5825848605975852E-003
 0.1300  0.39427739755755192        4.1493096478333125E-003  0.12494510444349531        6.6594820786797780E-004  0.45713493797477411        4.9626645160271649E-003
 0.1500  0.43877994360328448        4.2986197739790224E-003  0.13324814018839382        8.7195442917573085E-004  0.45566370534114436        4.7064099818417988E-003
 0.1700  0.48197894292515281        5.2556328946672202E-003  0.14104618239381492        9.3557415474737810E-004  0.45435159984004808        5.1784687007186657E-003
 0.1900  0.52550512348841749        6.0601426795050730E-003  0.14833426975229211        8.8844056455090407E-004  0.45178893758941935        5.3828556259380156E-003
 0.2100  0.56897219431044643        6.4667206495131017E-003  0.15513081005918430        7.8230845648172179E-004  0.44862413339222323        5.2228592057921479E-003
 0.2300  0.61231411447483808        6.5322446762844559E-003  0.16146750576593777        6.5844176177695267E-004  0.44508936124973569        4.8342148182442986E-003
 0.2500  0.65552459235419125        6.3705815118584056E-003  0.16738111500531405        5.4021909959625723E-004  0.44131556118720999        4.3475612426122495E-003
 0.2700  0.69858923192776079        6.0776540190217261E-003  0.17290824783359240        4.3753868332401869E-004  0.43740409814431247        3.8454018910014987E-003
 0.2900  0.74149878327826990        5.7206804618999529E-003  0.17808298699262320        3.5268590411892446E-004  0.43342581030999483        3.3713212392718016E-003
 0.3100  0.78425488497584028        5.3430563988698821E-003  0.18293615121322518        2.8438090327875793E-004  0.42942604492996683        2.9446186221270976E-003
 0.3300  0.82687070875991875        4.9712661440461632E-003  0.18749523888185587        2.3005768073679138E-004  0.42543134241779812        2.5710370952440114E-003
 0.3500  0.86936864664341196        4.6205288429539805E-003  0.19178460433637801        1.8700197152928325E-004  0.42145568552564350        2.2493610713861171E-003
 0.3700  0.91177685926816998        4.2988017270550937E-003  0.19582572537699761        1.5282564324253632E-004  0.41750546646203895        1.9751648593189335E-003
 0.3900  0.95412609286551686        4.0094594720065085E-003  0.19963751868118482        1.2559067448300286E-004  0.41358293433903648        1.7428335709210039E-003
 0.4100  0.99644740532022980        3.7530371340026908E-003  0.20323667340279661        1.0377933297353881E-004  0.40968832170415082        1.5465985762728386E-003


