# triplet j1 / nf 0 / mode 2 / nplat 10 / jkb  20 / start     1 / nmeas 10000
 0.0010  0.12103190452882717        6.6972341641695909E-003   2.1889731117078655        1.2043118992268630E-002  0.54668271677261215        3.0287746369900996E-002
 0.0020  0.12324250404983061        6.0750043830351177E-003   1.1133913088705023        5.9503487766597463E-003  0.54149368397402009        2.6731090398612153E-002
 0.0030  0.12757365877619306        5.5767883485713429E-003  0.75801349190750644        3.9582059903684654E-003  0.52863155316370136        2.3149919156762479E-002
 0.0040  0.13237878314214815        5.0828926637229216E-003  0.58197154475593382        2.9760149559600125E-003  0.51543924729479507        1.9834935749728038E-002
 0.0050  0.13713036561927902        4.6394317029190965E-003  0.47734986110622785        2.3887153534305357E-003  0.50383086175146075        1.7092292993551080E-002
 0.0060  0.14172098692899696        4.2530988427493350E-003  0.40827059190923176        1.9957218538421257E-003  0.49389030851246346        1.4870903825690234E-002
 0.0070  0.14614504635471653        3.9176919720333948E-003  0.35940325001273699        1.7129832984850951E-003  0.48536775224343648        1.3062504905213946E-002
 0.0080  0.15041858753922405        3.6247810640274041E-003  0.32310763995195579        1.4991668499032623E-003  0.47800462492828799        1.1572191708354372E-002
 0.0090  0.15455958545817977        3.3667904244533385E-003  0.29515366163436013        1.3315329966842873E-003  0.47158979218422326        1.0327627405367686E-002
 0.0100  0.15858360696855756        3.1376196012958386E-003  0.27301194445649690        1.1964866058229290E-003  0.46595881302934522        9.2754905240793016E-003
 0.0300  0.22499693085257941        1.1296470129092860E-003  0.15030690613648456        3.7592317921125517E-004  0.42207390160667552        2.1838580500121050E-003
 0.0500  0.27859977868148855        6.1151171755484391E-004  0.13412798080815183        2.1511155219738277E-004  0.41569894876758945        9.7142165682718279E-004
 0.0700  0.32687429092320969        4.1634009305835650E-004  0.13222136234708426        1.4786381389330657E-004  0.41623065988444941        5.7898950942257468E-004
 0.0900  0.37229086639419529        3.3676049850059955E-004  0.13470180530156506        1.1086651444494132E-004  0.41825445846780845        4.1565054484980562E-004
 0.1100  0.41596501213934634        3.0258886101818222E-004  0.13891713761433136        8.7391478536871632E-005  0.42027392977122563        3.3308006449394255E-004
 0.1300  0.45850034034071629        2.8618727807926895E-004  0.14386817847701389        7.1205460756653649E-005  0.42182215309346149        2.8323163711492175E-004
 0.1500  0.50025758137068599        2.7720840791415469E-004  0.14910434216212970        5.9417454974066916E-005  0.42277772144366149        2.4895874785617100E-004
 0.1700  0.54146877094470225        2.7173814449074174E-004  0.15439976858130364        5.0481816660140703E-005  0.42314514973889306        2.2333973918097817E-004
 0.1900  0.58229237719496341        2.6828921808566206E-004  0.15963399812014473        4.3493961535937147E-005  0.42297372403940381        2.0322383826787717E-004
 0.2100  0.62284197707759936        2.6640090145461275E-004  0.16474082981914567        3.7891535498768219E-005  0.42232558782261814        1.8705196920455763E-004
 0.2300  0.66320221749166963        2.6608316247761878E-004  0.16968391439121380        3.3308869985583615E-005  0.42126296806071850        1.7399874002220421E-004
 0.2500  0.70343827157017513        2.6754441713393691E-004  0.17444413601256611        2.9499208141262804E-005  0.41984327072681404        1.6358063620694236E-004
 0.2700  0.74360174597308737        2.7103635917502013E-004  0.17901267523918299        2.6290402333629527E-005  0.41811752457586249        1.5546220837805907E-004
 0.2900  0.78373453737197285        2.7676585046175641E-004  0.18338700661050647        2.3558674436654077E-005  0.41613025450865498        1.4936217161667006E-004
 0.3100  0.82387143939347807        2.8484988555226151E-004  0.18756849905204320        2.1212552551283401E-005  0.41391994017466582        1.4501232080028605E-004
 0.3300  0.86404195829477548        2.9530549770217634E-004  0.19156093245215031        1.9182729397000718E-005  0.41151967736297884        1.4214724555995295E-004
 0.3500  0.90427160893210123        3.0806060410620292E-004  0.19536955810253145        1.7415515997445471E-005  0.40895787116700799        1.4050806971136989E-004
 0.3700  0.94458286077394005        3.2297781465813984E-004  0.19900049237841819        1.5868616421374927E-005  0.40625888684018119        1.3985183619585748E-004
 0.3900  0.98499584115318617        3.3987996009572288E-004  0.20246032012699045        1.4508106598783436E-005  0.40344363127879085        1.3995962673426628E-004
 0.4100   1.0255288676771723        3.5857328145287912E-004  0.20575583303128456        1.3306409988419333E-005  0.40053005875471120        1.4064180245335533E-004


# triplet j3 / nf 0 / mode 2 / nplat 10 / jkb  20 / start     1 / nmeas 10000
 0.0010  0.19747112352787241        2.4847508309010873E-002   2.1889731117078655        1.2043118992268630E-002  0.33506696676409770        4.2171070088408605E-002
 0.0020  0.19263168835736322        2.5231303517047662E-002   1.1133913088705023        5.9503487766597463E-003  0.34643852270204623        4.5386688125080260E-002
 0.0030  0.18917176494962892        2.5144771229024917E-002  0.75801349190750644        3.9582059903684654E-003  0.35649855780323353        4.7395042469314391E-002
 0.0040  0.18742576140340589        2.4786753655225369E-002  0.58197154475593382        2.9760149559600125E-003  0.36405465198419529        4.8154635919054813E-002
 0.0050  0.18682932471044372        2.4221833452899848E-002  0.47734986110622785        2.3887153534305357E-003  0.36980549166643806        4.7953044769726748E-002
 0.0060  0.18685940511231555        2.3484587581016229E-002  0.40827059190923176        1.9957218538421257E-003  0.37458442038270140        4.7086866820769332E-002
 0.0070  0.18726527241028992        2.2616888884050508E-002  0.35940325001273699        1.7129832984850951E-003  0.37878935980873235        4.5757039420262498E-002
 0.0080  0.18795287581594736        2.1668252504291018E-002  0.32310763995195579        1.4991668499032623E-003  0.38254684961212515        4.4111056263531137E-002
 0.0090  0.18888285616564873        2.0683187901188293E-002  0.29515366163436013        1.3315329966842873E-003  0.38589379823005149        4.2265387634089449E-002
 0.0100  0.19002968322375585        1.9695021610115632E-002  0.27301194445649690        1.1964866058229290E-003  0.38885203624727072        4.0310338141468387E-002
 0.0300  0.23291248595829464        7.4721812152160338E-003  0.15030690613648456        3.7592317921125517E-004  0.40772967607876587        1.3090511892507827E-002
 0.0500  0.28170963283831474        3.4107418798856341E-003  0.13412798080815183        2.1511155219738277E-004  0.41110995729155020        4.9883351068191906E-003
 0.0700  0.32835723455342813        1.7781767969419695E-003  0.13222136234708426        1.4786381389330657E-004  0.41435085782491288        2.2557936858168958E-003
 0.0900  0.37308565423564377        1.0533492666095861E-003  0.13470180530156506        1.1086651444494132E-004  0.41736344710232759        1.1908123460656604E-003
 0.1100  0.41644484021408168        7.2425744806145801E-004  0.13891713761433136        8.7391478536871632E-005  0.41978968981646980        7.4191932178915593E-004
 0.1300  0.45883615492508056        5.8041656154908647E-004  0.14386817847701389        7.1205460756653649E-005  0.42151342844415862        5.4331162314859825E-004
 0.1500  0.50053338508864376        5.2559321287442065E-004  0.14910434216212970        5.9417454974066916E-005  0.42254476262229690        4.5161691142464681E-004
 0.1700  0.54172733431630637        5.1508176914731216E-004  0.15439976858130364        5.0481816660140703E-005  0.42294318496867794        4.0804080718853311E-004
 0.1900  0.58255567127341923        5.2796552369114430E-004  0.15963399812014473        4.3493961535937147E-005  0.42278255522520525        3.8746903851788787E-004
 0.2100  0.62312104552512804        5.5383370864443403E-004  0.16474082981914567        3.7891535498768219E-005  0.42213644680901946        3.7832514160060336E-004
 0.2300  0.66350222573482109        5.8703488339716982E-004  0.16968391439121380        3.3308869985583615E-005  0.42107249038325073        3.7483005951194760E-004
 0.2500  0.70376119409154014        6.2429666476665382E-004  0.17444413601256611        2.9499208141262804E-005  0.41965062462938857        3.7395333474823684E-004
 0.2700  0.74394783529100073        6.6366248678256193E-004  0.17901267523918299        2.6290402333629527E-005  0.41792301361417461        3.7408254622497224E-004
 0.2900  0.78410313751313843        7.0394972068273381E-004  0.18338700661050647        2.3558674436654077E-005  0.41593463525499197        3.7437102816209936E-004
 0.3100  0.82426144180430649        7.4444711947433859E-004  0.18756849905204320        2.1212552551283401E-005  0.41372409239340280        3.7439427555947124E-004
 0.3300  0.86445205378247159        7.8473376880591902E-004  0.19156093245215031        1.9182729397000718E-005  0.41132445269777468        3.7396034918556691E-004
 0.3500  0.90470042835000564        8.2457020117032731E-004  0.19536955810253145        1.7415515997445471E-005  0.40876402901687098        3.7300459198676887E-004
 0.3700  0.94502904998177539        8.6382924207488334E-004  0.19900049237841819        1.5868616421374927E-005  0.40606707439706236        3.7152947003866516E-004
 0.3900  0.98545809931899542        9.0245422810101064E-004  0.20246032012699045        1.4508106598783436E-005  0.40325438415287929        3.6957132330201631E-004
 0.4100   1.0260059658136729        9.4043163020849860E-004  0.20575583303128456        1.3306409988419333E-005  0.40034381018402887        3.6718128417917532E-004


