# pion mass (\sigma_1)
"*"
    9  64  5.00  0.2100  0.9229902815006369E+00  0.7189029832390828E-03  10000
    9  64  5.00  0.2150  0.8481083436521988E+00  0.7390858241346600E-03  10000
    9  64  5.00  0.2200  0.7759844234095647E+00  0.6764520234608269E-03  10000
    9  64  5.00  0.2231  0.7317115435436680E+00  0.6853157956733057E-03  10000
    9  64  5.00  0.2250  0.7041366735446484E+00  0.8784686348923645E-03  10000
    9  64  5.00  0.2262  0.6874041707348122E+00  0.8471098251345312E-03  10000
    9  64  5.00  0.2293  0.6449465517785689E+00  0.8665832775274357E-03  10000
    9  64  5.00  0.2300  0.6359659725384679E+00  0.7736450689589893E-03  10000
    9  64  5.00  0.2324  0.6024829307578525E+00  0.9549440897206141E-03  10000
    9  64  5.00  0.2350  0.5675954391281347E+00  0.9166019090101837E-03  10000
    9  64  5.00  0.2356  0.5611148171549214E+00  0.1137361753891668E-02  10000
    9  64  5.00  0.2387  0.5208862020224770E+00  0.1003140219528800E-02  10000
    9  64  5.00  0.2400  0.5059568616130653E+00  0.1246701035430816E-02  10000
    9  64  5.00  0.2418  0.4819585384872255E+00  0.1416680469528705E-02  10000
    9  64  5.00  0.2449  0.4480639547408390E+00  0.2318998543709301E-02  10000
    9  64  5.00  0.2480  0.4167188898669431E+00  0.2313987521736954E-02  10000
    9  64  5.00  0.2500  0.4021643610221832E+00  0.2612006342743945E-02  10000
    9  64  5.00  0.2515  0.3881653378935270E+00  0.3386513814067607E-02  10000
    9  64  5.00  0.2530  0.3785814603376829E+00  0.4196021584333381E-02  10000
    9  64  5.00  0.2545  0.3757032214214889E+00  0.5364702302855295E-02  10000
    9  64  5.00  0.2560  0.3705495117891279E+00  0.1273936722290322E-01  10000
    9  64  5.00  0.2575  0.3683367996385191E+00  0.1422734049271459E-01  10000
    9  64  5.00  0.2590  0.3704306758038720E+00  0.3585707464405960E-01  10000
    9  64  5.00  0.2605  0.3370044894100888E+00  0.2220655988161010E+00  10000
    9  64  5.00  0.2620  0.4721311378456988E+00  0.3381794021515733E+00  10000
    9  64  5.00  0.2625  0.3923081023318861E+00  0.8137107738941424E-01  10000
    9  64  5.00  0.2630  0.3866145885807115E+00  0.3219025973945012E-01  10000
    9  64  5.00  0.2635  0.3950238096118478E+00  0.2152726504161903E-01  10000


# pseudoscalar mass (\sigma_3)
"*"
    9  64  5.00  0.2100  0.9231708871329652E+00  0.8824558232688796E-03  10000
    9  64  5.00  0.2150  0.8482882920955187E+00  0.7545721787431797E-03  10000
    9  64  5.00  0.2200  0.7760401209238672E+00  0.7017432520183327E-03  10000
    9  64  5.00  0.2231  0.7316962888660632E+00  0.7010691208368532E-03  10000
    9  64  5.00  0.2250  0.7041989603274115E+00  0.8586784835549308E-03  10000
    9  64  5.00  0.2262  0.6874424139803290E+00  0.8656779907916724E-03  10000
    9  64  5.00  0.2293  0.6448539807704375E+00  0.8479086387636460E-03  10000
    9  64  5.00  0.2300  0.6359570362786626E+00  0.7648610752015793E-03  10000
    9  64  5.00  0.2324  0.6025058592944418E+00  0.9655796605996060E-03  10000
    9  64  5.00  0.2350  0.5675109002033818E+00  0.9113429628777580E-03  10000
    9  64  5.00  0.2356  0.5611919332563727E+00  0.1159203708590844E-02  10000
    9  64  5.00  0.2387  0.5210131098232678E+00  0.9693331519314925E-03  10000
    9  64  5.00  0.2400  0.5058063270280202E+00  0.1233628160339101E-02  10000
    9  64  5.00  0.2418  0.4819888441925707E+00  0.1424960107802785E-02  10000
    9  64  5.00  0.2449  0.4481577039632665E+00  0.2258600932410647E-02  10000
    9  64  5.00  0.2480  0.4165847140874538E+00  0.2132744665478943E-02  10000
    9  64  5.00  0.2500  0.4022969517864580E+00  0.2151867320198163E-02  10000
    9  64  5.00  0.2515  0.3890484335192526E+00  0.2489132974555659E-02  10000
    9  64  5.00  0.2530  0.3769457493342154E+00  0.2532447380719506E-02  10000
    9  64  5.00  0.2545  0.3754874922320650E+00  0.3287571971455747E-02  10000
    9  64  5.00  0.2560  0.3701270358498469E+00  0.4707357036246986E-02  10000
    9  64  5.00  0.2575  0.3741023331099424E+00  0.4052079316830979E-02  10000
    9  64  5.00  0.2590  0.3806128772104062E+00  0.5734711005906860E-02  10000
    9  64  5.00  0.2605  0.3930099261620169E+00  0.6794073875001853E-02  10000
    9  64  5.00  0.2620  0.4024359395780875E+00  0.6699678269320205E-02  10000
    9  64  5.00  0.2625  0.4013073269415868E+00  0.6353247653080591E-02  10000
    9  64  5.00  0.2630  0.4062431426863392E+00  0.8405653720606036E-02  10000
    9  64  5.00  0.2635  0.4019030781729639E+00  0.8184864127814540E-02  10000


# eta mass (\sigma_1)
"*"
    9  64  5.00  0.2100                     NaN                     NaN  10000
    9  64  5.00  0.2150                     NaN                     NaN  10000
    9  64  5.00  0.2200                     NaN                     NaN  10000
    9  64  5.00  0.2231  0.8314391017277799E+00  0.8823819773952319E+02  10000
    9  64  5.00  0.2250  0.8162660299129664E+00  0.4622492689530470E+00  10000
    9  64  5.00  0.2262  0.7304777073473947E+00  0.3311436383470287E+00  10000
    9  64  5.00  0.2293  0.7360456435476187E+00  0.7860964667596975E+00  10000
    9  64  5.00  0.2300  0.7223316594152889E+00  0.3569171738346445E+00  10000
    9  64  5.00  0.2324  0.6976340333008247E+00  0.2307441152277827E+00  10000
    9  64  5.00  0.2350  0.6441203382225053E+00  0.2529837383795801E+02  10000
    9  64  5.00  0.2356  0.6440212049701679E+00  0.2881917378882186E+00  10000
    9  64  5.00  0.2387  0.5965212167611713E+00  0.1557608825982523E+00  10000
    9  64  5.00  0.2400  0.5936829202254835E+00  0.2524967333927429E+00  10000
    9  64  5.00  0.2418  0.5072700959872932E+00  0.1277720700959349E+00  10000
    9  64  5.00  0.2449  0.5065035175869931E+00  0.2528399503862066E+02  10000
    9  64  5.00  0.2480  0.4614211337374999E+00  0.1173624326754352E+00  10000
    9  64  5.00  0.2500  0.4437694337620527E+00  0.7548318317404805E+00  10000
    9  64  5.00  0.2515  0.4396726716790986E+00  0.8767773800601826E-01  10000
    9  64  5.00  0.2530  0.3863257515246797E+00  0.7238335545919988E-01  10000
    9  64  5.00  0.2545  0.4348609302111732E+00  0.9975950443194950E-01  10000
    9  64  5.00  0.2560  0.4124502062982653E+00  0.8994957076687969E-01  10000
    9  64  5.00  0.2575  0.3651717124882748E+00  0.7172628619303024E-01  10000
    9  64  5.00  0.2590  0.4178344601942368E+00  0.9715197660404934E-01  10000
    9  64  5.00  0.2605  0.4294300756178119E+00  0.1947924261976549E+00  10000
    9  64  5.00  0.2620  0.3903510037353854E+00  0.1357674266673041E+00  10000
    9  64  5.00  0.2625  0.4197990040272098E+00  0.2805692051942007E+00  10000
    9  64  5.00  0.2630  0.4452749281647712E+00  0.1378834432510060E+00  10000
    9  64  5.00  0.2635  0.3943623494307480E+00  0.1390529075536157E+00  10000

