# pion mass (\sigma_1)
"*"
    9  64  5.00  0.2100  0.9229902815006369E+00  0.7189029832390828E-03  10000
    9  64  5.00  0.2150  0.8480818492795709E+00  0.7774332553261524E-03  10000
    9  64  5.00  0.2200  0.7759844234095647E+00  0.6764520234608269E-03  10000
    9  64  5.00  0.2231  0.7316098505714689E+00  0.6994514026524175E-03  10000
    9  64  5.00  0.2250  0.7040451333891511E+00  0.9162314638227625E-03  10000
    9  64  5.00  0.2262  0.6872982026775969E+00  0.9394604019493813E-03  10000
    9  64  5.00  0.2293  0.6447776715288661E+00  0.9518209975206904E-03  10000
    9  64  5.00  0.2300  0.6359659725384679E+00  0.7736450689589893E-03  10000
    9  64  5.00  0.2324  0.6020422778393332E+00  0.1361357577469991E-02  10000
    9  64  5.00  0.2350  0.5675956717352418E+00  0.1237551734119976E-02  10000
    9  64  5.00  0.2356  0.5607788398421075E+00  0.1577704125663067E-02  10000
    9  64  5.00  0.2387  0.5207705687813819E+00  0.1042392497234583E-02  10000
    9  64  5.00  0.2400  0.5055116202013178E+00  0.1929811711039548E-02  10000
    9  64  5.00  0.2418  0.4794183072927117E+00  0.3357496302463087E-02  10000
    9  64  5.00  0.2449  0.4487650950349046E+00  0.4656521566869451E-02  10000
    9  64  5.00  0.2480  0.4116178583405395E+00  0.6224498023223117E-02  10000
    9  64  5.00  0.2500  0.4084072380564253E+00  0.5320863310950156E-02  10000
    9  64  5.00  0.2515  0.3937783370351780E+00  0.6898437605642296E-02  10000
    9  64  5.00  0.2530  0.3820627813894559E+00  0.1144238339243600E-01  10000
    9  64  5.00  0.2545  0.3759454027084009E+00  0.6819864732534629E-02  10000
    9  64  5.00  0.2560  0.3460277203782031E+00  0.4218530583558302E-01  10000
    9  64  5.00  0.2575  0.3862764450831824E+00  0.5286836417349088E-01  10000
    9  64  5.00  0.2590  0.3686703236534706E+00  0.4208278999470462E-01  10000
    9  64  5.00  0.2605  0.2708066153589752E+00  0.6958527631498923E+02  10000
    9  64  5.00  0.2620  0.2799375823257283E+00  0.5168149594768867E+02  10000
    9  64  5.00  0.2625  0.3510054510897292E+00  0.1801012526975065E+00  10000
    9  64  5.00  0.2630  0.3838489692819503E+00  0.3579987819278892E-01  10000
    9  64  5.00  0.2635  0.4029982415202250E+00  0.4748994446555748E-01  10000


# pseudoscalar mass (\sigma_3)
"*"
    9  64  5.00  0.2100  0.9231708871329652E+00  0.8824558232688796E-03  10000
    9  64  5.00  0.2150  0.8482882920955187E+00  0.7545721787431797E-03  10000
    9  64  5.00  0.2200  0.7760401209238672E+00  0.7017432520183327E-03  10000
    9  64  5.00  0.2231  0.7316204492209580E+00  0.7481709697195358E-03  10000
    9  64  5.00  0.2250  0.7041322906044932E+00  0.8996238190619333E-03  10000
    9  64  5.00  0.2262  0.6873635176570942E+00  0.8938690937363765E-03  10000
    9  64  5.00  0.2293  0.6447732578318894E+00  0.9184101593064649E-03  10000
    9  64  5.00  0.2300  0.6359570362786626E+00  0.7648610752015793E-03  10000
    9  64  5.00  0.2324  0.6020392495775261E+00  0.1326125990779637E-02  10000
    9  64  5.00  0.2350  0.5675422715509579E+00  0.1254546946954530E-02  10000
    9  64  5.00  0.2356  0.5607383058180054E+00  0.1856519340843590E-02  10000
    9  64  5.00  0.2387  0.5207896951613901E+00  0.1061602049588578E-02  10000
    9  64  5.00  0.2400  0.5053799460217017E+00  0.1783361795300171E-02  10000
    9  64  5.00  0.2418  0.4799062776631821E+00  0.2495169180111159E-02  10000
    9  64  5.00  0.2449  0.4486611940915922E+00  0.3800786207573214E-02  10000
    9  64  5.00  0.2480  0.4130318712532060E+00  0.3809322781434210E-02  10000
    9  64  5.00  0.2500  0.4042391590560597E+00  0.3124552274104095E-02  10000
    9  64  5.00  0.2515  0.3937875632642815E+00  0.5674860167434697E-02  10000
    9  64  5.00  0.2530  0.3800310376309688E+00  0.8425909012200505E-02  10000
    9  64  5.00  0.2545  0.3759468307580158E+00  0.5961600810056683E-02  10000
    9  64  5.00  0.2560  0.3624873922720274E+00  0.2597262567900013E-01  10000
    9  64  5.00  0.2575  0.3732930265501657E+00  0.4132025701577508E-02  10000
    9  64  5.00  0.2590  0.3788774330221042E+00  0.8511166452238371E-02  10000
    9  64  5.00  0.2605  0.3843650082683822E+00  0.1464020941903931E-01  10000
    9  64  5.00  0.2620  0.4035652661409421E+00  0.9660561080743682E-02  10000
    9  64  5.00  0.2625  0.4124634055872299E+00  0.2088717901737969E-01  10000
    9  64  5.00  0.2630  0.4226681967190109E+00  0.1268997670664741E-01  10000
    9  64  5.00  0.2635  0.4089746063399731E+00  0.1957347600803761E-01  10000


# eta mass (\sigma_1)
"*"
    9  64  5.00  0.2100                     NaN                     NaN  10000
    9  64  5.00  0.2150                     NaN                     NaN  10000
    9  64  5.00  0.2200                     NaN                     NaN  10000
    9  64  5.00  0.2231  0.8314391017277799E+00  0.8823819773952319E+02  10000
    9  64  5.00  0.2250  0.7112129057741533E+00  0.6261269511324505E+02  10000
    9  64  5.00  0.2262  0.7043085929668305E+00  0.5729427368504509E+02  10000
    9  64  5.00  0.2293  0.6554282387164718E+00  0.8952848857939676E+02  10000
    9  64  5.00  0.2300  0.6500487959110264E+00  0.7715027765982003E+00  10000
    9  64  5.00  0.2324  0.6169293079301995E+00  0.7633700490378942E+02  10000
    9  64  5.00  0.2350  0.5860328352053428E+00  0.5879892902829565E+02  10000
    9  64  5.00  0.2356  0.2652276013358464E-01  0.1132269364938554E+03  10000
    9  64  5.00  0.2387  0.4998891683568463E+00  0.9169825726053682E+02  10000
    9  64  5.00  0.2400  0.5398201553639049E+00  0.8638396033040382E+02  10000
    9  64  5.00  0.2418  0.8427900762324700E-01  0.4436663847717039E+02  10000
    9  64  5.00  0.2449 -0.1014968387702289E+00  0.5468116184790196E+02  10000
    9  64  5.00  0.2480  0.4244016791223285E+00  0.5051422785029346E+02  10000
    9  64  5.00  0.2500  0.4437694337620527E+00  0.7548318317404805E+00  10000
    9  64  5.00  0.2515  0.5206294002657180E-01  0.6784984693187019E+00  10000
    9  64  5.00  0.2530  0.3124485294175092E+00  0.5847037657833733E+02  10000
    9  64  5.00  0.2545  0.3991230861477438E+00  0.5293247290937790E+02  10000
    9  64  5.00  0.2560  0.3608797706745969E+00  0.4960268557415814E+02  10000
    9  64  5.00  0.2575  0.2677897674928567E+00  0.6422955047473765E+02  10000
    9  64  5.00  0.2590  0.3615407054785124E+00  0.5089682355923639E+02  10000
    9  64  5.00  0.2605  0.3802404418277069E+00  0.7623897225019957E+02  10000
    9  64  5.00  0.2620  0.1383162620974474E+00  0.1029148454741663E+03  10000
    9  64  5.00  0.2625  0.3533411655316984E+00  0.7151099340412706E+02  10000
    9  64  5.00  0.2630  0.3684521383456588E+00  0.2320965630801295E+00  10000
    9  64  5.00  0.2635  0.3658539347659898E+00  0.1528906047305219E+00  10000

