# fermion mass from PCAC relation
"m"
    9  64  5.00  0.2100  0.3943530268948591E+00  0.3015400347181778E-01  10000
    9  64  5.00  0.2150  0.3524410223556633E+00  0.1413210851431368E-01  10000
    9  64  5.00  0.2200  0.3114650059038314E+00  0.5002052170893559E-02  10000
    9  64  5.00  0.2231  0.2865659813218590E+00  0.3916465578472235E-02  10000
    9  64  5.00  0.2250  0.2714583939575010E+00  0.4085895827159339E-02  10000
    9  64  5.00  0.2262  0.2620582500735727E+00  0.4227822745330486E-02  10000
    9  64  5.00  0.2293  0.2378149223332396E+00  0.3442879737866191E-02  10000
    9  64  5.00  0.2300  0.2324497613432644E+00  0.3432106431819503E-02  10000
    9  64  5.00  0.2324  0.2139969537187862E+00  0.4100193057932868E-02  10000
    9  64  5.00  0.2350  0.1940820362005678E+00  0.3244274248876670E-02  10000
    9  64  5.00  0.2356  0.1897036616924932E+00  0.4668127912661050E-02  10000
    9  64  5.00  0.2387  0.1661942459952346E+00  0.2930134108759576E-02  10000
    9  64  5.00  0.2400  0.1565005194129499E+00  0.3459777970003602E-02  10000
    9  64  5.00  0.2418  0.1429660408373725E+00  0.3261342325486240E-02  10000
    9  64  5.00  0.2449  0.1202278910262758E+00  0.4735773184432177E-02  10000
    9  64  5.00  0.2480  0.9760575917360069E-01  0.3508016375234752E-02  10000
    9  64  5.00  0.2500  0.8290659857313576E-01  0.2695247084814711E-02  10000
    9  64  5.00  0.2515  0.7196613823059898E-01  0.2978097145247926E-02  10000
    9  64  5.00  0.2530  0.6077885704247431E-01  0.3333362251525843E-02  10000
    9  64  5.00  0.2545  0.5051716746256988E-01  0.3941686849047498E-02  10000
    9  64  5.00  0.2560  0.3963245715087001E-01  0.6694825588437473E-02  10000
    9  64  5.00  0.2575  0.2944532330179818E-01  0.3038921554414074E-02  10000
    9  64  5.00  0.2590  0.1888399014497841E-01  0.3729789625687936E-02  10000
    9  64  5.00  0.2605  0.6738835421080353E-02  0.2500653495208970E-02  10000
    9  64  5.00  0.2620 -0.6272230915923310E-02  0.2324008547140650E-02  10000
    9  64  5.00  0.2625 -0.1034465784920481E-01  0.2786244987577988E-02  10000
    9  64  5.00  0.2630 -0.1543938716509372E-01  0.2300686449336110E-02  10000
    9  64  5.00  0.2635 -0.2001506122626558E-01  0.3239247065656990E-02  10000

