#  Re(op_pbp_e)                                                    
   9  64  5.00  0.2100    NaN  0.512  0.394
#  Re(op_pbp_e)                                                    
   9  64  5.00  0.2150    NaN  0.507  0.544
#  Re(op_pbp_e)                                                    
   9  64  5.00  0.2200  2.262  0.545  0.355
#  Re(op_pbp_e)                                                    
   9  64  5.00  0.2231  0.339  0.509  0.516
#  Re(op_pbp_e)                                                    
   9  64  5.00  0.2250  0.187  0.536  0.412
#  Re(op_pbp_e)                                                    
   9  64  5.00  0.2262    NaN  0.515  0.389
#  Re(op_pbp_e)                                                    
   9  64  5.00  0.2293  2.290  0.559  0.314
#  Re(op_pbp_e)                                                    
   9  64  5.00  0.2300    NaN  0.517  0.381
#  Re(op_pbp_e)                                                    
   9  64  5.00  0.2324    NaN  0.529  0.370
#  Re(op_pbp_e)                                                    
   9  64  5.00  0.2350  1.385  0.526  0.372
#  Re(op_pbp_e)                                                    
   9  64  5.00  0.2356  0.446  0.527  0.889
#  Re(op_pbp_e)                                                    
   9  64  5.00  0.2387    NaN  0.526  0.593
#  Re(op_pbp_e)                                                    
   9  64  5.00  0.2400  0.542  0.555  0.591
#  Re(op_pbp_e)                                                    
   9  64  5.00  0.2418  0.769  0.573  0.690
#  Re(op_pbp_e)                                                    
   9  64  5.00  0.2449  1.512  0.613  0.577
#  Re(op_pbp_e)                                                    
   9  64  5.00  0.2480  1.815  0.725  0.857
#  Re(op_pbp_e)                                                    
   9  64  5.00  0.2500  0.890  0.706  0.335
#  Re(op_pbp_e)                                                    
   9  64  5.00  0.2515  0.963  0.727  1.121
#  Re(op_pbp_e)                                                    
   9  64  5.00  0.2530  1.104  0.852  0.666
#  Re(op_pbp_e)                                                    
   9  64  5.00  0.2545  1.765  1.189  1.100
#  Re(op_pbp_e)                                                    
   9  64  5.00  0.2560  1.547  1.201  1.261
#  Re(op_pbp_e)                                                    
   9  64  5.00  0.2575  1.426  1.413  1.339
#  Re(op_pbp_e)                                                    
   9  64  5.00  0.2590  1.833  1.479  1.515
#  Re(op_pbp_e)                                                    
   9  64  5.00  0.2605  0.953  1.284  1.127
#  Re(op_pbp_e)                                                    
   9  64  5.00  0.2620  1.221  1.066  1.725
#  Re(op_pbp_e)                                                    
   9  64  5.00  0.2625  1.511  1.092  1.170
#  Re(op_pbp_e)                                                    
   9  64  5.00  0.2630  1.279  0.945  0.671
#  Re(op_pbp_e)                                                    
   9  64  5.00  0.2635  1.175  0.817  1.167
