#-----------------------------------------------------------
#beta =   5.00   kappa =   0.2100
#  Re(op_pbp_e)                                                    
#
#    -6  0.19043E+01  jk failed  0.752E-03  jk failed     4
     -5  0.19034E+01  0.461E-03  0.193E-02  0.127E-05    28
     -4  0.19025E+01  0.165E-03  0.206E-02  0.370E-06   164
     -3  0.19022E+01  0.127E-03  0.217E-02  0.280E-06   421
     -2  0.19020E+01  0.686E-04  0.233E-02  0.302E-06  1007
     -1  0.19017E+01  0.531E-04  0.243E-02  0.191E-06  1754
      0  0.19016E+01  0.459E-04  0.240E-02  0.173E-06  2186
      1  0.19018E+01  0.390E-04  0.242E-02  0.163E-06  2079
      2  0.19021E+01  0.795E-04  0.238E-02  0.210E-06  1363
      3  0.19024E+01  0.753E-04  0.224E-02  0.239E-06   700
      4  0.19030E+01  0.151E-03  0.218E-02  0.451E-06   209
      5  0.19036E+01  0.270E-03  0.215E-02  0.747E-06    61
      6  0.19041E+01  0.445E-03  0.194E-02  0.978E-06    20
#     7  0.19056E+01  jk failed  0.164E-02  jk failed     3
#     8  0.19085E+01  jk failed  0.000E+00  jk failed     1
&-----------------------------------------------------------
#beta =   5.00   kappa =   0.2150
#  Re(op_pbp_e)                                                    
#
#    -6  0.18929E+01  jk failed  0.199E-02  jk failed     5
     -5  0.18907E+01  0.444E-03  0.210E-02  0.877E-06    26
     -4  0.18894E+01  0.276E-03  0.262E-02  0.910E-06   127
     -3  0.18888E+01  0.125E-03  0.293E-02  0.649E-06   404
     -2  0.18887E+01  0.961E-04  0.297E-02  0.347E-06  1042
     -1  0.18881E+01  0.710E-04  0.318E-02  0.362E-06  1697
      0  0.18880E+01  0.752E-04  0.327E-02  0.210E-06  2250
      1  0.18882E+01  0.739E-04  0.311E-02  0.286E-06  2164
      2  0.18886E+01  0.731E-04  0.315E-02  0.412E-06  1361
      3  0.18890E+01  0.114E-03  0.308E-02  0.511E-06   645
      4  0.18895E+01  0.190E-03  0.265E-02  0.783E-06   218
      5  0.18905E+01  0.401E-03  0.255E-02  0.115E-05    51
      6  0.18912E+01  0.702E-03  0.211E-02  0.122E-05    10
&-----------------------------------------------------------
#beta =   5.00   kappa =   0.2200
#  Re(op_pbp_e)                                                    
#
#    -6  0.18783E+01  jk failed  0.000E+00  jk failed     1
     -5  0.18763E+01  0.620E-03  0.272E-02  0.307E-05    29
     -4  0.18752E+01  0.307E-03  0.327E-02  0.130E-05   131
     -3  0.18736E+01  0.168E-03  0.393E-02  0.889E-06   449
     -2  0.18729E+01  0.122E-03  0.413E-02  0.645E-06  1017
     -1  0.18724E+01  0.884E-04  0.415E-02  0.650E-06  1868
      0  0.18725E+01  0.639E-04  0.437E-02  0.624E-06  2279
      1  0.18727E+01  0.930E-04  0.425E-02  0.494E-06  1997
      2  0.18731E+01  0.118E-03  0.414E-02  0.694E-06  1278
      3  0.18738E+01  0.152E-03  0.400E-02  0.589E-06   647
      4  0.18747E+01  0.254E-03  0.362E-02  0.124E-05   227
      5  0.18759E+01  0.408E-03  0.338E-02  0.210E-05    59
      6  0.18778E+01  0.883E-03  0.364E-02  0.340E-05    18
&-----------------------------------------------------------
#beta =   5.00   kappa =   0.2231
#  Re(op_pbp_e)                                                    
#
#    -6  0.18689E+01  jk failed  0.329E-02  jk failed     5
     -5  0.18647E+01  0.724E-03  0.339E-02  0.307E-05    29
     -4  0.18641E+01  0.408E-03  0.461E-02  0.338E-05   115
     -3  0.18634E+01  0.202E-03  0.473E-02  0.141E-05   406
     -2  0.18627E+01  0.169E-03  0.501E-02  0.822E-06  1024
     -1  0.18616E+01  0.120E-03  0.514E-02  0.823E-06  1794
      0  0.18616E+01  0.975E-04  0.516E-02  0.862E-06  2231
      1  0.18616E+01  0.106E-03  0.514E-02  0.753E-06  1981
      2  0.18624E+01  0.142E-03  0.487E-02  0.689E-06  1397
      3  0.18634E+01  0.137E-03  0.465E-02  0.108E-05   674
      4  0.18648E+01  0.217E-03  0.428E-02  0.155E-05   257
      5  0.18666E+01  0.436E-03  0.389E-02  0.187E-05    72
      6  0.18683E+01  0.104E-02  0.391E-02  0.368E-05    15
&-----------------------------------------------------------
#beta =   5.00   kappa =   0.2250
#  Re(op_pbp_e)                                                    
#
#    -7  0.18600E+01  jk failed  0.000E+00  jk failed     1
#    -6  0.18596E+01  jk failed  0.391E-02  jk failed     3
     -5  0.18605E+01  0.786E-03  0.333E-02  0.325E-05    19
     -4  0.18587E+01  0.501E-03  0.504E-02  0.338E-05   110
     -3  0.18562E+01  0.261E-03  0.502E-02  0.174E-05   365
     -2  0.18549E+01  0.176E-03  0.537E-02  0.143E-05   965
     -1  0.18545E+01  0.138E-03  0.570E-02  0.112E-05  1818
      0  0.18543E+01  0.121E-03  0.570E-02  0.907E-06  2400
      1  0.18547E+01  0.919E-04  0.576E-02  0.127E-05  2045
      2  0.18551E+01  0.105E-03  0.557E-02  0.123E-05  1326
      3  0.18562E+01  0.188E-03  0.512E-02  0.133E-05   641
      4  0.18574E+01  0.362E-03  0.490E-02  0.204E-05   237
      5  0.18597E+01  0.838E-03  0.471E-02  0.450E-05    52
      6  0.18622E+01  0.786E-03  0.304E-02  0.221E-05    16
#     7  0.18642E+01  jk failed  0.462E-02  jk failed     2
&-----------------------------------------------------------
#beta =   5.00   kappa =   0.2262
#  Re(op_pbp_e)                                                    
#
#    -7  0.18600E+01  jk failed  0.997E-03  jk failed     2
#    -6  0.18566E+01  jk failed  0.156E-02  jk failed     5
     -5  0.18555E+01  0.106E-02  0.485E-02  0.616E-05    22
     -4  0.18540E+01  0.463E-03  0.539E-02  0.358E-05   121
     -3  0.18514E+01  0.298E-03  0.559E-02  0.257E-05   377
     -2  0.18506E+01  0.190E-03  0.617E-02  0.156E-05  1039
     -1  0.18496E+01  0.136E-03  0.600E-02  0.112E-05  1823
      0  0.18496E+01  0.141E-03  0.651E-02  0.118E-05  2333
      1  0.18500E+01  0.111E-03  0.620E-02  0.138E-05  2150
      2  0.18503E+01  0.162E-03  0.594E-02  0.114E-05  1343
      3  0.18517E+01  0.230E-03  0.529E-02  0.129E-05   556
      4  0.18537E+01  0.325E-03  0.463E-02  0.195E-05   169
      5  0.18568E+01  0.771E-03  0.491E-02  0.613E-05    55
#     6  0.18595E+01  jk failed  0.329E-02  jk failed     5
&-----------------------------------------------------------
#beta =   5.00   kappa =   0.2293
#  Re(op_pbp_e)                                                    
#
#    -6  0.18450E+01  jk failed  0.120E-02  jk failed     2
     -5  0.18459E+01  0.168E-02  0.530E-02  0.984E-05    11
     -4  0.18425E+01  0.621E-03  0.609E-02  0.515E-05   112
     -3  0.18389E+01  0.374E-03  0.658E-02  0.292E-05   380
     -2  0.18375E+01  0.191E-03  0.708E-02  0.187E-05   988
     -1  0.18363E+01  0.155E-03  0.745E-02  0.185E-05  1826
      0  0.18363E+01  0.153E-03  0.770E-02  0.148E-05  2382
      1  0.18367E+01  0.160E-03  0.755E-02  0.164E-05  2144
      2  0.18377E+01  0.194E-03  0.741E-02  0.196E-05  1350
      3  0.18395E+01  0.286E-03  0.650E-02  0.243E-05   577
      4  0.18418E+01  0.523E-03  0.614E-02  0.336E-05   183
      5  0.18453E+01  0.102E-02  0.576E-02  0.720E-05    40
#     6  0.18505E+01  jk failed  0.433E-02  jk failed     4
#     7  0.18518E+01  jk failed  0.000E+00  jk failed     1
&-----------------------------------------------------------
#beta =   5.00   kappa =   0.2300
#  Re(op_pbp_e)                                                    
#
#    -7  0.18437E+01  jk failed  0.000E+00  jk failed     1
#    -6  0.18454E+01  jk failed  0.741E-02  jk failed     3
     -5  0.18413E+01  0.128E-02  0.528E-02  0.815E-05    25
     -4  0.18393E+01  0.609E-03  0.607E-02  0.457E-05    99
     -3  0.18363E+01  0.384E-03  0.694E-02  0.390E-05   413
     -2  0.18346E+01  0.222E-03  0.705E-02  0.232E-05   969
     -1  0.18332E+01  0.138E-03  0.766E-02  0.192E-05  1808
      0  0.18329E+01  0.151E-03  0.795E-02  0.236E-05  2277
      1  0.18334E+01  0.174E-03  0.783E-02  0.157E-05  2094
      2  0.18348E+01  0.226E-03  0.750E-02  0.219E-05  1401
      3  0.18368E+01  0.331E-03  0.668E-02  0.269E-05   646
      4  0.18397E+01  0.303E-03  0.527E-02  0.237E-05   211
      5  0.18422E+01  0.102E-02  0.647E-02  0.801E-05    51
#     6  0.18430E+01  jk failed  0.366E-02  jk failed     2
&-----------------------------------------------------------
#beta =   5.00   kappa =   0.2324
#  Re(op_pbp_e)                                                    
#
#    -7  0.18511E+01  jk failed  0.000E+00  jk failed     1
#    -6  0.18356E+01  jk failed  0.627E-02  jk failed     7
     -5  0.18324E+01  0.173E-02  0.713E-02  0.145E-04    18
     -4  0.18299E+01  0.586E-03  0.769E-02  0.840E-05    98
     -3  0.18264E+01  0.456E-03  0.767E-02  0.382E-05   393
     -2  0.18236E+01  0.287E-03  0.844E-02  0.226E-05  1001
     -1  0.18220E+01  0.206E-03  0.900E-02  0.240E-05  1789
      0  0.18217E+01  0.198E-03  0.915E-02  0.217E-05  2318
      1  0.18219E+01  0.232E-03  0.918E-02  0.222E-05  2165
      2  0.18237E+01  0.166E-03  0.872E-02  0.295E-05  1440
      3  0.18256E+01  0.283E-03  0.777E-02  0.407E-05   554
      4  0.18288E+01  0.599E-03  0.763E-02  0.528E-05   179
      5  0.18323E+01  0.116E-02  0.544E-02  0.946E-05    36
#     6  0.18391E+01  jk failed  0.000E+00  jk failed     1
&-----------------------------------------------------------
#beta =   5.00   kappa =   0.2350
#  Re(op_pbp_e)                                                    
#
#    -6  0.18312E+01  jk failed  0.204E-02  jk failed     2
     -5  0.18245E+01  0.227E-02  0.753E-02  0.206E-04    12
     -4  0.18181E+01  0.123E-02  0.889E-02  0.100E-04    73
     -3  0.18138E+01  0.380E-03  0.809E-02  0.488E-05   349
     -2  0.18098E+01  0.282E-03  0.101E-01  0.401E-05  1016
     -1  0.18083E+01  0.230E-03  0.106E-01  0.321E-05  1947
      0  0.18078E+01  0.200E-03  0.110E-01  0.347E-05  2436
      1  0.18081E+01  0.255E-03  0.109E-01  0.315E-05  2156
      2  0.18103E+01  0.273E-03  0.996E-02  0.314E-05  1282
      3  0.18131E+01  0.301E-03  0.882E-02  0.351E-05   544
      4  0.18178E+01  0.620E-03  0.781E-02  0.581E-05   155
      5  0.18209E+01  0.147E-02  0.621E-02  0.126E-04    26
#     6  0.18239E+01  jk failed  0.494E-03  jk failed     2
&-----------------------------------------------------------
#beta =   5.00   kappa =   0.2356
#  Re(op_pbp_e)                                                    
#
#    -6  0.18269E+01  jk failed  0.779E-02  jk failed     4
     -5  0.18202E+01  0.162E-02  0.646E-02  0.168E-04    26
     -4  0.18149E+01  0.943E-03  0.860E-02  0.108E-04    89
     -3  0.18099E+01  0.481E-03  0.919E-02  0.483E-05   353
     -2  0.18074E+01  0.285E-03  0.107E-01  0.582E-05   957
     -1  0.18049E+01  0.257E-03  0.113E-01  0.362E-05  1852
      0  0.18041E+01  0.211E-03  0.117E-01  0.390E-05  2479
      1  0.18049E+01  0.261E-03  0.110E-01  0.333E-05  2120
      2  0.18069E+01  0.259E-03  0.102E-01  0.406E-05  1350
      3  0.18106E+01  0.318E-03  0.975E-02  0.451E-05   546
      4  0.18148E+01  0.683E-03  0.798E-02  0.507E-05   175
      5  0.18182E+01  0.141E-02  0.836E-02  0.154E-04    40
#     6  0.18234E+01  jk failed  0.407E-02  jk failed     6
#     7  0.18243E+01  jk failed  0.328E-02  jk failed     3
&-----------------------------------------------------------
#beta =   5.00   kappa =   0.2387
#  Re(op_pbp_e)                                                    
#
     -5  0.18027E+01  0.312E-02  0.937E-02  0.391E-04    10
     -4  0.18013E+01  0.186E-02  0.122E-01  0.248E-04    61
     -3  0.17944E+01  0.609E-03  0.112E-01  0.875E-05   293
     -2  0.17887E+01  0.361E-03  0.124E-01  0.637E-05   953
     -1  0.17858E+01  0.347E-03  0.136E-01  0.421E-05  1969
      0  0.17851E+01  0.250E-03  0.139E-01  0.457E-05  2548
      1  0.17859E+01  0.286E-03  0.136E-01  0.436E-05  2188
      2  0.17893E+01  0.258E-03  0.124E-01  0.601E-05  1279
      3  0.17944E+01  0.367E-03  0.106E-01  0.575E-05   548
      4  0.18003E+01  0.112E-02  0.955E-02  0.905E-05   125
      5  0.18046E+01  0.167E-02  0.748E-02  0.202E-04    21
#     6  0.18205E+01  jk failed  0.731E-02  jk failed     5
&-----------------------------------------------------------
#beta =   5.00   kappa =   0.2400
#  Re(op_pbp_e)                                                    
#
     -5  0.17948E+01  0.261E-02  0.902E-02  0.391E-04    13
     -4  0.17938E+01  0.166E-02  0.112E-01  0.319E-04    69
     -3  0.17854E+01  0.644E-03  0.110E-01  0.938E-05   307
     -2  0.17805E+01  0.402E-03  0.131E-01  0.919E-05   858
     -1  0.17774E+01  0.261E-03  0.146E-01  0.602E-05  1923
      0  0.17755E+01  0.343E-03  0.159E-01  0.645E-05  2685
      1  0.17766E+01  0.287E-03  0.149E-01  0.538E-05  2248
      2  0.17816E+01  0.357E-03  0.134E-01  0.619E-05  1270
      3  0.17873E+01  0.466E-03  0.114E-01  0.743E-05   487
      4  0.17923E+01  0.857E-03  0.991E-02  0.134E-04   117
      5  0.17998E+01  0.208E-02  0.908E-02  0.233E-04    20
#     6  0.18003E+01  jk failed  0.162E-02  jk failed     3
&-----------------------------------------------------------
#beta =   5.00   kappa =   0.2418
#  Re(op_pbp_e)                                                    
#
#    -5  0.17936E+01  jk failed  0.103E-01  jk failed     9
     -4  0.17850E+01  0.112E-02  0.933E-02  0.133E-04    66
     -3  0.17762E+01  0.681E-03  0.122E-01  0.883E-05   278
     -2  0.17694E+01  0.504E-03  0.148E-01  0.842E-05   976
     -1  0.17637E+01  0.378E-03  0.163E-01  0.638E-05  1984
      0  0.17620E+01  0.409E-03  0.181E-01  0.107E-04  2635
      1  0.17642E+01  0.331E-03  0.163E-01  0.733E-05  2335
      2  0.17697E+01  0.435E-03  0.151E-01  0.113E-04  1201
      3  0.17758E+01  0.585E-03  0.130E-01  0.120E-04   412
      4  0.17848E+01  0.162E-02  0.123E-01  0.273E-04    86
      5  0.17971E+01  0.294E-02  0.102E-01  0.311E-04    13
#     6  0.17996E+01  jk failed  0.641E-02  jk failed     5
&-----------------------------------------------------------
#beta =   5.00   kappa =   0.2449
#  Re(op_pbp_e)                                                    
#
#    -6  0.17885E+01  jk failed  0.455E-02  jk failed     2
#    -5  0.17776E+01  jk failed  0.871E-02  jk failed     6
     -4  0.17671E+01  0.197E-02  0.136E-01  0.325E-04    54
     -3  0.17571E+01  0.114E-02  0.137E-01  0.186E-04   240
     -2  0.17470E+01  0.610E-03  0.165E-01  0.119E-04   892
     -1  0.17390E+01  0.429E-03  0.203E-01  0.142E-04  2000
      0  0.17355E+01  0.426E-03  0.224E-01  0.940E-05  2927
      1  0.17390E+01  0.416E-03  0.199E-01  0.981E-05  2333
      2  0.17478E+01  0.592E-03  0.170E-01  0.989E-05  1138
      3  0.17596E+01  0.902E-03  0.150E-01  0.194E-04   326
      4  0.17701E+01  0.141E-02  0.118E-01  0.283E-04    72
#     5  0.17834E+01  jk failed  0.625E-02  jk failed     9
#     6  0.17843E+01  jk failed  0.000E+00  jk failed     1
&-----------------------------------------------------------
#beta =   5.00   kappa =   0.2480
#  Re(op_pbp_e)                                                    
#
#    -5  0.17682E+01  jk failed  0.164E-01  jk failed     9
     -4  0.17574E+01  0.332E-02  0.156E-01  0.621E-04    23
     -3  0.17373E+01  0.122E-02  0.172E-01  0.323E-04   186
     -2  0.17235E+01  0.694E-03  0.196E-01  0.204E-04   723
     -1  0.17108E+01  0.714E-03  0.240E-01  0.176E-04  2103
      0  0.17025E+01  0.534E-03  0.271E-01  0.182E-04  3087
      1  0.17109E+01  0.408E-03  0.235E-01  0.143E-04  2454
      2  0.17230E+01  0.713E-03  0.187E-01  0.139E-04  1054
      3  0.17405E+01  0.929E-03  0.161E-01  0.243E-04   302
      4  0.17567E+01  0.161E-02  0.136E-01  0.356E-04    51
#     5  0.17681E+01  jk failed  0.921E-02  jk failed     8
&-----------------------------------------------------------
#beta =   5.00   kappa =   0.2500
#  Re(op_pbp_e)                                                    
#
     -4  0.17455E+01  0.326E-02  0.153E-01  0.740E-04    23
     -3  0.17305E+01  0.159E-02  0.188E-01  0.424E-04   148
     -2  0.17084E+01  0.809E-03  0.221E-01  0.284E-04   722
     -1  0.16888E+01  0.478E-03  0.248E-01  0.204E-04  2095
      0  0.16774E+01  0.591E-03  0.319E-01  0.219E-04  3412
      1  0.16894E+01  0.500E-03  0.248E-01  0.162E-04  2485
      2  0.17082E+01  0.586E-03  0.212E-01  0.207E-04   883
      3  0.17275E+01  0.141E-02  0.180E-01  0.363E-04   199
      4  0.17481E+01  0.360E-02  0.183E-01  0.138E-03    32
#     5  0.17324E+01  jk failed  0.000E+00  jk failed     1
&-----------------------------------------------------------
#beta =   5.00   kappa =   0.2515
#  Re(op_pbp_e)                                                    
#
     -4  0.17273E+01  0.406E-02  0.122E-01  0.599E-04    10
     -3  0.17219E+01  0.224E-02  0.221E-01  0.626E-04    87
     -2  0.16945E+01  0.965E-03  0.221E-01  0.476E-04   552
     -1  0.16730E+01  0.645E-03  0.265E-01  0.254E-04  2084
      0  0.16559E+01  0.795E-03  0.338E-01  0.230E-04  3764
      1  0.16737E+01  0.499E-03  0.275E-01  0.270E-04  2548
      2  0.16950E+01  0.768E-03  0.226E-01  0.332E-04   803
      3  0.17199E+01  0.182E-02  0.221E-01  0.724E-04   137
      4  0.17433E+01  0.535E-02  0.185E-01  0.132E-03    13
#     5  0.17623E+01  jk failed  0.622E-02  jk failed     2
&-----------------------------------------------------------
#beta =   5.00   kappa =   0.2530
#  Re(op_pbp_e)                                                    
#
#    -4  0.17446E+01  jk failed  0.108E-01  jk failed     4
     -3  0.17151E+01  0.281E-02  0.238E-01  0.879E-04    68
     -2  0.16854E+01  0.963E-03  0.245E-01  0.434E-04   473
     -1  0.16574E+01  0.628E-03  0.280E-01  0.282E-04  2096
      0  0.16318E+01  0.689E-03  0.355E-01  0.315E-04  4144
      1  0.16562E+01  0.495E-03  0.271E-01  0.235E-04  2478
      2  0.16862E+01  0.841E-03  0.239E-01  0.400E-04   637
      3  0.17169E+01  0.280E-02  0.244E-01  0.722E-04    93
#     4  0.17516E+01  jk failed  0.140E-01  jk failed     7
&-----------------------------------------------------------
#beta =   5.00   kappa =   0.2545
#  Re(op_pbp_e)                                                    
#
#    -5  0.17938E+01  jk failed  0.000E+00  jk failed     1
#    -4  0.17452E+01  jk failed  0.277E-01  jk failed     7
     -3  0.17114E+01  0.465E-02  0.299E-01  0.159E-03    57
     -2  0.16750E+01  0.149E-02  0.288E-01  0.667E-04   397
     -1  0.16390E+01  0.543E-03  0.285E-01  0.399E-04  2113
      0  0.16082E+01  0.508E-03  0.366E-01  0.345E-04  4542
      1  0.16392E+01  0.498E-03  0.275E-01  0.346E-04  2307
      2  0.16760E+01  0.989E-03  0.261E-01  0.747E-04   516
      3  0.17140E+01  0.441E-02  0.254E-01  0.183E-03    48
      4  0.17414E+01  0.737E-02  0.244E-01  0.208E-03    12
&-----------------------------------------------------------
#beta =   5.00   kappa =   0.2560
#  Re(op_pbp_e)                                                    
#
#    -4  0.18204E+01  jk failed  0.364E-01  jk failed     2
     -3  0.17239E+01  0.114E-01  0.454E-01  0.646E-03    17
     -2  0.16688E+01  0.187E-02  0.349E-01  0.119E-03   284
     -1  0.16222E+01  0.585E-03  0.281E-01  0.456E-04  1969
      0  0.15790E+01  0.543E-03  0.324E-01  0.550E-04  5154
      1  0.16224E+01  0.867E-03  0.297E-01  0.599E-04  2160
      2  0.16663E+01  0.143E-02  0.298E-01  0.816E-04   369
      3  0.17100E+01  0.656E-02  0.410E-01  0.428E-03    42
#     4  0.17719E+01  jk failed  0.372E-01  jk failed     3
&-----------------------------------------------------------
#beta =   5.00   kappa =   0.2575
#  Re(op_pbp_e)                                                    
#
     -3  0.17416E+01  0.150E-01  0.563E-01  0.121E-02    15
     -2  0.16590E+01  0.279E-02  0.403E-01  0.262E-03   209
     -1  0.16053E+01  0.907E-03  0.322E-01  0.647E-04  1714
      0  0.15537E+01  0.549E-03  0.309E-01  0.675E-04  5960
      1  0.16053E+01  0.680E-03  0.303E-01  0.630E-04  1877
      2  0.16546E+01  0.283E-02  0.414E-01  0.328E-03   210
      3  0.17029E+01  0.107E-01  0.402E-01  0.771E-03    15
&-----------------------------------------------------------
#beta =   5.00   kappa =   0.2590
#  Re(op_pbp_e)                                                    
#
     -3  0.17349E+01  0.117E-01  0.406E-01  0.840E-03    13
     -2  0.16508E+01  0.388E-02  0.474E-01  0.382E-03   159
     -1  0.15867E+01  0.835E-03  0.338E-01  0.849E-04  1444
      0  0.15270E+01  0.494E-03  0.244E-01  0.735E-04  6817
      1  0.15869E+01  0.902E-03  0.336E-01  0.796E-04  1462
      2  0.16546E+01  0.415E-02  0.435E-01  0.529E-03    98
#     3  0.16899E+01  jk failed  0.500E-01  jk failed     7
&-----------------------------------------------------------
#beta =   5.00   kappa =   0.2605
#  Re(op_pbp_e)                                                    
#
#    -3  0.17447E+01  jk failed  0.518E-01  jk failed     2
     -2  0.16622E+01  0.125E-01  0.737E-01  0.191E-02    37
     -1  0.15675E+01  0.140E-02  0.362E-01  0.105E-03   872
      0  0.15017E+01  0.264E-03  0.189E-01  0.485E-04  8101
      1  0.15670E+01  0.113E-02  0.376E-01  0.153E-03   932
      2  0.16300E+01  0.820E-02  0.462E-01  0.568E-03    55
#     3  0.16151E+01  jk failed  0.000E+00  jk failed     1
&-----------------------------------------------------------
#beta =   5.00   kappa =   0.2620
#  Re(op_pbp_e)                                                    
#
     -2  0.16231E+01  0.120E-01  0.510E-01  0.710E-03    19
     -1  0.15440E+01  0.171E-02  0.350E-01  0.104E-03   533
      0  0.14770E+01  0.208E-03  0.140E-01  0.391E-04  8827
      1  0.15441E+01  0.191E-02  0.370E-01  0.123E-03   599
      2  0.16291E+01  0.141E-01  0.644E-01  0.125E-02    22
&-----------------------------------------------------------
#beta =   5.00   kappa =   0.2625
#  Re(op_pbp_e)                                                    
#
     -2  0.16240E+01  0.116E-01  0.403E-01  0.472E-03    13
     -1  0.15382E+01  0.175E-02  0.364E-01  0.135E-03   493
      0  0.14690E+01  0.208E-03  0.126E-01  0.195E-04  9037
      1  0.15363E+01  0.186E-02  0.361E-01  0.151E-03   433
      2  0.16317E+01  0.131E-01  0.629E-01  0.727E-03    24
&-----------------------------------------------------------
#beta =   5.00   kappa =   0.2630
#  Re(op_pbp_e)                                                    
#
     -2  0.16176E+01  0.284E-01  0.852E-01  0.488E-02    10
     -1  0.15285E+01  0.169E-02  0.359E-01  0.120E-03   365
      0  0.14608E+01  0.164E-03  0.124E-01  0.181E-04  9262
      1  0.15304E+01  0.234E-02  0.415E-01  0.210E-03   361
#     2  0.15885E+01  jk failed  0.272E-01  jk failed     2
&-----------------------------------------------------------
#beta =   5.00   kappa =   0.2635
#  Re(op_pbp_e)                                                    
#
#    -2  0.15901E+01  jk failed  0.585E-01  jk failed     5
     -1  0.15230E+01  0.223E-02  0.391E-01  0.187E-03   275
      0  0.14529E+01  0.118E-03  0.118E-01  0.666E-05  9406
      1  0.15197E+01  0.269E-02  0.381E-01  0.168E-03   308
#     2  0.15922E+01  jk failed  0.445E-01  jk failed     6
&-----------------------------------------------------------
