# pion mass (\sigma_1)
"*"
    6  64  5.00  0.2100  0.9531234865143958E+00  0.1026178230396835E-02  10000
    6  64  5.00  0.2150  0.8875438201831268E+00  0.2077799262799189E-02  10000
    6  64  5.00  0.2200  0.8249338575536210E+00  0.1820641159005581E-02  10000
    6  64  5.00  0.2231  0.7883415272765320E+00  0.3669089504984037E-02  10000
    6  64  5.00  0.2250  0.7655264600931677E+00  0.1371381227951134E-02  10000
    6  64  5.00  0.2262  0.7552944558290787E+00  0.4454950207812702E-02  10000
    6  64  5.00  0.2293  0.7163141587991352E+00  0.2567498258277519E-02  10000
    6  64  5.00  0.2300  0.7106731242788932E+00  0.6837015821111464E-02  10000
    6  64  5.00  0.2324  0.6802042197496118E+00  0.6581637323383874E-02  10000
    6  64  5.00  0.2350  0.6607342118009676E+00  0.6159463870902932E-02  10000
    6  64  5.00  0.2356  0.6547568775901840E+00  0.4368031540526476E-02  10000
    6  64  5.00  0.2387  0.6292409795704810E+00  0.1486776096664845E-01  10000
    6  64  5.00  0.2400  0.6159402195303542E+00  0.5461013450233554E-02  10000
    6  64  5.00  0.2418  0.6061290266025777E+00  0.8437576679141710E-02  10000
    6  64  5.00  0.2449  0.5770811514361546E+00  0.1976196149029632E-01  10000
    6  64  5.00  0.2480  0.5476904305925328E+00  0.3511433664146642E-01  10000
    6  64  5.00  0.2500  0.5663714139483957E+00  0.4482974152943298E-01  10000
    6  64  5.00  0.2515  0.5547665493874159E+00  0.1702126566248595E-01  10000
    6  64  5.00  0.2530  0.5476981933831584E+00  0.3172005679402041E-01  10000
    6  64  5.00  0.2545  0.5151227426945129E+00  0.9969104850823562E-01  10000
    6  64  5.00  0.2560  0.5364416637142280E+00  0.8685132884942361E-01  10000
    6  64  5.00  0.2575  0.5671964980724135E+00  0.4228792629544331E+00  10000
    6  64  5.00  0.2590  0.4532246497219720E+00  0.4719896939510901E+00  10000
    6  64  5.00  0.2605  0.1332209880410099E+01  0.6482368210266263E+02  10000
    6  64  5.00  0.2620                     NaN                     NaN  10000
    6  64  5.00  0.2625                     NaN                     NaN  10000
    6  64  5.00  0.2630  0.5456734725091040E+00  0.1001637492316974E+03  10000
    6  64  5.00  0.2635  0.6062994519572983E+00  0.7820229462775721E+02  10000


# pseudoscalar mass (\sigma_3)
"*"
    6  64  5.00  0.2100  0.9532266336294033E+00  0.1022070178856346E-02  10000
    6  64  5.00  0.2150  0.8874124170190415E+00  0.1814098028013670E-02  10000
    6  64  5.00  0.2200  0.8250199511511762E+00  0.1666536220500528E-02  10000
    6  64  5.00  0.2231  0.7888790243610875E+00  0.3384442442690148E-02  10000
    6  64  5.00  0.2250  0.7656604701778619E+00  0.1390656162317721E-02  10000
    6  64  5.00  0.2262  0.7557063734088377E+00  0.4857301467305989E-02  10000
    6  64  5.00  0.2293  0.7163263773805426E+00  0.2361856252012554E-02  10000
    6  64  5.00  0.2300  0.7108676419424845E+00  0.6601617959748720E-02  10000
    6  64  5.00  0.2324  0.6805884139371777E+00  0.5593851602512491E-02  10000
    6  64  5.00  0.2350  0.6610004451605123E+00  0.6485753726123768E-02  10000
    6  64  5.00  0.2356  0.6545366921289515E+00  0.4597767728122757E-02  10000
    6  64  5.00  0.2387  0.6249878583874183E+00  0.4199618364331133E-02  10000
    6  64  5.00  0.2400  0.6163925563927724E+00  0.5054132934744215E-02  10000
    6  64  5.00  0.2418  0.6062710577865497E+00  0.8671990384358763E-02  10000
    6  64  5.00  0.2449  0.5774712864323678E+00  0.1903397583734433E-01  10000
    6  64  5.00  0.2480  0.5470738404924683E+00  0.3809335636976489E-01  10000
    6  64  5.00  0.2500  0.5679634990169357E+00  0.3532975739272146E-01  10000
    6  64  5.00  0.2515  0.5543762608022108E+00  0.1022704282187708E-01  10000
    6  64  5.00  0.2530  0.5478402203747869E+00  0.1437173233284478E-01  10000
    6  64  5.00  0.2545  0.5171503144313248E+00  0.6968222522049460E-01  10000
    6  64  5.00  0.2560  0.5868519144388884E+00  0.3753681903522837E-01  10000
    6  64  5.00  0.2575  0.6170016015341491E+00  0.3633204427299452E-01  10000
    6  64  5.00  0.2590  0.5880406309800789E+00  0.3904697240948054E-01  10000
    6  64  5.00  0.2605  0.5624953853223241E+00  0.3644512629824933E-01  10000
    6  64  5.00  0.2620  0.5963777995035747E+00  0.2718517419585313E-01  10000
    6  64  5.00  0.2625  0.5850512030377015E+00  0.2492250134300899E-01  10000
    6  64  5.00  0.2630  0.5796674735750167E+00  0.2938771030788026E-01  10000
    6  64  5.00  0.2635  0.6030576984053712E+00  0.3796571616076826E-01  10000


# eta mass (\sigma_1)
"*"
    6  64  5.00  0.2100  0.1250192440072809E+00  0.6913321236074346E+02  10000
    6  64  5.00  0.2150 -0.4569633364969237E-01  0.6701087679459250E+00  10000
    6  64  5.00  0.2200  0.6813610452406975E+00  0.5858577407604348E+02  10000
    6  64  5.00  0.2231  0.1501877554331796E+00  0.7459871636152461E+02  10000
    6  64  5.00  0.2250  0.6986906648930117E+00  0.6725652215659866E+02  10000
    6  64  5.00  0.2262  0.5896671211592163E+00  0.1158028460091446E+03  10000
    6  64  5.00  0.2293  0.2010265487855903E+00  0.7826634253419549E+02  10000
    6  64  5.00  0.2300 -0.7680356315738449E-01  0.1341413445354405E+03  10000
    6  64  5.00  0.2324  0.5997309151704626E+00  0.4978090660790568E+02  10000
    6  64  5.00  0.2350  0.4758261183233738E+00  0.1250610796172384E+03  10000
    6  64  5.00  0.2356  0.7403742721776556E-01  0.1522712913150720E+03  10000
    6  64  5.00  0.2387  0.4613216408337178E+00  0.7428295012946674E+02  10000
    6  64  5.00  0.2400  0.5073263673649974E+00  0.6740330238114417E+02  10000
    6  64  5.00  0.2418  0.4920785834711960E+00  0.1185473501758840E+03  10000
    6  64  5.00  0.2449 -0.7760099877576689E-01  0.5427228285773298E+02  10000
    6  64  5.00  0.2480 -0.5231509854670392E+02  0.1695662483804272E+03  10000
    6  64  5.00  0.2500  0.4129046056826226E+00  0.5897799313234475E+02  10000
    6  64  5.00  0.2515  0.4095844467214934E+00  0.9008015384353002E+00  10000
    6  64  5.00  0.2530  0.3782654912049730E+00  0.6002518893947836E+02  10000
    6  64  5.00  0.2545  0.7059052535086595E-01  0.8786994401967742E+02  10000
    6  64  5.00  0.2560  0.1064411544873468E-01  0.4756130267804500E+02  10000
    6  64  5.00  0.2575  0.4294234100872470E+00  0.5778510209827883E+02  10000
    6  64  5.00  0.2590  0.2129950662336522E+00  0.7391370537805646E+02  10000
    6  64  5.00  0.2605  0.3690626739150408E+00  0.5105726713132789E+02  10000
    6  64  5.00  0.2620  0.3603384124720513E+00  0.8969121607585397E+02  10000
    6  64  5.00  0.2625  0.3802541997591020E+00  0.5119947066002479E+02  10000
    6  64  5.00  0.2630  0.3489350691433082E+00  0.7002850475074668E+02  10000
    6  64  5.00  0.2635  0.3401994183835639E+00  0.1205769829432269E+03  10000

