# pion mass (\sigma_1)
"*"
    6  64  5.00  0.2100  0.9531868226521515E+00  0.9679395665180739E-03  10000
    6  64  5.00  0.2150  0.8871670558080401E+00  0.1351847163348505E-02  10000
    6  64  5.00  0.2200  0.8251954198128059E+00  0.1563411452151106E-02  10000
    6  64  5.00  0.2231  0.7882775732084826E+00  0.2002660877901256E-02  10000
    6  64  5.00  0.2250  0.7657919526710436E+00  0.1254853965465669E-02  10000
    6  64  5.00  0.2262  0.7530687417214356E+00  0.2612450218890990E-02  10000
    6  64  5.00  0.2293  0.7168707598157054E+00  0.2329855466692968E-02  10000
    6  64  5.00  0.2300  0.7085009642374276E+00  0.2045100655100949E-02  10000
    6  64  5.00  0.2324  0.6830314808881193E+00  0.3232748926426712E-02  10000
    6  64  5.00  0.2350  0.6603366019390143E+00  0.3058602710932671E-02  10000
    6  64  5.00  0.2356  0.6558396123142857E+00  0.4196264663335143E-02  10000
    6  64  5.00  0.2387  0.6258421848185204E+00  0.3781403652945657E-02  10000
    6  64  5.00  0.2400  0.6167573847534478E+00  0.4325636690738544E-02  10000
    6  64  5.00  0.2418  0.6021046384215729E+00  0.4197533939207449E-02  10000
    6  64  5.00  0.2449  0.5840174328017176E+00  0.9364326562538019E-02  10000
    6  64  5.00  0.2480  0.5620079821260353E+00  0.1265913714933578E-01  10000
    6  64  5.00  0.2500  0.5665662511295974E+00  0.1132808617535796E-01  10000
    6  64  5.00  0.2515  0.5547665493874159E+00  0.1702126566248595E-01  10000
    6  64  5.00  0.2530  0.5554096560938894E+00  0.2009263591933500E-01  10000
    6  64  5.00  0.2545  0.5151227426945129E+00  0.9969104850823562E-01  10000
    6  64  5.00  0.2560  0.5761737398543835E+00  0.7005755610214745E-01  10000
    6  64  5.00  0.2575  0.6161594928215149E+00  0.1000835674745233E+00  10000
    6  64  5.00  0.2590  0.7487358372696391E+00  0.3298721228779837E+00  10000
    6  64  5.00  0.2605  0.1850844133283799E+01  0.5028998366113639E+02  10000
    6  64  5.00  0.2620                     NaN                     NaN  10000
    6  64  5.00  0.2625                     NaN                     NaN  10000
    6  64  5.00  0.2630  0.1056578418426054E+01  0.1081264779453783E+01  10000
    6  64  5.00  0.2635  0.5674900188375696E+00  0.2701660615922786E+00  10000


# pseudoscalar mass (\sigma_3)
"*"
    6  64  5.00  0.2100  0.9533298451981030E+00  0.9773262415599714E-03  10000
    6  64  5.00  0.2150  0.8874235445413967E+00  0.1363179406623827E-02  10000
    6  64  5.00  0.2200  0.8251847712236611E+00  0.1549759792393140E-02  10000
    6  64  5.00  0.2231  0.7881716580574865E+00  0.1984341688497709E-02  10000
    6  64  5.00  0.2250  0.7658796569256271E+00  0.1244270572472864E-02  10000
    6  64  5.00  0.2262  0.7527941870856211E+00  0.2642377399633303E-02  10000
    6  64  5.00  0.2293  0.7165023830138701E+00  0.2273798516521834E-02  10000
    6  64  5.00  0.2300  0.7085990255218155E+00  0.2142408325658575E-02  10000
    6  64  5.00  0.2324  0.6832402995661053E+00  0.3192832520055653E-02  10000
    6  64  5.00  0.2350  0.6603492766134138E+00  0.2789324721221914E-02  10000
    6  64  5.00  0.2356  0.6559867856177094E+00  0.3980963837317045E-02  10000
    6  64  5.00  0.2387  0.6261363516401088E+00  0.3713267223260753E-02  10000
    6  64  5.00  0.2400  0.6175429568570077E+00  0.4151249335824177E-02  10000
    6  64  5.00  0.2418  0.6025016709507490E+00  0.4488549642088528E-02  10000
    6  64  5.00  0.2449  0.5850539205890932E+00  0.7831015727194256E-02  10000
    6  64  5.00  0.2480  0.5603436517999664E+00  0.1122939889917084E-01  10000
    6  64  5.00  0.2500  0.5620163424835339E+00  0.8430250623937912E-02  10000
    6  64  5.00  0.2515  0.5564094379346157E+00  0.8900420142998128E-02  10000
    6  64  5.00  0.2530  0.5506812583053359E+00  0.1060301832635102E-01  10000
    6  64  5.00  0.2545  0.5675374450365440E+00  0.4860117012246478E-01  10000
    6  64  5.00  0.2560  0.5606274586340806E+00  0.2007096412772097E-01  10000
    6  64  5.00  0.2575  0.5711653786599478E+00  0.2017135684198191E-01  10000
    6  64  5.00  0.2590  0.5624998072711122E+00  0.2774728922013879E-01  10000
    6  64  5.00  0.2605  0.5624953853223241E+00  0.3644512629824933E-01  10000
    6  64  5.00  0.2620  0.5959244248679697E+00  0.1104556488867014E-01  10000
    6  64  5.00  0.2625  0.5924156969332326E+00  0.1918152517663948E-01  10000
    6  64  5.00  0.2630  0.5867371191234492E+00  0.2302540957091323E-01  10000
    6  64  5.00  0.2635  0.5956540699705458E+00  0.1693426913381416E-01  10000


# eta mass (\sigma_1)
"*"
    6  64  5.00  0.2100  0.1022839484209479E+01  0.4325009255313804E+02  10000
    6  64  5.00  0.2150  0.9332619664124363E+00  0.4823840071412798E+00  10000
    6  64  5.00  0.2200  0.8535126625320304E+00  0.4303752131144495E+00  10000
    6  64  5.00  0.2231  0.7319865611734737E+00  0.3674825710090309E+00  10000
    6  64  5.00  0.2250  0.7847133697167161E+00  0.3427859571474693E+02  10000
    6  64  5.00  0.2262  0.7476072543687919E+00  0.2515161002171651E+02  10000
    6  64  5.00  0.2293  0.6255556049677911E+00  0.2611339883124167E+00  10000
    6  64  5.00  0.2300  0.6847766742716660E+00  0.5303602689887494E+02  10000
    6  64  5.00  0.2324  0.6810615881963133E+00  0.5686149087975645E+00  10000
    6  64  5.00  0.2350  0.6379057810612480E+00  0.2509405141401515E+02  10000
    6  64  5.00  0.2356  0.5565080392735284E+00  0.2316903181867157E+00  10000
    6  64  5.00  0.2387  0.5896485473886888E+00  0.1932862122595558E+00  10000
    6  64  5.00  0.2400  0.5593642116283521E+00  0.5088138556433239E+02  10000
    6  64  5.00  0.2418  0.5435432233921015E+00  0.4930083707953024E+02  10000
    6  64  5.00  0.2449  0.5095150792291320E+00  0.1408467554298519E+00  10000
    6  64  5.00  0.2480  0.4809434163414017E+00  0.4972843830954659E+02  10000
    6  64  5.00  0.2500  0.4806116803441586E+00  0.1708881056003370E+00  10000
    6  64  5.00  0.2515  0.4454607851405298E+00  0.1130187631491794E+00  10000
    6  64  5.00  0.2530  0.4491960146776887E+00  0.1923657660680206E+00  10000
    6  64  5.00  0.2545  0.4329926026538184E+00  0.1150254816011929E+00  10000
    6  64  5.00  0.2560  0.3934749475727070E+00  0.1072011717305479E+00  10000
    6  64  5.00  0.2575  0.4294234100872470E+00  0.5778510209827883E+02  10000
    6  64  5.00  0.2590  0.3782558993759382E+00  0.1308736946728782E+00  10000
    6  64  5.00  0.2605  0.4275121730086362E+00  0.1193291674346507E+00  10000
    6  64  5.00  0.2620  0.4384305731197231E+00  0.1202517583502662E+00  10000
    6  64  5.00  0.2625  0.4460482807327579E+00  0.1265469565437490E+00  10000
    6  64  5.00  0.2630  0.3910762452652067E+00  0.1101256721367187E+00  10000
    6  64  5.00  0.2635  0.3944076438297143E+00  0.1001509442342254E+00  10000

