# fermion mass from PCAC relation
"m"
    6  64  5.00  0.2100  0.3960857877971876E+00  0.2589465659927927E-01  10000
    6  64  5.00  0.2150  0.3543631436956741E+00  0.1207788044932257E-01  10000
    6  64  5.00  0.2200  0.3141900655021616E+00  0.9338693419955102E-02  10000
    6  64  5.00  0.2231  0.2898107058852244E+00  0.1201033756781227E-01  10000
    6  64  5.00  0.2250  0.2748338358179342E+00  0.8041675507387476E-02  10000
    6  64  5.00  0.2262  0.2655941208384796E+00  0.1082869041195686E-01  10000
    6  64  5.00  0.2293  0.2417827704659507E+00  0.1155486050909024E-01  10000
    6  64  5.00  0.2300  0.2364673052683586E+00  0.1050036249220357E-01  10000
    6  64  5.00  0.2324  0.2185057470374236E+00  0.1277692409489834E-01  10000
    6  64  5.00  0.2350  0.1988833430842595E+00  0.1462916520013981E-01  10000
    6  64  5.00  0.2356  0.1946364005901119E+00  0.1352872658490198E-01  10000
    6  64  5.00  0.2387  0.1717794395061055E+00  0.1289079651391474E-01  10000
    6  64  5.00  0.2400  0.1622626825561345E+00  0.1359942267621055E-01  10000
    6  64  5.00  0.2418  0.1489379297145603E+00  0.9318134733286163E-02  10000
    6  64  5.00  0.2449  0.1263807170993066E+00  0.1687236517419974E-01  10000
    6  64  5.00  0.2480  0.1033283243759012E+00  0.2345404259913899E-01  10000
    6  64  5.00  0.2500  0.8907823795922545E-01  0.2951649718989335E-01  10000
    6  64  5.00  0.2515  0.7820882253198221E-01  0.1626461038677196E-01  10000
    6  64  5.00  0.2530  0.6728830230248611E-01  0.2489455520568590E-01  10000
    6  64  5.00  0.2545  0.5640001523169421E-01  0.3081796857474644E-01  10000
    6  64  5.00  0.2560  0.4595101443322740E-01  0.1336032380997654E-01  10000
    6  64  5.00  0.2575  0.3502309370310771E-01  0.8792774039787565E-02  10000
    6  64  5.00  0.2590  0.2336025077433513E-01  0.1026740770061308E-01  10000
    6  64  5.00  0.2605  0.1270172289311745E-01  0.7515549215763406E-02  10000
    6  64  5.00  0.2620 -0.1645531418418945E-03  0.4292019795331683E-02  10000
    6  64  5.00  0.2625 -0.4459816550023926E-02  0.7105264158356950E-02  10000
    6  64  5.00  0.2630 -0.9057563293979132E-02  0.8418596001414137E-02  10000
    6  64  5.00  0.2635 -0.1276891587669038E-01  0.8717653524104203E-02  10000

