#  Re(op_pbp_e)                                                    
   6  64  5.00  0.2100    NaN  0.500  0.287
#  Re(op_pbp_e)                                                    
   6  64  5.00  0.2150  1.267  0.518  0.810
#  Re(op_pbp_e)                                                    
   6  64  5.00  0.2200    NaN  0.505  0.583
#  Re(op_pbp_e)                                                    
   6  64  5.00  0.2231  2.710  0.529  0.666
#  Re(op_pbp_e)                                                    
   6  64  5.00  0.2250  0.429  0.533  0.353
#  Re(op_pbp_e)                                                    
   6  64  5.00  0.2262  1.501  0.538  0.893
#  Re(op_pbp_e)                                                    
   6  64  5.00  0.2293  1.241  0.561  0.545
#  Re(op_pbp_e)                                                    
   6  64  5.00  0.2300  0.600  0.538  0.953
#  Re(op_pbp_e)                                                    
   6  64  5.00  0.2324  1.155  0.588  0.459
#  Re(op_pbp_e)                                                    
   6  64  5.00  0.2350  0.567  0.574  0.664
#  Re(op_pbp_e)                                                    
   6  64  5.00  0.2356  0.638  0.593  0.436
#  Re(op_pbp_e)                                                    
   6  64  5.00  0.2387  1.189  0.641  0.370
#  Re(op_pbp_e)                                                    
   6  64  5.00  0.2400  1.402  0.671  0.483
#  Re(op_pbp_e)                                                    
   6  64  5.00  0.2418  1.380  0.743  0.746
#  Re(op_pbp_e)                                                    
   6  64  5.00  0.2449  0.809  0.760  0.496
#  Re(op_pbp_e)                                                    
   6  64  5.00  0.2480  0.660  0.832  0.820
#  Re(op_pbp_e)                                                    
   6  64  5.00  0.2500  0.832  0.911  0.379
#  Re(op_pbp_e)                                                    
   6  64  5.00  0.2515  0.884  0.907  1.016
#  Re(op_pbp_e)                                                    
   6  64  5.00  0.2530  1.068  0.982  1.039
#  Re(op_pbp_e)                                                    
   6  64  5.00  0.2545  1.222  1.042  0.997
#  Re(op_pbp_e)                                                    
   6  64  5.00  0.2560  1.099  1.033  0.991
#  Re(op_pbp_e)                                                    
   6  64  5.00  0.2575  1.010  1.030  1.244
#  Re(op_pbp_e)                                                    
   6  64  5.00  0.2590  0.878  0.913  1.001
#  Re(op_pbp_e)                                                    
   6  64  5.00  0.2605  1.196  1.006  1.078
#  Re(op_pbp_e)                                                    
   6  64  5.00  0.2620  1.024  0.898  1.087
#  Re(op_pbp_e)                                                    
   6  64  5.00  0.2625  0.903  0.819  1.023
#  Re(op_pbp_e)                                                    
   6  64  5.00  0.2630  0.757  0.808  0.636
#  Re(op_pbp_e)                                                    
   6  64  5.00  0.2635  0.494  0.713  0.752
