#-----------------------------------------------------------
#beta =   5.00   kappa =   0.2100
#  Re(op_pbp_e)                                                    
#
#    -6  0.19052E+01  jk failed  0.000E+00  jk failed     1
#    -5  0.19007E+01  jk failed  0.116E-02  jk failed     2
     -4  0.19001E+01  0.847E-03  0.646E-02  0.795E-05    51
     -3  0.18983E+01  0.445E-03  0.733E-02  0.405E-05   258
     -2  0.18973E+01  0.229E-03  0.776E-02  0.264E-05   893
     -1  0.18964E+01  0.145E-03  0.815E-02  0.249E-05  2047
      0  0.18961E+01  0.156E-03  0.830E-02  0.183E-05  2769
      1  0.18962E+01  0.200E-03  0.823E-02  0.210E-05  2267
      2  0.18977E+01  0.181E-03  0.771E-02  0.270E-05  1270
      3  0.18995E+01  0.352E-03  0.720E-02  0.381E-05   363
      4  0.18988E+01  0.625E-03  0.547E-02  0.356E-05    70
#     5  0.19064E+01  jk failed  0.501E-02  jk failed     9
&-----------------------------------------------------------
#beta =   5.00   kappa =   0.2150
#  Re(op_pbp_e)                                                    
#
#    -6  0.18963E+01  jk failed  0.000E+00  jk failed     1
#    -5  0.18838E+01  jk failed  0.573E-02  jk failed     3
     -4  0.18893E+01  0.151E-02  0.863E-02  0.158E-04    42
     -3  0.18837E+01  0.587E-03  0.890E-02  0.681E-05   267
     -2  0.18822E+01  0.239E-03  0.938E-02  0.362E-05   907
     -1  0.18805E+01  0.221E-03  0.958E-02  0.204E-05  2119
      0  0.18797E+01  0.209E-03  0.105E-01  0.255E-05  2856
      1  0.18803E+01  0.254E-03  0.982E-02  0.273E-05  2318
      2  0.18820E+01  0.267E-03  0.903E-02  0.273E-05  1108
      3  0.18843E+01  0.419E-03  0.835E-02  0.497E-05   322
      4  0.18872E+01  0.121E-02  0.815E-02  0.206E-04    47
#     5  0.18910E+01  jk failed  0.771E-02  jk failed     8
#     6  0.18940E+01  jk failed  0.280E-02  jk failed     2
&-----------------------------------------------------------
#beta =   5.00   kappa =   0.2200
#  Re(op_pbp_e)                                                    
#
#    -6  0.18743E+01  jk failed  0.778E-02  jk failed     2
#    -5  0.18736E+01  jk failed  0.946E-02  jk failed     9
     -4  0.18685E+01  0.124E-02  0.715E-02  0.797E-05    37
     -3  0.18658E+01  0.494E-03  0.938E-02  0.912E-05   264
     -2  0.18636E+01  0.306E-03  0.111E-01  0.480E-05   988
     -1  0.18614E+01  0.245E-03  0.116E-01  0.411E-05  2156
      0  0.18599E+01  0.217E-03  0.122E-01  0.480E-05  2978
      1  0.18613E+01  0.198E-03  0.117E-01  0.453E-05  2194
      2  0.18641E+01  0.385E-03  0.111E-01  0.463E-05  1027
      3  0.18669E+01  0.658E-03  0.105E-01  0.827E-05   295
      4  0.18694E+01  0.135E-02  0.724E-02  0.106E-04    44
#     5  0.18774E+01  jk failed  0.697E-02  jk failed     6
&-----------------------------------------------------------
#beta =   5.00   kappa =   0.2231
#  Re(op_pbp_e)                                                    
#
#    -5  0.18624E+01  jk failed  0.138E-01  jk failed     6
     -4  0.18608E+01  0.152E-02  0.855E-02  0.142E-04    45
     -3  0.18542E+01  0.764E-03  0.109E-01  0.130E-04   237
     -2  0.18512E+01  0.475E-03  0.123E-01  0.705E-05   933
     -1  0.18480E+01  0.272E-03  0.134E-01  0.525E-05  2185
      0  0.18460E+01  0.248E-03  0.139E-01  0.475E-05  2930
      1  0.18473E+01  0.307E-03  0.135E-01  0.606E-05  2329
      2  0.18513E+01  0.428E-03  0.119E-01  0.756E-05  1005
      3  0.18546E+01  0.748E-03  0.106E-01  0.765E-05   272
      4  0.18592E+01  0.104E-02  0.763E-02  0.134E-04    52
#     5  0.18744E+01  jk failed  0.121E-01  jk failed     6
&-----------------------------------------------------------
#beta =   5.00   kappa =   0.2250
#  Re(op_pbp_e)                                                    
#
#    -5  0.18530E+01  jk failed  0.161E-02  jk failed     2
     -4  0.18526E+01  0.227E-02  0.115E-01  0.287E-04    35
     -3  0.18461E+01  0.621E-03  0.114E-01  0.133E-04   184
     -2  0.18426E+01  0.531E-03  0.130E-01  0.678E-05   872
     -1  0.18393E+01  0.271E-03  0.146E-01  0.539E-05  2083
      0  0.18369E+01  0.218E-03  0.152E-01  0.493E-05  3049
      1  0.18388E+01  0.289E-03  0.142E-01  0.584E-05  2299
      2  0.18426E+01  0.433E-03  0.131E-01  0.713E-05  1080
      3  0.18469E+01  0.715E-03  0.115E-01  0.885E-05   345
      4  0.18511E+01  0.205E-02  0.120E-01  0.343E-04    47
#     5  0.18551E+01  jk failed  0.113E-01  jk failed     4
&-----------------------------------------------------------
#beta =   5.00   kappa =   0.2262
#  Re(op_pbp_e)                                                    
#
#    -5  0.18372E+01  jk failed  0.000E+00  jk failed     1
     -4  0.18495E+01  0.244E-02  0.124E-01  0.236E-04    37
     -3  0.18433E+01  0.887E-03  0.120E-01  0.133E-04   204
     -2  0.18375E+01  0.508E-03  0.138E-01  0.110E-04   911
     -1  0.18331E+01  0.396E-03  0.149E-01  0.763E-05  2117
      0  0.18302E+01  0.218E-03  0.159E-01  0.546E-05  3092
      1  0.18329E+01  0.341E-03  0.151E-01  0.727E-05  2329
      2  0.18366E+01  0.449E-03  0.132E-01  0.716E-05  1020
      3  0.18423E+01  0.836E-03  0.124E-01  0.116E-04   237
      4  0.18472E+01  0.155E-02  0.112E-01  0.191E-04    49
#     5  0.18559E+01  jk failed  0.867E-02  jk failed     3
&-----------------------------------------------------------
#beta =   5.00   kappa =   0.2293
#  Re(op_pbp_e)                                                    
#
#    -5  0.18347E+01  jk failed  0.561E-02  jk failed     3
     -4  0.18350E+01  0.267E-02  0.116E-01  0.472E-04    26
     -3  0.18292E+01  0.954E-03  0.131E-01  0.147E-04   192
     -2  0.18211E+01  0.615E-03  0.151E-01  0.840E-05   853
     -1  0.18155E+01  0.311E-03  0.163E-01  0.804E-05  2153
      0  0.18131E+01  0.324E-03  0.179E-01  0.829E-05  3248
      1  0.18159E+01  0.409E-03  0.166E-01  0.695E-05  2322
      2  0.18213E+01  0.570E-03  0.147E-01  0.964E-05   951
      3  0.18284E+01  0.105E-02  0.132E-01  0.143E-04   218
      4  0.18357E+01  0.242E-02  0.110E-01  0.336E-04    30
#     5  0.18410E+01  jk failed  0.634E-02  jk failed     4
&-----------------------------------------------------------
#beta =   5.00   kappa =   0.2300
#  Re(op_pbp_e)                                                    
#
#    -5  0.18285E+01  jk failed  0.000E+00  jk failed     1
     -4  0.18349E+01  0.296E-02  0.118E-01  0.416E-04    17
     -3  0.18233E+01  0.824E-03  0.130E-01  0.161E-04   194
     -2  0.18177E+01  0.491E-03  0.146E-01  0.918E-05   812
     -1  0.18122E+01  0.392E-03  0.172E-01  0.101E-04  2183
      0  0.18091E+01  0.422E-03  0.183E-01  0.613E-05  3162
      1  0.18120E+01  0.277E-03  0.173E-01  0.103E-04  2412
      2  0.18173E+01  0.668E-03  0.152E-01  0.102E-04   924
      3  0.18251E+01  0.745E-03  0.128E-01  0.139E-04   256
      4  0.18319E+01  0.193E-02  0.115E-01  0.333E-04    34
#     5  0.18404E+01  jk failed  0.882E-02  jk failed     5
&-----------------------------------------------------------
#beta =   5.00   kappa =   0.2324
#  Re(op_pbp_e)                                                    
#
#    -5  0.18442E+01  jk failed  0.000E+00  jk failed     1
     -4  0.18190E+01  0.295E-02  0.135E-01  0.680E-04    22
     -3  0.18132E+01  0.120E-02  0.138E-01  0.223E-04   153
     -2  0.18049E+01  0.711E-03  0.156E-01  0.136E-04   799
     -1  0.17972E+01  0.474E-03  0.188E-01  0.847E-05  2175
      0  0.17933E+01  0.396E-03  0.198E-01  0.889E-05  3324
      1  0.17981E+01  0.403E-03  0.185E-01  0.112E-04  2352
      2  0.18043E+01  0.494E-03  0.157E-01  0.123E-04   946
      3  0.18125E+01  0.923E-03  0.136E-01  0.195E-04   195
      4  0.18227E+01  0.280E-02  0.124E-01  0.589E-04    31
#     5  0.18320E+01  jk failed  0.571E-02  jk failed     2
&-----------------------------------------------------------
#beta =   5.00   kappa =   0.2350
#  Re(op_pbp_e)                                                    
#
     -4  0.18117E+01  0.281E-02  0.129E-01  0.508E-04    22
     -3  0.18008E+01  0.145E-02  0.154E-01  0.273E-04   153
     -2  0.17894E+01  0.720E-03  0.173E-01  0.161E-04   819
     -1  0.17809E+01  0.411E-03  0.197E-01  0.104E-04  2239
      0  0.17750E+01  0.288E-03  0.218E-01  0.915E-05  3356
      1  0.17802E+01  0.396E-03  0.195E-01  0.119E-04  2430
      2  0.17893E+01  0.648E-03  0.170E-01  0.165E-04   812
      3  0.18019E+01  0.990E-03  0.155E-01  0.330E-04   142
      4  0.18097E+01  0.297E-02  0.158E-01  0.526E-04    25
#     5  0.18187E+01  jk failed  0.467E-02  jk failed     2
&-----------------------------------------------------------
#beta =   5.00   kappa =   0.2356
#  Re(op_pbp_e)                                                    
#
#    -6  0.18417E+01  jk failed  0.000E+00  jk failed     1
#    -5  0.18134E+01  jk failed  0.000E+00  jk failed     1
     -4  0.18052E+01  0.364E-02  0.155E-01  0.735E-04    19
     -3  0.17956E+01  0.147E-02  0.144E-01  0.390E-04   136
     -2  0.17851E+01  0.513E-03  0.171E-01  0.118E-04   740
     -1  0.17759E+01  0.461E-03  0.196E-01  0.109E-04  2154
      0  0.17700E+01  0.414E-03  0.224E-01  0.978E-05  3481
      1  0.17762E+01  0.414E-03  0.193E-01  0.953E-05  2412
      2  0.17861E+01  0.654E-03  0.175E-01  0.134E-04   880
      3  0.17942E+01  0.113E-02  0.146E-01  0.338E-04   151
      4  0.18083E+01  0.257E-02  0.118E-01  0.372E-04    22
#     5  0.18173E+01  jk failed  0.655E-02  jk failed     3
&-----------------------------------------------------------
#beta =   5.00   kappa =   0.2387
#  Re(op_pbp_e)                                                    
#
     -4  0.18034E+01  0.623E-02  0.187E-01  0.174E-03    10
     -3  0.17806E+01  0.145E-02  0.164E-01  0.417E-04   102
     -2  0.17660E+01  0.627E-03  0.182E-01  0.197E-04   684
     -1  0.17527E+01  0.414E-03  0.207E-01  0.180E-04  2187
      0  0.17451E+01  0.335E-03  0.245E-01  0.123E-04  3652
      1  0.17539E+01  0.356E-03  0.210E-01  0.132E-04  2390
      2  0.17663E+01  0.574E-03  0.182E-01  0.179E-04   812
      3  0.17807E+01  0.128E-02  0.146E-01  0.172E-04   147
      4  0.17918E+01  0.412E-02  0.149E-01  0.806E-04    14
#     5  0.18009E+01  jk failed  0.154E-01  jk failed     2
&-----------------------------------------------------------
#beta =   5.00   kappa =   0.2400
#  Re(op_pbp_e)                                                    
#
#    -4  0.17921E+01  jk failed  0.164E-01  jk failed     7
     -3  0.17714E+01  0.174E-02  0.161E-01  0.308E-04   119
     -2  0.17574E+01  0.763E-03  0.183E-01  0.182E-04   662
     -1  0.17423E+01  0.452E-03  0.209E-01  0.106E-04  2203
      0  0.17336E+01  0.372E-03  0.255E-01  0.154E-04  3880
      1  0.17433E+01  0.457E-03  0.215E-01  0.151E-04  2332
      2  0.17570E+01  0.591E-03  0.180E-01  0.178E-04   671
      3  0.17717E+01  0.134E-02  0.137E-01  0.253E-04   112
      4  0.17925E+01  0.368E-02  0.133E-01  0.905E-04    14
&-----------------------------------------------------------
#beta =   5.00   kappa =   0.2418
#  Re(op_pbp_e)                                                    
#
     -4  0.17780E+01  0.344E-02  0.119E-01  0.616E-04    13
     -3  0.17607E+01  0.154E-02  0.160E-01  0.509E-04    75
     -2  0.17452E+01  0.841E-03  0.187E-01  0.326E-04   568
     -1  0.17289E+01  0.426E-03  0.218E-01  0.147E-04  2099
      0  0.17162E+01  0.441E-03  0.263E-01  0.182E-04  3996
      1  0.17294E+01  0.545E-03  0.222E-01  0.195E-04  2459
      2  0.17452E+01  0.916E-03  0.192E-01  0.317E-04   681
      3  0.17627E+01  0.142E-02  0.176E-01  0.420E-04   102
#     4  0.17834E+01  jk failed  0.101E-01  jk failed     7
&-----------------------------------------------------------
#beta =   5.00   kappa =   0.2449
#  Re(op_pbp_e)                                                    
#
#    -4  0.17579E+01  jk failed  0.585E-02  jk failed     6
     -3  0.17473E+01  0.209E-02  0.165E-01  0.597E-04    53
     -2  0.17255E+01  0.864E-03  0.192E-01  0.333E-04   493
     -1  0.17035E+01  0.473E-03  0.226E-01  0.206E-04  2052
      0  0.16851E+01  0.335E-03  0.274E-01  0.189E-04  4478
      1  0.17024E+01  0.414E-03  0.216E-01  0.147E-04  2313
      2  0.17255E+01  0.819E-03  0.188E-01  0.377E-04   546
      3  0.17485E+01  0.242E-02  0.179E-01  0.773E-04    58
#     4  0.18004E+01  jk failed  0.000E+00  jk failed     1
&-----------------------------------------------------------
#beta =   5.00   kappa =   0.2480
#  Re(op_pbp_e)                                                    
#
#    -4  0.17455E+01  jk failed  0.823E-02  jk failed     3
     -3  0.17330E+01  0.311E-02  0.166E-01  0.673E-04    48
     -2  0.17041E+01  0.993E-03  0.199E-01  0.488E-04   356
     -1  0.16754E+01  0.478E-03  0.217E-01  0.262E-04  2018
      0  0.16506E+01  0.462E-03  0.278E-01  0.220E-04  5014
      1  0.16761E+01  0.466E-03  0.224E-01  0.260E-04  2138
      2  0.17042E+01  0.799E-03  0.187E-01  0.302E-04   380
      3  0.17333E+01  0.341E-02  0.192E-01  0.107E-03    43
&-----------------------------------------------------------
#beta =   5.00   kappa =   0.2500
#  Re(op_pbp_e)                                                    
#
#    -4  0.17679E+01  jk failed  0.215E-01  jk failed     3
     -3  0.17265E+01  0.590E-02  0.256E-01  0.194E-03    29
     -2  0.16909E+01  0.132E-02  0.197E-01  0.440E-04   264
     -1  0.16589E+01  0.426E-03  0.231E-01  0.238E-04  1906
      0  0.16274E+01  0.424E-03  0.273E-01  0.244E-04  5601
      1  0.16588E+01  0.472E-03  0.214E-01  0.299E-04  1922
      2  0.16925E+01  0.175E-02  0.215E-01  0.735E-04   250
      3  0.17321E+01  0.350E-02  0.182E-01  0.872E-04    25
&-----------------------------------------------------------
#beta =   5.00   kappa =   0.2515
#  Re(op_pbp_e)                                                    
#
     -3  0.17258E+01  0.452E-02  0.169E-01  0.982E-04    15
     -2  0.16815E+01  0.193E-02  0.242E-01  0.828E-04   214
     -1  0.16459E+01  0.476E-03  0.227E-01  0.375E-04  1659
      0  0.16096E+01  0.439E-03  0.259E-01  0.279E-04  5970
      1  0.16463E+01  0.627E-03  0.232E-01  0.319E-04  1871
      2  0.16844E+01  0.165E-02  0.238E-01  0.650E-04   258
      3  0.17149E+01  0.640E-02  0.212E-01  0.159E-03    12
#     4  0.17044E+01  jk failed  0.000E+00  jk failed     1
&-----------------------------------------------------------
#beta =   5.00   kappa =   0.2530
#  Re(op_pbp_e)                                                    
#
     -3  0.17243E+01  0.773E-02  0.256E-01  0.184E-03    12
     -2  0.16769E+01  0.226E-02  0.259E-01  0.124E-03   173
     -1  0.16344E+01  0.632E-03  0.233E-01  0.363E-04  1494
      0  0.15916E+01  0.382E-03  0.246E-01  0.274E-04  6478
      1  0.16345E+01  0.742E-03  0.241E-01  0.515E-04  1644
      2  0.16793E+01  0.220E-02  0.284E-01  0.171E-03   191
#     3  0.17137E+01  jk failed  0.265E-01  jk failed     7
#     4  0.17372E+01  jk failed  0.000E+00  jk failed     1
&-----------------------------------------------------------
#beta =   5.00   kappa =   0.2545
#  Re(op_pbp_e)                                                    
#
#    -3  0.17342E+01  jk failed  0.386E-01  jk failed     6
     -2  0.16672E+01  0.286E-02  0.302E-01  0.124E-03   127
     -1  0.16220E+01  0.750E-03  0.244E-01  0.507E-04  1408
      0  0.15733E+01  0.314E-03  0.232E-01  0.306E-04  6800
      1  0.16211E+01  0.611E-03  0.235E-01  0.385E-04  1505
      2  0.16681E+01  0.247E-02  0.297E-01  0.159E-03   146
#     3  0.17095E+01  jk failed  0.336E-01  jk failed     8
&-----------------------------------------------------------
#beta =   5.00   kappa =   0.2560
#  Re(op_pbp_e)                                                    
#
#    -3  0.17241E+01  jk failed  0.184E-01  jk failed     4
     -2  0.16654E+01  0.483E-02  0.371E-01  0.299E-03    83
     -1  0.16102E+01  0.771E-03  0.277E-01  0.652E-04  1254
      0  0.15552E+01  0.371E-03  0.213E-01  0.387E-04  7256
      1  0.16095E+01  0.769E-03  0.273E-01  0.504E-04  1296
      2  0.16630E+01  0.383E-02  0.297E-01  0.153E-03   103
#     3  0.17006E+01  jk failed  0.365E-01  jk failed     4
&-----------------------------------------------------------
#beta =   5.00   kappa =   0.2575
#  Re(op_pbp_e)                                                    
#
#    -3  0.17296E+01  jk failed  0.550E-01  jk failed     8
     -2  0.16577E+01  0.542E-02  0.417E-01  0.421E-03    50
     -1  0.15973E+01  0.107E-02  0.308E-01  0.629E-04  1063
      0  0.15372E+01  0.273E-03  0.196E-01  0.374E-04  7674
      1  0.15967E+01  0.620E-03  0.292E-01  0.465E-04  1122
      2  0.16684E+01  0.510E-02  0.421E-01  0.235E-03    81
#     3  0.17191E+01  jk failed  0.553E-01  jk failed     2
&-----------------------------------------------------------
#beta =   5.00   kappa =   0.2590
#  Re(op_pbp_e)                                                    
#
     -2  0.16602E+01  0.846E-02  0.395E-01  0.346E-03    32
     -1  0.15855E+01  0.959E-03  0.346E-01  0.129E-03   805
      0  0.15180E+01  0.199E-03  0.144E-01  0.268E-04  8281
      1  0.15846E+01  0.116E-02  0.343E-01  0.925E-04   844
      2  0.16735E+01  0.118E-01  0.601E-01  0.145E-02    38
&-----------------------------------------------------------
#beta =   5.00   kappa =   0.2605
#  Re(op_pbp_e)                                                    
#
     -2  0.16368E+01  0.182E-01  0.714E-01  0.342E-02    25
     -1  0.15709E+01  0.129E-02  0.349E-01  0.685E-04   624
      0  0.15003E+01  0.225E-03  0.133E-01  0.362E-04  8682
      1  0.15722E+01  0.136E-02  0.350E-01  0.109E-03   641
      2  0.16441E+01  0.840E-02  0.426E-01  0.393E-03    26
#     3  0.16998E+01  jk failed  0.482E-01  jk failed     2
&-----------------------------------------------------------
#beta =   5.00   kappa =   0.2620
#  Re(op_pbp_e)                                                    
#
#    -2  0.16276E+01  jk failed  0.415E-01  jk failed     6
     -1  0.15543E+01  0.186E-02  0.375E-01  0.220E-03   451
      0  0.14820E+01  0.101E-03  0.103E-01  0.127E-04  9046
      1  0.15558E+01  0.183E-02  0.378E-01  0.126E-03   485
      2  0.16302E+01  0.159E-01  0.529E-01  0.134E-02    12
&-----------------------------------------------------------
#beta =   5.00   kappa =   0.2625
#  Re(op_pbp_e)                                                    
#
#    -2  0.16191E+01  jk failed  0.552E-01  jk failed     8
     -1  0.15528E+01  0.192E-02  0.414E-01  0.209E-03   420
      0  0.14759E+01  0.115E-03  0.981E-02  0.887E-05  9198
      1  0.15466E+01  0.247E-02  0.362E-01  0.168E-03   370
#     2  0.16216E+01  jk failed  0.466E-01  jk failed     4
&-----------------------------------------------------------
#beta =   5.00   kappa =   0.2630
#  Re(op_pbp_e)                                                    
#
#    -2  0.16551E+01  jk failed  0.843E-01  jk failed     4
     -1  0.15432E+01  0.261E-02  0.456E-01  0.472E-03   340
      0  0.14700E+01  0.915E-04  0.103E-01  0.133E-04  9306
      1  0.15444E+01  0.209E-02  0.386E-01  0.181E-03   336
      2  0.16955E+01  0.348E-01  0.126E+00  0.798E-02    14
&-----------------------------------------------------------
#beta =   5.00   kappa =   0.2635
#  Re(op_pbp_e)                                                    
#
#    -2  0.15893E+01  jk failed  0.342E-01  jk failed     4
     -1  0.15378E+01  0.248E-02  0.376E-01  0.166E-03   290
      0  0.14640E+01  0.989E-04  0.999E-02  0.106E-04  9356
      1  0.15362E+01  0.208E-02  0.360E-01  0.157E-03   348
#     2  0.16318E+01  jk failed  0.201E-01  jk failed     2
&-----------------------------------------------------------
