# pion mass (\sigma_1)
"*"
   10  64  3.00  0.2350  0.6747934533735374E+00  0.9154885702803092E-03  10000
   10  64  3.00  0.2375  0.6402891276497313E+00  0.8023595429283904E-03  10000
   10  64  3.00  0.2400  0.6036022515346879E+00  0.8748343715910982E-03  10000
   10  64  3.00  0.2425  0.5707741389977723E+00  0.2144132939652934E-02  10000
   10  64  3.00  0.2450  0.5350725579605397E+00  0.1202498530792561E-02  10000
   10  64  3.00  0.2475  0.5019607783488875E+00  0.2516948312245264E-02  10000
   10  64  3.00  0.2500  0.4675245234753913E+00  0.1592176704763905E-02  10000
   10  64  3.00  0.2525  0.4358899914191119E+00  0.1734554667345144E-02  10000
   10  64  3.00  0.2550  0.4070188487676564E+00  0.1976077951755975E-02  10000
   10  64  3.00  0.2575  0.3764822689554826E+00  0.2848530304026791E-02  10000
   10  64  3.00  0.2590  0.3629105542815166E+00  0.3722476781492730E-02  10000
   10  64  3.00  0.2600  0.3549105886586382E+00  0.5849259712534775E-02  10000
   10  64  3.00  0.2605  0.3461137328136170E+00  0.1174271925533756E-01  10000
   10  64  3.00  0.2620  0.3460559145506023E+00  0.7594237943886971E-02  10000
   10  64  3.00  0.2625  0.3485468425206116E+00  0.1078215839827410E-01  10000
   10  64  3.00  0.2630  0.3492703644213072E+00  0.1991723224875340E-01  10000
   10  64  3.00  0.2635  0.3440837371275322E+00  0.3025435834098102E-01  10000
   10  64  3.00  0.2650  0.3387340665727738E+00  0.3629046541770061E-01  10000
   10  64  3.00  0.2675  0.4455663199879351E+00  0.1092095346768652E+03  10000
   10  64  3.00  0.2700  0.3196684003994289E+00  0.5387186334059832E-01  10000


# pseudoscalar mass (\sigma_3)
"*"
   10  64  3.00  0.2350  0.6748080216570999E+00  0.8701622478492679E-03  10000
   10  64  3.00  0.2375  0.6403182538829879E+00  0.7848749654906963E-03  10000
   10  64  3.00  0.2400  0.6035844638995049E+00  0.7833241001920654E-03  10000
   10  64  3.00  0.2425  0.5703986948799172E+00  0.2097550431526224E-02  10000
   10  64  3.00  0.2450  0.5352004699809767E+00  0.1237633204373693E-02  10000
   10  64  3.00  0.2475  0.5018981519482669E+00  0.2633305819719765E-02  10000
   10  64  3.00  0.2500  0.4673366626065019E+00  0.1618779137309517E-02  10000
   10  64  3.00  0.2525  0.4366330429169719E+00  0.3032111551562569E-02  10000
   10  64  3.00  0.2550  0.4066465921272285E+00  0.1986927853434423E-02  10000
   10  64  3.00  0.2575  0.3772227426032829E+00  0.2854385334938116E-02  10000
   10  64  3.00  0.2590  0.3636661801911850E+00  0.1986749511947654E-02  10000
   10  64  3.00  0.2600  0.3552823030091045E+00  0.4150879199691063E-02  10000
   10  64  3.00  0.2605  0.3532411433587823E+00  0.2809892385012820E-02  10000
   10  64  3.00  0.2620  0.3466457081786187E+00  0.7361559054609044E-02  10000
   10  64  3.00  0.2625  0.3448051796178679E+00  0.2567778454079885E-02  10000
   10  64  3.00  0.2630  0.3468338026982241E+00  0.6933170509916165E-02  10000
   10  64  3.00  0.2635  0.3451916660855668E+00  0.5246670562835495E-02  10000
   10  64  3.00  0.2650  0.3428625213555282E+00  0.5027366825513861E-02  10000
   10  64  3.00  0.2675  0.3493062212791955E+00  0.7516001677028383E-02  10000
   10  64  3.00  0.2700  0.3581060411656233E+00  0.1327061963962953E-01  10000


# eta mass (\sigma_1)
"*"
   10  64  3.00  0.2350  0.7236838799560887E+00  0.8000808984624929E+02  10000
   10  64  3.00  0.2375  0.7543060189560487E+00  0.3099581537768558E+00  10000
   10  64  3.00  0.2400  0.6624054210877205E+00  0.2520859437192398E+02  10000
   10  64  3.00  0.2425                     NaN                     NaN  10000
   10  64  3.00  0.2450  0.5980843909427962E+00  0.9124796327528687E+00  10000
   10  64  3.00  0.2475                     NaN                     NaN  10000
   10  64  3.00  0.2500  0.5482652119608686E+00  0.9823183271389671E+02  10000
   10  64  3.00  0.2525  0.5261469736269324E+00  0.5781841935657739E+02  10000
   10  64  3.00  0.2550  0.4932258000735694E+00  0.4511046091038023E+02  10000
   10  64  3.00  0.2575  0.4517605936146094E+00  0.7712167572292513E+02  10000
   10  64  3.00  0.2590  0.4573082992118203E+00  0.6070339128462646E+02  10000
   10  64  3.00  0.2600  0.4561570984963398E+00  0.8527402842540023E+02  10000
   10  64  3.00  0.2605  0.5040986620738893E+00  0.5829949713570133E+02  10000
   10  64  3.00  0.2620  0.1645120600855050E+00  0.1151774229700482E+03  10000
   10  64  3.00  0.2625                     NaN                     NaN  10000
   10  64  3.00  0.2630  0.4510406710651692E+00  0.6318440500836207E+02  10000
   10  64  3.00  0.2635  0.4262993926007925E+00  0.1237269102142940E+03  10000
   10  64  3.00  0.2650  0.4709902232422369E+00  0.1192461784883572E+03  10000
   10  64  3.00  0.2675                     NaN                     NaN  10000
   10  64  3.00  0.2700  0.8447338824479195E-01  0.1063965714501106E+03  10000

