# fermion mass from PCAC relation
"m"
   10  64  3.00  0.2350  0.2389379713141804E+00  0.3731778683331028E-02  10000
   10  64  3.00  0.2375  0.2204058792623403E+00  0.4291361916767325E-02  10000
   10  64  3.00  0.2400  0.2015800372839644E+00  0.2762204791157763E-02  10000
   10  64  3.00  0.2425  0.1837157292924999E+00  0.4067657751362391E-02  10000
   10  64  3.00  0.2450  0.1655770214484313E+00  0.2985226818994902E-02  10000
   10  64  3.00  0.2475  0.1474290927518276E+00  0.3028656405443380E-02  10000
   10  64  3.00  0.2500  0.1292734295727737E+00  0.2814440038652975E-02  10000
   10  64  3.00  0.2525  0.1115030416591118E+00  0.3112955997649226E-02  10000
   10  64  3.00  0.2550  0.9372069595978368E-01  0.3040579115032679E-02  10000
   10  64  3.00  0.2575  0.7607324219086457E-01  0.2697175093653794E-02  10000
   10  64  3.00  0.2590  0.6534503930253610E-01  0.3254578436541158E-02  10000
   10  64  3.00  0.2600  0.5887696887481658E-01  0.2650706991103272E-02  10000
   10  64  3.00  0.2605  0.5548289343848546E-01  0.2917210257912899E-02  10000
   10  64  3.00  0.2620  0.4560412568143180E-01  0.3136777007003948E-02  10000
   10  64  3.00  0.2625  0.4245616553284373E-01  0.2116818165808115E-02  10000
   10  64  3.00  0.2630  0.3907853513015318E-01  0.2692756934297070E-02  10000
   10  64  3.00  0.2635  0.3589711285850425E-01  0.3241208068554699E-02  10000
   10  64  3.00  0.2650  0.2528310897146232E-01  0.2721634580677423E-02  10000
   10  64  3.00  0.2675  0.6568596920630952E-02  0.2182684393325684E-02  10000
   10  64  3.00  0.2700 -0.1596278140372897E-01  0.4497122494530164E-02  10000

