#-----------------------------------------------------------
#beta =   3.00   kappa =   0.2350
#  Re(op_pbp_e)                                                    
#
#    -9  0.18526E+01  jk failed  0.280E-02  jk failed     2
#    -8  0.18576E+01  jk failed  0.266E-02  jk failed     5
     -7  0.18557E+01  0.873E-03  0.349E-02  0.320E-05    25
     -6  0.18522E+01  0.639E-03  0.541E-02  0.422E-05    64
     -5  0.18507E+01  0.464E-03  0.673E-02  0.440E-05   173
     -4  0.18490E+01  0.329E-03  0.663E-02  0.300E-05   400
     -3  0.18483E+01  0.263E-03  0.630E-02  0.223E-05   741
     -2  0.18473E+01  0.191E-03  0.664E-02  0.240E-05  1153
     -1  0.18466E+01  0.164E-03  0.684E-02  0.167E-05  1448
      0  0.18466E+01  0.143E-03  0.688E-02  0.236E-05  1615
      1  0.18467E+01  0.190E-03  0.672E-02  0.173E-05  1589
      2  0.18475E+01  0.199E-03  0.638E-02  0.125E-05  1237
      3  0.18478E+01  0.222E-03  0.660E-02  0.240E-05   744
      4  0.18495E+01  0.246E-03  0.604E-02  0.208E-05   439
      5  0.18506E+01  0.366E-03  0.556E-02  0.397E-05   226
      6  0.18526E+01  0.616E-03  0.616E-02  0.514E-05    98
      7  0.18528E+01  0.138E-02  0.593E-02  0.130E-04    35
#     8  0.18562E+01  jk failed  0.485E-02  jk failed     5
#    10  0.18584E+01  jk failed  0.000E+00  jk failed     1
&-----------------------------------------------------------
#beta =   3.00   kappa =   0.2375
#  Re(op_pbp_e)                                                    
#
#    -8  0.18479E+01  jk failed  0.620E-02  jk failed     4
     -7  0.18470E+01  0.146E-02  0.621E-02  0.106E-04    19
     -6  0.18432E+01  0.798E-03  0.533E-02  0.582E-05    62
     -5  0.18405E+01  0.604E-03  0.734E-02  0.492E-05   155
     -4  0.18394E+01  0.397E-03  0.711E-02  0.307E-05   372
     -3  0.18380E+01  0.240E-03  0.742E-02  0.345E-05   729
     -2  0.18374E+01  0.214E-03  0.741E-02  0.278E-05  1144
     -1  0.18370E+01  0.178E-03  0.774E-02  0.206E-05  1541
      0  0.18367E+01  0.151E-03  0.785E-02  0.190E-05  1695
      1  0.18365E+01  0.208E-03  0.779E-02  0.250E-05  1613
      2  0.18374E+01  0.201E-03  0.758E-02  0.250E-05  1155
      3  0.18385E+01  0.278E-03  0.740E-02  0.257E-05   783
      4  0.18401E+01  0.427E-03  0.712E-02  0.321E-05   411
      5  0.18416E+01  0.520E-03  0.682E-02  0.473E-05   199
      6  0.18442E+01  0.855E-03  0.666E-02  0.666E-05    78
      7  0.18426E+01  0.109E-02  0.570E-02  0.802E-05    26
      8  0.18459E+01  0.180E-02  0.539E-02  0.139E-04    10
#     9  0.18507E+01  jk failed  0.461E-02  jk failed     4
&-----------------------------------------------------------
#beta =   3.00   kappa =   0.2400
#  Re(op_pbp_e)                                                    
#
#   -12  0.18560E+01  jk failed  0.000E+00  jk failed     1
#    -9  0.18456E+01  jk failed  0.000E+00  jk failed     1
#    -8  0.18369E+01  jk failed  0.365E-02  jk failed     6
     -7  0.18362E+01  0.152E-02  0.657E-02  0.155E-04    27
     -6  0.18347E+01  0.801E-03  0.643E-02  0.665E-05    69
     -5  0.18311E+01  0.561E-03  0.773E-02  0.527E-05   170
     -4  0.18283E+01  0.491E-03  0.880E-02  0.469E-05   380
     -3  0.18281E+01  0.277E-03  0.865E-02  0.336E-05   682
     -2  0.18268E+01  0.236E-03  0.882E-02  0.284E-05  1117
     -1  0.18254E+01  0.208E-03  0.909E-02  0.316E-05  1591
      0  0.18254E+01  0.195E-03  0.950E-02  0.372E-05  1705
      1  0.18256E+01  0.194E-03  0.906E-02  0.357E-05  1540
      2  0.18267E+01  0.238E-03  0.911E-02  0.331E-05  1236
      3  0.18280E+01  0.360E-03  0.857E-02  0.396E-05   741
      4  0.18292E+01  0.367E-03  0.828E-02  0.418E-05   435
      5  0.18317E+01  0.681E-03  0.828E-02  0.699E-05   191
      6  0.18329E+01  0.781E-03  0.752E-02  0.655E-05    83
      7  0.18361E+01  0.130E-02  0.538E-02  0.163E-04    18
#     8  0.18417E+01  jk failed  0.284E-02  jk failed     5
#     9  0.18438E+01  jk failed  0.000E+00  jk failed     1
#    10  0.18508E+01  jk failed  0.000E+00  jk failed     1
&-----------------------------------------------------------
#beta =   3.00   kappa =   0.2425
#  Re(op_pbp_e)                                                    
#
#   -10  0.18363E+01  jk failed  0.000E+00  jk failed     1
#    -9  0.18302E+01  jk failed  0.000E+00  jk failed     1
#    -8  0.18281E+01  jk failed  0.407E-02  jk failed     3
     -7  0.18277E+01  0.179E-02  0.799E-02  0.180E-04    21
     -6  0.18242E+01  0.949E-03  0.835E-02  0.130E-04    60
     -5  0.18206E+01  0.828E-03  0.950E-02  0.858E-05   145
     -4  0.18183E+01  0.462E-03  0.968E-02  0.683E-05   338
     -3  0.18167E+01  0.411E-03  0.986E-02  0.422E-05   733
     -2  0.18154E+01  0.315E-03  0.103E-01  0.338E-05  1197
     -1  0.18137E+01  0.271E-03  0.101E-01  0.305E-05  1553
      0  0.18135E+01  0.254E-03  0.109E-01  0.390E-05  1696
      1  0.18141E+01  0.247E-03  0.105E-01  0.331E-05  1576
      2  0.18148E+01  0.251E-03  0.102E-01  0.456E-05  1225
      3  0.18170E+01  0.399E-03  0.997E-02  0.652E-05   787
      4  0.18187E+01  0.475E-03  0.925E-02  0.424E-05   425
      5  0.18206E+01  0.891E-03  0.892E-02  0.119E-04   167
      6  0.18262E+01  0.127E-02  0.999E-02  0.233E-04    48
      7  0.18287E+01  0.195E-02  0.892E-02  0.273E-04    22
#     8  0.18312E+01  jk failed  0.000E+00  jk failed     1
#    11  0.18504E+01  jk failed  0.000E+00  jk failed     1
&-----------------------------------------------------------
#beta =   3.00   kappa =   0.2450
#  Re(op_pbp_e)                                                    
#
#    -9  0.18259E+01  jk failed  0.988E-02  jk failed     3
#    -8  0.18152E+01  jk failed  0.554E-02  jk failed     3
     -7  0.18192E+01  0.292E-02  0.877E-02  0.208E-04    10
     -6  0.18120E+01  0.149E-02  0.840E-02  0.158E-04    41
     -5  0.18104E+01  0.965E-03  0.108E-01  0.121E-04   128
     -4  0.18080E+01  0.629E-03  0.103E-01  0.774E-05   359
     -3  0.18047E+01  0.472E-03  0.117E-01  0.531E-05   724
     -2  0.18018E+01  0.345E-03  0.124E-01  0.807E-05  1167
     -1  0.18010E+01  0.260E-03  0.125E-01  0.551E-05  1619
      0  0.18006E+01  0.297E-03  0.122E-01  0.407E-05  1737
      1  0.18012E+01  0.243E-03  0.126E-01  0.414E-05  1624
      2  0.18021E+01  0.472E-03  0.126E-01  0.842E-05  1212
      3  0.18038E+01  0.398E-03  0.114E-01  0.687E-05   766
      4  0.18069E+01  0.674E-03  0.112E-01  0.831E-05   366
      5  0.18102E+01  0.106E-02  0.971E-02  0.115E-04   157
      6  0.18135E+01  0.108E-02  0.961E-02  0.223E-04    61
      7  0.18196E+01  0.219E-02  0.877E-02  0.374E-04    17
#     8  0.18242E+01  jk failed  0.289E-02  jk failed     6
&-----------------------------------------------------------
#beta =   3.00   kappa =   0.2475
#  Re(op_pbp_e)                                                    
#
#    -8  0.18140E+01  jk failed  0.164E-01  jk failed     3
     -7  0.18019E+01  0.309E-02  0.124E-01  0.510E-04    17
     -6  0.18033E+01  0.141E-02  0.964E-02  0.197E-04    44
     -5  0.17974E+01  0.114E-02  0.111E-01  0.224E-04   130
     -4  0.17946E+01  0.529E-03  0.119E-01  0.966E-05   359
     -3  0.17896E+01  0.483E-03  0.135E-01  0.798E-05   707
     -2  0.17876E+01  0.455E-03  0.145E-01  0.612E-05  1098
     -1  0.17866E+01  0.250E-03  0.147E-01  0.786E-05  1557
      0  0.17857E+01  0.449E-03  0.147E-01  0.744E-05  1855
      1  0.17860E+01  0.362E-03  0.148E-01  0.831E-05  1653
      2  0.17880E+01  0.358E-03  0.141E-01  0.705E-05  1247
      3  0.17911E+01  0.437E-03  0.138E-01  0.115E-04   757
      4  0.17939E+01  0.788E-03  0.131E-01  0.112E-04   350
      5  0.17988E+01  0.841E-03  0.110E-01  0.123E-04   159
      6  0.18045E+01  0.160E-02  0.101E-01  0.224E-04    44
      7  0.18075E+01  0.316E-02  0.114E-01  0.360E-04    14
#     8  0.18166E+01  jk failed  0.708E-02  jk failed     6
&-----------------------------------------------------------
#beta =   3.00   kappa =   0.2500
#  Re(op_pbp_e)                                                    
#
#    -7  0.17987E+01  jk failed  0.140E-01  jk failed     9
     -6  0.17929E+01  0.253E-02  0.135E-01  0.411E-04    42
     -5  0.17873E+01  0.119E-02  0.136E-01  0.321E-04   129
     -4  0.17787E+01  0.103E-02  0.155E-01  0.168E-04   290
     -3  0.17756E+01  0.636E-03  0.165E-01  0.170E-04   651
     -2  0.17726E+01  0.498E-03  0.172E-01  0.120E-04  1139
     -1  0.17705E+01  0.475E-03  0.174E-01  0.107E-04  1716
      0  0.17683E+01  0.535E-03  0.179E-01  0.950E-05  1883
      1  0.17693E+01  0.472E-03  0.180E-01  0.102E-04  1708
      2  0.17718E+01  0.452E-03  0.168E-01  0.116E-04  1290
      3  0.17767E+01  0.557E-03  0.157E-01  0.135E-04   670
      4  0.17807E+01  0.921E-03  0.154E-01  0.185E-04   317
      5  0.17861E+01  0.122E-02  0.131E-01  0.250E-04   110
      6  0.17972E+01  0.315E-02  0.153E-01  0.772E-04    38
#     7  0.18036E+01  jk failed  0.771E-02  jk failed     7
#     8  0.17868E+01  jk failed  0.000E+00  jk failed     1
&-----------------------------------------------------------
#beta =   3.00   kappa =   0.2525
#  Re(op_pbp_e)                                                    
#
     -7  0.17821E+01  0.380E-02  0.152E-01  0.658E-04    17
     -6  0.17812E+01  0.346E-02  0.144E-01  0.686E-04    31
     -5  0.17700E+01  0.167E-02  0.164E-01  0.613E-04    93
     -4  0.17675E+01  0.888E-03  0.180E-01  0.247E-04   241
     -3  0.17596E+01  0.854E-03  0.194E-01  0.184E-04   634
     -2  0.17543E+01  0.693E-03  0.208E-01  0.157E-04  1130
     -1  0.17505E+01  0.511E-03  0.216E-01  0.158E-04  1704
      0  0.17496E+01  0.418E-03  0.225E-01  0.110E-04  2034
      1  0.17501E+01  0.430E-03  0.217E-01  0.134E-04  1769
      2  0.17543E+01  0.625E-03  0.199E-01  0.162E-04  1272
      3  0.17602E+01  0.672E-03  0.200E-01  0.253E-04   674
      4  0.17668E+01  0.780E-03  0.176E-01  0.244E-04   282
      5  0.17739E+01  0.134E-02  0.121E-01  0.189E-04    84
      6  0.17803E+01  0.287E-02  0.131E-01  0.377E-04    28
#     7  0.18049E+01  jk failed  0.888E-04  jk failed     2
#     8  0.17930E+01  jk failed  0.119E-01  jk failed     5
&-----------------------------------------------------------
#beta =   3.00   kappa =   0.2550
#  Re(op_pbp_e)                                                    
#
#    -8  0.17932E+01  jk failed  0.000E+00  jk failed     1
#    -7  0.17704E+01  jk failed  0.123E-01  jk failed     3
     -6  0.17682E+01  0.617E-02  0.231E-01  0.148E-03    15
     -5  0.17586E+01  0.220E-02  0.184E-01  0.858E-04    64
     -4  0.17494E+01  0.138E-02  0.182E-01  0.298E-04   207
     -3  0.17423E+01  0.688E-03  0.238E-01  0.337E-04   525
     -2  0.17328E+01  0.721E-03  0.242E-01  0.192E-04  1190
     -1  0.17275E+01  0.613E-03  0.260E-01  0.202E-04  1824
      0  0.17257E+01  0.635E-03  0.277E-01  0.178E-04  2130
      1  0.17282E+01  0.692E-03  0.265E-01  0.188E-04  1808
      2  0.17340E+01  0.654E-03  0.247E-01  0.186E-04  1290
      3  0.17415E+01  0.823E-03  0.218E-01  0.253E-04   594
      4  0.17487E+01  0.140E-02  0.217E-01  0.397E-04   245
      5  0.17640E+01  0.254E-02  0.183E-01  0.467E-04    77
      6  0.17757E+01  0.426E-02  0.176E-01  0.862E-04    18
#     7  0.17899E+01  jk failed  0.186E-01  jk failed     7
#     8  0.17819E+01  jk failed  0.129E-02  jk failed     2
&-----------------------------------------------------------
#beta =   3.00   kappa =   0.2575
#  Re(op_pbp_e)                                                    
#
#    -8  0.17801E+01  jk failed  0.000E+00  jk failed     1
#    -7  0.17926E+01  jk failed  0.276E-01  jk failed     3
     -6  0.17694E+01  0.790E-02  0.262E-01  0.311E-03    12
     -5  0.17546E+01  0.439E-02  0.239E-01  0.124E-03    40
     -4  0.17347E+01  0.225E-02  0.273E-01  0.688E-04   192
     -3  0.17228E+01  0.915E-03  0.278E-01  0.561E-04   513
     -2  0.17086E+01  0.105E-02  0.293E-01  0.363E-04  1114
     -1  0.17006E+01  0.850E-03  0.327E-01  0.326E-04  1982
      0  0.16971E+01  0.809E-03  0.337E-01  0.294E-04  2327
      1  0.17018E+01  0.596E-03  0.324E-01  0.328E-04  1907
      2  0.17091E+01  0.915E-03  0.287E-01  0.279E-04  1184
      3  0.17203E+01  0.990E-03  0.283E-01  0.485E-04   484
      4  0.17321E+01  0.205E-02  0.259E-01  0.655E-04   174
      5  0.17476E+01  0.379E-02  0.246E-01  0.845E-04    56
#     6  0.17567E+01  jk failed  0.224E-01  jk failed     7
#     7  0.17801E+01  jk failed  0.181E-01  jk failed     4
&-----------------------------------------------------------
#beta =   3.00   kappa =   0.2590
#  Re(op_pbp_e)                                                    
#
#    -7  0.17682E+01  jk failed  0.000E+00  jk failed     1
#    -6  0.17626E+01  jk failed  0.730E-02  jk failed     4
     -5  0.17391E+01  0.717E-02  0.361E-01  0.599E-03    36
     -4  0.17246E+01  0.192E-02  0.276E-01  0.101E-03   128
     -3  0.17069E+01  0.148E-02  0.308E-01  0.648E-04   443
     -2  0.16920E+01  0.103E-02  0.322E-01  0.456E-04  1144
     -1  0.16807E+01  0.965E-03  0.355E-01  0.471E-04  1991
      0  0.16748E+01  0.799E-03  0.377E-01  0.439E-04  2455
      1  0.16809E+01  0.729E-03  0.355E-01  0.308E-04  2064
      2  0.16917E+01  0.118E-02  0.333E-01  0.601E-04  1098
      3  0.17075E+01  0.157E-02  0.294E-01  0.645E-04   448
      4  0.17245E+01  0.327E-02  0.315E-01  0.932E-04   153
      5  0.17493E+01  0.586E-02  0.263E-01  0.247E-03    28
#     6  0.17530E+01  jk failed  0.220E-01  jk failed     6
#     7  0.17372E+01  jk failed  0.000E+00  jk failed     1
&-----------------------------------------------------------
#beta =   3.00   kappa =   0.2600
#  Re(op_pbp_e)                                                    
#
#    -7  0.17905E+01  jk failed  0.000E+00  jk failed     1
#    -6  0.17335E+01  jk failed  0.491E-01  jk failed     4
     -5  0.17414E+01  0.629E-02  0.274E-01  0.165E-03    20
     -4  0.17134E+01  0.234E-02  0.295E-01  0.103E-03   118
     -3  0.16960E+01  0.127E-02  0.321E-01  0.878E-04   401
     -2  0.16812E+01  0.960E-03  0.360E-01  0.697E-04  1008
     -1  0.16668E+01  0.649E-03  0.392E-01  0.488E-04  2063
      0  0.16593E+01  0.795E-03  0.421E-01  0.592E-04  2709
      1  0.16663E+01  0.762E-03  0.370E-01  0.411E-04  2038
      2  0.16819E+01  0.113E-02  0.349E-01  0.545E-04  1113
      3  0.16986E+01  0.181E-02  0.330E-01  0.876E-04   387
      4  0.17162E+01  0.316E-02  0.292E-01  0.119E-03   111
      5  0.17172E+01  0.667E-02  0.313E-01  0.217E-03    23
#     6  0.17781E+01  jk failed  0.125E-01  jk failed     4
&-----------------------------------------------------------
#beta =   3.00   kappa =   0.2605
#  Re(op_pbp_e)                                                    
#
#    -6  0.17284E+01  jk failed  0.000E+00  jk failed     1
     -5  0.17450E+01  0.777E-02  0.291E-01  0.239E-03    15
     -4  0.17112E+01  0.428E-02  0.307E-01  0.140E-03    85
     -3  0.16915E+01  0.188E-02  0.335E-01  0.105E-03   351
     -2  0.16733E+01  0.114E-02  0.354E-01  0.792E-04  1052
     -1  0.16583E+01  0.737E-03  0.383E-01  0.597E-04  2128
      0  0.16505E+01  0.104E-02  0.434E-01  0.416E-04  2727
      1  0.16583E+01  0.763E-03  0.385E-01  0.414E-04  2063
      2  0.16743E+01  0.112E-02  0.350E-01  0.490E-04  1065
      3  0.16900E+01  0.210E-02  0.347E-01  0.592E-04   385
      4  0.17126E+01  0.258E-02  0.300E-01  0.119E-03   105
      5  0.17383E+01  0.774E-02  0.328E-01  0.349E-03    19
#     6  0.17658E+01  jk failed  0.505E-01  jk failed     2
#     7  0.17827E+01  jk failed  0.825E-02  jk failed     2
&-----------------------------------------------------------
#beta =   3.00   kappa =   0.2620
#  Re(op_pbp_e)                                                    
#
#    -6  0.17565E+01  jk failed  0.165E-01  jk failed     2
     -5  0.17385E+01  0.784E-02  0.314E-01  0.311E-03    17
     -4  0.16982E+01  0.453E-02  0.327E-01  0.227E-03    70
     -3  0.16764E+01  0.203E-02  0.363E-01  0.915E-04   304
     -2  0.16537E+01  0.150E-02  0.392E-01  0.717E-04   941
     -1  0.16331E+01  0.727E-03  0.411E-01  0.522E-04  2182
      0  0.16214E+01  0.879E-03  0.468E-01  0.589E-04  3007
      1  0.16315E+01  0.939E-03  0.407E-01  0.592E-04  2191
      2  0.16526E+01  0.974E-03  0.383E-01  0.823E-04   919
      3  0.16693E+01  0.249E-02  0.363E-01  0.132E-03   277
      4  0.17048E+01  0.430E-02  0.373E-01  0.339E-03    72
      5  0.17198E+01  0.878E-02  0.329E-01  0.282E-03    15
#     6  0.17384E+01  jk failed  0.225E-01  jk failed     3
&-----------------------------------------------------------
#beta =   3.00   kappa =   0.2625
#  Re(op_pbp_e)                                                    
#
     -5  0.17195E+01  0.103E-01  0.398E-01  0.410E-03    16
     -4  0.16968E+01  0.595E-02  0.422E-01  0.367E-03    56
     -3  0.16703E+01  0.227E-02  0.357E-01  0.133E-03   249
     -2  0.16459E+01  0.148E-02  0.387E-01  0.892E-04   904
     -1  0.16238E+01  0.102E-02  0.427E-01  0.552E-04  2123
      0  0.16084E+01  0.111E-02  0.466E-01  0.555E-04  3240
      1  0.16215E+01  0.797E-03  0.409E-01  0.476E-04  2195
      2  0.16463E+01  0.135E-02  0.390E-01  0.867E-04   895
      3  0.16730E+01  0.233E-02  0.387E-01  0.157E-03   252
      4  0.17033E+01  0.476E-02  0.362E-01  0.307E-03    57
      5  0.16999E+01  0.636E-02  0.211E-01  0.265E-03    12
#     7  0.17585E+01  jk failed  0.000E+00  jk failed     1
&-----------------------------------------------------------
#beta =   3.00   kappa =   0.2630
#  Re(op_pbp_e)                                                    
#
#    -5  0.16990E+01  jk failed  0.390E-01  jk failed     4
     -4  0.16843E+01  0.769E-02  0.398E-01  0.349E-03    36
     -3  0.16674E+01  0.309E-02  0.411E-01  0.138E-03   226
     -2  0.16384E+01  0.122E-02  0.406E-01  0.920E-04   846
     -1  0.16139E+01  0.123E-02  0.427E-01  0.495E-04  2155
      0  0.15975E+01  0.811E-03  0.468E-01  0.566E-04  3349
      1  0.16137E+01  0.773E-03  0.421E-01  0.718E-04  2266
      2  0.16374E+01  0.143E-02  0.393E-01  0.933E-04   854
      3  0.16637E+01  0.245E-02  0.389E-01  0.123E-03   220
      4  0.16821E+01  0.611E-02  0.336E-01  0.244E-03    31
#     5  0.17367E+01  jk failed  0.468E-01  jk failed     9
#     6  0.16964E+01  jk failed  0.337E-01  jk failed     4
&-----------------------------------------------------------
#beta =   3.00   kappa =   0.2635
#  Re(op_pbp_e)                                                    
#
#    -5  0.17384E+01  jk failed  0.449E-01  jk failed     3
     -4  0.16753E+01  0.821E-02  0.345E-01  0.396E-03    32
     -3  0.16539E+01  0.277E-02  0.392E-01  0.123E-03   211
     -2  0.16286E+01  0.158E-02  0.399E-01  0.110E-03   794
     -1  0.16035E+01  0.103E-02  0.416E-01  0.684E-04  2182
      0  0.15835E+01  0.592E-03  0.461E-01  0.569E-04  3528
      1  0.16055E+01  0.764E-03  0.420E-01  0.553E-04  2203
      2  0.16284E+01  0.163E-02  0.407E-01  0.960E-04   801
      3  0.16537E+01  0.329E-02  0.392E-01  0.186E-03   203
      4  0.16744E+01  0.632E-02  0.340E-01  0.448E-03    39
#     5  0.16856E+01  jk failed  0.819E-02  jk failed     2
#     6  0.18433E+01  jk failed  0.000E+00  jk failed     1
#     7  0.17493E+01  jk failed  0.000E+00  jk failed     1
&-----------------------------------------------------------
#beta =   3.00   kappa =   0.2650
#  Re(op_pbp_e)                                                    
#
#    -5  0.16164E+01  jk failed  0.000E+00  jk failed     1
     -4  0.16605E+01  0.104E-01  0.431E-01  0.647E-03    25
     -3  0.16241E+01  0.394E-02  0.372E-01  0.184E-03    96
     -2  0.15977E+01  0.149E-02  0.366E-01  0.733E-04   596
     -1  0.15716E+01  0.921E-03  0.399E-01  0.565E-04  2171
      0  0.15475E+01  0.706E-03  0.445E-01  0.598E-04  4191
      1  0.15729E+01  0.745E-03  0.393E-01  0.457E-04  2120
      2  0.16001E+01  0.187E-02  0.391E-01  0.128E-03   652
      3  0.16321E+01  0.423E-02  0.383E-01  0.223E-03   124
      4  0.16636E+01  0.927E-02  0.425E-01  0.812E-03    22
#     5  0.16547E+01  jk failed  0.411E-01  jk failed     2
&-----------------------------------------------------------
#beta =   3.00   kappa =   0.2675
#  Re(op_pbp_e)                                                    
#
#    -4  0.16415E+01  jk failed  0.000E+00  jk failed     1
     -3  0.15903E+01  0.724E-02  0.427E-01  0.506E-03    43
     -2  0.15568E+01  0.242E-02  0.405E-01  0.115E-03   342
     -1  0.15202E+01  0.696E-03  0.361E-01  0.548E-04  1945
      0  0.14872E+01  0.456E-03  0.364E-01  0.510E-04  5392
      1  0.15198E+01  0.776E-03  0.365E-01  0.716E-04  1879
      2  0.15550E+01  0.260E-02  0.415E-01  0.175E-03   353
      3  0.15961E+01  0.838E-02  0.470E-01  0.752E-03    41
#     4  0.16037E+01  jk failed  0.452E-02  jk failed     2
#     5  0.16695E+01  jk failed  0.563E-01  jk failed     2
&-----------------------------------------------------------
#beta =   3.00   kappa =   0.2700
#  Re(op_pbp_e)                                                    
#
     -3  0.15266E+01  0.183E-01  0.578E-01  0.237E-02    11
     -2  0.15029E+01  0.267E-02  0.351E-01  0.165E-03   153
     -1  0.14651E+01  0.883E-03  0.333E-01  0.614E-04  1468
      0  0.14306E+01  0.685E-03  0.321E-01  0.125E-03  6807
      1  0.14652E+01  0.102E-02  0.322E-01  0.658E-04  1373
      2  0.15006E+01  0.327E-02  0.422E-01  0.297E-03   171
      3  0.15309E+01  0.746E-02  0.298E-01  0.400E-03    17
&-----------------------------------------------------------
