# pion mass (\sigma_1)
"*"
    6  64  4.00  0.2200  0.8607052539947838E+00  0.1827143191632571E-02  10000
    6  64  4.00  0.2231  0.8187533061208530E+00  0.3979009645316614E-02  10000
    6  64  4.00  0.2262  0.7815696331662608E+00  0.2664250028012445E-02  10000
    6  64  4.00  0.2293  0.7500266800736903E+00  0.3676739625571235E-02  10000
    6  64  4.00  0.2324  0.7200175015753978E+00  0.4907367668695762E-02  10000
    6  64  4.00  0.2356  0.6778923902137256E+00  0.6593877646141954E-02  10000
    6  64  4.00  0.2387  0.6531937359754012E+00  0.3655424940677381E-02  10000
    6  64  4.00  0.2418  0.6263167540867822E+00  0.6490459575925034E-02  10000
    6  64  4.00  0.2449  0.6023784878763808E+00  0.8778296028111273E-02  10000
    6  64  4.00  0.2480  0.5954166218988100E+00  0.2371615627420733E-01  10000
    6  64  4.00  0.2500  0.5821323292468560E+00  0.2795612509047988E-01  10000
    6  64  4.00  0.2514  0.5623641329767967E+00  0.4197338607432878E-01  10000
    6  64  4.00  0.2529  0.5679634797425317E+00  0.4083359331686770E-01  10000
    6  64  4.00  0.2543  0.5450371385787341E+00  0.1769839765978607E-01  10000
    6  64  4.00  0.2558  0.5201910155916304E+00  0.9556167565674999E-01  10000
    6  64  4.00  0.2572  0.5780353560987820E+00  0.6311181789723226E-01  10000
    6  64  4.00  0.2587  0.3761249474709563E+00  0.2738640712710823E+00  10000
    6  64  4.00  0.2601  0.6057548047843978E+00  0.3543682646660756E+02  10000
    6  64  4.00  0.2616  0.6386214474790399E+00  0.1215681017478563E+03  10000
    6  64  4.00  0.2630  0.1874184308439766E+01  0.5877577711434376E+02  10000


# pseudoscalar mass (\sigma_3)
"*"
    6  64  4.00  0.2200  0.8608319352419946E+00  0.1712383453979596E-02  10000
    6  64  4.00  0.2231  0.8192734546572760E+00  0.1831481618336361E-02  10000
    6  64  4.00  0.2262  0.7813445611443309E+00  0.2461459740705646E-02  10000
    6  64  4.00  0.2293  0.7499691019028607E+00  0.3554165601716470E-02  10000
    6  64  4.00  0.2324  0.7161748526287700E+00  0.2822500179513756E-02  10000
    6  64  4.00  0.2356  0.6776883299314718E+00  0.6733450031413828E-02  10000
    6  64  4.00  0.2387  0.6529237726303760E+00  0.3684540584926823E-02  10000
    6  64  4.00  0.2418  0.6258587579726022E+00  0.5736666096038368E-02  10000
    6  64  4.00  0.2449  0.6020128509632727E+00  0.9449295003988943E-02  10000
    6  64  4.00  0.2480  0.5938401955000630E+00  0.2180974138941644E-01  10000
    6  64  4.00  0.2500  0.5869296732567546E+00  0.2283679801987527E-01  10000
    6  64  4.00  0.2514  0.5613124174463796E+00  0.2040880026071264E-01  10000
    6  64  4.00  0.2529  0.5528609726679852E+00  0.8108144897022140E-02  10000
    6  64  4.00  0.2543  0.5446475690883318E+00  0.2193249475025156E-01  10000
    6  64  4.00  0.2558  0.5466533355832738E+00  0.3535867156477859E-01  10000
    6  64  4.00  0.2572  0.5880324397793005E+00  0.1772564966974242E-01  10000
    6  64  4.00  0.2587  0.4374666063355248E+00  0.1954867811219151E+00  10000
    6  64  4.00  0.2601  0.5581971640072771E+00  0.1978721126194142E-01  10000
    6  64  4.00  0.2616  0.5843883313275670E+00  0.2133595075555439E-01  10000
    6  64  4.00  0.2630  0.6192288987558006E+00  0.4015071981880276E-01  10000


# eta mass (\sigma_1)
"*"
    6  64  4.00  0.2200                     NaN                     NaN  10000
    6  64  4.00  0.2231 -0.7132822204346817E-01  0.1260259853977515E+03  10000
    6  64  4.00  0.2262  0.8100304507126194E+00  0.5801706351254491E+02  10000
    6  64  4.00  0.2293                     NaN                     NaN  10000
    6  64  4.00  0.2324 -0.7066578201358628E-01  0.8091505720956891E+02  10000
    6  64  4.00  0.2356  0.7405400504853717E-02  0.6297018297288139E+00  10000
    6  64  4.00  0.2387                     NaN                     NaN  10000
    6  64  4.00  0.2418  0.5242635146566380E+00  0.1012014072654726E+03  10000
    6  64  4.00  0.2449 -0.1471256607426191E+00  0.7911619659575180E+02  10000
    6  64  4.00  0.2480  0.4859094276738976E+00  0.8710833491539242E+02  10000
    6  64  4.00  0.2500  0.4708204224727149E+00  0.7174587539536665E+02  10000
    6  64  4.00  0.2514  0.1125365847599861E+00  0.1244087601450135E+03  10000
    6  64  4.00  0.2529  0.4581661055940087E+00  0.5879042976903568E+02  10000
    6  64  4.00  0.2543  0.4428095923078658E+00  0.6905842237169966E+02  10000
    6  64  4.00  0.2558  0.4448953153737729E+00  0.7264249043803115E+02  10000
    6  64  4.00  0.2572  0.4281657834364928E+00  0.1251062513899897E+01  10000
    6  64  4.00  0.2587  0.1846359299158950E+00  0.1580552909767964E+03  10000
    6  64  4.00  0.2601  0.4363688492149726E+00  0.7308593450674876E+02  10000
    6  64  4.00  0.2616  0.5507081054274335E-01  0.8238497763413983E+02  10000
    6  64  4.00  0.2630  0.3474368775451782E+00  0.2519551494804499E+02  10000

