# pion mass (\sigma_1)
"*"
    6  64  4.00  0.2200  0.8610496302198655E+00  0.1667453209527429E-02  10000
    6  64  4.00  0.2231  0.8193894114749123E+00  0.1587352525413026E-02  10000
    6  64  4.00  0.2262  0.7826400476556989E+00  0.1444557011750618E-02  10000
    6  64  4.00  0.2293  0.7506601406898373E+00  0.2779919929143064E-02  10000
    6  64  4.00  0.2324  0.7164103459930437E+00  0.2586494235228684E-02  10000
    6  64  4.00  0.2356  0.6839373496942566E+00  0.3329420129755949E-02  10000
    6  64  4.00  0.2387  0.6531937359754012E+00  0.3655424940677381E-02  10000
    6  64  4.00  0.2418  0.6254319833081756E+00  0.4206156130048889E-02  10000
    6  64  4.00  0.2449  0.6035519386397457E+00  0.4950344857181518E-02  10000
    6  64  4.00  0.2480  0.5866022596618433E+00  0.7711850358237456E-02  10000
    6  64  4.00  0.2500  0.5744858569753456E+00  0.9718653538270701E-02  10000
    6  64  4.00  0.2514  0.5657159713031891E+00  0.2416489400828403E-01  10000
    6  64  4.00  0.2529  0.5552707833113082E+00  0.1056884719591089E-01  10000
    6  64  4.00  0.2543  0.5467182760299968E+00  0.1524318987511143E-01  10000
    6  64  4.00  0.2558  0.5607905307695608E+00  0.3984317071919374E-01  10000
    6  64  4.00  0.2572  0.5759394030007816E+00  0.2923744770943272E-01  10000
    6  64  4.00  0.2587  0.5941627517637086E+00  0.1565452743268671E+00  10000
    6  64  4.00  0.2601  0.5838171796720227E+00  0.1027128661216899E+00  10000
    6  64  4.00  0.2616  0.7850115669839820E+00  0.2757771702637387E+00  10000
    6  64  4.00  0.2630  0.1874184308439766E+01  0.5877577711434376E+02  10000


# pseudoscalar mass (\sigma_3)
"*"
    6  64  4.00  0.2200  0.8609695869659820E+00  0.1604867709048847E-02  10000
    6  64  4.00  0.2231  0.8196776907107484E+00  0.1529721171650663E-02  10000
    6  64  4.00  0.2262  0.7824973554770749E+00  0.1457538466000779E-02  10000
    6  64  4.00  0.2293  0.7511599539932853E+00  0.2598063043706458E-02  10000
    6  64  4.00  0.2324  0.7170702036444120E+00  0.2598873174837289E-02  10000
    6  64  4.00  0.2356  0.6839318626239100E+00  0.3252031872810096E-02  10000
    6  64  4.00  0.2387  0.6541223935693261E+00  0.3161176070339111E-02  10000
    6  64  4.00  0.2418  0.6253054304147013E+00  0.3546802160685028E-02  10000
    6  64  4.00  0.2449  0.6020633459225492E+00  0.3913997733014839E-02  10000
    6  64  4.00  0.2480  0.5865307967192287E+00  0.5633796724304517E-02  10000
    6  64  4.00  0.2500  0.5739811651198010E+00  0.6498661386863920E-02  10000
    6  64  4.00  0.2514  0.5659177475650443E+00  0.1273692901306580E-01  10000
    6  64  4.00  0.2529  0.5558485495132302E+00  0.7215173466658856E-02  10000
    6  64  4.00  0.2543  0.5532337093340410E+00  0.1274629716486318E-01  10000
    6  64  4.00  0.2558  0.5546623470065437E+00  0.1483034884982339E-01  10000
    6  64  4.00  0.2572  0.5748402371552531E+00  0.1304234875990774E-01  10000
    6  64  4.00  0.2587  0.5915800420235289E+00  0.3337254343501222E-01  10000
    6  64  4.00  0.2601  0.5611210498376376E+00  0.1969693460601489E-01  10000
    6  64  4.00  0.2616  0.5893830694218694E+00  0.1159135411453057E-01  10000
    6  64  4.00  0.2630  0.5872495202685397E+00  0.1344181535193981E-01  10000


# eta mass (\sigma_1)
"*"
    6  64  4.00  0.2200                     NaN                     NaN  10000
    6  64  4.00  0.2231  0.8691016518786291E+00  0.8223965470882234E+02  10000
    6  64  4.00  0.2262  0.8100304507126194E+00  0.5801706351254491E+02  10000
    6  64  4.00  0.2293                     NaN                     NaN  10000
    6  64  4.00  0.2324  0.7213720837660849E+00  0.8029154472771540E+02  10000
    6  64  4.00  0.2356 -0.1796639054493088E-02  0.5808799311534663E+00  10000
    6  64  4.00  0.2387                     NaN                     NaN  10000
    6  64  4.00  0.2418  0.6034660603439292E+00  0.4236183442127663E+00  10000
    6  64  4.00  0.2449 -0.6064728548191564E-01  0.6642423365211436E+00  10000
    6  64  4.00  0.2480  0.5276407036617606E+00  0.2732711866025714E+00  10000
    6  64  4.00  0.2500  0.5187126299730810E+00  0.2518620736178811E+02  10000
    6  64  4.00  0.2514  0.5096504374683004E+00  0.2523625300443471E+00  10000
    6  64  4.00  0.2529  0.4927316101599417E+00  0.2534162659744991E+02  10000
    6  64  4.00  0.2543  0.4890034969853457E+00  0.2720978453588060E+00  10000
    6  64  4.00  0.2558  0.4847064022198100E+00  0.5367238589993049E+02  10000
    6  64  4.00  0.2572  0.4368575240731632E+00  0.1578499854874387E+00  10000
    6  64  4.00  0.2587  0.4776493432297266E+00  0.1696338190860890E+00  10000
    6  64  4.00  0.2601  0.4870743784181413E+00  0.5806972250537508E+02  10000
    6  64  4.00  0.2616  0.4668221610729463E+00  0.2704642189385146E+00  10000
    6  64  4.00  0.2630  0.4780492984902097E+00  0.1656851714920292E+00  10000

