# fermion mass from PCAC relation
"m"
    6  64  4.00  0.2200  0.3297628263494030E+00  0.9129579812364478E-02  10000
    6  64  4.00  0.2231  0.3050693438437552E+00  0.9832543859930895E-02  10000
    6  64  4.00  0.2262  0.2812392569474075E+00  0.8072653027340455E-02  10000
    6  64  4.00  0.2293  0.2578098499911371E+00  0.1262537421678408E-01  10000
    6  64  4.00  0.2324  0.2344093073050269E+00  0.9101872198938779E-02  10000
    6  64  4.00  0.2356  0.2106624252622148E+00  0.1179639644236542E-01  10000
    6  64  4.00  0.2387  0.1878609997807005E+00  0.9220217401551921E-02  10000
    6  64  4.00  0.2418  0.1655216909288668E+00  0.1210126130298528E-01  10000
    6  64  4.00  0.2449  0.1428580256109824E+00  0.1430475859276633E-01  10000
    6  64  4.00  0.2480  0.1208113853319398E+00  0.1670874506314341E-01  10000
    6  64  4.00  0.2500  0.1063105189246241E+00  0.1279546059854006E-01  10000
    6  64  4.00  0.2514  0.9632523580786276E-01  0.2547508999184568E-01  10000
    6  64  4.00  0.2529  0.8536095732890424E-01  0.1407038538059264E-01  10000
    6  64  4.00  0.2543  0.7546763503084247E-01  0.1252187462473691E-01  10000
    6  64  4.00  0.2558  0.6481578379261231E-01  0.2559231937227703E-01  10000
    6  64  4.00  0.2572  0.5578068023743298E-01  0.8470349336540265E-02  10000
    6  64  4.00  0.2587  0.4502696984193534E-01  0.4741162046100718E-01  10000
    6  64  4.00  0.2601  0.3504514893572744E-01  0.1161987931852894E-01  10000
    6  64  4.00  0.2616  0.2290860988718220E-01  0.2296403750374537E-01  10000
    6  64  4.00  0.2630  0.1163142828043079E-01  0.5602878677927028E-02  10000

