#-----------------------------------------------------------
#beta =   4.00   kappa =   0.2200
#  Re(op_pbp_e)                                                    
#
#    -6  0.18872E+01  jk failed  0.000E+00  jk failed     1
     -5  0.18805E+01  0.179E-02  0.760E-02  0.172E-04    19
     -4  0.18783E+01  0.958E-03  0.947E-02  0.116E-04   108
     -3  0.18759E+01  0.505E-03  0.978E-02  0.646E-05   390
     -2  0.18735E+01  0.245E-03  0.102E-01  0.423E-05  1112
     -1  0.18721E+01  0.262E-03  0.107E-01  0.345E-05  1994
      0  0.18720E+01  0.213E-03  0.114E-01  0.358E-05  2493
      1  0.18724E+01  0.257E-03  0.110E-01  0.387E-05  2081
      2  0.18742E+01  0.336E-03  0.100E-01  0.319E-05  1180
      3  0.18762E+01  0.558E-03  0.956E-02  0.516E-05   477
      4  0.18798E+01  0.108E-02  0.963E-02  0.124E-04   118
      5  0.18800E+01  0.196E-02  0.899E-02  0.253E-04    22
#     6  0.18875E+01  jk failed  0.511E-02  jk failed     5
&-----------------------------------------------------------
#beta =   4.00   kappa =   0.2231
#  Re(op_pbp_e)                                                    
#
#    -6  0.18810E+01  jk failed  0.000E+00  jk failed     1
     -5  0.18711E+01  0.180E-02  0.764E-02  0.175E-04    19
     -4  0.18672E+01  0.105E-02  0.103E-01  0.137E-04    97
     -3  0.18659E+01  0.538E-03  0.113E-01  0.827E-05   391
     -2  0.18623E+01  0.426E-03  0.120E-01  0.458E-05  1074
     -1  0.18610E+01  0.241E-03  0.123E-01  0.482E-05  1933
      0  0.18594E+01  0.236E-03  0.127E-01  0.447E-05  2609
      1  0.18601E+01  0.297E-03  0.127E-01  0.597E-05  2124
      2  0.18623E+01  0.291E-03  0.117E-01  0.569E-05  1211
      3  0.18650E+01  0.538E-03  0.110E-01  0.797E-05   436
      4  0.18667E+01  0.106E-02  0.107E-01  0.162E-04    89
      5  0.18743E+01  0.266E-02  0.922E-02  0.302E-04    13
#     6  0.18743E+01  jk failed  0.738E-02  jk failed     3
&-----------------------------------------------------------
#beta =   4.00   kappa =   0.2262
#  Re(op_pbp_e)                                                    
#
#    -6  0.18772E+01  jk failed  0.000E+00  jk failed     1
     -5  0.18623E+01  0.223E-02  0.920E-02  0.268E-04    18
     -4  0.18570E+01  0.115E-02  0.970E-02  0.137E-04    91
     -3  0.18523E+01  0.527E-03  0.121E-01  0.120E-04   372
     -2  0.18492E+01  0.411E-03  0.129E-01  0.751E-05  1088
     -1  0.18476E+01  0.298E-03  0.137E-01  0.589E-05  1938
      0  0.18462E+01  0.272E-03  0.143E-01  0.455E-05  2572
      1  0.18470E+01  0.300E-03  0.137E-01  0.523E-05  2180
      2  0.18490E+01  0.464E-03  0.132E-01  0.610E-05  1160
      3  0.18531E+01  0.524E-03  0.120E-01  0.931E-05   451
      4  0.18565E+01  0.106E-02  0.119E-01  0.138E-04   105
      5  0.18611E+01  0.217E-02  0.102E-01  0.327E-04    23
#     6  0.18817E+01  jk failed  0.000E+00  jk failed     1
&-----------------------------------------------------------
#beta =   4.00   kappa =   0.2293
#  Re(op_pbp_e)                                                    
#
#    -6  0.18583E+01  jk failed  0.000E+00  jk failed     1
     -5  0.18467E+01  0.196E-02  0.786E-02  0.189E-04    17
     -4  0.18436E+01  0.179E-02  0.127E-01  0.217E-04    74
     -3  0.18386E+01  0.679E-03  0.122E-01  0.836E-05   348
     -2  0.18345E+01  0.450E-03  0.143E-01  0.635E-05  1026
     -1  0.18315E+01  0.304E-03  0.158E-01  0.940E-05  2119
      0  0.18306E+01  0.258E-03  0.160E-01  0.669E-05  2648
      1  0.18323E+01  0.316E-03  0.157E-01  0.609E-05  2140
      2  0.18356E+01  0.359E-03  0.142E-01  0.907E-05  1147
      3  0.18398E+01  0.588E-03  0.132E-01  0.110E-04   383
      4  0.18465E+01  0.107E-02  0.114E-01  0.220E-04    89
#     5  0.18459E+01  jk failed  0.121E-01  jk failed     8
&-----------------------------------------------------------
#beta =   4.00   kappa =   0.2324
#  Re(op_pbp_e)                                                    
#
#    -6  0.18502E+01  jk failed  0.940E-03  jk failed     2
     -5  0.18377E+01  0.356E-02  0.112E-01  0.451E-04    11
     -4  0.18318E+01  0.165E-02  0.123E-01  0.266E-04    63
     -3  0.18247E+01  0.852E-03  0.139E-01  0.162E-04   314
     -2  0.18196E+01  0.401E-03  0.159E-01  0.100E-04   978
     -1  0.18157E+01  0.422E-03  0.177E-01  0.836E-05  2151
      0  0.18129E+01  0.299E-03  0.188E-01  0.940E-05  2642
      1  0.18150E+01  0.408E-03  0.178E-01  0.702E-05  2265
      2  0.18197E+01  0.459E-03  0.160E-01  0.839E-05  1128
      3  0.18256E+01  0.704E-03  0.151E-01  0.177E-04   361
      4  0.18330E+01  0.151E-02  0.126E-01  0.225E-04    78
#     5  0.18353E+01  jk failed  0.102E-01  jk failed     7
&-----------------------------------------------------------
#beta =   4.00   kappa =   0.2356
#  Re(op_pbp_e)                                                    
#
#    -6  0.18378E+01  jk failed  0.000E+00  jk failed     1
#    -5  0.18235E+01  jk failed  0.593E-02  jk failed     3
     -4  0.18142E+01  0.224E-02  0.131E-01  0.413E-04    58
     -3  0.18072E+01  0.957E-03  0.145E-01  0.146E-04   311
     -2  0.18013E+01  0.463E-03  0.183E-01  0.175E-04  1011
     -1  0.17953E+01  0.353E-03  0.197E-01  0.824E-05  2076
      0  0.17936E+01  0.368E-03  0.212E-01  0.131E-04  2881
      1  0.17960E+01  0.396E-03  0.195E-01  0.957E-05  2164
      2  0.18015E+01  0.581E-03  0.181E-01  0.164E-04  1088
      3  0.18082E+01  0.935E-03  0.154E-01  0.210E-04   337
      4  0.18151E+01  0.224E-02  0.163E-01  0.592E-04    62
#     5  0.18204E+01  jk failed  0.124E-01  jk failed     8
&-----------------------------------------------------------
#beta =   4.00   kappa =   0.2387
#  Re(op_pbp_e)                                                    
#
#    -6  0.18249E+01  jk failed  0.000E+00  jk failed     1
#    -5  0.18159E+01  jk failed  0.736E-02  jk failed     3
     -4  0.18034E+01  0.279E-02  0.168E-01  0.739E-04    47
     -3  0.17918E+01  0.103E-02  0.169E-01  0.236E-04   247
     -2  0.17844E+01  0.768E-03  0.194E-01  0.148E-04   954
     -1  0.17752E+01  0.475E-03  0.218E-01  0.109E-04  2159
      0  0.17705E+01  0.426E-03  0.233E-01  0.146E-04  2956
      1  0.17748E+01  0.458E-03  0.218E-01  0.140E-04  2271
      2  0.17830E+01  0.554E-03  0.187E-01  0.149E-04   980
      3  0.17915E+01  0.109E-02  0.175E-01  0.243E-04   303
      4  0.18005E+01  0.224E-02  0.163E-01  0.569E-04    75
#     5  0.18057E+01  jk failed  0.538E-02  jk failed     4
&-----------------------------------------------------------
#beta =   4.00   kappa =   0.2418
#  Re(op_pbp_e)                                                    
#
#    -5  0.18029E+01  jk failed  0.181E-01  jk failed     4
     -4  0.17865E+01  0.314E-02  0.141E-01  0.597E-04    32
     -3  0.17751E+01  0.131E-02  0.177E-01  0.249E-04   211
     -2  0.17626E+01  0.859E-03  0.205E-01  0.252E-04   830
     -1  0.17518E+01  0.431E-03  0.237E-01  0.164E-04  2196
      0  0.17459E+01  0.415E-03  0.268E-01  0.175E-04  3121
      1  0.17523E+01  0.375E-03  0.239E-01  0.157E-04  2291
      2  0.17629E+01  0.496E-03  0.208E-01  0.209E-04  1001
      3  0.17748E+01  0.111E-02  0.196E-01  0.509E-04   278
      4  0.17853E+01  0.289E-02  0.144E-01  0.437E-04    34
#     5  0.18182E+01  jk failed  0.169E-01  jk failed     2
&-----------------------------------------------------------
#beta =   4.00   kappa =   0.2449
#  Re(op_pbp_e)                                                    
#
#    -5  0.17811E+01  jk failed  0.128E-01  jk failed     2
     -4  0.17741E+01  0.503E-02  0.219E-01  0.251E-03    20
     -3  0.17581E+01  0.141E-02  0.207E-01  0.562E-04   170
     -2  0.17406E+01  0.886E-03  0.222E-01  0.252E-04   745
     -1  0.17253E+01  0.610E-03  0.256E-01  0.218E-04  2185
      0  0.17172E+01  0.536E-03  0.290E-01  0.186E-04  3556
      1  0.17269E+01  0.437E-03  0.262E-01  0.181E-04  2271
      2  0.17389E+01  0.753E-03  0.205E-01  0.273E-04   835
      3  0.17568E+01  0.159E-02  0.208E-01  0.430E-04   190
      4  0.17769E+01  0.492E-02  0.236E-01  0.216E-03    24
#     5  0.17817E+01  jk failed  0.325E-02  jk failed     2
&-----------------------------------------------------------
#beta =   4.00   kappa =   0.2480
#  Re(op_pbp_e)                                                    
#
#    -5  0.17800E+01  jk failed  0.452E-02  jk failed     3
     -4  0.17609E+01  0.589E-02  0.236E-01  0.210E-03    17
     -3  0.17368E+01  0.169E-02  0.206E-01  0.509E-04   136
     -2  0.17170E+01  0.100E-02  0.232E-01  0.437E-04   666
     -1  0.16989E+01  0.491E-03  0.259E-01  0.249E-04  2163
      0  0.16849E+01  0.724E-03  0.324E-01  0.322E-04  3832
      1  0.16974E+01  0.643E-03  0.262E-01  0.235E-04  2365
      2  0.17166E+01  0.776E-03  0.219E-01  0.264E-04   683
      3  0.17387E+01  0.213E-02  0.214E-01  0.582E-04   123
      4  0.17530E+01  0.367E-02  0.122E-01  0.656E-04    12
&-----------------------------------------------------------
#beta =   4.00   kappa =   0.2500
#  Re(op_pbp_e)                                                    
#
#    -6  0.17953E+01  jk failed  0.000E+00  jk failed     1
#    -5  0.18004E+01  jk failed  0.000E+00  jk failed     1
#    -4  0.17497E+01  jk failed  0.370E-01  jk failed     7
     -3  0.17268E+01  0.282E-02  0.254E-01  0.100E-03   101
     -2  0.17021E+01  0.104E-02  0.233E-01  0.477E-04   574
     -1  0.16806E+01  0.514E-03  0.276E-01  0.252E-04  2230
      0  0.16621E+01  0.414E-03  0.333E-01  0.188E-04  3948
      1  0.16807E+01  0.627E-03  0.271E-01  0.284E-04  2355
      2  0.17032E+01  0.943E-03  0.243E-01  0.573E-04   650
      3  0.17261E+01  0.231E-02  0.206E-01  0.578E-04   122
      4  0.17650E+01  0.812E-02  0.243E-01  0.396E-03    10
#     5  0.17488E+01  jk failed  0.000E+00  jk failed     1
&-----------------------------------------------------------
#beta =   4.00   kappa =   0.2514
#  Re(op_pbp_e)                                                    
#
#    -4  0.17498E+01  jk failed  0.231E-01  jk failed     7
     -3  0.17250E+01  0.385E-02  0.268E-01  0.128E-03    67
     -2  0.16926E+01  0.143E-02  0.234E-01  0.425E-04   482
     -1  0.16672E+01  0.642E-03  0.278E-01  0.322E-04  2133
      0  0.16440E+01  0.557E-03  0.334E-01  0.300E-04  4473
      1  0.16664E+01  0.594E-03  0.273E-01  0.305E-04  2217
      2  0.16942E+01  0.108E-02  0.241E-01  0.463E-04   544
      3  0.17240E+01  0.269E-02  0.221E-01  0.732E-04    65
      4  0.17497E+01  0.890E-02  0.281E-01  0.582E-03    11
#     5  0.18119E+01  jk failed  0.000E+00  jk failed     1
&-----------------------------------------------------------
#beta =   4.00   kappa =   0.2529
#  Re(op_pbp_e)                                                    
#
#    -4  0.17516E+01  jk failed  0.352E-01  jk failed     6
     -3  0.17117E+01  0.465E-02  0.297E-01  0.204E-03    58
     -2  0.16823E+01  0.149E-02  0.263E-01  0.666E-04   464
     -1  0.16532E+01  0.647E-03  0.275E-01  0.397E-04  2121
      0  0.16255E+01  0.453E-03  0.333E-01  0.349E-04  4733
      1  0.16528E+01  0.581E-03  0.271E-01  0.338E-04  2110
      2  0.16847E+01  0.164E-02  0.267E-01  0.802E-04   445
      3  0.17114E+01  0.327E-02  0.254E-01  0.944E-04    56
#     4  0.17405E+01  jk failed  0.271E-01  jk failed     7
&-----------------------------------------------------------
#beta =   4.00   kappa =   0.2543
#  Re(op_pbp_e)                                                    
#
#    -4  0.17245E+01  jk failed  0.000E+00  jk failed     1
     -3  0.17134E+01  0.677E-02  0.300E-01  0.249E-03    35
     -2  0.16748E+01  0.135E-02  0.278E-01  0.847E-04   388
     -1  0.16399E+01  0.650E-03  0.280E-01  0.400E-04  2053
      0  0.16074E+01  0.359E-03  0.325E-01  0.256E-04  4997
      1  0.16381E+01  0.639E-03  0.277E-01  0.483E-04  2086
      2  0.16707E+01  0.118E-02  0.280E-01  0.894E-04   405
      3  0.17146E+01  0.706E-02  0.364E-01  0.310E-03    31
#     4  0.17160E+01  jk failed  0.163E-01  jk failed     4
&-----------------------------------------------------------
#beta =   4.00   kappa =   0.2558
#  Re(op_pbp_e)                                                    
#
#    -4  0.17202E+01  jk failed  0.684E-02  jk failed     2
     -3  0.17062E+01  0.972E-02  0.426E-01  0.647E-03    33
     -2  0.16632E+01  0.160E-02  0.311E-01  0.110E-03   297
     -1  0.16237E+01  0.617E-03  0.285E-01  0.437E-04  1935
      0  0.15883E+01  0.459E-03  0.313E-01  0.418E-04  5506
      1  0.16233E+01  0.561E-03  0.279E-01  0.400E-04  1920
      2  0.16628E+01  0.223E-02  0.297E-01  0.649E-04   274
      3  0.16950E+01  0.617E-02  0.270E-01  0.257E-03    30
#     4  0.17438E+01  jk failed  0.330E-01  jk failed     3
&-----------------------------------------------------------
#beta =   4.00   kappa =   0.2572
#  Re(op_pbp_e)                                                    
#
     -3  0.17004E+01  0.809E-02  0.347E-01  0.379E-03    26
     -2  0.16522E+01  0.199E-02  0.309E-01  0.107E-03   264
     -1  0.16104E+01  0.722E-03  0.280E-01  0.645E-04  1744
      0  0.15695E+01  0.506E-03  0.283E-01  0.366E-04  5951
      1  0.16104E+01  0.565E-03  0.284E-01  0.430E-04  1732
      2  0.16586E+01  0.182E-02  0.329E-01  0.123E-03   265
      3  0.16946E+01  0.924E-02  0.358E-01  0.531E-03    16
#     4  0.17262E+01  jk failed  0.233E-01  jk failed     2
&-----------------------------------------------------------
#beta =   4.00   kappa =   0.2587
#  Re(op_pbp_e)                                                    
#
     -3  0.16737E+01  0.112E-01  0.337E-01  0.548E-03    10
     -2  0.16423E+01  0.304E-02  0.363E-01  0.154E-03   187
     -1  0.15954E+01  0.782E-03  0.290E-01  0.557E-04  1576
      0  0.15490E+01  0.276E-03  0.252E-01  0.343E-04  6456
      1  0.15953E+01  0.881E-03  0.282E-01  0.482E-04  1609
      2  0.16401E+01  0.220E-02  0.307E-01  0.202E-03   151
      3  0.16868E+01  0.101E-01  0.319E-01  0.382E-03    11
&-----------------------------------------------------------
#beta =   4.00   kappa =   0.2601
#  Re(op_pbp_e)                                                    
#
#    -3  0.16748E+01  jk failed  0.166E-01  jk failed     5
     -2  0.16334E+01  0.385E-02  0.381E-01  0.318E-03   124
     -1  0.15803E+01  0.733E-03  0.284E-01  0.329E-04  1359
      0  0.15313E+01  0.209E-03  0.236E-01  0.286E-04  6992
      1  0.15810E+01  0.709E-03  0.303E-01  0.673E-04  1393
      2  0.16346E+01  0.388E-02  0.424E-01  0.241E-03   120
#     3  0.17059E+01  jk failed  0.537E-01  jk failed     7
&-----------------------------------------------------------
#beta =   4.00   kappa =   0.2616
#  Re(op_pbp_e)                                                    
#
#    -4  0.16422E+01  jk failed  0.000E+00  jk failed     1
#    -3  0.16602E+01  jk failed  0.622E-01  jk failed     4
     -2  0.16151E+01  0.533E-02  0.397E-01  0.393E-03    83
     -1  0.15625E+01  0.113E-02  0.299E-01  0.751E-04  1147
      0  0.15118E+01  0.224E-03  0.197E-01  0.285E-04  7592
      1  0.15635E+01  0.982E-03  0.297E-01  0.716E-04  1108
      2  0.16173E+01  0.639E-02  0.432E-01  0.567E-03    59
#     3  0.17019E+01  jk failed  0.850E-01  jk failed     6
&-----------------------------------------------------------
#beta =   4.00   kappa =   0.2630
#  Re(op_pbp_e)                                                    
#
#    -3  0.17314E+01  jk failed  0.294E-01  jk failed     4
     -2  0.16103E+01  0.934E-02  0.582E-01  0.839E-03    46
     -1  0.15457E+01  0.107E-02  0.278E-01  0.413E-04   892
      0  0.14935E+01  0.209E-03  0.168E-01  0.247E-04  8077
      1  0.15460E+01  0.940E-03  0.302E-01  0.770E-04   935
      2  0.15980E+01  0.574E-02  0.349E-01  0.270E-03    46
&-----------------------------------------------------------
