 # triplet j1
 0.0010   3.3572334012295500E-002   1.6747522370879075E-002   1.7636826174084069E-003   8.2511600127245773E-005   5.5942733061916945E-002   2.7937636104730802E-002
 0.0020   6.6365349326767326E-002   3.1861664376677770E-002   3.5263178552033050E-003   1.6477518152837255E-004   5.6591256799627725E-002   2.7201325201712031E-002
 0.0030   9.7570657344800887E-002   4.3947376989339662E-002   5.2868624950740484E-003   2.4654445062858774E-004   5.7723864935356223E-002   2.6034561614507564E-002
 0.0040  0.12666397046380229        5.2218760177138418E-002   7.0442816033937615E-003   3.2757654237843529E-004   5.9266632363000782E-002   2.4472217799395565E-002
 0.0050  0.15322729508605298        5.6796896394200866E-002   8.7975525793562871E-003   4.0763368050151182E-004   6.1213160123210146E-002   2.2734211029231444E-002
 0.0060  0.17696206098963779        5.8412106589016292E-002   1.0545669091733073E-002   4.8648477416552501E-004   6.3569314053128170E-002   2.1034295534936943E-002
 0.0070  0.19773724869181050        5.7938646201274632E-002   1.2287644869860604E-002   5.6390693181548998E-004   6.6329978466506262E-002   1.9494736219758401E-002
 0.0080  0.21560938530235740        5.6123610930759432E-002   1.4022517316724109E-002   6.3968687463415665E-004   6.9471283462097660E-002   1.8152825248881330E-002
 0.0090  0.23079081226628367        5.3516965297639184E-002   1.5749350914731158E-002   7.1362223393336131E-004   7.2953992929369632E-002   1.6997498464607810E-002
 0.0100  0.24358841947984597        5.0495222221681214E-002   1.7467240397884741E-002   7.8552271909869029E-004   7.6730938306845187E-002   1.5999417000762187E-002
 0.0300  0.32310147675493023        5.3986496779581073E-003   4.8904892141339210E-002   1.6334594936042747E-003  0.16765358127910118        3.9606274820543109E-003
 0.0500  0.34408543918005541        4.0302733618021881E-003   7.3408247043495786E-002   1.4806274940972512E-003  0.24900389008071655        3.8486958330316550E-003
 0.0700  0.36972096942789801        3.2599782000403256E-003   9.2023005936222979E-002   1.0169095948914929E-003  0.30699983526474434        3.1945028289863315E-003
 0.0900  0.39900220956067639        2.5327092353933257E-003  0.10667671949186229        6.4251299352314042E-004  0.34729279846782590        2.4399938441358239E-003
 0.1100  0.43119434890731273        2.1768435674546687E-003  0.11870767886861902        4.1618124347322553E-004  0.37478110427727696        2.0028634081466772E-003
 0.1300  0.46553106507945091        1.9605923332371186E-003  0.12891859734410566        2.9076353152120832E-004  0.39327450480649839        1.7146314455044286E-003
 0.1500  0.50100751014059386        1.5582225161161413E-003  0.13780703016769877        2.1835357728387588E-004  0.40583741034682924        1.3025330949997071E-003
 0.1700  0.53808203260318499        1.4893809013995795E-003  0.14569909165686734        1.7161772624816715E-004  0.41363700997108394        1.1705540610914321E-003
 0.1900  0.57601612298555405        1.3963558981456257E-003  0.15281666839226293        1.3818321051699490E-004  0.41835264798068772        1.0316418938975064E-003
 0.2100  0.61458407765992107        1.3191454721608940E-003  0.15931431950978156        1.1275391832642294E-004  0.42089207362620101        9.1559981171028375E-004
 0.2300  0.65357963921284268        1.2912972333823760E-003  0.16530181204726915        9.2841322146602608E-005  0.42190940710713692        8.4195750967583545E-004
 0.2500  0.69295998688863258        1.2202707195992730E-003  0.17085869373557111        7.7047831831362061E-005  0.42178913154937214        7.4881495514716036E-004
 0.2700  0.73263716239693866        1.1575865091813717E-003  0.17604391630973198        6.4445962286868499E-005  0.42084139013786331        6.6938772876120906E-004
 0.2900  0.77253690659884577        1.1460060451052869E-003  0.18090223680843937        5.4353120137032287E-005  0.41929214743128096        6.2517277652992392E-004
 0.3100  0.81263438606506633        1.0890026946020980E-003  0.18546849718194475        4.6241840604311961E-005  0.41728783680016418        5.6161736886367901E-004
 0.3300  0.85291132633172106        1.0375927463236317E-003  0.18977050436031179        3.9696849601919817E-005  0.41493726686380855        5.0664608024534002E-004
 0.3500  0.89335148694866273        9.9138349494948285E-004  0.19383098553947684        3.4389602093438385E-005  0.41232366106691615        4.5902967258646424E-004
 0.3700  0.93392824283154263        9.8532107110837304E-004  0.19766892981832754        3.0060317423863449E-005  0.40951664287402167        4.3317243518423972E-004
 0.3900  0.97465644370680071        9.4400357223051363E-004  0.20130051993094455        2.6504198113793331E-005  0.40655395593398713        3.9467640659739838E-004
 0.4100   1.0155357781071355        9.0631128366961810E-004  0.20473978785733654        2.3560328054844762E-005  0.40347146212317253        3.6082423133780171E-004


 # triplet j3
 0.0010  0.31591270073944877        4.0437046110123418E-003   1.7636826174084069E-003   8.2511600127245773E-005   5.9450858275696926E-003   1.5852551622935304E-004
 0.0020  0.31595045130834554        4.0422892599603520E-003   3.5263178552033050E-003   1.6477518152837255E-004   1.1886985794119951E-002   3.1663754435634709E-004
 0.0030  0.31601335072455045        4.0399329209281267E-003   5.2868624950740484E-003   2.4654445062858774E-004   1.7822523742468132E-002   4.7392532748034085E-004
 0.0040  0.31610137176014586        4.0366390743953465E-003   7.0442816033937615E-003   3.2757654237843529E-004   2.3748542846604118E-002   6.2998352450009264E-004
 0.0050  0.31621447613264536        4.0324133315676009E-003   8.7975525793562871E-003   4.0763368050151182E-004   2.9661915115531956E-002   7.8441487154602533E-004
 0.0060  0.31635261577994511        4.0272621981455739E-003   1.0545669091733073E-002   4.8648477416552501E-004   3.5559550543954280E-002   9.3683267704565280E-004
 0.0070  0.31651573116722287        4.0211941435143944E-003   1.2287644869860604E-002   5.6390693181548998E-004   4.1438406234616296E-002   1.0868632802758169E-003
 0.0080  0.31670375198646272        4.0142178132400600E-003   1.4022517316724109E-002   6.3968687463415665E-004   4.7295495015382570E-002   1.2341482057632537E-003
 0.0090  0.31691659856272020        4.0063451179810925E-003   1.5749350914731158E-002   7.1362223393336131E-004   5.3127893466601565E-002   1.3783464383390410E-003
 0.0100  0.31715418055274885        3.9975880074667146E-003   1.7467240397884741E-002   7.8552271909869029E-004   5.8932749853068241E-002   1.5191361115032378E-003
 0.0300  0.32688097366940533        3.6652719119543223E-003   4.8904892141339210E-002   1.6334594936042747E-003  0.16571511974666001        3.3334313932412993E-003
 0.0500  0.34493885462830232        3.1661467115324236E-003   7.3408247043495786E-002   1.4806274940972512E-003  0.24838782794791492        3.3871617068189984E-003
 0.0700  0.36934469990268110        2.6770854897703584E-003   9.2023005936222979E-002   1.0169095948914929E-003  0.30731259102457292        2.8008537957143259E-003
 0.0900  0.39828870845373437        2.2850361125347526E-003  0.10667671949186229        6.4251299352314042E-004  0.34791494464189593        2.2543123496230025E-003
 0.1100  0.43007539806698658        2.0153967355402650E-003  0.11870767886861902        4.1618124347322553E-004  0.37575619290930351        1.8800156956896687E-003
 0.1300  0.46460732736927152        1.7697134673101901E-003  0.12891859734410566        2.9076353152120832E-004  0.39405641776641420        1.5653808244217001E-003
 0.1500  0.50064870625097901        1.6156980101656238E-003  0.13780703016769877        2.1835357728387588E-004  0.40612826507104111        1.3495764117435890E-003
 0.1700  0.53779997587536243        1.4881358166683267E-003  0.14569909165686734        1.7161772624816715E-004  0.41385394769286210        1.1708184558488675E-003
 0.1900  0.57578677369246267        1.3897870455003240E-003  0.15281666839226293        1.3818321051699490E-004  0.41851928759184442        1.0277566724285116E-003
 0.2100  0.61435206179344726        1.3373680642216779E-003  0.15931431950978156        1.1275391832642294E-004  0.42105102749846324        9.2860735089510770E-004
 0.2300  0.65339695267303566        1.2642211855264664E-003  0.16530181204726915        9.2841322146602608E-005  0.42202737087997227        8.2511297620744769E-004
 0.2500  0.69280694415281829        1.1994064345444942E-003  0.17085869373557111        7.7047831831362061E-005  0.42188230579246233        7.3654252647277875E-004
 0.2700  0.73250553441883615        1.1415060401805943E-003  0.17604391630973198        6.4445962286868499E-005  0.42091701345902993        6.6044868736900590E-004
 0.2900  0.77243899920734438        1.0895482617439515E-003  0.18090223680843937        5.4353120137032287E-005  0.41934529311718516        5.9484434472996720E-004
 0.3100  0.81257029459840446        1.0428030207292802E-003  0.18546849718194475        4.6241840604311961E-005  0.41732075037042199        5.3808478234871314E-004
 0.3300  0.85287473948355097        1.0006802654307331E-003  0.18977050436031179        3.9696849601919817E-005  0.41495506695341144        4.8879852940432054E-004
 0.3500  0.89333690561214552        9.6267907127426647E-004  0.19383098553947684        3.4389602093438385E-005  0.41233039114827541        4.4583911578793253E-004
 0.3700  0.93394833896995277        9.2836450907625922E-004  0.19766892981832754        3.0060317423863449E-005  0.40950783114130257        4.0824868683651567E-004
 0.3900  0.97470587041844536        8.9735429029129702E-004  0.20130051993094455        2.6504198113793331E-005  0.40653333984275614        3.7522695877441310E-004
 0.4100   1.0156103486094221        8.6931304823225459E-004  0.20473978785733654        2.3560328054844762E-005  0.40344183750421309        3.4610589519850455E-004


