 # triplet j1
 0.0010   2.3006358897739516E-002   95.021345058910583        9.6246716068382145E-004   1.4013160042682624E-005   6.0305936701241042E-002   249.07684201003144     
 0.0020   4.6833860405874055E-002   95.043476504389886        1.9251419908455816E-003   2.8050830134404658E-005   5.9251782771357293E-002   120.24410063370901     
 0.0030   7.0288713031347011E-002   95.065257297318695        2.8882314837546000E-003   4.2137682001974548E-005   5.9225131342294124E-002   80.101798806497214     
 0.0040   9.3427898124817679E-002   95.086743643919348        3.8519412799840058E-003   5.6298703005429995E-005   5.9416661219832523E-002   60.471625147614191     
 0.0050  0.11608023894932828        95.107775751154449        4.8164749903965064E-003   7.0559334808735274E-005   5.9786944861838366E-002   48.985110613665682     
 0.0060  0.13802338659745100        95.128152192334554        5.7820335184228782E-003   8.4945589547527462E-005   6.0350135047717635E-002   41.594377398643807     
 0.0070  0.15904424535840855        95.147685725869550        6.7488143815466950E-003   9.9484136823472147E-005   6.1116686399761304E-002   36.562852415740672     
 0.0080  0.26144672892524623        89.012123181206405        7.7170110320394763E-003   1.1420235551515620E-004   4.2501214387843531E-002   14.469958552882661     
 0.0090  0.28458548994577820        89.025937858103333        8.6868121771440723E-003   1.2912834528055282E-004   4.3939358814468629E-002   13.745404339452287     
 0.0100  0.30132287192209040        82.429018985585031        9.6584010990937892E-003   1.4429089372156051E-004   4.6124908569551454E-002   12.617797452124353     
 0.0300  0.42597270247922697        4.9890310439798025E-002   2.9671705617799631E-002   5.3859950997176573E-004   9.9052424861114347E-002   1.1635890709835011E-002
 0.0500  0.43103818745691036        4.4554105263193700E-002   5.0782398576488509E-002   1.0897125178044903E-003  0.16532588534476214        1.7180664418720095E-002
 0.0700  0.44014388947381156        1.9280954828404716E-002   7.1416907275650643E-002   1.3951651247427991E-003  0.22717987719683924        1.0196244174179735E-002
 0.0900  0.45228750280077895        8.9868847168561028E-003   8.9651003900219850E-002   1.2389431227024729E-003  0.28086604785405378        5.9085861115789800E-003
 0.1100  0.46932845957304997        5.2859917999029437E-003  0.10500803480393452        8.8877998595870630E-004  0.32385135290301043        3.8964855843730884E-003
 0.1300  0.49126995699291814        3.7339862330971292E-003  0.11797641462811204        5.9557673322773689E-004  0.35650371887862869        2.8551832439036584E-003
 0.1500  0.51630269609092572        3.4010167702522233E-003  0.12911153351515717        4.1422852970535672E-004  0.38118759083178899        2.5843620934496297E-003
 0.1700  0.54651268525281627        2.8726728703373917E-003  0.13880620598738133        3.0910296964661014E-004  0.39750596808476979        2.1358006971958494E-003
 0.1900  0.57925020663177829        2.4081809864115985E-003  0.14734081312023381        2.4237738297681850E-004  0.40849536394329466        1.7312002402805329E-003
 0.2100  0.61400374466084073        2.1402907846620194E-003  0.15493395548474129        1.9495523539180199E-004  0.41545781212026522        1.4716005665777359E-003
 0.2300  0.65028449142249811        1.9109619501749609E-003  0.16176113724194977        1.5904197263532228E-004  0.41948130934481487        1.2498403610245851E-003
 0.2500  0.68769696906015665        1.7605019623403925E-003  0.16796133075335692        1.3108632162962862E-004  0.42139807305837995        1.0912388231919205E-003
 0.2700  0.72600833746958660        1.6393771030038481E-003  0.17364228891995037        1.0902521636483160E-004  0.42177712556471547        9.6156237260956972E-004
 0.2900  0.76501004618073443        1.5395981112022209E-003  0.17888647356261037        9.1452101004454981E-005  0.42105187899761631        8.5418302119574080E-004
 0.3100  0.80450757219713065        1.4599849386400033E-003  0.18375684135836412        7.7344600219522925E-005  0.41955361470579233        7.6649012894916362E-004
 0.3300  0.84443601440318905        1.3790661266323550E-003  0.18830178160622171        6.5939720939724145E-005  0.41747688568188779        6.8569744901017928E-004
 0.3500  0.88471238692327114        1.3068304559822653E-003  0.19255898455744000        5.6658677168545947E-005  0.41498156637969452        6.1601236287765304E-004
 0.3700  0.92526878902985965        1.2647801084131841E-003  0.19655832321794381        4.9056917661584144E-005  0.41218640766452275        5.6577405358493738E-004
 0.3900  0.96606159739397335        1.2021999907852986E-003  0.20032394135525772        4.2789732681042071E-005  0.40917483033202995        5.1106292524201468E-004
 0.4100   1.0070781644114430        1.1452338601464567E-003  0.20387574612115497        3.7588068441767051E-005  0.40600046245705956        4.6321198312107548E-004


 # triplet j3
 0.0010  0.43573993323960930        1.6556183977063595E-002   9.6246716068382145E-004   1.4013160042682624E-005   3.1840552530910306E-003   1.2318049551551609E-004
 0.0020  0.43572003216103977        1.6549614402804100E-002   1.9251419908455816E-003   2.8050830134404658E-005   6.3687448781039740E-003   2.4630877136612032E-004
 0.0030  0.43568697448309446        1.6538696231052329E-002   2.8882314837546000E-003   4.2137682001974548E-005   9.5546998303110264E-003   3.6933306285149144E-004
 0.0040  0.43564092505133495        1.6523475796019729E-002   3.8519412799840058E-003   5.6298703005429995E-005   1.2742544265576474E-002   4.9220250847066874E-004
 0.0050  0.43558211344227094        1.6504017262264595E-002   4.8164749903965064E-003   7.0559334808735274E-005   1.5932892172194998E-002   6.1486758001510643E-004
 0.0060  0.43551083202556778        1.6480401858747360E-002   5.7820335184228782E-003   8.4945589547527462E-005   1.9126344073137749E-002   7.3728048642219938E-004
 0.0070  0.43542743366330899        1.6452727071059364E-002   6.7488143815466950E-003   9.9484136823472147E-005   2.2323483813315871E-002   8.5939555053895394E-004
 0.0080  0.43533233002620897        1.6421105620656878E-002   7.7170110320394763E-003   1.1420235551515620E-004   2.5524875389758721E-002   9.8116954356455561E-004
 0.0090  0.43522598793657719        1.6385664206649702E-002   8.6868121771440723E-003   1.2912834528055282E-004   2.8731059961293274E-002   1.1025619748049960E-003
 0.0100  0.43510892691546665        1.6346542051379365E-002   9.6584010990937892E-003   1.4429089372156051E-004   3.1942552904738020E-002   1.2235353169750421E-003
 0.0300  0.43045869818040733        1.5253385624115687E-002   2.9671705617799631E-002   5.3859950997176573E-004   9.8020156831691879E-002   3.5854830799861327E-003
 0.0500  0.42836262244596279        1.3127139014889258E-002   5.0782398576488509E-002   1.0897125178044903E-003  0.16635851548346706        5.4014734658589005E-003
 0.0700  0.43313033222145658        1.0724596350196713E-002   7.1416907275650643E-002   1.3951651247427991E-003  0.23085853684445851        6.1449132325097399E-003
 0.0900  0.44574785928582833        8.4258567694176813E-003   8.9651003900219850E-002   1.2389431227024729E-003  0.28498668195280508        5.7356651603943159E-003
 0.1100  0.46455104083459875        6.2829228539521978E-003  0.10500803480393452        8.8877998595870630E-004  0.32718182336983365        4.6366127142334805E-003
 0.1300  0.48931124858258762        4.8283876943959149E-003  0.11797641462811204        5.9557673322773689E-004  0.35793079997374849        3.6456830148530448E-003
 0.1500  0.51558696983324381        3.8051369435456988E-003  0.12911153351515717        4.1422852970535672E-004  0.38171674688852381        2.8829271004124977E-003
 0.1700  0.54599401305138784        3.0999134305876343E-003  0.13880620598738133        3.0910296964661014E-004  0.39788358265675972        2.3020381481594198E-003
 0.1900  0.57885744905736281        2.5909312918702214E-003  0.14734081312023381        2.4237738297681850E-004  0.40877253002030312        1.8602768584375564E-003
 0.2100  0.61364239213964766        2.2422513739678595E-003  0.15493395548474129        1.9495523539180199E-004  0.41570246068070049        1.5413302061720096E-003
 0.2300  0.64995856671319807        1.9934512756066146E-003  0.16176113724194977        1.5904197263532228E-004  0.41969166017455528        1.3036424445907887E-003
 0.2500  0.68743313787265758        1.8098969569936604E-003  0.16796133075335692        1.3108632162962862E-004  0.42155980217485645        1.1220215925113628E-003
 0.2700  0.72578856618949961        1.6689477830870360E-003  0.17364228891995037        1.0902521636483160E-004  0.42190484113246463        9.7916806355026064E-004
 0.2900  0.76482031973052689        1.5563281181763331E-003  0.17888647356261037        9.1452101004454981E-005  0.42115632794633617        8.6374344541415753E-004
 0.3100  0.80437859426812153        1.4632067720287893E-003  0.18375684135836412        7.7344600219522925E-005  0.41962088794841546        7.6840389857110670E-004
 0.3300  0.84435429419564156        1.3841244471628250E-003  0.18830178160622171        6.5939720939724145E-005  0.41751729087432743        6.8831647677687169E-004
 0.3500  0.88466859790793906        1.3156460314797597E-003  0.19255898455744000        5.6658677168545947E-005  0.41500210699141704        6.2018825129060630E-004
 0.3700  0.92526527724117591        1.2555359778048715E-003  0.19655832321794381        4.9056917661584144E-005  0.41218797209323055        5.6167742587477859E-004
 0.3900  0.96610505181318607        1.2022711550887094E-003  0.20032394135525772        4.2789732681042071E-005  0.40915642606577013        5.1104714866914681E-004
 0.4100   1.0071614223722358        1.1547596049260866E-003  0.20387574612115497        3.7588068441767051E-005  0.40596690004111091        4.6696283959113573E-004


