 # triplet j1
 0.0010   2.5506615711330140E-002   95.023172608586918        9.2637682608413580E-004   1.9741299820521921E-005   5.3364936867725685E-002   198.80746488043357     
 0.0020   4.3591659526416207E-002   95.039589025989599        1.8527134058417868E-003   3.9474674309964056E-005   6.2449751535335808E-002   136.15445672967894     
 0.0030   6.5835421995462468E-002   95.059807059785030        2.7789698786118257E-003   5.9192298252670172E-005   6.2023735833019476E-002   89.556111024558362     
 0.0040   8.7812855147631194E-002   95.079782934119521        3.7051071523028370E-003   7.8886545502247814E-005   6.1999370736417453E-002   67.130110984832456     
 0.0050  0.10945316935621102        95.099456801827870        4.6310872807931776E-003   9.8550085645898072E-005   6.2174620256286603E-002   54.021026969381303     
 0.0060  0.13057534423091305        95.118673086504472        5.5568738331200880E-003   1.1817597727563326E-004   6.2538104204323181E-002   45.556391407055671     
 0.0070  0.15097794600429912        95.137262819210704        6.4824322518032967E-003   1.3775775687245806E-004   6.3098567315988494E-002   39.760939541059443     
 0.0080  0.17049065025690419        95.155084529638231        7.4077301977187012E-003   1.5728952235430661E-004   6.3856042906249577E-002   35.639650341034503     
 0.0090  0.18899935152126657        95.172042140568053        8.3327378790234944E-003   1.7676601049068809E-004   6.4799223064814226E-002   32.630135182631690     
 0.0100  0.20644732427276322        95.188085306006883        9.2574283617332023E-003   1.9618266744168855E-004   6.5909940469306982E-002   30.389548809427783     
 0.0300  0.44680751243046979        67.409510246221714        2.7677123221382348E-002   5.7284390444439250E-004   9.1204366746548513E-002   13.759933613743673     
 0.0500  0.47136423063849281        5.3725109635238986E-002   4.6133306783798199E-002   9.7498635684867285E-004  0.14409558338241799        1.6494146605390402E-002
 0.0700  0.47766571132538643        8.0180956825575356E-002   6.4817260741334981E-002   1.4257115067293970E-003  0.19942761129298878        3.3547688481937510E-002
 0.0900  0.48851545243895783        3.9453361984214987E-002   8.2868717907557829E-002   1.6162970067139521E-003  0.25000762635757978        2.0337723935369808E-002
 0.1100  0.50167587067190433        1.9923672806693698E-002   9.8884357447708363E-002   1.3452798682659101E-003  0.29400311053867278        1.1846141994464978E-002
 0.1300  0.51827736665454238        1.2586552038028130E-002  0.11248401331002032        9.1207735550507358E-004  0.32996648625232655        8.1242522914782862E-003
 0.1500  0.53844518791817764        9.2594565472564287E-003  0.12414818385373021        6.0875578371902890E-004  0.35841758783293109        6.2259100619500790E-003
 0.1700  0.56228236534320464        7.2487412901085660E-003  0.13438621689176050        4.6935260464516925E-004  0.38015644661134412        4.9455980910913851E-003
 0.1900  0.58854732447184099        5.8865874190492150E-003  0.14350084726053239        3.9937865693806627E-004  0.39676891621016758        4.0066645928855523E-003
 0.2100  0.61924149391853300        4.8849603144565440E-003  0.15166745215765048        3.4053855802658228E-004  0.40757805368068800        3.2476235828947692E-003
 0.2300  0.65229066510568545        4.0525973247433700E-003  0.15901602105910398        2.8370829805386282E-004  0.41462758633756164        2.6024464652798533E-003
 0.2500  0.68716102801628209        3.4310163895216179E-003  0.16566212411775336        2.3271727577286607E-004  0.41883030128600923        2.1118229843993417E-003
 0.2700  0.72355171163028431        2.9574721671587244E-003  0.17171036424276695        1.9019757860539547E-004  0.42084828277440645        1.7359098009464031E-003
 0.2900  0.76112975065728417        2.5967456310117855E-003  0.17725132386324169        1.5618177995723909E-004  0.42125982479989499        1.4491453439018222E-003
 0.3100  0.79963639920014951        2.2931391037091611E-003  0.18236003625794991        1.2940001204895870E-004  0.42050205722693618        1.2150790591788116E-003
 0.3300  0.83882385401565129        2.0751804638130087E-003  0.18709688606059741        1.0831892341834736E-004  0.41892326075186936        1.0434519078383619E-003
 0.3500  0.87859302466839340        1.8989847864272196E-003  0.19150983294816479        9.1595995335065121E-005  0.41673195913778999        9.0621795825454436E-004
 0.3700  0.91883251129052057        1.7540246533709475E-003  0.19563693266567073        7.8186009036387063E-005  0.41409971235418408        7.9482339775024176E-004
 0.3900  0.95945987921651843        1.6330697890144152E-003  0.19950861369517164        6.7310619268187773E-005  0.41115095921487621        7.0323711586410933E-004
 0.4100   1.0003888388725497        1.5321860930520273E-003  0.20314952619900917        5.8396312952000314E-005  0.40798669024132328        6.2761392142545575E-004


 # triplet j3
 0.0010  0.47309153719818303        2.9254373758962962E-002   9.2637682608413580E-004   1.9741299820521921E-005   2.8771576536873651E-003   1.8053555494089687E-004
 0.0020  0.47309626909169317        2.9251770409551851E-002   1.8527134058417868E-003   3.9474674309964056E-005   5.7541952543067425E-003   3.6102700162663577E-004
 0.0030  0.47310411984648937        2.9247420627627009E-002   2.7789698786118257E-003   5.9192298252670172E-005   8.6309940053510281E-003   5.4143018656187952E-004
 0.0040  0.47311503609363309        2.9241308116738463E-002   3.7051071523028370E-003   7.8886545502247814E-005   1.1507437613214714E-002   7.2170086443847613E-004
 0.0050  0.47312894357691887        2.9233410104383347E-002   4.6310872807931776E-003   9.8550085645898072E-005   1.4383413513282749E-002   9.0179465002980074E-004
 0.0060  0.47314574774739865        2.9223697383056111E-002   5.5568738331200880E-003   1.1817597727563326E-004   1.7258814060795089E-002   1.0816669668135069E-003
 0.0070  0.47316533433551111        2.9212134343771949E-002   6.4824322518032967E-003   1.3775775687245806E-004   2.0133537683102793E-002   1.2612729914930447E-003
 0.0080  0.47318757004043888        2.9198679096051214E-002   7.4077301977187012E-003   1.5728952235430661E-004   2.3007489983282673E-002   1.4405675972803096E-003
 0.0090  0.47321230368605083        2.9183283421238791E-002   8.3327378790234944E-003   1.7676601049068809E-004   2.5880584766994934E-002   1.6195052823985096E-003
 0.0100  0.47323936700273750        2.9165893101500313E-002   9.2574283617332023E-003   1.9618266744168855E-004   2.8752745020020336E-002   1.7980401126550182E-003
 0.0300  0.47392733905951112        2.8272014764456174E-002   2.7677123221382348E-002   5.7284390444439250E-004   8.5985324901681856E-002   5.2060432741140149E-003
 0.0500  0.47391881539517294        2.6206104074404286E-002   4.6133306783798199E-002   9.7498635684867285E-004  0.14331885882779841        8.0684543221718665E-003
 0.0700  0.47411619442047437        2.2307345739179682E-002   6.4817260741334981E-002   1.4257115067293970E-003  0.20092064546039567        9.7082154508887023E-003
 0.0900  0.47964827746510513        1.7885773037598050E-002   8.2868717907557829E-002   1.6162970067139521E-003  0.25462947422374149        9.8143072559105527E-003
 0.1100  0.49243347608519261        1.3996914822982952E-002   9.8884357447708363E-002   1.3452798682659101E-003  0.29952120158910522        8.7539817756021199E-003
 0.1300  0.51094363023503653        1.1163208327660270E-002  0.11248401331002032        9.1207735550507358E-004  0.33470260016832137        7.4374927661514899E-003
 0.1500  0.53373675922904751        8.9048431806041817E-003  0.12414818385373021        6.0875578371902890E-004  0.36157941550183481        6.0973647403823753E-003
 0.1700  0.55945186679717496        7.4102661376880749E-003  0.13438621689176050        4.6935260464516925E-004  0.38207981541795377        5.1046631460812926E-003
 0.1900  0.58791258685784697        6.1926719912857491E-003  0.14350084726053239        3.9937865693806627E-004  0.39719728627880013        4.2201585777881072E-003
 0.2100  0.61877722064829976        5.1547132214979927E-003  0.15166745215765048        3.4053855802658228E-004  0.40788386260438975        3.4285857188068427E-003
 0.2300  0.65182453449580002        4.2767103273123035E-003  0.15901602105910398        2.8370829805386282E-004  0.41492409344870368        2.7474217236246046E-003
 0.2500  0.68677230400823175        3.5961126523316764E-003  0.16566212411775336        2.3271727577286607E-004  0.41906736587416837        2.2139958789481259E-003
 0.2700  0.72322114615714816        3.0753294162920060E-003  0.17171036424276695        1.9019757860539547E-004  0.42104064151896620        1.8054989151065559E-003
 0.2900  0.76084339211283414        2.6783474225074281E-003  0.17725132386324169        1.5618177995723909E-004  0.42141837431417806        1.4950645654379106E-003
 0.3100  0.79938145293308072        2.3742384137546671E-003  0.18236003625794991        1.2940001204895870E-004  0.42063616770622164        1.2582112237874167E-003
 0.3300  0.83863819696705399        2.1384640427613726E-003  0.18709688606059741        1.0831892341834736E-004  0.41901600164592978        1.0753218685413096E-003
 0.3500  0.87846523408718735        1.9525979450584427E-003  0.19150983294816479        9.1595995335065121E-005  0.41679258125144791        9.3176705211783231E-004
 0.3700  0.91875214898426327        1.8032910184159155E-003  0.19563693266567073        7.8186009036387063E-005  0.41413593323044767        8.1705157756585968E-004
 0.3900  0.95941766919759186        1.6810640694312020E-003  0.19950861369517164        6.7310619268187773E-005  0.41116904798927267        7.2376974537845739E-004
 0.4100   1.0004027784950658        1.5792336284496770E-003  0.20314952619900917        5.8396312952000314E-005  0.40798100535062148        6.4670183424987173E-004


