 # triplet j1
 0.0010   2.4265145407404133E-002   95.022211339895449        9.4071150484559859E-004   1.6808159939356676E-005   5.6527571425357338E-002   221.36174122765925     
 0.0020   4.2115308145479147E-002   95.038544441388538        1.8813855849641094E-003   3.3610470390704353E-005   6.5137174973344245E-002   146.99031233857178     
 0.0030   6.3409240961278410E-002   95.058045639483424        2.8219926590325223E-003   5.0402420117056787E-005   6.4893471947999881E-002   97.283085631223940     
 0.0040   8.4489456339240238E-002   95.077357136785295        3.7625116526317178E-003   6.7180947515435731E-005   6.4935382746860518E-002   73.072840611521400     
 0.0050  0.10527256359413154        95.096407710035493        4.7029299076002005E-003   8.3944421466581139E-005   6.5143194846662561E-002   58.846138114947365     
 0.0060  0.12560324869638814        95.115062494813117        5.6432430522005850E-003   1.0069261503474391E-004   6.5517018905860286E-002   49.613807069597087     
 0.0070  0.14530768598979615        95.133171836270691        6.5834548326612532E-003   1.1742667342405487E-004   6.6069704022843789E-002   43.255939723665236     
 0.0080  0.16423170622607827        95.150603198636190        7.5235769067851848E-003   1.3414907768582538E-004   6.6805953795481945E-002   38.705235107905999     
 0.0090  0.18226375334040021        95.167259194517854        8.4636286004284422E-003   1.5086360535151999E-004   6.7719577807730774E-002   35.359123778572823     
 0.0100  0.19934007611793989        95.183081620199445        9.4036366277537274E-003   1.6757528914860070E-004   6.8796809426289046E-002   32.849853654603557     
 0.0300  0.43059162631449799        58.373749660697015        2.8283646314283740E-002   5.1810261818052228E-004   9.5670434022018219E-002   12.969694803582254     
 0.0500  0.45381583571785195        3.2340458354060506E-002   4.7660193170307528E-002   9.7042623632426922E-004  0.15212418088511018        1.0950952731670852E-002
 0.0700  0.46310242666096313        4.7948508336867389E-002   6.7254536739855444E-002   1.4027113921577814E-003  0.20953074343205039        2.1804070813395662E-002
 0.0900  0.47362753491771742        2.0785975559100247E-002   8.5529453812173556E-002   1.4385907217322532E-003  0.26197337743809151        1.1706352744758407E-002
 0.1100  0.48766069831850506        1.1280424309136021E-002  0.10131642189674746        1.1143937258913871E-003  0.30614946587752950        7.2791575663106360E-003
 0.1300  0.50584602651185540        7.4449052030371625E-003  0.11469590707339467        7.5623483908092491E-004  0.34138331497867924        5.1488908251746176E-003
 0.1500  0.52827158887614167        5.5116123813603720E-003  0.12621392688025429        5.2499012933124062E-004  0.36834689433314510        3.9186816230870163E-003
 0.1700  0.55336362946738904        4.6071722076911443E-003  0.13629894312125571        4.0018451993913405E-004  0.38902283234060925        3.2888746557747993E-003
 0.1900  0.58353063217559997        3.7890264045917356E-003  0.14521943157525066        3.2235980521229000E-004  0.40256916376925872        2.6519057063747685E-003
 0.2100  0.61615329493508941        3.1952061155502889E-003  0.15316609032292175        2.6262666963102366E-004  0.41163963396912129        2.1636285592057498E-003
 0.2300  0.65080746433799608        2.6999466622115754E-003  0.16029652489652263        2.1391827261780694E-004  0.41724240893037595        1.7532227175518869E-003
 0.2500  0.68696415840783098        2.3740163918794838E-003  0.16674577307158178        1.7468898926397433E-004  0.42031833988699929        1.4691311225861359E-003
 0.2700  0.72434618024597530        2.1283844120252439E-003  0.17262647455911112        1.4362650066953287E-004  0.42150662625786178        1.2508861265538033E-003
 0.2900  0.76267306773009780        1.9396431513474632E-003  0.17802940685111004        1.1917172700228952E-004  0.42132910306357074        1.0807707363305237E-003
 0.3100  0.80171348437372048        1.7787421434094248E-003  0.18302605295258442        9.9851231004726635E-005  0.42017781034615698        9.3925762806623399E-004
 0.3300  0.84130629522189337        1.6531869177315826E-003  0.18767216600998701        8.4460920652472323E-005  0.41832879768216674        8.2739829111484590E-004
 0.3500  0.88136196292351610        1.5464335000364038E-003  0.19201130128094823        7.2081246338509517E-005  0.41596626610875509        7.3401675649904026E-004
 0.3700  0.92179537179488102        1.4545875781438494E-003  0.19607781443027444        6.2026211225461132E-005  0.41323354155607123        6.5534749074181028E-004
 0.3900  0.96252668440834577        1.3860223653310818E-003  0.19989920793732360        5.3784479661934126E-005  0.41024194220195848        5.9331395974050684E-004
 0.4100   1.0035216677848235        1.3108357065063168E-003  0.20349788768549182        4.6971560646625406E-005  0.40706159023332517        5.3378968294354266E-004


 # triplet j3
 0.0010  0.45749194374864827        2.2898068406843448E-002   9.4071150484559859E-004   1.6808159939356676E-005   2.9981943046352745E-003   1.5243525457979569E-004
 0.0020  0.45749708702637426        2.2895550156277634E-002   1.8813855849641094E-003   3.3610470390704353E-005   5.9962615577708331E-003   3.0482678500743125E-004
 0.0030  0.45750500158314988        2.2891187834469893E-002   2.8219926590325223E-003   5.0402420117056787E-005   8.9941001416939184E-003   4.5712994197107706E-004
 0.0040  0.45751515496973699        2.2884846837327315E-002   3.7625116526317178E-003   6.7180947515435731E-005   1.1991635961929236E-002   6.0929906610501902E-004
 0.0050  0.45752702219708813        2.2876393265690183E-002   4.7029299076002005E-003   8.3944421466581139E-005   1.4988822057522250E-002   7.6128747784994161E-004
 0.0060  0.45754008773918675        2.2865694416731995E-002   5.6432430522005850E-003   1.0069261503474391E-004   1.7985638067564532E-002   9.1304747135356398E-004
 0.0070  0.45755384839990565        2.2852618967375390E-002   6.5834548326612532E-003   1.1742667342405487E-004   2.0982089516159642E-002   1.0645302949739823E-003
 0.0080  0.45756781548702546        2.2837037738458243E-002   7.5235769067851848E-003   1.3414907768582538E-004   2.3978206959802344E-002   1.2156861550402015E-003
 0.0090  0.45758151737183472        2.2818824016803962E-002   8.4636286004284422E-003   1.5086360535151999E-004   2.6974044967455264E-002   1.3664642069911442E-003
 0.0100  0.45759450187300627        2.2797854222743795E-002   9.4036366277537274E-003   1.6757528914860070E-004   2.9969680954588535E-002   1.5168125671418812E-003
 0.0300  0.45701100762989078        2.2030380881645710E-002   2.8283646314283740E-002   5.1810261818052228E-004   9.0139815207944132E-002   4.4229588183338176E-003
 0.0500  0.45518148350413878        1.9476389489239007E-002   4.7660193170307528E-002   9.7042623632426922E-004  0.15166777380706489        6.6707531784221648E-003
 0.0700  0.45674174906637066        1.6157374211911643E-002   6.7254536739855444E-002   1.4027113921577814E-003  0.21244871076884597        7.8351895858607742E-003
 0.0900  0.46506113388780801        1.2800028937979716E-002   8.5529453812173556E-002   1.4385907217322532E-003  0.26679891293604585        7.6783415328274774E-003
 0.1100  0.48050340418152560        1.0013014855204953E-002  0.10131642189674746        1.1143937258913871E-003  0.31070968700831852        6.6964406522569755E-003
 0.1300  0.50066551372676249        7.6737891368813052E-003  0.11469590707339467        7.5623483908092491E-004  0.34491569454023541        5.4074879396712495E-003
 0.1500  0.52509400688242924        6.1614044006165431E-003  0.12621392688025429        5.2499012933124062E-004  0.37057592845566739        4.4160772454602979E-003
 0.1700  0.55273488563852280        4.9286788068557451E-003  0.13629894312125571        4.0018451993913405E-004  0.38946535137003446        3.5195721725949881E-003
 0.1900  0.58303211366737029        4.0645247188898052E-003  0.14521943157525066        3.2235980521229000E-004  0.40291337839187902        2.8442289402094484E-003
 0.2100  0.61572429401991646        3.3854495245442466E-003  0.15316609032292175        2.6262666963102366E-004  0.41192644055026378        2.2922711624834267E-003
 0.2300  0.65039315861143177        2.8682870958560962E-003  0.16029652489652263        2.1391827261780694E-004  0.41750819573501335        1.8622014846164880E-003
 0.2500  0.68662732701202656        2.4866894893482432E-003  0.16674577307158178        1.7468898926397433E-004  0.42052453094222925        1.5388194014386940E-003
 0.2700  0.72406653155130385        2.2026704172139391E-003  0.17262647455911112        1.4362650066953287E-004  0.42166942038339034        1.2946918180460098E-003
 0.2900  0.76243419449482219        1.9874258772586565E-003  0.17802940685111004        1.1917172700228952E-004  0.42146110690953054        1.1076354938275045E-003
 0.3100  0.80152213150707297        1.8202710106487220E-003  0.18302605295258442        9.9851231004726635E-005  0.42027812227186795        9.6131948520104902E-004
 0.3300  0.84117549751466458        1.6869401895218956E-003  0.18767216600998701        8.4460920652472323E-005  0.41839384528253820        8.4433574541879905E-004
 0.3500  0.88128012939626443        1.5778279791249126E-003  0.19201130128094823        7.2081246338509517E-005  0.41600489172351474        7.4888954992858865E-004
 0.3700  0.92175263421266862        1.4865158865361111E-003  0.19607781443027444        6.2026211225461132E-005  0.41325270136294312        6.6965265403502304E-004
 0.3900  0.96253286346646194        1.4086860106273856E-003  0.19989920793732360        5.3784479661934126E-005  0.41023930862039593        6.0292459337042594E-004
 0.4100   1.0035782673539737        1.3413799015081574E-003  0.20349788768549182        4.6971560646625406E-005  0.40703863287028308        5.4607105803610985E-004


