 # triplet j1
 0.0010   2.8593723912374129E-002   95.027551031181702        1.0064093078412256E-003   1.2578323688219381E-005   4.9617125530308566E-002   164.89611296553909     
 0.0020   5.7809996593933308E-002   95.055675173780244        2.0230907260130825E-003   2.6211716666003394E-005   4.9207888675954055E-002   80.911422895606862     
 0.0030   8.6731110576970055E-002   95.083418126498614        3.0499817655692402E-003   4.0985038855124055E-005   4.9322983543016521E-002   54.072844638523762     
 0.0040  0.16179371620585500        88.963759869774535        4.0870034105242080E-003   5.6965190266456528E-005   3.5341570381612696E-002   19.432886856388798     
 0.0050  0.19449783649413108        82.379593118361115        5.1340594543662042E-003   7.4202650786787448E-005   3.6839664977368645E-002   15.603446632609039     
 0.0060  0.22052400506962658        75.215322098607572        6.1910358842555326E-003   9.2732970166945145E-005   3.9085566622173933E-002   13.331126843419677     
 0.0070  0.24258690284120196        67.287000019528364        7.2578003201194457E-003   1.1257812752915147E-004   4.1552693043913597E-002   11.525585371690436     
 0.0080  0.26136245716738793        58.302324989232133        8.3342015158788911E-003   1.3374772704575650E-004   4.4182347334005924E-002   9.8557903175477986     
 0.0090  0.27697374474452885        58.290056141620788        9.4200689299809813E-003   1.5624002674555204E-004   4.7013727970273714E-002   9.8941971827309612     
 0.0100  0.29015199110473189        47.600974158951537        1.0515212372253354E-002   1.8004281424105549E-004   4.9980254919824843E-002   8.1995261072566681     
 0.0300  0.38422139104906133        1.8476623694903726E-002   3.3901232720783554E-002   8.4387271722875779E-004  0.11738208796285690        5.8307196716299936E-003
 0.0500  0.39377380366339820        1.5828443731548434E-002   5.7730936173540172E-002   1.3658367650082161E-003  0.19295564090025807        8.0850835381012995E-003
 0.0700  0.40674190824458190        6.3628433714969001E-003   7.8831342733710272E-002   1.3255216623481536E-003  0.25828224818605366        4.5869677238842901E-003
 0.0900  0.42514733627277473        3.5109335255039940E-003   9.6265636206392752E-002   9.7766316458560592E-004  0.30962244288602747        3.0016244341516170E-003
 0.1100  0.44876868023594169        2.5632233608914412E-003  0.11061848404794224        6.4431912920015358E-004  0.34761831647557329        2.2286934634487307E-003
 0.1300  0.47665580796300838        2.1939291170113675E-003  0.12266241608031062        4.2571058778954993E-004  0.37466018407740737        1.8429542433360097E-003
 0.1500  0.50719586719928278        2.0990567766996739E-003  0.13296926118119290        3.0070520704719033E-004  0.39378625133025813        1.6894381388298846E-003
 0.1700  0.54096551058955811        1.8636988804447061E-003  0.14194082084287010        2.2806784821771846E-004  0.40609116155510927        1.4365751010601299E-003
 0.1900  0.57646733546840168        1.7159119253703566E-003  0.14987039288715309        1.8102562619404163E-004  0.41397586039356016        1.2573479456951255E-003
 0.2100  0.61330443702755122        1.6036848888803443E-003  0.15697619599990698        1.4711984641404047E-004  0.41866382685480885        1.1121740127968554E-003
 0.2300  0.65108370114558123        1.5181560804432715E-003  0.16342041124794432        1.2109330769821583E-004  0.42110969663610853        9.9423507267430125E-004
 0.2500  0.68961094987652494        1.4312116987861565E-003  0.16932307116570516        1.0052629763017926E-004  0.42192855857978251        8.8457826271766773E-004
 0.2700  0.72871307654502171        1.3547983867813510E-003  0.17477312644097948        8.4069619922426826E-005  0.42157771407095834        7.9031403877941107E-004
 0.2900  0.76824249186366811        1.3177745162378065E-003  0.17983704889163368        7.0823552041856031E-005  0.42039278696207732        7.2584004477955892E-004
 0.3100  0.80811617841840533        1.2496367311271522E-003  0.18456523302204642        6.0120387048681666E-005  0.41859784772609177        6.5088251450707180E-004
 0.3300  0.84828141931118062        1.1876836678178409E-003  0.18899660315966102        5.1440126291588348E-005  0.41635042541685829        5.8568176079340311E-004
 0.3500  0.88869226787181788        1.1317100760887230E-003  0.19316186383545239        4.4370572763300510E-005  0.41376934519613523        5.2905556487068805E-004
 0.3700  0.92929701467848380        1.1105743778555813E-003  0.19708577200009020        3.8583606561533653E-005  0.41094997114837256        4.9275836762309932E-004
 0.3900  0.97009572616201933        1.0604185541145982E-003  0.20078872296670502        3.3818320441728572E-005  0.40794570855747803        4.4724975560186199E-004
 0.4100   1.0110763118918582        1.0146648267718526E-003  0.20428786145893324        2.9867843760439495E-005  0.40480351196393483        4.0731661587315577E-004


 # triplet j3
 0.0010  0.39692309039213236        1.0786414097537065E-002   1.0064093078412256E-003   1.2578323688219381E-005   3.5743407805719700E-003   9.9668105568312713E-005
 0.0020  0.39629328316442347        1.0721897377769660E-002   2.0230907260130825E-003   2.6211716666003394E-005   7.1782894073712427E-003   1.9970153535910198E-004
 0.0030  0.39568337297297262        1.0663942202133578E-002   3.0499817655692402E-003   4.0985038855124055E-005   1.0811263327831671E-002   3.0028925763219067E-004
 0.0040  0.39509342754881777        1.0611971952948242E-002   4.0870034105242080E-003   5.6965190266456528E-005   1.4472637634260248E-002   4.0159813975765074E-004
 0.0050  0.39452351263379454        1.0565415337584207E-002   5.1340594543662042E-003   7.4202650786787448E-005   1.8161744245438025E-002   5.0377192101560306E-004
 0.0060  0.39397369268677052        1.0523709407623365E-002   6.1910358842555326E-003   9.2732970166945145E-005   2.1877871167378441E-002   6.0693045466348123E-004
 0.0070  0.39344403190003613        1.0486302126295831E-002   7.2578003201194457E-003   1.1257812752915147E-004   2.5620261823656936E-002   7.1116920004199240E-004
 0.0080  0.39293459473745168        1.0452654746811049E-002   8.3342015158788911E-003   1.3374772704575650E-004   2.9388114503775317E-002   8.1655896350165021E-004
 0.0090  0.39203518913963753        1.1043176300683070E-002   9.4200689299809813E-003   1.5624002674555204E-004   3.3215304776350589E-002   9.7534087208636341E-004
 0.0100  0.39148558360200930        1.0948354361660131E-002   1.0515212372253354E-002   1.8004281424105549E-004   3.7043178825333430E-002   1.0834092962992712E-003
 0.0300  0.38568880821499979        9.6355823904277424E-003   3.3901232720783554E-002   8.4387271722875779E-004  0.11693548830224561        3.2638282332003153E-003
 0.0500  0.38947167742681837        8.1329129890385134E-003   5.7730936173540172E-002   1.3658367650082161E-003  0.19508703985254533        4.6820373395720502E-003
 0.0700  0.40207879631670063        6.3936968683345795E-003   7.8831342733710272E-002   1.3255216623481536E-003  0.26127767854276346        4.6996880693287012E-003
 0.0900  0.42380296333998191        4.3897851128418342E-003   9.6265636206392752E-002   9.7766316458560592E-004  0.31060461636664854        3.5830817285612171E-003
 0.1100  0.44652225915047988        3.5802049745521981E-003  0.11061848404794224        6.4431912920015358E-004  0.34936715900205595        2.9802824856421184E-003
 0.1300  0.47513870497618954        2.7957065302272391E-003  0.12266241608031062        4.2571058778954993E-004  0.37585646229754188        2.3057028421446329E-003
 0.1500  0.50676338145849431        2.3110605526201829E-003  0.13296926118119290        3.0070520704719033E-004  0.39412231929580199        1.8517922614526251E-003
 0.1700  0.54059609182683832        1.9975549290072313E-003  0.14194082084287010        2.2806784821771846E-004  0.40636866577077274        1.5366527591190347E-003
 0.1900  0.57617006901586532        1.7875303742330064E-003  0.14987039288715309        1.8102562619404163E-004  0.41418944513541434        1.3091170917152745E-003
 0.2100  0.61301749463923216        1.6394301097984504E-003  0.15697619599990698        1.4711984641404047E-004  0.41885979581072130        1.1372485617853242E-003
 0.2300  0.65084625404976382        1.5248735865642717E-003  0.16342041124794432        1.2109330769821583E-004  0.42126332934715910        9.9924606215648641E-004
 0.2500  0.68941376312805869        1.4314718936038759E-003  0.16932307116570516        1.0052629763017926E-004  0.42204923896796320        8.8523696172301423E-004
 0.2700  0.72854518786051048        1.3523059725884274E-003  0.17477312644097948        8.4069619922426826E-005  0.42167486401994431        7.8924468133492569E-004
 0.2900  0.76811465335795914        1.2834571569623815E-003  0.17983704889163368        7.0823552041856031E-005  0.42046275358159318        7.0742068837738965E-004
 0.3100  0.80803186203012534        1.2226174294692189E-003  0.18456523302204642        6.0120387048681666E-005  0.41864152751190292        6.3709758268728361E-004
 0.3300  0.84823257968574262        1.1683385502375355E-003  0.18899660315966102        5.1440126291588348E-005  0.41637439808581173        5.7629816589714817E-004
 0.3500  0.88867183274795247        1.1196368541434188E-003  0.19316186383545239        4.4370572763300510E-005  0.41377885987580576        5.2348129347441058E-004
 0.3700  0.92931899949594454        1.0757869326477592E-003  0.19708577200009020        3.8583606561533653E-005  0.41094024934121476        4.7740529223300415E-004
 0.3900  0.97015422873216361        1.0362165704116270E-003  0.20078872296670502        3.3818320441728572E-005  0.40792110847666291        4.3705052706994370E-004
 0.4100   1.0111658001628201        1.0004524952282898E-003  0.20428786145893324        2.9867843760439495E-005  0.40476768681403447        4.0157079534353644E-004


