 # triplet j1
 0.0010  0.13379687688633068        7.8040069293931463E-003   3.7727245296044791        3.2279724971214251E-002  0.64922699495965963        3.7969358859282272E-002
 0.0020  0.13794496712834772        6.0769467098294814E-003   1.9170605153020308        1.5872298566790601E-002  0.63480749660332969        2.8088641313780631E-002
 0.0030  0.14385091455786644        5.1785493872448943E-003   1.2982314621101967        1.0421812590217275E-002  0.61353460451799458        2.2223754449887334E-002
 0.0040  0.14938037083669914        4.5859647625856436E-003  0.98871458663600120        7.7095239213895543E-003  0.59536997764074051        1.8424610161446461E-002
 0.0050  0.15444982186834813        4.2394110839033211E-003  0.80300961985695229        6.0931021825149844E-003  0.58019363793454237        1.6076832022779881E-002
 0.0060  0.15920545340188780        4.0378170629455428E-003  0.67925513156188677        5.0241253292143059E-003  0.56708628911005177        1.4534716782762776E-002
 0.0070  0.16374103386594629        3.8968669517028963E-003  0.59092480783544576        4.2669356095949174E-003  0.55548533889000751        1.3371232309609920E-002
 0.0080  0.16810568430202105        3.7739915882935614E-003  0.52474930339514358        3.7034895364098626E-003  0.54507156657391709        1.2387165088538266E-002
 0.0090  0.17232639132960040        3.6542711440963427E-003  0.47335381596926229        3.2682187165272501E-003  0.53564542540544169        1.1508174914050439E-002
 0.0100  0.17641934953444427        3.5349796019450526E-003  0.43231177347634919        2.9218884419624498E-003  0.52706880504002851        1.0710218917738391E-002
 0.0300  0.24172728541177199        2.0991738925305202E-003  0.19289279379382823        8.6151178333192843E-004  0.44504912537532709        3.9905738735752736E-003
 0.0500  0.29255521431795972        1.8238770543950384E-003  0.15355456995367739        4.7366302083278784E-004  0.42356837804653652        2.7202613736884373E-003
 0.0700  0.33811157186204910        1.7017289825136937E-003  0.14257589822676608        3.2163768609490344E-004  0.41785638357888438        2.1552547019469534E-003
 0.0900  0.38117419989908252        1.5455916463497626E-003  0.14065020933455050        2.4018288529119530E-004  0.41742931636814562        1.7297178868780475E-003
 0.1100  0.42298685000453629        1.3573875348825688E-003  0.14249104210973168        1.8811807386986512E-004  0.41857978994222017        1.3713688662938157E-003
 0.1300  0.46404155902465205        1.2660660140137029E-003  0.14608325703822791        1.5123632952686536E-004  0.41998136273066217        1.1662952311840013E-003
 0.1500  0.50466990071165663        1.1831792761933838E-003  0.15051109594346865        1.2350126008181623E-004  0.42105369497471201        1.0021453663023978E-003
 0.1700  0.54501563619979021        1.1062039871481009E-003  0.15531238829044103        1.0191339705584873E-004  0.42163198149146452        8.6688397625869242E-004
 0.1900  0.58517278271621698        1.0358787964387809E-003  0.16023824609090467        8.4770170006096809E-005  0.42168754265502550        7.5476310431331253E-004
 0.2100  0.62520768152200235        9.7347548044852364E-004  0.16514937612214461        7.0991671466183570E-005  0.42124892795039925        6.6212234475447260E-004
 0.2300  0.66517006816120738        9.2006072581648113E-004  0.16996643730742547        5.9832610455996163E-005  0.42036621386995804        5.8613769815624281E-004
 0.2500  0.70506973734944178        9.3526763329525385E-004  0.17464440029737824        5.0747668984782644E-005  0.41911215880067781        5.5927267355327932E-004
 0.2700  0.74496663918198691        8.8602526818967276E-004  0.17915852870278720        4.3322301521006482E-005  0.41752145640620258        4.9913792702923590E-004
 0.2900  0.78488730703473675        8.4291033603105204E-004  0.18349637198831487        3.7233608900703378E-005  0.41564296280371987        4.4835698744024054E-004
 0.3100  0.82485524838720792        8.0551442628867646E-004  0.18765303276972370        3.2226067233803424E-005  0.41351940714519314        4.0538142993486913E-004
 0.3300  0.86487716098582568        8.1843265353973070E-004  0.19162829231288078        2.8095423580330985E-005  0.41119455367437713        3.9027893674142058E-004
 0.3500  0.90497980966333003        7.8472033715194800E-004  0.19542482617699319        2.4677246790586937E-005  0.40869563288771976        3.5532375370949689E-004
 0.3700  0.94518610800556613        7.5433936516786993E-004  0.19904707714983128        2.1838525522091989E-005  0.40604711796074516        3.2482497846298563E-004
 0.3900  0.98551183158898448        7.2695431237035553E-004  0.20250053366198015        1.9471464668170847E-005  0.40327244172170379        2.9810161437638039E-004
 0.4100   1.0259638848954022        7.3888068987614495E-004  0.20579126323008198        1.7488434722603472E-005  0.40039469928167370        2.8885849142978583E-004


 # triplet j3
 0.0010  0.24680180502246665        5.3114367975671775E-002   3.7727245296044791        3.2279724971214251E-002  0.35196073346381174        7.5760649504285765E-002
 0.0020  0.23625578647232368        5.1436384813346635E-002   1.9170605153020308        1.5872298566790601E-002  0.37065123593082150        8.0710851883981194E-002
 0.0030  0.22894191933370084        4.7765618216008332E-002   1.2982314621101967        1.0421812590217275E-002  0.38550176494401694        8.0444583960867871E-002
 0.0040  0.22367411075678262        4.3876911358373669E-002  0.98871458663600120        7.7095239213895543E-003  0.39761681736031762        7.8013692320756972E-002
 0.0050  0.21996949794581805        4.0163787204553374E-002  0.80300961985695229        6.0931021825149844E-003  0.40737831774390598        7.4398441340261523E-002
 0.0060  0.21749112558030081        3.6734409314731126E-002  0.67925513156188677        5.0241253292143059E-003  0.41511224669452529        7.0129565752457323E-002
 0.0070  0.21596672525065314        3.3612957544216865E-002  0.59092480783544576        4.2669356095949174E-003  0.42115628498631552        6.5566195887307818E-002
 0.0080  0.21518228146586513        3.0792752738056910E-002  0.52474930339514358        3.7034895364098626E-003  0.42582329766318788        6.0954171511238511E-002
 0.0090  0.21497207995730488        2.8253279729864082E-002  0.47335381596926229        3.2682187165272501E-003  0.42938526347542932        5.6452569621567930E-002
 0.0100  0.21520787019631310        2.5967779856579817E-002  0.43231177347634919        2.9218884419624498E-003  0.43207126049915090        5.2155763537505818E-002
 0.0300  0.24905687225862280        6.4258969211468389E-003  0.19289279379382823        8.6151178333192843E-004  0.43195160999271143        1.1186416486077594E-002
 0.0500  0.29393666014902331        2.8280203661897431E-003  0.15355456995367739        4.7366302083278784E-004  0.42157768804643214        4.1078644748831026E-003
 0.0700  0.33796737174283636        1.8711670460659917E-003  0.14257589822676608        3.2163768609490344E-004  0.41803466984366539        2.3620053645875163E-003
 0.0900  0.38067687393653649        1.5757887006570923E-003  0.14065020933455050        2.4018288529119530E-004  0.41797465665743344        1.7666034904913236E-003
 0.1100  0.42246103195821377        1.4514862136924848E-003  0.14249104210973168        1.8811807386986512E-004  0.41910077718300143        1.4662761818044969E-003
 0.1300  0.46361831831799666        1.3629442541482585E-003  0.14608325703822791        1.5123632952686536E-004  0.42036476692700431        1.2547984360219131E-003
 0.1500  0.50436527995562741        1.1850507187396032E-003  0.15051109594346865        1.2350126008181623E-004  0.42130799815534209        1.0048781926608168E-003
 0.1700  0.54474933803330561        1.1095765897415504E-003  0.15531238829044103        1.0191339705584873E-004  0.42183809431393771        8.7029924476685039E-004
 0.1900  0.58494662249065610        1.0425355449398088E-003  0.16023824609090467        8.4770170006096809E-005  0.42185058137701520        7.6008883433847842E-004
 0.2100  0.62501560130910017        9.8224091788407485E-004  0.16514937612214461        7.0991671466183570E-005  0.42137838645286874        6.6838013933093340E-004
 0.2300  0.66500344646664677        9.2882737713040862E-004  0.16996643730742547        5.9832610455996163E-005  0.42047153983670782        5.9192823154505139E-004
 0.2500  0.70494892574553158        8.8241173080473687E-004  0.17464440029737824        5.0747668984782644E-005  0.41918398473057683        5.2823138652992492E-004
 0.2700  0.74488449758920983        8.4280896138076006E-004  0.17915852870278720        4.3322301521006482E-005  0.41756749827921624        4.7515175215582584E-004
 0.2900  0.78480126552939500        8.4969294099047801E-004  0.18349637198831487        3.7233608900703378E-005  0.41568853172387221        4.5203164042148422E-004
 0.3100  0.82477715008411578        8.1197017308553914E-004  0.18765303276972370        3.2226067233803424E-005  0.41355856337544322        4.0868260109908517E-004
 0.3300  0.86481598527664150        7.7859970855554414E-004  0.19162829231288078        2.8095423580330985E-005  0.41122364092399089        3.7145270737351987E-004
 0.3500  0.90493722353384975        7.4901053382575166E-004  0.19542482617699319        2.4677246790586937E-005  0.40871486600653462        3.3927338051745740E-004
 0.3700  0.94515855881711275        7.2271243505042453E-004  0.19904707714983128        2.1838525522091989E-005  0.40605895329617042        3.1128968850203438E-004
 0.3900  0.98549634007392817        6.9929353883318936E-004  0.20250053366198015        1.9471464668170847E-005  0.40327878096503600        2.8681670436253017E-004
 0.4100   1.0259658856302152        6.7841119018272717E-004  0.20579126323008198        1.7488434722603472E-005  0.40039391847246264        2.6530311990862756E-004


