# pion mass (\sigma_1)
"*"
    9  64  2.00  0.2480  0.6391680473588395E+00  0.1328409729763615E-02  10000
    9  64  2.00  0.2500  0.6116156808524913E+00  0.1205345445589808E-02  10000
    9  64  2.00  0.2515  0.5917842724549304E+00  0.1525085312238263E-02  10000
    9  64  2.00  0.2530  0.5719997189204798E+00  0.1547664075685883E-02  10000
    9  64  2.00  0.2545  0.5516397132465229E+00  0.1402446301700634E-02  10000
    9  64  2.00  0.2560  0.5319217144411458E+00  0.1612062279463731E-02  10000
    9  64  2.00  0.2575  0.5129411535362999E+00  0.2103750763670496E-02  10000
    9  64  2.00  0.2590  0.4922552526436634E+00  0.2377206197859691E-02  10000
    9  64  2.00  0.2605  0.4764172905095997E+00  0.2376278208661164E-02  10000
    9  64  2.00  0.2620  0.4588167261006683E+00  0.2352472907658796E-02  10000
    9  64  2.00  0.2625  0.4524548121218052E+00  0.2804232475470326E-02  10000
    9  64  2.00  0.2639  0.4344673526559844E+00  0.2928028882544752E-02  10000
    9  64  2.00  0.2653  0.4236797676546462E+00  0.3411847029115895E-02  10000
    9  64  2.00  0.2667  0.4132735960050324E+00  0.3587768427531398E-02  10000
    9  64  2.00  0.2681  0.3994293609423150E+00  0.4882844365297963E-02  10000
    9  64  2.00  0.2694  0.3928833025951175E+00  0.8421280792523585E-02  10000
    9  64  2.00  0.2708  0.3901634295366173E+00  0.1261088093247023E-01  10000
    9  64  2.00  0.2722  0.3854072873240997E+00  0.2024083059032659E-01  10000
    9  64  2.00  0.2736  0.3872660273056300E+00  0.3091783068624032E-01  10000
    9  64  2.00  0.2750  0.4084739238433590E+00  0.1209011694996373E+00  10000
    9  64  2.00  0.2780  0.3489573094011171E+00  0.1150489118944240E+00  10000


# pseudoscalar mass (\sigma_3)
"*"
    9  64  2.00  0.2480  0.6391309200025965E+00  0.1255300700951027E-02  10000
    9  64  2.00  0.2500  0.6116379798644370E+00  0.1063465491464220E-02  10000
    9  64  2.00  0.2515  0.5917273591297129E+00  0.1314668927131197E-02  10000
    9  64  2.00  0.2530  0.5722954118351884E+00  0.1543509607730558E-02  10000
    9  64  2.00  0.2545  0.5515523988590653E+00  0.1172672775099679E-02  10000
    9  64  2.00  0.2560  0.5318901418525824E+00  0.1355611237606450E-02  10000
    9  64  2.00  0.2575  0.5126782299822402E+00  0.1829859726089013E-02  10000
    9  64  2.00  0.2590  0.4931398171118394E+00  0.1966381230132699E-02  10000
    9  64  2.00  0.2605  0.4760212704806619E+00  0.1817209534552654E-02  10000
    9  64  2.00  0.2620  0.4589596569868836E+00  0.1786009010305226E-02  10000
    9  64  2.00  0.2625  0.4527289960410402E+00  0.1792897667128297E-02  10000
    9  64  2.00  0.2639  0.4362682414987213E+00  0.1738585337553724E-02  10000
    9  64  2.00  0.2653  0.4238323090701749E+00  0.2177675366940376E-02  10000
    9  64  2.00  0.2667  0.4144894037139636E+00  0.2304574138433014E-02  10000
    9  64  2.00  0.2681  0.4001615130438641E+00  0.2190349876634359E-02  10000
    9  64  2.00  0.2694  0.3925201505817805E+00  0.3627932415284630E-02  10000
    9  64  2.00  0.2708  0.3902210673393030E+00  0.3240702139317917E-02  10000
    9  64  2.00  0.2722  0.3830047894399455E+00  0.3482605148830710E-02  10000
    9  64  2.00  0.2736  0.3805056899294800E+00  0.3655338301475921E-02  10000
    9  64  2.00  0.2750  0.3833914698658331E+00  0.7541764299631385E-02  10000
    9  64  2.00  0.2780  0.3856377991071657E+00  0.5542069878127891E-02  10000


# eta mass (\sigma_1)
"*"
    9  64  2.00  0.2480  0.7191660652726382E+00  0.8085013626026993E+02  10000
    9  64  2.00  0.2500  0.7240614798542292E+00  0.4473617712576970E+02  10000
    9  64  2.00  0.2515  0.7069529877944992E+00  0.8008677063536716E+02  10000
    9  64  2.00  0.2530  0.6921821822535792E+00  0.9011962881229034E+02  10000
    9  64  2.00  0.2545  0.6814654188958040E+00  0.3442433245710755E+02  10000
    9  64  2.00  0.2560  0.6670610391099839E+00  0.4143431264507065E+00  10000
    9  64  2.00  0.2575                     NaN                     NaN  10000
    9  64  2.00  0.2590                     NaN                     NaN  10000
    9  64  2.00  0.2605  0.6121050901119161E+00  0.7856415682530168E+02  10000
    9  64  2.00  0.2620                     NaN                     NaN  10000
    9  64  2.00  0.2625  0.6008842583603791E+00  0.8783939171392845E+02  10000
    9  64  2.00  0.2639  0.5896226920664478E+00  0.6909540163648967E+02  10000
    9  64  2.00  0.2653  0.5842630482095775E+00  0.3661444573105872E+00  10000
    9  64  2.00  0.2667  0.5792554427063391E+00  0.5859520518102106E+02  10000
    9  64  2.00  0.2681  0.5725153086480907E+00  0.3942190778584799E+00  10000
    9  64  2.00  0.2694  0.5808798903715370E+00  0.8108556477200966E+02  10000
    9  64  2.00  0.2708                     NaN                     NaN  10000
    9  64  2.00  0.2722  0.5926496369890807E+00  0.4836180829856315E+02  10000
    9  64  2.00  0.2736  0.6102147288098967E+00  0.8897428385264850E+02  10000
    9  64  2.00  0.2750  0.6391359970128010E+00  0.6693806023315959E+02  10000
    9  64  2.00  0.2780  0.6673415353319695E+00  0.8326188729968261E+02  10000

