# pion mass (\sigma_1)
"*"
    9  64  2.00  0.2480  0.6391680473588395E+00  0.1328409729763615E-02  10000
    9  64  2.00  0.2500  0.6113313703742962E+00  0.1634655089601574E-02  10000
    9  64  2.00  0.2515  0.5927077942933587E+00  0.3368875519857319E-02  10000
    9  64  2.00  0.2530  0.5735121410401579E+00  0.1946200126141926E-02  10000
    9  64  2.00  0.2545  0.5538268441711639E+00  0.3635382384096784E-02  10000
    9  64  2.00  0.2560  0.5317813329886223E+00  0.1697063561646566E-02  10000
    9  64  2.00  0.2575  0.5149863231769276E+00  0.4041619611205342E-02  10000
    9  64  2.00  0.2590  0.4920007278001571E+00  0.5071837245818780E-02  10000
    9  64  2.00  0.2605  0.4848091457724926E+00  0.4754285189250140E-02  10000
    9  64  2.00  0.2620  0.4574730736879540E+00  0.5678698178482647E-02  10000
    9  64  2.00  0.2625  0.4532401810991343E+00  0.3232265235944592E-02  10000
    9  64  2.00  0.2639  0.4359047300102851E+00  0.5999401629819838E-02  10000
    9  64  2.00  0.2653  0.4253273831602606E+00  0.7017004101020631E-02  10000
    9  64  2.00  0.2667  0.4132735960050324E+00  0.3587768427531398E-02  10000
    9  64  2.00  0.2681  0.4000412330603837E+00  0.7322968459932284E-02  10000
    9  64  2.00  0.2694  0.3916157127252644E+00  0.1141724958976905E-01  10000
    9  64  2.00  0.2708  0.4002601986517587E+00  0.2786324420559291E-01  10000
    9  64  2.00  0.2722  0.3725766759626754E+00  0.4018034748052542E-01  10000
    9  64  2.00  0.2736  0.3884984741786167E+00  0.1334837909756794E+00  10000
    9  64  2.00  0.2750  0.3977940932294781E+00  0.3414167391481283E+00  10000
    9  64  2.00  0.2780  0.1537426170678023E+00  0.8292669857702568E+02  10000


# pseudoscalar mass (\sigma_3)
"*"
    9  64  2.00  0.2480  0.6391309200025965E+00  0.1255300700951027E-02  10000
    9  64  2.00  0.2500  0.6111019940043372E+00  0.3059415119642321E-02  10000
    9  64  2.00  0.2515  0.5915499226781160E+00  0.1370322841347260E-02  10000
    9  64  2.00  0.2530  0.5738328555815601E+00  0.1648178952934559E-02  10000
    9  64  2.00  0.2545  0.5513666975220023E+00  0.1249495654399048E-02  10000
    9  64  2.00  0.2560  0.5315060339360914E+00  0.1496159752483260E-02  10000
    9  64  2.00  0.2575  0.5132472593731572E+00  0.2178896372906735E-02  10000
    9  64  2.00  0.2590  0.4915330754540653E+00  0.2950789185667638E-02  10000
    9  64  2.00  0.2605  0.4755835019895792E+00  0.1851850992933319E-02  10000
    9  64  2.00  0.2620  0.4585300062064810E+00  0.2065222796271846E-02  10000
    9  64  2.00  0.2625  0.4535725809047843E+00  0.2571949240555968E-02  10000
    9  64  2.00  0.2639  0.4360095479657902E+00  0.1809490778303627E-02  10000
    9  64  2.00  0.2653  0.4261348638630075E+00  0.7936285085290698E-02  10000
    9  64  2.00  0.2667  0.4135691503684053E+00  0.6100870639182498E-02  10000
    9  64  2.00  0.2681  0.4025734899650553E+00  0.6311640591089413E-02  10000
    9  64  2.00  0.2694  0.3902780168132150E+00  0.6327050620653519E-02  10000
    9  64  2.00  0.2708  0.3935707824723793E+00  0.6051960503564480E-02  10000
    9  64  2.00  0.2722  0.3835123615379608E+00  0.4138636435617416E-02  10000
    9  64  2.00  0.2736  0.3793477805229717E+00  0.6408489140494459E-02  10000
    9  64  2.00  0.2750  0.3800370883359478E+00  0.1124150902249747E-01  10000
    9  64  2.00  0.2780  0.3754214491105932E+00  0.2470326776150906E-01  10000


# eta mass (\sigma_1)
"*"
    9  64  2.00  0.2480  0.7140173793845287E+00  0.9670333674776067E+02  10000
    9  64  2.00  0.2500  0.7240614798542292E+00  0.4473617712576970E+02  10000
    9  64  2.00  0.2515  0.6736341162653900E+00  0.9742740755785951E+02  10000
    9  64  2.00  0.2530  0.6560752282076394E+00  0.1069901685542072E+03  10000
    9  64  2.00  0.2545  0.6367539068346177E+00  0.1039557208736667E+03  10000
    9  64  2.00  0.2560  0.6225738268871692E+00  0.5313333163933734E+02  10000
    9  64  2.00  0.2575                     NaN                     NaN  10000
    9  64  2.00  0.2590                     NaN                     NaN  10000
    9  64  2.00  0.2605  0.6563056959702226E+00  0.9695185275519850E+02  10000
    9  64  2.00  0.2620                     NaN                     NaN  10000
    9  64  2.00  0.2625  0.9140613507366181E-01  0.1425921113387992E+03  10000
    9  64  2.00  0.2639 -0.2659256249053906E+00  0.1316553793529801E+03  10000
    9  64  2.00  0.2653 -0.3384590339981290E-01  0.1227578688732797E+03  10000
    9  64  2.00  0.2667  0.5792554427063391E+00  0.5859520518102106E+02  10000
    9  64  2.00  0.2681  0.1605676807902044E+00  0.9816473180984583E+02  10000
    9  64  2.00  0.2694  0.5197086198688839E+00  0.1024819245743908E+03  10000
    9  64  2.00  0.2708                     NaN                     NaN  10000
    9  64  2.00  0.2722  0.5250520704899565E+00  0.7877158051145553E+02  10000
    9  64  2.00  0.2736  0.6102147288098967E+00  0.8897428385264850E+02  10000
    9  64  2.00  0.2750 -0.1149743114671161E-01  0.1066053133322417E+03  10000
    9  64  2.00  0.2780  0.2169711514438500E+00  0.1249621619236680E+03  10000

