# fermion mass from PCAC relation
"m"
    9  64  2.00  0.2480  0.2012053489024042E+00  0.4556879697979186E-02  10000
    9  64  2.00  0.2500  0.1870284562764343E+00  0.4264471507515113E-02  10000
    9  64  2.00  0.2515  0.1768192447459204E+00  0.4711149061325482E-02  10000
    9  64  2.00  0.2530  0.1664225915903456E+00  0.3194021645856215E-02  10000
    9  64  2.00  0.2545  0.1558398404414792E+00  0.4838638475597897E-02  10000
    9  64  2.00  0.2560  0.1454112266679613E+00  0.3734221576509395E-02  10000
    9  64  2.00  0.2575  0.1350536253982915E+00  0.4301990424587014E-02  10000
    9  64  2.00  0.2590  0.1248173327524824E+00  0.4581733178865554E-02  10000
    9  64  2.00  0.2605  0.1144330890084546E+00  0.3059425347755402E-02  10000
    9  64  2.00  0.2620  0.1044661645943745E+00  0.4104634779739966E-02  10000
    9  64  2.00  0.2625  0.1010734625299815E+00  0.3234435769269920E-02  10000
    9  64  2.00  0.2639  0.9162523164158237E-01  0.4643385548035665E-02  10000
    9  64  2.00  0.2653  0.8243494025392704E-01  0.6501833732209827E-02  10000
    9  64  2.00  0.2667  0.7376895005000643E-01  0.4515945856724790E-02  10000
    9  64  2.00  0.2681  0.6436720653923067E-01  0.3614655115198775E-02  10000
    9  64  2.00  0.2694  0.5633959703342819E-01  0.3871554504175118E-02  10000
    9  64  2.00  0.2708  0.4793237623699501E-01  0.3035064014246160E-02  10000
    9  64  2.00  0.2722  0.3848923347524788E-01  0.2972963773149398E-02  10000
    9  64  2.00  0.2736  0.2966921375383329E-01  0.3508460520607927E-02  10000
    9  64  2.00  0.2750  0.1739156681351433E-01  0.7688590177660480E-02  10000
    9  64  2.00  0.2780 -0.5808227076484093E-02  0.5744541104434678E-02  10000