#  Re(op_pbp_e)                                                    
   9  64  2.00  0.2200    NaN  0.500  0.604
#  Re(op_pbp_e)                                                    
   9  64  2.00  0.2231    NaN  0.500  0.556
#  Re(op_pbp_e)                                                    
   9  64  2.00  0.2250    NaN  0.500  0.608
#  Re(op_pbp_e)                                                    
   9  64  2.00  0.2262  0.210  0.505  0.412
#  Re(op_pbp_e)                                                    
   9  64  2.00  0.2293    NaN  0.500  0.556
#  Re(op_pbp_e)                                                    
   9  64  2.00  0.2300  6.536  0.516  0.612
#  Re(op_pbp_e)                                                    
   9  64  2.00  0.2324    NaN  0.500  0.416
#  Re(op_pbp_e)                                                    
   9  64  2.00  0.2350    NaN  0.500  0.260
#  Re(op_pbp_e)                                                    
   9  64  2.00  0.2356    NaN  0.508  0.397
#  Re(op_pbp_e)                                                    
   9  64  2.00  0.2387    NaN  0.500  0.462
#  Re(op_pbp_e)                                                    
   9  64  2.00  0.2400    NaN  0.503  0.553
#  Re(op_pbp_e)                                                    
   9  64  2.00  0.2418    NaN  0.510  0.367
#  Re(op_pbp_e)                                                    
   9  64  2.00  0.2449    NaN  0.500  0.639
#  Re(op_pbp_e)                                                    
   9  64  2.00  0.2480    NaN  0.500  0.354
#  Re(op_pbp_e)                                                    
   9  64  2.00  0.2500    NaN  0.500  0.634
#  Re(op_pbp_e)                                                    
   9  64  2.00  0.2515    NaN  0.500  0.664
#  Re(op_pbp_e)                                                    
   9  64  2.00  0.2530    NaN  0.510  0.386
#  Re(op_pbp_e)                                                    
   9  64  2.00  0.2545    NaN  0.502  0.535
#  Re(op_pbp_e)                                                    
   9  64  2.00  0.2560    NaN  0.510  0.544
#  Re(op_pbp_e)                                                    
   9  64  2.00  0.2575  1.072  0.514  0.369
#  Re(op_pbp_e)                                                    
   9  64  2.00  0.2590    NaN  0.505  0.354
#  Re(op_pbp_e)                                                    
   9  64  2.00  0.2605    NaN  0.514  0.473
#  Re(op_pbp_e)                                                    
   9  64  2.00  0.2620  0.624  0.537  0.353
#  Re(op_pbp_e)                                                    
   9  64  2.00  0.2625    NaN  0.542  0.332
#  Re(op_pbp_e)                                                    
   9  64  2.00  0.2639  0.480  0.551  0.604
#  Re(op_pbp_e)                                                    
   9  64  2.00  0.2653    NaN  0.532  0.390
#  Re(op_pbp_e)                                                    
   9  64  2.00  0.2667  1.617  0.608  1.145
#  Re(op_pbp_e)                                                    
   9  64  2.00  0.2681  0.278  0.582  0.591
#  Re(op_pbp_e)                                                    
   9  64  2.00  0.2694  1.309  0.676  0.730
#  Re(op_pbp_e)                                                    
   9  64  2.00  0.2708  0.728  0.663  1.393
#  Re(op_pbp_e)                                                    
   9  64  2.00  0.2722  0.648  0.690  0.692
#  Re(op_pbp_e)                                                    
   9  64  2.00  0.2736  1.004  0.728  0.819
#  Re(op_pbp_e)                                                    
   9  64  2.00  0.2750  3.134  1.010  3.304
#  Re(op_pbp_e)                                                    
   9  64  2.00  0.2780  3.128  1.106  6.904
