#-----------------------------------------------------------
#beta =   2.00   kappa =   0.2200
#  Re(op_pbp_e)                                                    
#
#   -12  0.19213E+01  jk failed  0.116E-02  jk failed     2
#   -11  0.19212E+01  jk failed  0.307E-02  jk failed     6
#   -10  0.19197E+01  jk failed  0.355E-02  jk failed     8
     -9  0.19188E+01  0.673E-03  0.286E-02  0.328E-05    19
     -8  0.19185E+01  0.476E-03  0.340E-02  0.251E-05    61
     -7  0.19182E+01  0.369E-03  0.369E-02  0.149E-05   107
     -6  0.19178E+01  0.237E-03  0.386E-02  0.110E-05   221
     -5  0.19176E+01  0.216E-03  0.371E-02  0.877E-06   339
     -4  0.19171E+01  0.159E-03  0.391E-02  0.747E-06   516
     -3  0.19170E+01  0.143E-03  0.379E-02  0.687E-06   825
     -2  0.19165E+01  0.130E-03  0.369E-02  0.700E-06  1006
     -1  0.19163E+01  0.115E-03  0.376E-02  0.540E-06  1198
      0  0.19167E+01  0.869E-04  0.372E-02  0.474E-06  1263
      1  0.19168E+01  0.114E-03  0.380E-02  0.701E-06  1182
      2  0.19167E+01  0.115E-03  0.376E-02  0.543E-06  1020
      3  0.19170E+01  0.105E-03  0.357E-02  0.560E-06   827
      4  0.19170E+01  0.151E-03  0.357E-02  0.747E-06   550
      5  0.19174E+01  0.148E-03  0.355E-02  0.793E-06   393
      6  0.19178E+01  0.229E-03  0.361E-02  0.104E-05   240
      7  0.19180E+01  0.314E-03  0.377E-02  0.183E-05   121
      8  0.19182E+01  0.522E-03  0.346E-02  0.236E-05    53
      9  0.19199E+01  0.653E-03  0.335E-02  0.431E-05    32
#    10  0.19200E+01  jk failed  0.246E-02  jk failed     9
#    11  0.19215E+01  jk failed  0.252E-02  jk failed     2
&-----------------------------------------------------------
#beta =   2.00   kappa =   0.2231
#  Re(op_pbp_e)                                                    
#
#   -11  0.19126E+01  jk failed  0.375E-02  jk failed     5
#   -10  0.19147E+01  jk failed  0.375E-02  jk failed     8
     -9  0.19116E+01  0.893E-03  0.422E-02  0.528E-05    30
     -8  0.19131E+01  0.617E-03  0.375E-02  0.346E-05    57
     -7  0.19119E+01  0.340E-03  0.385E-02  0.209E-05   104
     -6  0.19119E+01  0.233E-03  0.410E-02  0.150E-05   243
     -5  0.19111E+01  0.248E-03  0.447E-02  0.182E-05   344
     -4  0.19110E+01  0.144E-03  0.396E-02  0.115E-05   572
     -3  0.19104E+01  0.139E-03  0.433E-02  0.860E-06   785
     -2  0.19106E+01  0.158E-03  0.412E-02  0.945E-06   980
     -1  0.19103E+01  0.130E-03  0.429E-02  0.735E-06  1206
      0  0.19104E+01  0.119E-03  0.437E-02  0.783E-06  1270
      1  0.19101E+01  0.119E-03  0.419E-02  0.703E-06  1213
      2  0.19105E+01  0.145E-03  0.415E-02  0.570E-06   979
      3  0.19108E+01  0.123E-03  0.400E-02  0.717E-06   811
      4  0.19108E+01  0.152E-03  0.424E-02  0.107E-05   580
      5  0.19113E+01  0.283E-03  0.415E-02  0.140E-05   369
      6  0.19114E+01  0.310E-03  0.434E-02  0.181E-05   217
      7  0.19119E+01  0.330E-03  0.372E-02  0.177E-05   129
      8  0.19131E+01  0.463E-03  0.336E-02  0.270E-05    62
      9  0.19139E+01  0.977E-03  0.392E-02  0.634E-05    27
#    10  0.19121E+01  jk failed  0.223E-02  jk failed     4
#    11  0.19153E+01  jk failed  0.359E-02  jk failed     3
#    12  0.19195E+01  jk failed  0.000E+00  jk failed     1
#    13  0.19171E+01  jk failed  0.000E+00  jk failed     1
&-----------------------------------------------------------
#beta =   2.00   kappa =   0.2250
#  Re(op_pbp_e)                                                    
#
#   -12  0.19161E+01  jk failed  0.000E+00  jk failed     1
#   -11  0.19153E+01  jk failed  0.000E+00  jk failed     1
#   -10  0.19105E+01  jk failed  0.481E-02  jk failed     5
     -9  0.19085E+01  0.102E-02  0.430E-02  0.483E-05    28
     -8  0.19085E+01  0.679E-03  0.396E-02  0.302E-05    49
     -7  0.19083E+01  0.479E-03  0.412E-02  0.252E-05    95
     -6  0.19074E+01  0.305E-03  0.444E-02  0.220E-05   193
     -5  0.19069E+01  0.250E-03  0.459E-02  0.161E-05   349
     -4  0.19068E+01  0.193E-03  0.436E-02  0.131E-05   524
     -3  0.19067E+01  0.148E-03  0.430E-02  0.129E-05   824
     -2  0.19061E+01  0.151E-03  0.451E-02  0.717E-06  1057
     -1  0.19064E+01  0.141E-03  0.460E-02  0.101E-05  1180
      0  0.19064E+01  0.122E-03  0.459E-02  0.828E-06  1242
      1  0.19062E+01  0.156E-03  0.450E-02  0.708E-06  1225
      2  0.19065E+01  0.135E-03  0.448E-02  0.864E-06  1049
      3  0.19067E+01  0.184E-03  0.467E-02  0.710E-06   800
      4  0.19070E+01  0.124E-03  0.442E-02  0.120E-05   609
      5  0.19076E+01  0.195E-03  0.453E-02  0.141E-05   369
      6  0.19079E+01  0.325E-03  0.460E-02  0.223E-05   203
      7  0.19080E+01  0.404E-03  0.373E-02  0.141E-05   104
      8  0.19093E+01  0.626E-03  0.429E-02  0.401E-05    50
      9  0.19097E+01  0.847E-03  0.397E-02  0.420E-05    23
     10  0.19105E+01  0.110E-02  0.395E-02  0.831E-05    14
#    11  0.19103E+01  jk failed  0.261E-02  jk failed     6
&-----------------------------------------------------------
#beta =   2.00   kappa =   0.2262
#  Re(op_pbp_e)                                                    
#
#   -13  0.19025E+01  jk failed  0.000E+00  jk failed     1
#   -12  0.19126E+01  jk failed  0.000E+00  jk failed     1
#   -11  0.19030E+01  jk failed  0.276E-02  jk failed     2
#   -10  0.19099E+01  jk failed  0.375E-02  jk failed     9
     -9  0.19080E+01  0.852E-03  0.408E-02  0.425E-05    24
     -8  0.19059E+01  0.629E-03  0.449E-02  0.507E-05    54
     -7  0.19055E+01  0.450E-03  0.438E-02  0.239E-05   103
     -6  0.19055E+01  0.256E-03  0.472E-02  0.267E-05   177
     -5  0.19045E+01  0.234E-03  0.479E-02  0.187E-05   363
     -4  0.19044E+01  0.194E-03  0.434E-02  0.849E-06   597
     -3  0.19038E+01  0.204E-03  0.458E-02  0.139E-05   784
     -2  0.19038E+01  0.134E-03  0.478E-02  0.101E-05  1053
     -1  0.19036E+01  0.116E-03  0.483E-02  0.938E-06  1198
      0  0.19036E+01  0.124E-03  0.475E-02  0.731E-06  1314
      1  0.19036E+01  0.145E-03  0.462E-02  0.930E-06  1159
      2  0.19037E+01  0.160E-03  0.473E-02  0.955E-06  1046
      3  0.19042E+01  0.175E-03  0.471E-02  0.123E-05   770
      4  0.19042E+01  0.186E-03  0.461E-02  0.135E-05   568
      5  0.19052E+01  0.263E-03  0.434E-02  0.134E-05   363
      6  0.19045E+01  0.244E-03  0.443E-02  0.203E-05   227
      7  0.19053E+01  0.533E-03  0.467E-02  0.477E-05   102
      8  0.19062E+01  0.627E-03  0.418E-02  0.283E-05    49
      9  0.19074E+01  0.718E-03  0.344E-02  0.328E-05    24
#    10  0.19072E+01  jk failed  0.382E-02  jk failed     9
#    11  0.19095E+01  jk failed  0.308E-02  jk failed     3
&-----------------------------------------------------------
#beta =   2.00   kappa =   0.2293
#  Re(op_pbp_e)                                                    
#
#   -11  0.19050E+01  jk failed  0.203E-02  jk failed     2
#   -10  0.18986E+01  jk failed  0.488E-02  jk failed     6
     -9  0.19010E+01  0.140E-02  0.576E-02  0.112E-04    18
     -8  0.18985E+01  0.871E-03  0.541E-02  0.693E-05    46
     -7  0.18973E+01  0.553E-03  0.491E-02  0.435E-05   112
     -6  0.18978E+01  0.418E-03  0.543E-02  0.288E-05   196
     -5  0.18974E+01  0.256E-03  0.522E-02  0.238E-05   355
     -4  0.18970E+01  0.183E-03  0.496E-02  0.164E-05   594
     -3  0.18969E+01  0.196E-03  0.562E-02  0.143E-05   801
     -2  0.18964E+01  0.154E-03  0.519E-02  0.145E-05  1063
     -1  0.18962E+01  0.104E-03  0.515E-02  0.129E-05  1221
      0  0.18963E+01  0.127E-03  0.519E-02  0.100E-05  1303
      1  0.18963E+01  0.117E-03  0.523E-02  0.111E-05  1198
      2  0.18966E+01  0.171E-03  0.511E-02  0.941E-06  1029
      3  0.18967E+01  0.255E-03  0.539E-02  0.130E-05   760
      4  0.18971E+01  0.167E-03  0.492E-02  0.147E-05   581
      5  0.18980E+01  0.297E-03  0.540E-02  0.288E-05   330
      6  0.18977E+01  0.344E-03  0.475E-02  0.220E-05   203
      7  0.18986E+01  0.580E-03  0.481E-02  0.380E-05   104
      8  0.18984E+01  0.766E-03  0.425E-02  0.336E-05    53
      9  0.19003E+01  0.112E-02  0.463E-02  0.105E-04    18
#    10  0.19049E+01  jk failed  0.426E-02  jk failed     5
#    12  0.19011E+01  jk failed  0.290E-02  jk failed     2
&-----------------------------------------------------------
#beta =   2.00   kappa =   0.2300
#  Re(op_pbp_e)                                                    
#
#   -12  0.19011E+01  jk failed  0.000E+00  jk failed     1
#   -11  0.18995E+01  jk failed  0.112E-02  jk failed     2
#   -10  0.18993E+01  jk failed  0.214E-02  jk failed     4
     -9  0.19004E+01  0.881E-03  0.404E-02  0.576E-05    22
     -8  0.18969E+01  0.790E-03  0.588E-02  0.578E-05    48
     -7  0.18969E+01  0.412E-03  0.531E-02  0.325E-05   106
     -6  0.18967E+01  0.350E-03  0.545E-02  0.335E-05   187
     -5  0.18955E+01  0.319E-03  0.532E-02  0.174E-05   327
     -4  0.18953E+01  0.206E-03  0.546E-02  0.194E-05   541
     -3  0.18950E+01  0.234E-03  0.540E-02  0.128E-05   825
     -2  0.18947E+01  0.182E-03  0.538E-02  0.142E-05  1073
     -1  0.18946E+01  0.121E-03  0.537E-02  0.130E-05  1216
      0  0.18946E+01  0.146E-03  0.540E-02  0.140E-05  1212
      1  0.18947E+01  0.134E-03  0.552E-02  0.133E-05  1242
      2  0.18952E+01  0.170E-03  0.560E-02  0.128E-05  1005
      3  0.18953E+01  0.173E-03  0.545E-02  0.106E-05   846
      4  0.18952E+01  0.201E-03  0.517E-02  0.162E-05   595
      5  0.18960E+01  0.314E-03  0.503E-02  0.161E-05   350
      6  0.18960E+01  0.411E-03  0.590E-02  0.313E-05   204
      7  0.18976E+01  0.583E-03  0.528E-02  0.468E-05   111
      8  0.18984E+01  0.617E-03  0.469E-02  0.316E-05    60
      9  0.18983E+01  0.126E-02  0.437E-02  0.766E-05    13
#    10  0.18986E+01  jk failed  0.491E-02  jk failed     8
#    11  0.18983E+01  jk failed  0.000E+00  jk failed     1
#    12  0.18997E+01  jk failed  0.000E+00  jk failed     1
&-----------------------------------------------------------
#beta =   2.00   kappa =   0.2324
#  Re(op_pbp_e)                                                    
#
#   -12  0.18964E+01  jk failed  0.000E+00  jk failed     1
#   -11  0.18924E+01  jk failed  0.000E+00  jk failed     1
#   -10  0.18970E+01  jk failed  0.518E-02  jk failed     7
     -9  0.18932E+01  0.160E-02  0.529E-02  0.737E-05    12
     -8  0.18920E+01  0.767E-03  0.499E-02  0.503E-05    53
     -7  0.18912E+01  0.458E-03  0.522E-02  0.470E-05    99
     -6  0.18903E+01  0.407E-03  0.534E-02  0.314E-05   215
     -5  0.18899E+01  0.296E-03  0.541E-02  0.211E-05   348
     -4  0.18898E+01  0.277E-03  0.575E-02  0.188E-05   542
     -3  0.18891E+01  0.170E-03  0.575E-02  0.180E-05   785
     -2  0.18887E+01  0.173E-03  0.598E-02  0.176E-05  1042
     -1  0.18886E+01  0.200E-03  0.595E-02  0.138E-05  1133
      0  0.18888E+01  0.107E-03  0.574E-02  0.121E-05  1316
      1  0.18885E+01  0.163E-03  0.609E-02  0.141E-05  1224
      2  0.18886E+01  0.159E-03  0.586E-02  0.190E-05   996
      3  0.18890E+01  0.209E-03  0.603E-02  0.157E-05   857
      4  0.18893E+01  0.229E-03  0.608E-02  0.238E-05   590
      5  0.18896E+01  0.291E-03  0.580E-02  0.288E-05   377
      6  0.18906E+01  0.434E-03  0.556E-02  0.264E-05   196
      7  0.18910E+01  0.564E-03  0.535E-02  0.320E-05   126
      8  0.18921E+01  0.884E-03  0.568E-02  0.682E-05    49
      9  0.18950E+01  0.995E-03  0.456E-02  0.642E-05    22
#    10  0.18933E+01  jk failed  0.776E-02  jk failed     6
#    11  0.18990E+01  jk failed  0.436E-02  jk failed     2
#    12  0.18946E+01  jk failed  0.000E+00  jk failed     1
&-----------------------------------------------------------
#beta =   2.00   kappa =   0.2350
#  Re(op_pbp_e)                                                    
#
#   -11  0.18873E+01  jk failed  0.352E-02  jk failed     4
#   -10  0.18885E+01  jk failed  0.403E-02  jk failed     8
     -9  0.18854E+01  0.129E-02  0.500E-02  0.788E-05    16
     -8  0.18864E+01  0.981E-03  0.555E-02  0.108E-04    40
     -7  0.18854E+01  0.676E-03  0.612E-02  0.524E-05    95
     -6  0.18836E+01  0.436E-03  0.617E-02  0.581E-05   191
     -5  0.18832E+01  0.346E-03  0.665E-02  0.333E-05   379
     -4  0.18823E+01  0.330E-03  0.679E-02  0.316E-05   565
     -3  0.18822E+01  0.262E-03  0.652E-02  0.180E-05   829
     -2  0.18816E+01  0.169E-03  0.639E-02  0.148E-05  1069
     -1  0.18816E+01  0.199E-03  0.662E-02  0.159E-05  1240
      0  0.18817E+01  0.145E-03  0.661E-02  0.155E-05  1329
      1  0.18817E+01  0.218E-03  0.687E-02  0.203E-05  1187
      2  0.18818E+01  0.198E-03  0.654E-02  0.214E-05  1026
      3  0.18822E+01  0.175E-03  0.614E-02  0.200E-05   739
      4  0.18824E+01  0.240E-03  0.649E-02  0.354E-05   580
      5  0.18841E+01  0.287E-03  0.619E-02  0.224E-05   338
      6  0.18838E+01  0.411E-03  0.630E-02  0.454E-05   198
      7  0.18843E+01  0.671E-03  0.665E-02  0.668E-05   106
      8  0.18854E+01  0.128E-02  0.627E-02  0.958E-05    35
      9  0.18880E+01  0.157E-02  0.646E-02  0.118E-04    18
#    10  0.18873E+01  jk failed  0.638E-02  jk failed     5
#    11  0.18922E+01  jk failed  0.782E-03  jk failed     3
&-----------------------------------------------------------
#beta =   2.00   kappa =   0.2356
#  Re(op_pbp_e)                                                    
#
#   -11  0.18825E+01  jk failed  0.000E+00  jk failed     1
#   -10  0.18851E+01  jk failed  0.340E-02  jk failed     4
     -9  0.18845E+01  0.989E-03  0.396E-02  0.394E-05    17
     -8  0.18840E+01  0.121E-02  0.651E-02  0.756E-05    32
     -7  0.18844E+01  0.571E-03  0.587E-02  0.644E-05    86
     -6  0.18819E+01  0.483E-03  0.646E-02  0.607E-05   180
     -5  0.18819E+01  0.383E-03  0.589E-02  0.298E-05   328
     -4  0.18808E+01  0.256E-03  0.678E-02  0.282E-05   545
     -3  0.18803E+01  0.241E-03  0.670E-02  0.259E-05   779
     -2  0.18801E+01  0.196E-03  0.687E-02  0.188E-05  1043
     -1  0.18799E+01  0.202E-03  0.665E-02  0.218E-05  1216
      0  0.18795E+01  0.181E-03  0.678E-02  0.155E-05  1284
      1  0.18801E+01  0.226E-03  0.675E-02  0.171E-05  1270
      2  0.18804E+01  0.193E-03  0.665E-02  0.143E-05  1048
      3  0.18802E+01  0.205E-03  0.673E-02  0.269E-05   831
      4  0.18805E+01  0.212E-03  0.649E-02  0.276E-05   605
      5  0.18814E+01  0.327E-03  0.636E-02  0.295E-05   392
      6  0.18829E+01  0.502E-03  0.663E-02  0.541E-05   181
      7  0.18828E+01  0.688E-03  0.568E-02  0.582E-05    87
      8  0.18833E+01  0.884E-03  0.628E-02  0.786E-05    47
      9  0.18855E+01  0.151E-02  0.658E-02  0.152E-04    20
#    10  0.18889E+01  jk failed  0.767E-03  jk failed     2
#    11  0.18924E+01  jk failed  0.481E-02  jk failed     2
&-----------------------------------------------------------
#beta =   2.00   kappa =   0.2387
#  Re(op_pbp_e)                                                    
#
#   -12  0.18852E+01  jk failed  0.000E+00  jk failed     1
#   -11  0.18797E+01  jk failed  0.496E-02  jk failed     2
#   -10  0.18774E+01  jk failed  0.103E-01  jk failed     9
     -9  0.18776E+01  0.176E-02  0.703E-02  0.177E-04    17
     -8  0.18753E+01  0.124E-02  0.683E-02  0.141E-04    42
     -7  0.18743E+01  0.934E-03  0.692E-02  0.826E-05    75
     -6  0.18740E+01  0.623E-03  0.750E-02  0.940E-05   173
     -5  0.18722E+01  0.445E-03  0.752E-02  0.408E-05   310
     -4  0.18724E+01  0.280E-03  0.748E-02  0.375E-05   550
     -3  0.18716E+01  0.271E-03  0.774E-02  0.289E-05   783
     -2  0.18712E+01  0.305E-03  0.772E-02  0.188E-05  1063
     -1  0.18705E+01  0.206E-03  0.774E-02  0.293E-05  1274
      0  0.18703E+01  0.201E-03  0.761E-02  0.237E-05  1267
      1  0.18703E+01  0.255E-03  0.779E-02  0.336E-05  1217
      2  0.18713E+01  0.237E-03  0.749E-02  0.274E-05  1066
      3  0.18715E+01  0.323E-03  0.781E-02  0.302E-05   831
      4  0.18720E+01  0.316E-03  0.758E-02  0.348E-05   565
      5  0.18731E+01  0.394E-03  0.718E-02  0.341E-05   385
      6  0.18735E+01  0.397E-03  0.685E-02  0.457E-05   213
      7  0.18752E+01  0.106E-02  0.806E-02  0.867E-05    98
      8  0.18786E+01  0.122E-02  0.623E-02  0.723E-05    36
      9  0.18757E+01  0.162E-02  0.629E-02  0.121E-04    16
#    10  0.18733E+01  jk failed  0.341E-02  jk failed     5
#    11  0.18828E+01  jk failed  0.372E-02  jk failed     2
&-----------------------------------------------------------
#beta =   2.00   kappa =   0.2400
#  Re(op_pbp_e)                                                    
#
#   -12  0.18679E+01  jk failed  0.000E+00  jk failed     1
#   -11  0.18788E+01  jk failed  0.278E-02  jk failed     2
#   -10  0.18732E+01  jk failed  0.622E-02  jk failed     6
     -9  0.18735E+01  0.322E-02  0.965E-02  0.652E-04    10
     -8  0.18715E+01  0.142E-02  0.581E-02  0.126E-04    31
     -7  0.18697E+01  0.102E-02  0.728E-02  0.793E-05    84
     -6  0.18710E+01  0.574E-03  0.747E-02  0.572E-05   173
     -5  0.18692E+01  0.424E-03  0.777E-02  0.471E-05   337
     -4  0.18687E+01  0.293E-03  0.754E-02  0.337E-05   523
     -3  0.18676E+01  0.221E-03  0.784E-02  0.349E-05   773
     -2  0.18667E+01  0.179E-03  0.808E-02  0.274E-05  1043
     -1  0.18669E+01  0.251E-03  0.804E-02  0.324E-05  1307
      0  0.18664E+01  0.289E-03  0.862E-02  0.279E-05  1297
      1  0.18665E+01  0.254E-03  0.815E-02  0.308E-05  1327
      2  0.18669E+01  0.300E-03  0.837E-02  0.316E-05  1039
      3  0.18674E+01  0.314E-03  0.807E-02  0.331E-05   800
      4  0.18676E+01  0.286E-03  0.778E-02  0.344E-05   560
      5  0.18684E+01  0.424E-03  0.755E-02  0.518E-05   329
      6  0.18705E+01  0.619E-03  0.766E-02  0.697E-05   185
      7  0.18710E+01  0.881E-03  0.765E-02  0.114E-04   100
      8  0.18715E+01  0.143E-02  0.621E-02  0.931E-05    47
      9  0.18736E+01  0.176E-02  0.724E-02  0.160E-04    18
#    10  0.18784E+01  jk failed  0.606E-02  jk failed     3
#    11  0.18772E+01  jk failed  0.140E-02  jk failed     4
#    12  0.18841E+01  jk failed  0.000E+00  jk failed     1
&-----------------------------------------------------------
#beta =   2.00   kappa =   0.2418
#  Re(op_pbp_e)                                                    
#
#   -11  0.18665E+01  jk failed  0.448E-02  jk failed     3
#   -10  0.18704E+01  jk failed  0.880E-02  jk failed     7
     -9  0.18688E+01  0.228E-02  0.757E-02  0.287E-04    12
     -8  0.18666E+01  0.166E-02  0.845E-02  0.260E-04    39
     -7  0.18670E+01  0.958E-03  0.830E-02  0.122E-04    70
     -6  0.18646E+01  0.640E-03  0.753E-02  0.449E-05   181
     -5  0.18631E+01  0.430E-03  0.879E-02  0.756E-05   329
     -4  0.18623E+01  0.403E-03  0.838E-02  0.348E-05   557
     -3  0.18618E+01  0.348E-03  0.854E-02  0.375E-05   811
     -2  0.18612E+01  0.280E-03  0.894E-02  0.290E-05  1098
     -1  0.18606E+01  0.238E-03  0.882E-02  0.361E-05  1242
      0  0.18604E+01  0.195E-03  0.873E-02  0.310E-05  1300
      1  0.18608E+01  0.217E-03  0.890E-02  0.298E-05  1248
      2  0.18615E+01  0.271E-03  0.828E-02  0.319E-05  1082
      3  0.18615E+01  0.378E-03  0.859E-02  0.316E-05   780
      4  0.18623E+01  0.370E-03  0.853E-02  0.361E-05   546
      5  0.18629E+01  0.353E-03  0.841E-02  0.538E-05   360
      6  0.18651E+01  0.753E-03  0.844E-02  0.565E-05   181
      7  0.18664E+01  0.106E-02  0.798E-02  0.117E-04    88
      8  0.18669E+01  0.120E-02  0.624E-02  0.132E-04    41
      9  0.18649E+01  0.183E-02  0.683E-02  0.185E-04    15
#    10  0.18656E+01  jk failed  0.888E-02  jk failed     3
#    11  0.18755E+01  jk failed  0.507E-02  jk failed     4
#    12  0.18783E+01  jk failed  0.553E-02  jk failed     3
&-----------------------------------------------------------
#beta =   2.00   kappa =   0.2449
#  Re(op_pbp_e)                                                    
#
#   -11  0.18769E+01  jk failed  0.157E-02  jk failed     2
#   -10  0.18626E+01  jk failed  0.946E-02  jk failed     6
     -9  0.18585E+01  0.242E-02  0.871E-02  0.271E-04    14
     -8  0.18570E+01  0.165E-02  0.899E-02  0.191E-04    33
     -7  0.18557E+01  0.115E-02  0.101E-01  0.160E-04    87
     -6  0.18543E+01  0.727E-03  0.895E-02  0.103E-04   165
     -5  0.18523E+01  0.367E-03  0.921E-02  0.842E-05   329
     -4  0.18518E+01  0.361E-03  0.966E-02  0.452E-05   556
     -3  0.18507E+01  0.442E-03  0.102E-01  0.568E-05   779
     -2  0.18501E+01  0.274E-03  0.995E-02  0.418E-05  1096
     -1  0.18492E+01  0.276E-03  0.105E-01  0.455E-05  1280
      0  0.18492E+01  0.297E-03  0.102E-01  0.372E-05  1383
      1  0.18495E+01  0.257E-03  0.102E-01  0.509E-05  1232
      2  0.18502E+01  0.259E-03  0.101E-01  0.533E-05  1047
      3  0.18511E+01  0.355E-03  0.105E-01  0.475E-05   831
      4  0.18514E+01  0.330E-03  0.964E-02  0.612E-05   514
      5  0.18514E+01  0.584E-03  0.984E-02  0.960E-05   325
      6  0.18545E+01  0.674E-03  0.101E-01  0.168E-04   168
      7  0.18564E+01  0.899E-03  0.841E-02  0.873E-05    90
      8  0.18543E+01  0.158E-02  0.907E-02  0.200E-04    47
      9  0.18598E+01  0.293E-02  0.106E-01  0.372E-04    14
#    10  0.18562E+01  jk failed  0.625E-03  jk failed     2
&-----------------------------------------------------------
#beta =   2.00   kappa =   0.2480
#  Re(op_pbp_e)                                                    
#
#   -12  0.18516E+01  jk failed  0.592E-02  jk failed     2
#   -11  0.18684E+01  jk failed  0.000E+00  jk failed     1
#   -10  0.18564E+01  jk failed  0.841E-02  jk failed     4
     -9  0.18514E+01  0.265E-02  0.957E-02  0.350E-04    14
     -8  0.18465E+01  0.283E-02  0.116E-01  0.429E-04    30
     -7  0.18440E+01  0.101E-02  0.104E-01  0.175E-04    74
     -6  0.18432E+01  0.939E-03  0.103E-01  0.129E-04   148
     -5  0.18416E+01  0.691E-03  0.108E-01  0.115E-04   312
     -4  0.18399E+01  0.369E-03  0.106E-01  0.637E-05   545
     -3  0.18390E+01  0.380E-03  0.119E-01  0.480E-05   833
     -2  0.18377E+01  0.438E-03  0.121E-01  0.612E-05  1109
     -1  0.18372E+01  0.366E-03  0.119E-01  0.625E-05  1280
      0  0.18376E+01  0.305E-03  0.119E-01  0.641E-05  1336
      1  0.18375E+01  0.323E-03  0.118E-01  0.532E-05  1320
      2  0.18377E+01  0.336E-03  0.121E-01  0.659E-05  1068
      3  0.18387E+01  0.350E-03  0.118E-01  0.736E-05   799
      4  0.18398E+01  0.488E-03  0.121E-01  0.114E-04   522
      5  0.18410E+01  0.678E-03  0.124E-01  0.131E-04   337
      6  0.18447E+01  0.951E-03  0.111E-01  0.176E-04   150
      7  0.18462E+01  0.134E-02  0.105E-01  0.181E-04    66
      8  0.18477E+01  0.343E-02  0.139E-01  0.731E-04    27
      9  0.18487E+01  0.217E-02  0.893E-02  0.269E-04    18
#    10  0.18494E+01  jk failed  0.271E-02  jk failed     4
#    11  0.18655E+01  jk failed  0.000E+00  jk failed     1
&-----------------------------------------------------------
#beta =   2.00   kappa =   0.2500
#  Re(op_pbp_e)                                                    
#
#   -14  0.18533E+01  jk failed  0.000E+00  jk failed     1
#   -10  0.18483E+01  jk failed  0.166E-01  jk failed     4
#    -9  0.18444E+01  jk failed  0.780E-02  jk failed     9
     -8  0.18376E+01  0.247E-02  0.986E-02  0.298E-04    29
     -7  0.18382E+01  0.169E-02  0.109E-01  0.241E-04    56
     -6  0.18363E+01  0.124E-02  0.124E-01  0.150E-04   155
     -5  0.18338E+01  0.698E-03  0.123E-01  0.132E-04   291
     -4  0.18317E+01  0.544E-03  0.123E-01  0.114E-04   513
     -3  0.18302E+01  0.356E-03  0.133E-01  0.740E-05   850
     -2  0.18294E+01  0.373E-03  0.133E-01  0.855E-05  1129
     -1  0.18286E+01  0.355E-03  0.131E-01  0.820E-05  1259
      0  0.18278E+01  0.391E-03  0.137E-01  0.755E-05  1346
      1  0.18283E+01  0.317E-03  0.132E-01  0.687E-05  1293
      2  0.18295E+01  0.368E-03  0.134E-01  0.954E-05  1086
      3  0.18305E+01  0.458E-03  0.127E-01  0.508E-05   829
      4  0.18317E+01  0.610E-03  0.137E-01  0.889E-05   552
      5  0.18342E+01  0.586E-03  0.112E-01  0.104E-04   305
      6  0.18353E+01  0.107E-02  0.110E-01  0.103E-04   169
      7  0.18358E+01  0.107E-02  0.117E-01  0.283E-04    82
      8  0.18428E+01  0.257E-02  0.112E-01  0.333E-04    32
#     9  0.18419E+01  jk failed  0.941E-02  jk failed     9
#    10  0.18562E+01  jk failed  0.000E+00  jk failed     1
&-----------------------------------------------------------
#beta =   2.00   kappa =   0.2515
#  Re(op_pbp_e)                                                    
#
#   -13  0.18586E+01  jk failed  0.000E+00  jk failed     1
#   -11  0.18658E+01  jk failed  0.000E+00  jk failed     1
#    -9  0.18301E+01  jk failed  0.176E-01  jk failed     6
     -8  0.18426E+01  0.366E-02  0.146E-01  0.849E-04    25
     -7  0.18299E+01  0.153E-02  0.116E-01  0.204E-04    68
     -6  0.18294E+01  0.963E-03  0.129E-01  0.201E-04   149
     -5  0.18280E+01  0.744E-03  0.146E-01  0.158E-04   277
     -4  0.18257E+01  0.661E-03  0.133E-01  0.911E-05   477
     -3  0.18243E+01  0.476E-03  0.146E-01  0.853E-05   785
     -2  0.18227E+01  0.491E-03  0.142E-01  0.825E-05  1066
     -1  0.18222E+01  0.442E-03  0.145E-01  0.880E-05  1312
      0  0.18217E+01  0.429E-03  0.146E-01  0.893E-05  1418
      1  0.18218E+01  0.301E-03  0.146E-01  0.837E-05  1350
      2  0.18230E+01  0.477E-03  0.145E-01  0.787E-05  1090
      3  0.18243E+01  0.456E-03  0.144E-01  0.116E-04   827
      4  0.18250E+01  0.493E-03  0.143E-01  0.110E-04   571
      5  0.18265E+01  0.943E-03  0.137E-01  0.173E-04   295
      6  0.18294E+01  0.108E-02  0.133E-01  0.184E-04   174
      7  0.18325E+01  0.162E-02  0.120E-01  0.247E-04    66
      8  0.18373E+01  0.234E-02  0.124E-01  0.397E-04    36
#     9  0.18408E+01  jk failed  0.710E-02  jk failed     5
#    10  0.18337E+01  jk failed  0.000E+00  jk failed     1
&-----------------------------------------------------------
#beta =   2.00   kappa =   0.2530
#  Re(op_pbp_e)                                                    
#
#   -10  0.18331E+01  jk failed  0.585E-02  jk failed     5
#    -9  0.18307E+01  jk failed  0.170E-01  jk failed     4
     -8  0.18319E+01  0.293E-02  0.124E-01  0.651E-04    25
     -7  0.18272E+01  0.205E-02  0.119E-01  0.364E-04    47
     -6  0.18245E+01  0.157E-02  0.146E-01  0.261E-04   127
     -5  0.18206E+01  0.121E-02  0.146E-01  0.142E-04   295
     -4  0.18187E+01  0.630E-03  0.144E-01  0.119E-04   508
     -3  0.18168E+01  0.556E-03  0.158E-01  0.113E-04   841
     -2  0.18151E+01  0.486E-03  0.158E-01  0.116E-04  1109
     -1  0.18146E+01  0.415E-03  0.157E-01  0.140E-04  1333
      0  0.18145E+01  0.417E-03  0.158E-01  0.862E-05  1415
      1  0.18147E+01  0.391E-03  0.157E-01  0.126E-04  1353
      2  0.18151E+01  0.432E-03  0.162E-01  0.130E-04  1104
      3  0.18166E+01  0.525E-03  0.157E-01  0.107E-04   792
      4  0.18196E+01  0.438E-03  0.151E-01  0.144E-04   506
      5  0.18224E+01  0.884E-03  0.150E-01  0.182E-04   281
      6  0.18240E+01  0.153E-02  0.158E-01  0.210E-04   146
      7  0.18272E+01  0.151E-02  0.123E-01  0.240E-04    72
      8  0.18339E+01  0.220E-02  0.933E-02  0.231E-04    25
#     9  0.18374E+01  jk failed  0.154E-01  jk failed     5
#    10  0.18379E+01  jk failed  0.839E-02  jk failed     5
#    11  0.18448E+01  jk failed  0.141E-02  jk failed     2
&-----------------------------------------------------------
#beta =   2.00   kappa =   0.2545
#  Re(op_pbp_e)                                                    
#
#   -11  0.18310E+01  jk failed  0.000E+00  jk failed     1
#   -10  0.18316E+01  jk failed  0.135E-01  jk failed     4
#    -9  0.18203E+01  jk failed  0.925E-02  jk failed     7
     -8  0.18228E+01  0.307E-02  0.149E-01  0.529E-04    27
     -7  0.18210E+01  0.238E-02  0.152E-01  0.446E-04    52
     -6  0.18159E+01  0.136E-02  0.140E-01  0.226E-04   124
     -5  0.18146E+01  0.816E-03  0.158E-01  0.231E-04   297
     -4  0.18107E+01  0.726E-03  0.161E-01  0.188E-04   499
     -3  0.18084E+01  0.671E-03  0.168E-01  0.173E-04   772
     -2  0.18070E+01  0.542E-03  0.172E-01  0.108E-04  1107
     -1  0.18069E+01  0.408E-03  0.175E-01  0.124E-04  1367
      0  0.18063E+01  0.493E-03  0.181E-01  0.105E-04  1476
      1  0.18063E+01  0.468E-03  0.177E-01  0.112E-04  1347
      2  0.18076E+01  0.594E-03  0.178E-01  0.150E-04  1151
      3  0.18083E+01  0.653E-03  0.168E-01  0.179E-04   780
      4  0.18111E+01  0.697E-03  0.169E-01  0.172E-04   471
      5  0.18156E+01  0.120E-02  0.159E-01  0.178E-04   290
      6  0.18199E+01  0.155E-02  0.145E-01  0.239E-04   137
      7  0.18155E+01  0.190E-02  0.147E-01  0.374E-04    60
      8  0.18274E+01  0.307E-02  0.137E-01  0.741E-04    21
#     9  0.18253E+01  jk failed  0.169E-01  jk failed     8
#    10  0.18262E+01  jk failed  0.596E-02  jk failed     2
&-----------------------------------------------------------
#beta =   2.00   kappa =   0.2560
#  Re(op_pbp_e)                                                    
#
#   -10  0.18338E+01  jk failed  0.502E-02  jk failed     3
#    -9  0.18192E+01  jk failed  0.158E-01  jk failed     8
     -8  0.18230E+01  0.485E-02  0.175E-01  0.114E-03    14
     -7  0.18135E+01  0.217E-02  0.162E-01  0.478E-04    53
     -6  0.18103E+01  0.151E-02  0.165E-01  0.407E-04   137
     -5  0.18053E+01  0.122E-02  0.165E-01  0.185E-04   259
     -4  0.18034E+01  0.568E-03  0.174E-01  0.144E-04   474
     -3  0.18008E+01  0.716E-03  0.184E-01  0.195E-04   771
     -2  0.17992E+01  0.377E-03  0.184E-01  0.131E-04  1157
     -1  0.17975E+01  0.526E-03  0.188E-01  0.148E-04  1346
      0  0.17975E+01  0.486E-03  0.189E-01  0.130E-04  1529
      1  0.17974E+01  0.463E-03  0.199E-01  0.170E-04  1369
      2  0.17988E+01  0.448E-03  0.188E-01  0.116E-04  1106
      3  0.18011E+01  0.497E-03  0.184E-01  0.153E-04   787
      4  0.18027E+01  0.103E-02  0.185E-01  0.212E-04   494
      5  0.18073E+01  0.124E-02  0.163E-01  0.186E-04   282
      6  0.18094E+01  0.139E-02  0.158E-01  0.356E-04   112
      7  0.18139E+01  0.224E-02  0.155E-01  0.356E-04    61
      8  0.18167E+01  0.435E-02  0.175E-01  0.117E-03    25
      9  0.18225E+01  0.497E-02  0.165E-01  0.738E-04    12
#    10  0.18178E+01  jk failed  0.000E+00  jk failed     1
&-----------------------------------------------------------
#beta =   2.00   kappa =   0.2575
#  Re(op_pbp_e)                                                    
#
#   -11  0.18249E+01  jk failed  0.000E+00  jk failed     1
#   -10  0.18013E+01  jk failed  0.171E-01  jk failed     2
#    -9  0.18306E+01  jk failed  0.176E-01  jk failed     3
     -8  0.18113E+01  0.699E-02  0.221E-01  0.146E-03    11
     -7  0.18088E+01  0.278E-02  0.147E-01  0.870E-04    40
     -6  0.18041E+01  0.198E-02  0.175E-01  0.365E-04    96
     -5  0.17974E+01  0.999E-03  0.176E-01  0.244E-04   255
     -4  0.17931E+01  0.727E-03  0.212E-01  0.318E-04   493
     -3  0.17916E+01  0.549E-03  0.201E-01  0.184E-04   760
     -2  0.17903E+01  0.589E-03  0.204E-01  0.135E-04  1104
     -1  0.17891E+01  0.559E-03  0.210E-01  0.173E-04  1419
      0  0.17870E+01  0.592E-03  0.209E-01  0.155E-04  1532
      1  0.17887E+01  0.497E-03  0.208E-01  0.154E-04  1450
      2  0.17901E+01  0.650E-03  0.206E-01  0.165E-04  1114
      3  0.17908E+01  0.841E-03  0.210E-01  0.263E-04   796
      4  0.17957E+01  0.900E-03  0.199E-01  0.372E-04   497
      5  0.17975E+01  0.110E-02  0.176E-01  0.177E-04   237
      6  0.18034E+01  0.138E-02  0.164E-01  0.334E-04   118
      7  0.18106E+01  0.397E-02  0.180E-01  0.112E-03    34
      8  0.18147E+01  0.424E-02  0.177E-01  0.121E-03    26
#     9  0.18129E+01  jk failed  0.142E-01  jk failed     9
#    10  0.18341E+01  jk failed  0.862E-02  jk failed     3
&-----------------------------------------------------------
#beta =   2.00   kappa =   0.2590
#  Re(op_pbp_e)                                                    
#
#    -9  0.18257E+01  jk failed  0.173E-01  jk failed     6
     -8  0.18024E+01  0.471E-02  0.183E-01  0.125E-03    16
     -7  0.18049E+01  0.239E-02  0.150E-01  0.519E-04    43
     -6  0.17958E+01  0.217E-02  0.211E-01  0.517E-04   108
     -5  0.17925E+01  0.135E-02  0.203E-01  0.329E-04   236
     -4  0.17858E+01  0.880E-03  0.228E-01  0.274E-04   463
     -3  0.17832E+01  0.620E-03  0.221E-01  0.309E-04   727
     -2  0.17799E+01  0.666E-03  0.220E-01  0.229E-04  1143
     -1  0.17784E+01  0.604E-03  0.233E-01  0.145E-04  1498
      0  0.17778E+01  0.645E-03  0.236E-01  0.211E-04  1568
      1  0.17789E+01  0.529E-03  0.235E-01  0.251E-04  1430
      2  0.17798E+01  0.562E-03  0.240E-01  0.379E-04  1128
      3  0.17810E+01  0.902E-03  0.222E-01  0.261E-04   777
      4  0.17872E+01  0.115E-02  0.219E-01  0.213E-04   447
      5  0.17901E+01  0.158E-02  0.213E-01  0.387E-04   243
      6  0.17959E+01  0.185E-02  0.229E-01  0.687E-04   104
      7  0.18038E+01  0.395E-02  0.206E-01  0.127E-03    43
      8  0.18051E+01  0.527E-02  0.204E-01  0.169E-03    16
#     9  0.18277E+01  jk failed  0.813E-02  jk failed     3
#    10  0.17999E+01  jk failed  0.000E+00  jk failed     1
&-----------------------------------------------------------
#beta =   2.00   kappa =   0.2605
#  Re(op_pbp_e)                                                    
#
#   -11  0.18146E+01  jk failed  0.000E+00  jk failed     1
#   -10  0.17882E+01  jk failed  0.000E+00  jk failed     1
#    -9  0.17846E+01  jk failed  0.000E+00  jk failed     1
     -8  0.18077E+01  0.688E-02  0.217E-01  0.242E-03    11
     -7  0.17960E+01  0.452E-02  0.228E-01  0.246E-03    35
     -6  0.17852E+01  0.249E-02  0.199E-01  0.681E-04    79
     -5  0.17816E+01  0.142E-02  0.228E-01  0.573E-04   226
     -4  0.17747E+01  0.131E-02  0.231E-01  0.396E-04   439
     -3  0.17725E+01  0.755E-03  0.241E-01  0.272E-04   778
     -2  0.17694E+01  0.641E-03  0.254E-01  0.264E-04  1118
     -1  0.17680E+01  0.636E-03  0.253E-01  0.243E-04  1435
      0  0.17661E+01  0.575E-03  0.269E-01  0.259E-04  1568
      1  0.17668E+01  0.609E-03  0.255E-01  0.256E-04  1494
      2  0.17676E+01  0.725E-03  0.252E-01  0.222E-04  1193
      3  0.17710E+01  0.772E-03  0.252E-01  0.359E-04   742
      4  0.17755E+01  0.103E-02  0.244E-01  0.362E-04   500
      5  0.17821E+01  0.137E-02  0.221E-01  0.439E-04   215
      6  0.17857E+01  0.243E-02  0.248E-01  0.129E-03    99
      7  0.17916E+01  0.326E-02  0.183E-01  0.108E-03    41
      8  0.17954E+01  0.535E-02  0.233E-01  0.171E-03    20
#     9  0.18075E+01  jk failed  0.108E-01  jk failed     3
#    10  0.18437E+01  jk failed  0.000E+00  jk failed     1
&-----------------------------------------------------------
#beta =   2.00   kappa =   0.2620
#  Re(op_pbp_e)                                                    
#
#   -11  0.18223E+01  jk failed  0.000E+00  jk failed     1
     -8  0.17943E+01  0.643E-02  0.213E-01  0.356E-03    12
     -7  0.17830E+01  0.462E-02  0.221E-01  0.201E-03    24
     -6  0.17803E+01  0.303E-02  0.236E-01  0.900E-04    84
     -5  0.17729E+01  0.155E-02  0.240E-01  0.547E-04   207
     -4  0.17642E+01  0.121E-02  0.269E-01  0.358E-04   422
     -3  0.17596E+01  0.102E-02  0.272E-01  0.354E-04   767
     -2  0.17583E+01  0.899E-03  0.285E-01  0.365E-04  1149
     -1  0.17538E+01  0.709E-03  0.285E-01  0.227E-04  1476
      0  0.17537E+01  0.755E-03  0.278E-01  0.313E-04  1571
      1  0.17544E+01  0.663E-03  0.293E-01  0.287E-04  1529
      2  0.17558E+01  0.933E-03  0.286E-01  0.360E-04  1171
      3  0.17615E+01  0.961E-03  0.279E-01  0.347E-04   778
      4  0.17661E+01  0.121E-02  0.246E-01  0.339E-04   425
      5  0.17711E+01  0.135E-02  0.250E-01  0.591E-04   243
      6  0.17787E+01  0.309E-02  0.256E-01  0.774E-04    83
      7  0.17886E+01  0.463E-02  0.234E-01  0.182E-03    42
      8  0.17759E+01  0.855E-02  0.256E-01  0.191E-03    10
#     9  0.17914E+01  jk failed  0.251E-01  jk failed     4
#    10  0.18265E+01  jk failed  0.170E-03  jk failed     2
&-----------------------------------------------------------
#beta =   2.00   kappa =   0.2625
#  Re(op_pbp_e)                                                    
#
#   -11  0.18671E+01  jk failed  0.000E+00  jk failed     1
#    -9  0.18294E+01  jk failed  0.214E-01  jk failed     2
#    -8  0.17877E+01  jk failed  0.231E-01  jk failed     9
     -7  0.17806E+01  0.531E-02  0.247E-01  0.135E-03    26
     -6  0.17727E+01  0.285E-02  0.234E-01  0.102E-03    83
     -5  0.17666E+01  0.201E-02  0.257E-01  0.692E-04   198
     -4  0.17619E+01  0.107E-02  0.278E-01  0.515E-04   438
     -3  0.17570E+01  0.112E-02  0.276E-01  0.369E-04   779
     -2  0.17533E+01  0.807E-03  0.294E-01  0.266E-04  1152
     -1  0.17494E+01  0.715E-03  0.299E-01  0.296E-04  1505
      0  0.17488E+01  0.797E-03  0.300E-01  0.398E-04  1605
      1  0.17495E+01  0.785E-03  0.304E-01  0.339E-04  1529
      2  0.17528E+01  0.920E-03  0.291E-01  0.376E-04  1183
      3  0.17546E+01  0.898E-03  0.288E-01  0.447E-04   745
      4  0.17638E+01  0.154E-02  0.279E-01  0.447E-04   403
      5  0.17677E+01  0.174E-02  0.271E-01  0.526E-04   225
      6  0.17780E+01  0.295E-02  0.232E-01  0.137E-03    80
      7  0.17861E+01  0.700E-02  0.272E-01  0.236E-03    26
      8  0.17775E+01  0.736E-02  0.221E-01  0.228E-03    10
#     9  0.18016E+01  jk failed  0.000E+00  jk failed     1
&-----------------------------------------------------------
#beta =   2.00   kappa =   0.2639
#  Re(op_pbp_e)                                                    
#
#   -10  0.17846E+01  jk failed  0.000E+00  jk failed     1
#    -9  0.17682E+01  jk failed  0.000E+00  jk failed     1
#    -8  0.17848E+01  jk failed  0.289E-01  jk failed     9
     -7  0.17730E+01  0.411E-02  0.184E-01  0.974E-04    21
     -6  0.17656E+01  0.302E-02  0.258E-01  0.120E-03    68
     -5  0.17571E+01  0.236E-02  0.292E-01  0.896E-04   182
     -4  0.17502E+01  0.157E-02  0.309E-01  0.698E-04   400
     -3  0.17445E+01  0.139E-02  0.328E-01  0.421E-04   759
     -2  0.17391E+01  0.929E-03  0.330E-01  0.457E-04  1191
     -1  0.17344E+01  0.798E-03  0.337E-01  0.422E-04  1611
      0  0.17351E+01  0.899E-03  0.340E-01  0.355E-04  1637
      1  0.17355E+01  0.926E-03  0.334E-01  0.544E-04  1561
      2  0.17395E+01  0.112E-02  0.325E-01  0.533E-04  1141
      3  0.17444E+01  0.131E-02  0.311E-01  0.463E-04   752
      4  0.17505E+01  0.143E-02  0.315E-01  0.670E-04   407
      5  0.17592E+01  0.197E-02  0.283E-01  0.809E-04   168
      6  0.17589E+01  0.329E-02  0.254E-01  0.106E-03    51
      7  0.17806E+01  0.751E-02  0.309E-01  0.315E-03    31
#     8  0.17789E+01  jk failed  0.341E-01  jk failed     7
#     9  0.17822E+01  jk failed  0.000E+00  jk failed     1
#    10  0.18035E+01  jk failed  0.000E+00  jk failed     1
&-----------------------------------------------------------
#beta =   2.00   kappa =   0.2653
#  Re(op_pbp_e)                                                    
#
#    -9  0.17805E+01  jk failed  0.547E-02  jk failed     2
#    -8  0.17786E+01  jk failed  0.350E-01  jk failed     5
     -7  0.17595E+01  0.531E-02  0.232E-01  0.140E-03    20
     -6  0.17607E+01  0.467E-02  0.337E-01  0.242E-03    55
     -5  0.17463E+01  0.195E-02  0.290E-01  0.960E-04   168
     -4  0.17375E+01  0.142E-02  0.333E-01  0.825E-04   385
     -3  0.17280E+01  0.938E-03  0.343E-01  0.586E-04   736
     -2  0.17229E+01  0.107E-02  0.361E-01  0.520E-04  1132
     -1  0.17196E+01  0.952E-03  0.355E-01  0.520E-04  1660
      0  0.17181E+01  0.870E-03  0.383E-01  0.516E-04  1693
      1  0.17202E+01  0.808E-03  0.371E-01  0.418E-04  1600
      2  0.17239E+01  0.108E-02  0.362E-01  0.585E-04  1173
      3  0.17294E+01  0.130E-02  0.352E-01  0.624E-04   735
      4  0.17381E+01  0.137E-02  0.332E-01  0.843E-04   401
      5  0.17457E+01  0.222E-02  0.296E-01  0.107E-03   158
      6  0.17570E+01  0.433E-02  0.303E-01  0.223E-03    56
      7  0.17695E+01  0.715E-02  0.258E-01  0.155E-03    14
#     8  0.17676E+01  jk failed  0.110E-01  jk failed     3
#     9  0.17881E+01  jk failed  0.897E-02  jk failed     3
#    10  0.17521E+01  jk failed  0.000E+00  jk failed     1
&-----------------------------------------------------------
#beta =   2.00   kappa =   0.2667
#  Re(op_pbp_e)                                                    
#
#   -11  0.18022E+01  jk failed  0.000E+00  jk failed     1
#   -10  0.17987E+01  jk failed  0.782E-02  jk failed     2
#    -9  0.17885E+01  jk failed  0.402E-01  jk failed     2
#    -8  0.18057E+01  jk failed  0.000E+00  jk failed     1
     -7  0.17580E+01  0.902E-02  0.313E-01  0.313E-03    13
     -6  0.17450E+01  0.480E-02  0.321E-01  0.259E-03    51
     -5  0.17318E+01  0.346E-02  0.337E-01  0.106E-03   133
     -4  0.17244E+01  0.208E-02  0.368E-01  0.116E-03   334
     -3  0.17129E+01  0.152E-02  0.381E-01  0.798E-04   679
     -2  0.17076E+01  0.950E-03  0.404E-01  0.655E-04  1242
     -1  0.17004E+01  0.134E-02  0.407E-01  0.473E-04  1615
      0  0.16999E+01  0.981E-03  0.406E-01  0.656E-04  1807
      1  0.16999E+01  0.942E-03  0.405E-01  0.620E-04  1637
      2  0.17068E+01  0.109E-02  0.381E-01  0.667E-04  1161
      3  0.17133E+01  0.141E-02  0.366E-01  0.787E-04   729
      4  0.17283E+01  0.237E-02  0.374E-01  0.925E-04   380
      5  0.17356E+01  0.316E-02  0.344E-01  0.129E-03   159
      6  0.17378E+01  0.755E-02  0.345E-01  0.290E-03    35
#     7  0.17569E+01  jk failed  0.302E-01  jk failed     8
      8  0.17525E+01  0.839E-02  0.265E-01  0.304E-03    11
&-----------------------------------------------------------
#beta =   2.00   kappa =   0.2681
#  Re(op_pbp_e)                                                    
#
#    -9  0.18455E+01  jk failed  0.000E+00  jk failed     1
#    -8  0.17873E+01  jk failed  0.564E-01  jk failed     3
#    -7  0.17350E+01  jk failed  0.209E-01  jk failed     7
     -6  0.17380E+01  0.887E-02  0.400E-01  0.441E-03    32
     -5  0.17136E+01  0.324E-02  0.352E-01  0.144E-03   112
     -4  0.17021E+01  0.268E-02  0.408E-01  0.117E-03   314
     -3  0.16991E+01  0.195E-02  0.401E-01  0.996E-04   641
     -2  0.16858E+01  0.125E-02  0.431E-01  0.802E-04  1146
     -1  0.16801E+01  0.115E-02  0.428E-01  0.554E-04  1741
      0  0.16792E+01  0.981E-03  0.445E-01  0.634E-04  1993
      1  0.16809E+01  0.933E-03  0.431E-01  0.615E-04  1762
      2  0.16882E+01  0.118E-02  0.413E-01  0.747E-04  1123
      3  0.16976E+01  0.146E-02  0.398E-01  0.919E-04   650
      4  0.17085E+01  0.211E-02  0.395E-01  0.115E-03   313
      5  0.17191E+01  0.370E-02  0.417E-01  0.264E-03   103
      6  0.17284E+01  0.645E-02  0.400E-01  0.398E-03    44
      7  0.17314E+01  0.130E-01  0.389E-01  0.716E-03    10
#     8  0.17592E+01  jk failed  0.413E-01  jk failed     3
#     9  0.17732E+01  jk failed  0.176E-01  jk failed     2
&-----------------------------------------------------------
#beta =   2.00   kappa =   0.2694
#  Re(op_pbp_e)                                                    
#
#    -7  0.17450E+01  jk failed  0.197E-01  jk failed     5
     -6  0.17152E+01  0.884E-02  0.344E-01  0.464E-03    28
     -5  0.17068E+01  0.393E-02  0.385E-01  0.207E-03    87
     -4  0.16913E+01  0.318E-02  0.442E-01  0.178E-03   275
     -3  0.16797E+01  0.184E-02  0.460E-01  0.937E-04   622
     -2  0.16626E+01  0.115E-02  0.448E-01  0.723E-04  1204
     -1  0.16615E+01  0.113E-02  0.475E-01  0.636E-04  1720
      0  0.16570E+01  0.149E-02  0.496E-01  0.954E-04  2055
      1  0.16591E+01  0.108E-02  0.470E-01  0.752E-04  1823
      2  0.16677E+01  0.128E-02  0.461E-01  0.853E-04  1138
      3  0.16792E+01  0.181E-02  0.455E-01  0.982E-04   642
      4  0.16878E+01  0.309E-02  0.418E-01  0.144E-03   260
      5  0.17053E+01  0.526E-02  0.456E-01  0.266E-03    99
      6  0.17217E+01  0.765E-02  0.376E-01  0.297E-03    29
      7  0.17319E+01  0.114E-01  0.360E-01  0.759E-03    11
#     8  0.17720E+01  jk failed  0.276E-01  jk failed     2
&-----------------------------------------------------------
#beta =   2.00   kappa =   0.2708
#  Re(op_pbp_e)                                                    
#
#    -9  0.17409E+01  jk failed  0.000E+00  jk failed     1
#    -8  0.17298E+01  jk failed  0.000E+00  jk failed     1
#    -7  0.16937E+01  jk failed  0.370E-01  jk failed     4
     -6  0.17103E+01  0.111E-01  0.484E-01  0.566E-03    20
     -5  0.16748E+01  0.440E-02  0.406E-01  0.229E-03    80
     -4  0.16735E+01  0.254E-02  0.475E-01  0.234E-03   228
     -3  0.16551E+01  0.187E-02  0.444E-01  0.849E-04   619
     -2  0.16418E+01  0.166E-02  0.485E-01  0.119E-03  1215
     -1  0.16304E+01  0.132E-02  0.516E-01  0.699E-04  1838
      0  0.16269E+01  0.114E-02  0.517E-01  0.875E-04  2145
      1  0.16315E+01  0.122E-02  0.509E-01  0.791E-04  1800
      2  0.16428E+01  0.154E-02  0.488E-01  0.102E-03  1168
      3  0.16591E+01  0.190E-02  0.469E-01  0.125E-03   538
      4  0.16664E+01  0.319E-02  0.448E-01  0.229E-03   249
      5  0.16814E+01  0.565E-02  0.407E-01  0.245E-03    74
      6  0.16819E+01  0.997E-02  0.399E-01  0.478E-03    17
#     7  0.17142E+01  jk failed  0.266E-02  jk failed     2
#     8  0.17883E+01  jk failed  0.000E+00  jk failed     1
&-----------------------------------------------------------
#beta =   2.00   kappa =   0.2722
#  Re(op_pbp_e)                                                    
#
#    -9  0.17062E+01  jk failed  0.000E+00  jk failed     1
#    -7  0.17213E+01  jk failed  0.228E-01  jk failed     4
     -6  0.16690E+01  0.145E-01  0.544E-01  0.126E-02    15
     -5  0.16573E+01  0.790E-02  0.466E-01  0.420E-03    50
     -4  0.16478E+01  0.365E-02  0.481E-01  0.279E-03   162
     -3  0.16306E+01  0.213E-02  0.483E-01  0.136E-03   550
     -2  0.16138E+01  0.156E-02  0.478E-01  0.797E-04  1139
     -1  0.16020E+01  0.153E-02  0.531E-01  0.741E-04  1960
      0  0.15968E+01  0.131E-02  0.554E-01  0.728E-04  2353
      1  0.16007E+01  0.113E-02  0.515E-01  0.852E-04  1907
      2  0.16143E+01  0.169E-02  0.513E-01  0.131E-03  1132
      3  0.16307E+01  0.182E-02  0.463E-01  0.120E-03   476
      4  0.16456E+01  0.406E-02  0.469E-01  0.248E-03   190
      5  0.16688E+01  0.105E-01  0.512E-01  0.557E-03    46
      6  0.16880E+01  0.157E-01  0.522E-01  0.100E-02    12
#     7  0.17157E+01  jk failed  0.412E-01  jk failed     2
#     8  0.17028E+01  jk failed  0.000E+00  jk failed     1
&-----------------------------------------------------------
#beta =   2.00   kappa =   0.2736
#  Re(op_pbp_e)                                                    
#
#    -7  0.16616E+01  jk failed  0.867E-02  jk failed     3
#    -6  0.16817E+01  jk failed  0.125E-01  jk failed     3
     -5  0.16408E+01  0.103E-01  0.490E-01  0.890E-03    38
     -4  0.16310E+01  0.420E-02  0.531E-01  0.329E-03   164
     -3  0.16028E+01  0.209E-02  0.475E-01  0.185E-03   432
     -2  0.15849E+01  0.196E-02  0.508E-01  0.101E-03  1092
     -1  0.15686E+01  0.105E-02  0.541E-01  0.135E-03  2008
      0  0.15640E+01  0.136E-02  0.564E-01  0.104E-03  2482
      1  0.15722E+01  0.119E-02  0.549E-01  0.104E-03  2056
      2  0.15856E+01  0.173E-02  0.526E-01  0.126E-03  1093
      3  0.16054E+01  0.286E-02  0.527E-01  0.187E-03   423
      4  0.16195E+01  0.407E-02  0.495E-01  0.322E-03   153
      5  0.16521E+01  0.951E-02  0.535E-01  0.106E-02    38
      6  0.16815E+01  0.135E-01  0.487E-01  0.832E-03    14
#     7  0.16373E+01  jk failed  0.000E+00  jk failed     1
&-----------------------------------------------------------
#beta =   2.00   kappa =   0.2750
#  Re(op_pbp_e)                                                    
#
#    -7  0.16595E+01  jk failed  0.205E-02  jk failed     2
#    -6  0.16684E+01  jk failed  0.410E-01  jk failed     5
     -5  0.16066E+01  0.991E-02  0.465E-01  0.759E-03    23
     -4  0.15932E+01  0.491E-02  0.477E-01  0.361E-03   113
     -3  0.15687E+01  0.319E-02  0.525E-01  0.226E-03   355
     -2  0.15535E+01  0.145E-02  0.522E-01  0.166E-03  1022
     -1  0.15343E+01  0.206E-02  0.556E-01  0.374E-03  2066
      0  0.15250E+01  0.137E-02  0.587E-01  0.187E-03  2808
      1  0.15333E+01  0.240E-02  0.552E-01  0.369E-03  2122
      2  0.15531E+01  0.209E-02  0.543E-01  0.355E-03  1017
      3  0.15701E+01  0.243E-02  0.537E-01  0.412E-03   348
      4  0.15876E+01  0.663E-02  0.667E-01  0.957E-03    93
      5  0.16105E+01  0.855E-02  0.382E-01  0.406E-03    21
#     6  0.16288E+01  jk failed  0.390E-01  jk failed     4
#     9  0.16622E+01  jk failed  0.000E+00  jk failed     1
&-----------------------------------------------------------
#beta =   2.00   kappa =   0.2780
#  Re(op_pbp_e)                                                    
#
#    -6  0.15897E+01  jk failed  0.000E+00  jk failed     1
     -5  0.15769E+01  0.106E-01  0.318E-01  0.700E-03    10
     -4  0.15273E+01  0.791E-02  0.506E-01  0.567E-03    51
     -3  0.14990E+01  0.387E-02  0.506E-01  0.363E-03   216
     -2  0.14835E+01  0.236E-02  0.547E-01  0.407E-03   817
     -1  0.14581E+01  0.229E-02  0.549E-01  0.368E-03  2149
      0  0.14406E+01  0.242E-02  0.592E-01  0.387E-03  3508
      1  0.14590E+01  0.209E-02  0.531E-01  0.243E-03  2173
      2  0.14827E+01  0.277E-02  0.548E-01  0.329E-03   804
      3  0.15137E+01  0.347E-02  0.522E-01  0.435E-03   222
      4  0.15328E+01  0.773E-02  0.415E-01  0.390E-03    36
      5  0.15639E+01  0.143E-01  0.474E-01  0.734E-03    12
#     7  0.16164E+01  jk failed  0.000E+00  jk failed     1
&-----------------------------------------------------------
