# pion mass (\sigma_1)
"*"
    7  64  5.00  0.2100  0.9334789341826086E+00  0.1129336639557112E-02  10000
    7  64  5.00  0.2150  0.8642555031912048E+00  0.1116704704716474E-02  10000
    7  64  5.00  0.2200  0.7976917100593005E+00  0.8876254306512022E-03  10000
    7  64  5.00  0.2231  0.7580814208076170E+00  0.2946450110024056E-02  10000
    7  64  5.00  0.2250  0.7329177099997722E+00  0.1792241168747121E-02  10000
    7  64  5.00  0.2262  0.7172223138956006E+00  0.1239431185575027E-02  10000
    7  64  5.00  0.2293  0.6774570473810225E+00  0.2367378450620173E-02  10000
    7  64  5.00  0.2300  0.6694969970275392E+00  0.1737384389151414E-02  10000
    7  64  5.00  0.2324  0.6425509900257818E+00  0.2122374466714671E-02  10000
    7  64  5.00  0.2350  0.6141681386344813E+00  0.4172726727314280E-02  10000
    7  64  5.00  0.2356  0.6065137299517216E+00  0.2516955671425871E-02  10000
    7  64  5.00  0.2387  0.5741887398719099E+00  0.4157477477776168E-02  10000
    7  64  5.00  0.2400  0.5623486355605207E+00  0.1089455516112575E-01  10000
    7  64  5.00  0.2418  0.5409431990430096E+00  0.8387613791335060E-02  10000
    7  64  5.00  0.2449  0.5221323998922330E+00  0.7546126426335198E-02  10000
    7  64  5.00  0.2480  0.4968216316276689E+00  0.6144019098087825E-02  10000
    7  64  5.00  0.2500  0.4825143002914176E+00  0.2624904057932600E-01  10000
    7  64  5.00  0.2515  0.4568766810081893E+00  0.3535264495860555E-01  10000
    7  64  5.00  0.2530  0.4721124536150942E+00  0.1137639893224167E-01  10000
    7  64  5.00  0.2545  0.4498663786666984E+00  0.6674417036351747E-01  10000
    7  64  5.00  0.2560  0.4653725936079663E+00  0.2742882718254562E-01  10000
    7  64  5.00  0.2575  0.4749256947219312E+00  0.4396192288487069E-01  10000
    7  64  5.00  0.2590  0.5023407852030665E+00  0.2442908006415475E+00  10000
    7  64  5.00  0.2605                     NaN                     NaN  10000
    7  64  5.00  0.2620                     NaN                     NaN  10000
    7  64  5.00  0.2625  0.4640338539278639E+00  0.7871575399847019E+00  10000
    7  64  5.00  0.2630  0.4393745428174087E+00  0.9677867779091881E+02  10000
    7  64  5.00  0.2635  0.6570324902212572E+00  0.1016177120027002E+03  10000


# pseudoscalar mass (\sigma_3)
"*"
    7  64  5.00  0.2100  0.9338223785510945E+00  0.1148502921857441E-02  10000
    7  64  5.00  0.2150  0.8643609453301684E+00  0.1101100932983389E-02  10000
    7  64  5.00  0.2200  0.7977131265079815E+00  0.9345944930400808E-03  10000
    7  64  5.00  0.2231  0.7562765474291757E+00  0.1622393636695098E-02  10000
    7  64  5.00  0.2250  0.7331215482789406E+00  0.1556531795743176E-02  10000
    7  64  5.00  0.2262  0.7173195187040194E+00  0.1236896208445937E-02  10000
    7  64  5.00  0.2293  0.6775462967392384E+00  0.2260127186545848E-02  10000
    7  64  5.00  0.2300  0.6694290607791620E+00  0.1705164988102043E-02  10000
    7  64  5.00  0.2324  0.6425879386882128E+00  0.2004251540257785E-02  10000
    7  64  5.00  0.2350  0.6144728021445678E+00  0.4240566343401665E-02  10000
    7  64  5.00  0.2356  0.6075843741584565E+00  0.4466757542552426E-02  10000
    7  64  5.00  0.2387  0.5742381380886094E+00  0.4265905572237058E-02  10000
    7  64  5.00  0.2400  0.5603190007100547E+00  0.4203188522511697E-02  10000
    7  64  5.00  0.2418  0.5433646054203882E+00  0.5736032047795223E-02  10000
    7  64  5.00  0.2449  0.5195993392292585E+00  0.3278509436533177E-02  10000
    7  64  5.00  0.2480  0.4972841702886438E+00  0.1111631172955594E-01  10000
    7  64  5.00  0.2500  0.4766968456762689E+00  0.1077937552930288E-01  10000
    7  64  5.00  0.2515  0.4621772793700035E+00  0.3817127842357039E-01  10000
    7  64  5.00  0.2530  0.4714666961675150E+00  0.8880366283132169E-02  10000
    7  64  5.00  0.2545  0.4396570286333121E+00  0.5765445085509758E-01  10000
    7  64  5.00  0.2560  0.4773924491778403E+00  0.1430337199870666E-01  10000
    7  64  5.00  0.2575  0.4863626258784692E+00  0.3894037995729498E-01  10000
    7  64  5.00  0.2590  0.5139267310619342E+00  0.2267159539985754E-01  10000
    7  64  5.00  0.2605  0.5084341937298865E+00  0.1320598287148616E-01  10000
    7  64  5.00  0.2620  0.5473027194476685E+00  0.3385281983254134E-01  10000
    7  64  5.00  0.2625  0.5085526918984320E+00  0.9547589636157440E-02  10000
    7  64  5.00  0.2630  0.5003243143401758E+00  0.1585516034400896E-01  10000
    7  64  5.00  0.2635  0.4953952325553995E+00  0.2691452809437189E-01  10000


# eta mass (\sigma_1)
"*"
    7  64  5.00  0.2100  0.1961435730889331E-01  0.1465473231863895E+03  10000
    7  64  5.00  0.2150  0.8340286681672088E+00  0.1079656339102010E+03  10000
    7  64  5.00  0.2200 -0.1106564603663635E+00  0.1136059914232294E+03  10000
    7  64  5.00  0.2231                     NaN                     NaN  10000
    7  64  5.00  0.2250  0.6314182239834999E+00  0.4947198428869159E+02  10000
    7  64  5.00  0.2262                     NaN                     NaN  10000
    7  64  5.00  0.2293  0.4540868875483713E+00  0.1192938115024756E+03  10000
    7  64  5.00  0.2300  0.5571158131837909E+00  0.4743718740753074E+02  10000
    7  64  5.00  0.2324 -0.1034544575839033E+00  0.3528633726779758E+02  10000
    7  64  5.00  0.2350  0.5250048834859864E+00  0.1086366363887430E+03  10000
    7  64  5.00  0.2356  0.5271479569211537E+00  0.3757727232437657E+02  10000
    7  64  5.00  0.2387  0.3115080516468005E+00  0.7641233315031081E+02  10000
    7  64  5.00  0.2400  0.4651273020435955E+00  0.6661210458265377E+02  10000
    7  64  5.00  0.2418  0.4758563773874708E+00  0.8424135292860983E+02  10000
    7  64  5.00  0.2449  0.5142627696398896E+00  0.4445208910026737E+02  10000
    7  64  5.00  0.2480  0.4262519896211610E+00  0.5933218460856959E+02  10000
    7  64  5.00  0.2500  0.4602895740486037E+00  0.3764592893959534E+02  10000
    7  64  5.00  0.2515  0.3954004096599811E+00  0.4476401986123651E+02  10000
    7  64  5.00  0.2530  0.3888929962893675E+00  0.4050819881730735E+02  10000
    7  64  5.00  0.2545  0.3095410622200042E+00  0.3603802904427415E+00  10000
    7  64  5.00  0.2560  0.3833404369859609E+00  0.8376900689111444E+02  10000
    7  64  5.00  0.2575  0.7830378713281708E-01  0.3708028129761248E+00  10000
    7  64  5.00  0.2590  0.3725287063732282E+00  0.4931031317951453E+02  10000
    7  64  5.00  0.2605  0.1376095442534371E+00  0.1203920849952596E+03  10000
    7  64  5.00  0.2620  0.1234009219082357E+00  0.9896945654104037E+02  10000
    7  64  5.00  0.2625 -0.1824799218340230E+00  0.1332708543856886E+03  10000
    7  64  5.00  0.2630  0.3756885776643080E+00  0.5584728961810102E+02  10000
    7  64  5.00  0.2635  0.3927972038921070E+00  0.1087417625639252E+03  10000

