# pion mass (\sigma_1)
"*"
    7  64  5.00  0.2100  0.9335531351213796E+00  0.1042884984133593E-02  10000
    7  64  5.00  0.2150  0.8643092696662827E+00  0.1032175822662164E-02  10000
    7  64  5.00  0.2200  0.7977919265717758E+00  0.8215253741473961E-03  10000
    7  64  5.00  0.2231  0.7566271944968737E+00  0.1620941335483113E-02  10000
    7  64  5.00  0.2250  0.7333327808790339E+00  0.1019749780272034E-02  10000
    7  64  5.00  0.2262  0.7173396054970987E+00  0.1067076628486807E-02  10000
    7  64  5.00  0.2293  0.6785457769753015E+00  0.1867650625389684E-02  10000
    7  64  5.00  0.2300  0.6697779212792430E+00  0.1484881521510665E-02  10000
    7  64  5.00  0.2324  0.6431702729068111E+00  0.2021104980172089E-02  10000
    7  64  5.00  0.2350  0.6143215347941058E+00  0.2153177204790354E-02  10000
    7  64  5.00  0.2356  0.6067061797977540E+00  0.2317854821824304E-02  10000
    7  64  5.00  0.2387  0.5752528623624974E+00  0.2635888214672151E-02  10000
    7  64  5.00  0.2400  0.5614801360740082E+00  0.3189543990555957E-02  10000
    7  64  5.00  0.2418  0.5451583537856354E+00  0.2840135562333807E-02  10000
    7  64  5.00  0.2449  0.5199314656753843E+00  0.3403354977913129E-02  10000
    7  64  5.00  0.2480  0.4972605163169568E+00  0.5571614640939786E-02  10000
    7  64  5.00  0.2500  0.4773536174528727E+00  0.5398625588958703E-02  10000
    7  64  5.00  0.2515  0.4852571905154920E+00  0.1315988954188928E-01  10000
    7  64  5.00  0.2530  0.4753608446157770E+00  0.1132382053807377E-01  10000
    7  64  5.00  0.2545  0.4634981622036535E+00  0.2687249837026856E-01  10000
    7  64  5.00  0.2560  0.4679404175368240E+00  0.2738893138808863E-01  10000
    7  64  5.00  0.2575  0.4801450790116718E+00  0.4203387725772946E-01  10000
    7  64  5.00  0.2590  0.5356435704327848E+00  0.1188727002780694E+00  10000
    7  64  5.00  0.2605                     NaN                     NaN  10000
    7  64  5.00  0.2620                     NaN                     NaN  10000
    7  64  5.00  0.2625  0.6148522495591811E+00  0.3652344743100265E+00  10000
    7  64  5.00  0.2630  0.5748490160024272E+00  0.1479886479009428E+00  10000
    7  64  5.00  0.2635  0.9075878277047446E+00  0.4611406087662895E+00  10000


# pseudoscalar mass (\sigma_3)
"*"
    7  64  5.00  0.2100  0.9339563105343006E+00  0.1033859106817839E-02  10000
    7  64  5.00  0.2150  0.8644826753240671E+00  0.1029558490329120E-02  10000
    7  64  5.00  0.2200  0.7977905242505346E+00  0.8351621377591655E-03  10000
    7  64  5.00  0.2231  0.7565447780337499E+00  0.1577399158582125E-02  10000
    7  64  5.00  0.2250  0.7333507974625899E+00  0.1015916192258598E-02  10000
    7  64  5.00  0.2262  0.7174476071291342E+00  0.1084115990278869E-02  10000
    7  64  5.00  0.2293  0.6788947218098691E+00  0.1885651968785777E-02  10000
    7  64  5.00  0.2300  0.6695897000908468E+00  0.1584169000528006E-02  10000
    7  64  5.00  0.2324  0.6428178848505621E+00  0.1916452617313136E-02  10000
    7  64  5.00  0.2350  0.6146020089624689E+00  0.2000688613216179E-02  10000
    7  64  5.00  0.2356  0.6070808286502567E+00  0.2087852186510498E-02  10000
    7  64  5.00  0.2387  0.5756267049248840E+00  0.2456244764454195E-02  10000
    7  64  5.00  0.2400  0.5616094092353690E+00  0.3282800199913316E-02  10000
    7  64  5.00  0.2418  0.5456922761209749E+00  0.2652883169074768E-02  10000
    7  64  5.00  0.2449  0.5200645625299992E+00  0.2830194851683141E-02  10000
    7  64  5.00  0.2480  0.4993582106579708E+00  0.3900422452906866E-02  10000
    7  64  5.00  0.2500  0.4796522524697581E+00  0.4937021050133216E-02  10000
    7  64  5.00  0.2515  0.4844311556343826E+00  0.6401316666634625E-02  10000
    7  64  5.00  0.2530  0.4751339298744680E+00  0.7950920785838948E-02  10000
    7  64  5.00  0.2545  0.4712788570230587E+00  0.1665122658163778E-01  10000
    7  64  5.00  0.2560  0.4812361068958849E+00  0.1271718443115545E-01  10000
    7  64  5.00  0.2575  0.4820615947896844E+00  0.9856903705196733E-02  10000
    7  64  5.00  0.2590  0.4944719153992703E+00  0.1013284244797316E-01  10000
    7  64  5.00  0.2605  0.5118294490854748E+00  0.9771095086702502E-02  10000
    7  64  5.00  0.2620  0.5039661153555328E+00  0.1477005550585113E-01  10000
    7  64  5.00  0.2625  0.5129528711164878E+00  0.9023517925271255E-02  10000
    7  64  5.00  0.2630  0.5021269988627356E+00  0.1546761989771718E-01  10000
    7  64  5.00  0.2635  0.5026743413160308E+00  0.2297201800484312E-01  10000


# eta mass (\sigma_1)
"*"
    7  64  5.00  0.2100  0.1029996087053947E+01  0.9500015606320396E+02  10000
    7  64  5.00  0.2150  0.9469992943676119E+00  0.5651994146484916E+02  10000
    7  64  5.00  0.2200  0.8582952999140486E+00  0.8904825161002320E+02  10000
    7  64  5.00  0.2231                     NaN                     NaN  10000
    7  64  5.00  0.2250  0.6991431698425203E+00  0.3842163489033606E+00  10000
    7  64  5.00  0.2262                     NaN                     NaN  10000
    7  64  5.00  0.2293  0.7347824812962778E+00  0.3832581777236931E+00  10000
    7  64  5.00  0.2300  0.6935842070716506E+00  0.2720236968333539E+00  10000
    7  64  5.00  0.2324  0.6771993619536714E+00  0.2373960319499143E+00  10000
    7  64  5.00  0.2350  0.6401792825136037E+00  0.9136413119964172E+00  10000
    7  64  5.00  0.2356  0.6208641037585634E+00  0.1809460733134491E+00  10000
    7  64  5.00  0.2387  0.5337486726400879E+00  0.1764817918772152E+00  10000
    7  64  5.00  0.2400  0.5899446682831618E+00  0.2377438005564924E+00  10000
    7  64  5.00  0.2418  0.5470856168689819E+00  0.1234464993807809E+00  10000
    7  64  5.00  0.2449  0.5142627696398896E+00  0.4445208910026737E+02  10000
    7  64  5.00  0.2480  0.4923277908525341E+00  0.1211444045499028E+00  10000
    7  64  5.00  0.2500  0.4602895740486037E+00  0.3764592893959534E+02  10000
    7  64  5.00  0.2515  0.4491986507570458E+00  0.1326192399444368E+00  10000
    7  64  5.00  0.2530  0.4584761961818758E+00  0.1102157213793289E+00  10000
    7  64  5.00  0.2545  0.4300957582868650E+00  0.1012528846451366E+00  10000
    7  64  5.00  0.2560  0.4433129504644140E+00  0.4780050893450376E+02  10000
    7  64  5.00  0.2575  0.3880167909423740E+00  0.1218437072975099E+00  10000
    7  64  5.00  0.2590  0.4227789445947725E+00  0.1461964400761059E+00  10000
    7  64  5.00  0.2605  0.3831609706367815E+00  0.1280042614719841E+00  10000
    7  64  5.00  0.2620  0.4337456189646478E+00  0.1298871938553907E+00  10000
    7  64  5.00  0.2625  0.4303629099682481E+00  0.1434120181708535E+00  10000
    7  64  5.00  0.2630  0.4548545613861989E+00  0.1299352306137500E+00  10000
    7  64  5.00  0.2635  0.4495467110269697E+00  0.3269823024070669E+00  10000

