#  Re(op_pbp_e)                                                    
   7  64  5.00  0.2100    NaN  0.516  0.441
#  Re(op_pbp_e)                                                    
   7  64  5.00  0.2150    NaN  0.522  0.566
#  Re(op_pbp_e)                                                    
   7  64  5.00  0.2200    NaN  0.505  0.547
#  Re(op_pbp_e)                                                    
   7  64  5.00  0.2231  0.462  0.514  0.335
#  Re(op_pbp_e)                                                    
   7  64  5.00  0.2250    NaN  0.508  0.623
#  Re(op_pbp_e)                                                    
   7  64  5.00  0.2262  0.608  0.531  0.446
#  Re(op_pbp_e)                                                    
   7  64  5.00  0.2293  1.109  0.537  0.570
#  Re(op_pbp_e)                                                    
   7  64  5.00  0.2300  0.359  0.535  0.604
#  Re(op_pbp_e)                                                    
   7  64  5.00  0.2324    NaN  0.534  0.595
#  Re(op_pbp_e)                                                    
   7  64  5.00  0.2350  0.377  0.552  0.274
#  Re(op_pbp_e)                                                    
   7  64  5.00  0.2356  1.165  0.575  0.638
#  Re(op_pbp_e)                                                    
   7  64  5.00  0.2387  1.254  0.551  0.391
#  Re(op_pbp_e)                                                    
   7  64  5.00  0.2400  1.794  0.630  0.621
#  Re(op_pbp_e)                                                    
   7  64  5.00  0.2418  0.376  0.603  0.634
#  Re(op_pbp_e)                                                    
   7  64  5.00  0.2449  1.713  0.700  0.939
#  Re(op_pbp_e)                                                    
   7  64  5.00  0.2480  1.058  0.793  0.588
#  Re(op_pbp_e)                                                    
   7  64  5.00  0.2500  0.873  0.812  0.552
#  Re(op_pbp_e)                                                    
   7  64  5.00  0.2515  0.872  0.886  1.270
#  Re(op_pbp_e)                                                    
   7  64  5.00  0.2530  0.928  1.015  1.002
#  Re(op_pbp_e)                                                    
   7  64  5.00  0.2545  0.828  1.078  1.111
#  Re(op_pbp_e)                                                    
   7  64  5.00  0.2560  1.615  1.208  1.296
#  Re(op_pbp_e)                                                    
   7  64  5.00  0.2575  0.858  1.280  1.587
#  Re(op_pbp_e)                                                    
   7  64  5.00  0.2590  1.346  1.222  1.394
#  Re(op_pbp_e)                                                    
   7  64  5.00  0.2605  1.095  1.089  1.308
#  Re(op_pbp_e)                                                    
   7  64  5.00  0.2620  1.633  0.986  0.884
#  Re(op_pbp_e)                                                    
   7  64  5.00  0.2625  0.959  0.902  1.683
#  Re(op_pbp_e)                                                    
   7  64  5.00  0.2630  0.684  0.795  0.801
#  Re(op_pbp_e)                                                    
   7  64  5.00  0.2635  0.657  0.749  1.227
