#-----------------------------------------------------------
#beta =   5.00   kappa =   0.2100
#  Re(op_pbp_e)                                                    
#
     -5  0.19019E+01  0.162E-02  0.560E-02  0.977E-05    13
     -4  0.19025E+01  0.423E-03  0.407E-02  0.297E-05   122
     -3  0.19016E+01  0.248E-03  0.455E-02  0.127E-05   472
     -2  0.19004E+01  0.128E-03  0.473E-02  0.765E-06  1231
     -1  0.19002E+01  0.950E-04  0.513E-02  0.756E-06  2235
      0  0.18999E+01  0.959E-04  0.525E-02  0.911E-06  2551
      1  0.19001E+01  0.938E-04  0.498E-02  0.882E-06  1998
      2  0.19007E+01  0.125E-03  0.486E-02  0.108E-05   995
      3  0.19015E+01  0.334E-03  0.442E-02  0.175E-05   294
      4  0.19022E+01  0.486E-03  0.373E-02  0.210E-05    71
      5  0.19035E+01  0.100E-02  0.400E-02  0.494E-05    17
#     6  0.19039E+01  jk failed  0.000E+00  jk failed     1
&-----------------------------------------------------------
#beta =   5.00   kappa =   0.2150
#  Re(op_pbp_e)                                                    
#
     -5  0.18914E+01  0.120E-02  0.511E-02  0.642E-05    19
     -4  0.18888E+01  0.417E-03  0.464E-02  0.322E-05   109
     -3  0.18875E+01  0.163E-03  0.570E-02  0.216E-05   448
     -2  0.18862E+01  0.144E-03  0.600E-02  0.134E-05  1272
     -1  0.18855E+01  0.159E-03  0.662E-02  0.121E-05  2305
      0  0.18853E+01  0.169E-03  0.673E-02  0.123E-05  2544
      1  0.18858E+01  0.155E-03  0.647E-02  0.114E-05  1994
      2  0.18864E+01  0.206E-03  0.608E-02  0.150E-05   943
      3  0.18872E+01  0.341E-03  0.590E-02  0.207E-05   293
      4  0.18889E+01  0.725E-03  0.496E-02  0.524E-05    66
#     5  0.18910E+01  jk failed  0.330E-02  jk failed     6
#     6  0.18900E+01  jk failed  0.000E+00  jk failed     1
&-----------------------------------------------------------
#beta =   5.00   kappa =   0.2200
#  Re(op_pbp_e)                                                    
#
#    -6  0.18855E+01  jk failed  0.000E+00  jk failed     1
     -5  0.18768E+01  0.154E-02  0.616E-02  0.148E-04    17
     -4  0.18729E+01  0.703E-03  0.694E-02  0.690E-05   100
     -3  0.18710E+01  0.359E-03  0.702E-02  0.259E-05   456
     -2  0.18697E+01  0.237E-03  0.777E-02  0.244E-05  1114
     -1  0.18685E+01  0.198E-03  0.840E-02  0.197E-05  2216
      0  0.18682E+01  0.166E-03  0.849E-02  0.181E-05  2587
      1  0.18683E+01  0.179E-03  0.804E-02  0.198E-05  2050
      2  0.18700E+01  0.218E-03  0.793E-02  0.244E-05  1042
      3  0.18711E+01  0.338E-03  0.745E-02  0.365E-05   319
      4  0.18726E+01  0.784E-03  0.606E-02  0.556E-05    88
#     5  0.18785E+01  jk failed  0.674E-02  jk failed     9
#     6  0.18818E+01  jk failed  0.000E+00  jk failed     1
&-----------------------------------------------------------
#beta =   5.00   kappa =   0.2231
#  Re(op_pbp_e)                                                    
#
     -5  0.18692E+01  0.116E-02  0.479E-02  0.819E-05    18
     -4  0.18627E+01  0.563E-03  0.612E-02  0.756E-05   104
     -3  0.18596E+01  0.516E-03  0.834E-02  0.515E-05   420
     -2  0.18577E+01  0.245E-03  0.894E-02  0.272E-05  1170
     -1  0.18565E+01  0.199E-03  0.951E-02  0.321E-05  2177
      0  0.18559E+01  0.213E-03  0.982E-02  0.234E-05  2669
      1  0.18569E+01  0.206E-03  0.946E-02  0.254E-05  2043
      2  0.18577E+01  0.247E-03  0.882E-02  0.342E-05  1036
      3  0.18603E+01  0.448E-03  0.815E-02  0.486E-05   304
      4  0.18638E+01  0.133E-02  0.724E-02  0.104E-04    45
      5  0.18655E+01  0.129E-02  0.465E-02  0.626E-05    14
&-----------------------------------------------------------
#beta =   5.00   kappa =   0.2250
#  Re(op_pbp_e)                                                    
#
#    -5  0.18598E+01  jk failed  0.917E-02  jk failed     9
     -4  0.18534E+01  0.927E-03  0.693E-02  0.741E-05    81
     -3  0.18524E+01  0.395E-03  0.855E-02  0.423E-05   395
     -2  0.18500E+01  0.291E-03  0.955E-02  0.381E-05  1163
     -1  0.18483E+01  0.232E-03  0.103E-01  0.323E-05  2248
      0  0.18473E+01  0.265E-03  0.108E-01  0.295E-05  2702
      1  0.18482E+01  0.221E-03  0.103E-01  0.302E-05  2016
      2  0.18496E+01  0.272E-03  0.949E-02  0.370E-05  1002
      3  0.18519E+01  0.664E-03  0.914E-02  0.550E-05   317
      4  0.18553E+01  0.817E-03  0.834E-02  0.124E-04    57
#     5  0.18605E+01  jk failed  0.285E-02  jk failed     8
#     6  0.18629E+01  jk failed  0.114E-01  jk failed     2
&-----------------------------------------------------------
#beta =   5.00   kappa =   0.2262
#  Re(op_pbp_e)                                                    
#
#    -6  0.18619E+01  jk failed  0.809E-02  jk failed     2
#    -5  0.18552E+01  jk failed  0.807E-02  jk failed     7
     -4  0.18514E+01  0.873E-03  0.750E-02  0.790E-05    87
     -3  0.18480E+01  0.511E-03  0.939E-02  0.524E-05   356
     -2  0.18452E+01  0.333E-03  0.103E-01  0.315E-05  1177
     -1  0.18429E+01  0.245E-03  0.114E-01  0.376E-05  2299
      0  0.18421E+01  0.204E-03  0.116E-01  0.458E-05  2696
      1  0.18428E+01  0.241E-03  0.109E-01  0.276E-05  2065
      2  0.18459E+01  0.366E-03  0.104E-01  0.514E-05   947
      3  0.18477E+01  0.503E-03  0.947E-02  0.707E-05   292
      4  0.18498E+01  0.126E-02  0.808E-02  0.181E-04    66
#     5  0.18560E+01  jk failed  0.431E-02  jk failed     5
#     6  0.18505E+01  jk failed  0.000E+00  jk failed     1
&-----------------------------------------------------------
#beta =   5.00   kappa =   0.2293
#  Re(op_pbp_e)                                                    
#
#    -6  0.18460E+01  jk failed  0.000E+00  jk failed     1
     -5  0.18473E+01  0.292E-02  0.923E-02  0.491E-04    11
     -4  0.18415E+01  0.126E-02  0.968E-02  0.172E-04    65
     -3  0.18348E+01  0.650E-03  0.110E-01  0.864E-05   379
     -2  0.18315E+01  0.246E-03  0.114E-01  0.605E-05  1134
     -1  0.18283E+01  0.269E-03  0.130E-01  0.476E-05  2290
      0  0.18266E+01  0.207E-03  0.132E-01  0.325E-05  2703
      1  0.18282E+01  0.252E-03  0.128E-01  0.373E-05  2038
      2  0.18300E+01  0.309E-03  0.117E-01  0.577E-05  1020
      3  0.18354E+01  0.762E-03  0.114E-01  0.918E-05   285
      4  0.18408E+01  0.175E-02  0.102E-01  0.241E-04    63
#     5  0.18446E+01  jk failed  0.614E-02  jk failed     9
#     6  0.18519E+01  jk failed  0.705E-02  jk failed     2
&-----------------------------------------------------------
#beta =   5.00   kappa =   0.2300
#  Re(op_pbp_e)                                                    
#
#    -5  0.18442E+01  jk failed  0.567E-02  jk failed     7
     -4  0.18366E+01  0.123E-02  0.942E-02  0.146E-04    82
     -3  0.18318E+01  0.739E-03  0.113E-01  0.895E-05   363
     -2  0.18271E+01  0.290E-03  0.118E-01  0.323E-05  1204
     -1  0.18240E+01  0.230E-03  0.133E-01  0.458E-05  2370
      0  0.18230E+01  0.263E-03  0.138E-01  0.401E-05  2766
      1  0.18241E+01  0.304E-03  0.136E-01  0.576E-05  1911
      2  0.18271E+01  0.367E-03  0.123E-01  0.636E-05   947
      3  0.18322E+01  0.700E-03  0.111E-01  0.935E-05   283
      4  0.18384E+01  0.139E-02  0.113E-01  0.192E-04    57
      5  0.18379E+01  0.222E-02  0.665E-02  0.189E-04    10
&-----------------------------------------------------------
#beta =   5.00   kappa =   0.2324
#  Re(op_pbp_e)                                                    
#
     -5  0.18322E+01  0.305E-02  0.963E-02  0.384E-04    11
     -4  0.18287E+01  0.226E-02  0.132E-01  0.272E-04    57
     -3  0.18185E+01  0.716E-03  0.128E-01  0.126E-04   343
     -2  0.18153E+01  0.361E-03  0.137E-01  0.532E-05  1134
     -1  0.18114E+01  0.319E-03  0.148E-01  0.666E-05  2277
      0  0.18087E+01  0.305E-03  0.158E-01  0.758E-05  2766
      1  0.18105E+01  0.339E-03  0.148E-01  0.674E-05  2142
      2  0.18143E+01  0.358E-03  0.131E-01  0.857E-05   925
      3  0.18189E+01  0.718E-03  0.111E-01  0.876E-05   283
      4  0.18263E+01  0.128E-02  0.104E-01  0.243E-04    51
      5  0.18328E+01  0.253E-02  0.758E-02  0.164E-04    10
#     6  0.18304E+01  jk failed  0.000E+00  jk failed     1
&-----------------------------------------------------------
#beta =   5.00   kappa =   0.2350
#  Re(op_pbp_e)                                                    
#
#    -6  0.18261E+01  jk failed  0.353E-02  jk failed     2
#    -5  0.18307E+01  jk failed  0.108E-01  jk failed     6
     -4  0.18151E+01  0.125E-02  0.108E-01  0.175E-04    69
     -3  0.18065E+01  0.730E-03  0.138E-01  0.163E-04   295
     -2  0.18008E+01  0.422E-03  0.146E-01  0.751E-05  1040
     -1  0.17956E+01  0.442E-03  0.168E-01  0.753E-05  2279
      0  0.17923E+01  0.338E-03  0.177E-01  0.838E-05  3023
      1  0.17948E+01  0.444E-03  0.172E-01  0.937E-05  2109
      2  0.17999E+01  0.472E-03  0.152E-01  0.116E-04   882
      3  0.18076E+01  0.104E-02  0.134E-01  0.170E-04   240
      4  0.18126E+01  0.171E-02  0.984E-02  0.239E-04    47
#     5  0.18231E+01  jk failed  0.931E-02  jk failed     8
&-----------------------------------------------------------
#beta =   5.00   kappa =   0.2356
#  Re(op_pbp_e)                                                    
#
#    -5  0.18166E+01  jk failed  0.111E-01  jk failed     4
     -4  0.18118E+01  0.136E-02  0.110E-01  0.209E-04    52
     -3  0.18039E+01  0.839E-03  0.133E-01  0.176E-04   298
     -2  0.17962E+01  0.510E-03  0.149E-01  0.114E-04  1025
     -1  0.17910E+01  0.346E-03  0.176E-01  0.118E-04  2265
      0  0.17888E+01  0.376E-03  0.185E-01  0.691E-05  2961
      1  0.17916E+01  0.367E-03  0.172E-01  0.672E-05  2190
      2  0.17958E+01  0.452E-03  0.151E-01  0.882E-05   941
      3  0.18034E+01  0.849E-03  0.131E-01  0.191E-04   212
      4  0.18136E+01  0.199E-02  0.113E-01  0.231E-04    47
#     5  0.18228E+01  jk failed  0.823E-02  jk failed     4
#     6  0.18146E+01  jk failed  0.000E+00  jk failed     1
&-----------------------------------------------------------
#beta =   5.00   kappa =   0.2387
#  Re(op_pbp_e)                                                    
#
#    -5  0.18103E+01  jk failed  0.984E-02  jk failed     5
     -4  0.17993E+01  0.194E-02  0.132E-01  0.353E-04    54
     -3  0.17851E+01  0.110E-02  0.146E-01  0.218E-04   249
     -2  0.17770E+01  0.466E-03  0.162E-01  0.101E-04  1033
     -1  0.17693E+01  0.348E-03  0.193E-01  0.113E-04  2370
      0  0.17658E+01  0.299E-03  0.214E-01  0.102E-04  3098
      1  0.17691E+01  0.444E-03  0.190E-01  0.102E-04  2166
      2  0.17769E+01  0.529E-03  0.167E-01  0.159E-04   782
      3  0.17857E+01  0.877E-03  0.141E-01  0.233E-04   209
      4  0.17943E+01  0.261E-02  0.127E-01  0.768E-04    32
#     5  0.18138E+01  jk failed  0.792E-02  jk failed     2
&-----------------------------------------------------------
#beta =   5.00   kappa =   0.2400
#  Re(op_pbp_e)                                                    
#
#    -6  0.18008E+01  jk failed  0.000E+00  jk failed     1
#    -5  0.18046E+01  jk failed  0.550E-02  jk failed     3
     -4  0.17919E+01  0.259E-02  0.126E-01  0.560E-04    39
     -3  0.17789E+01  0.106E-02  0.150E-01  0.235E-04   218
     -2  0.17691E+01  0.406E-03  0.173E-01  0.124E-04   968
     -1  0.17598E+01  0.406E-03  0.200E-01  0.891E-05  2341
      0  0.17547E+01  0.474E-03  0.226E-01  0.967E-05  3261
      1  0.17592E+01  0.486E-03  0.200E-01  0.117E-04  2209
      2  0.17679E+01  0.851E-03  0.169E-01  0.186E-04   767
      3  0.17795E+01  0.111E-02  0.148E-01  0.255E-04   165
      4  0.17911E+01  0.273E-02  0.117E-01  0.413E-04    25
#     5  0.18079E+01  jk failed  0.127E-01  jk failed     3
&-----------------------------------------------------------
#beta =   5.00   kappa =   0.2418
#  Re(op_pbp_e)                                                    
#
#    -6  0.18065E+01  jk failed  0.000E+00  jk failed     1
#    -5  0.17863E+01  jk failed  0.222E-02  jk failed     2
     -4  0.17868E+01  0.370E-02  0.150E-01  0.647E-04    26
     -3  0.17689E+01  0.956E-03  0.138E-01  0.178E-04   197
     -2  0.17555E+01  0.575E-03  0.176E-01  0.146E-04   940
     -1  0.17446E+01  0.470E-03  0.213E-01  0.978E-05  2470
      0  0.17392E+01  0.523E-03  0.248E-01  0.119E-04  3245
      1  0.17450E+01  0.439E-03  0.215E-01  0.111E-04  2143
      2  0.17563E+01  0.777E-03  0.180E-01  0.182E-04   767
      3  0.17698E+01  0.126E-02  0.172E-01  0.257E-04   193
      4  0.17871E+01  0.451E-02  0.169E-01  0.683E-04    15
#     5  0.18013E+01  jk failed  0.000E+00  jk failed     1
&-----------------------------------------------------------
#beta =   5.00   kappa =   0.2449
#  Re(op_pbp_e)                                                    
#
     -4  0.17670E+01  0.306E-02  0.137E-01  0.464E-04    21
     -3  0.17531E+01  0.151E-02  0.174E-01  0.601E-04   141
     -2  0.17348E+01  0.808E-03  0.196E-01  0.269E-04   733
     -1  0.17188E+01  0.408E-03  0.229E-01  0.171E-04  2376
      0  0.17083E+01  0.558E-03  0.281E-01  0.156E-04  3728
      1  0.17177E+01  0.418E-03  0.225E-01  0.146E-04  2136
      2  0.17342E+01  0.577E-03  0.201E-01  0.274E-04   707
      3  0.17542E+01  0.179E-02  0.170E-01  0.444E-04   130
      4  0.17697E+01  0.289E-02  0.128E-01  0.592E-04    26
#     5  0.17881E+01  jk failed  0.126E-01  jk failed     2
&-----------------------------------------------------------
#beta =   5.00   kappa =   0.2480
#  Re(op_pbp_e)                                                    
#
#    -6  0.17875E+01  jk failed  0.000E+00  jk failed     1
#    -5  0.17919E+01  jk failed  0.000E+00  jk failed     1
     -4  0.17607E+01  0.411E-02  0.142E-01  0.650E-04    13
     -3  0.17355E+01  0.182E-02  0.196E-01  0.560E-04   109
     -2  0.17132E+01  0.653E-03  0.208E-01  0.297E-04   639
     -1  0.16891E+01  0.476E-03  0.237E-01  0.179E-04  2258
      0  0.16733E+01  0.488E-03  0.311E-01  0.247E-04  4173
      1  0.16893E+01  0.576E-03  0.239E-01  0.210E-04  2139
      2  0.17131E+01  0.122E-02  0.214E-01  0.501E-04   569
      3  0.17363E+01  0.203E-02  0.185E-01  0.646E-04    94
#     4  0.17606E+01  jk failed  0.568E-02  jk failed     4
&-----------------------------------------------------------
#beta =   5.00   kappa =   0.2500
#  Re(op_pbp_e)                                                    
#
#    -4  0.17607E+01  jk failed  0.337E-01  jk failed     8
     -3  0.17248E+01  0.287E-02  0.198E-01  0.161E-03    65
     -2  0.17001E+01  0.918E-03  0.215E-01  0.313E-04   509
     -1  0.16704E+01  0.533E-03  0.246E-01  0.259E-04  2222
      0  0.16472E+01  0.440E-03  0.316E-01  0.271E-04  4647
      1  0.16704E+01  0.507E-03  0.245E-01  0.262E-04  2092
      2  0.16988E+01  0.104E-02  0.217E-01  0.443E-04   401
      3  0.17247E+01  0.314E-02  0.208E-01  0.105E-03    53
#     4  0.17516E+01  jk failed  0.219E-02  jk failed     3
&-----------------------------------------------------------
#beta =   5.00   kappa =   0.2515
#  Re(op_pbp_e)                                                    
#
#    -4  0.17585E+01  jk failed  0.921E-02  jk failed     2
     -3  0.17223E+01  0.418E-02  0.210E-01  0.118E-03    40
     -2  0.16871E+01  0.118E-02  0.215E-01  0.359E-04   400
     -1  0.16561E+01  0.526E-03  0.248E-01  0.377E-04  2158
      0  0.16266E+01  0.571E-03  0.312E-01  0.353E-04  5071
      1  0.16560E+01  0.518E-03  0.242E-01  0.216E-04  1943
      2  0.16894E+01  0.869E-03  0.237E-01  0.560E-04   328
      3  0.17246E+01  0.412E-02  0.230E-01  0.106E-03    55
#     4  0.17393E+01  jk failed  0.204E-01  jk failed     3
&-----------------------------------------------------------
#beta =   5.00   kappa =   0.2530
#  Re(op_pbp_e)                                                    
#
#    -4  0.17400E+01  jk failed  0.000E+00  jk failed     1
     -3  0.17233E+01  0.419E-02  0.197E-01  0.122E-03    23
     -2  0.16817E+01  0.146E-02  0.238E-01  0.603E-04   301
     -1  0.16428E+01  0.593E-03  0.257E-01  0.316E-04  1976
      0  0.16066E+01  0.499E-03  0.310E-01  0.385E-04  5448
      1  0.16428E+01  0.793E-03  0.259E-01  0.410E-04  1880
      2  0.16810E+01  0.117E-02  0.243E-01  0.433E-04   336
      3  0.17203E+01  0.597E-02  0.263E-01  0.211E-03    33
#     4  0.17552E+01  jk failed  0.389E-01  jk failed     2
&-----------------------------------------------------------
#beta =   5.00   kappa =   0.2545
#  Re(op_pbp_e)                                                    
#
     -3  0.17152E+01  0.816E-02  0.316E-01  0.448E-03    16
     -2  0.16736E+01  0.195E-02  0.266E-01  0.938E-04   253
     -1  0.16288E+01  0.671E-03  0.263E-01  0.446E-04  1816
      0  0.15860E+01  0.459E-03  0.301E-01  0.448E-04  5794
      1  0.16278E+01  0.683E-03  0.268E-01  0.408E-04  1859
      2  0.16749E+01  0.214E-02  0.288E-01  0.143E-03   237
      3  0.17113E+01  0.600E-02  0.268E-01  0.219E-03    21
#     4  0.17657E+01  jk failed  0.138E-01  jk failed     4
&-----------------------------------------------------------
#beta =   5.00   kappa =   0.2560
#  Re(op_pbp_e)                                                    
#
#    -4  0.17390E+01  jk failed  0.000E+00  jk failed     1
     -3  0.17098E+01  0.968E-02  0.335E-01  0.376E-03    13
     -2  0.16647E+01  0.266E-02  0.312E-01  0.128E-03   161
     -1  0.16147E+01  0.700E-03  0.287E-01  0.621E-04  1698
      0  0.15643E+01  0.414E-03  0.279E-01  0.542E-04  6406
      1  0.16134E+01  0.836E-03  0.279E-01  0.757E-04  1565
      2  0.16688E+01  0.271E-02  0.375E-01  0.203E-03   153
#     3  0.16922E+01  jk failed  0.914E-02  jk failed     3
&-----------------------------------------------------------
#beta =   5.00   kappa =   0.2575
#  Re(op_pbp_e)                                                    
#
#    -4  0.18207E+01  jk failed  0.000E+00  jk failed     1
#    -3  0.17180E+01  jk failed  0.820E-01  jk failed     8
     -2  0.16622E+01  0.489E-02  0.437E-01  0.303E-03   132
     -1  0.16008E+01  0.891E-03  0.300E-01  0.661E-04  1310
      0  0.15427E+01  0.335E-03  0.238E-01  0.510E-04  7154
      1  0.16008E+01  0.901E-03  0.302E-01  0.591E-04  1271
      2  0.16574E+01  0.493E-02  0.488E-01  0.369E-03   120
#     3  0.17604E+01  jk failed  0.308E-01  jk failed     4
&-----------------------------------------------------------
#beta =   5.00   kappa =   0.2590
#  Re(op_pbp_e)                                                    
#
#    -3  0.17702E+01  jk failed  0.980E-01  jk failed     6
     -2  0.16652E+01  0.704E-02  0.573E-01  0.591E-03    62
     -1  0.15861E+01  0.876E-03  0.341E-01  0.750E-04  1120
      0  0.15217E+01  0.309E-03  0.193E-01  0.559E-04  7642
      1  0.15882E+01  0.925E-03  0.347E-01  0.776E-04  1112
      2  0.16718E+01  0.104E-01  0.722E-01  0.147E-02    56
#     3  0.16778E+01  jk failed  0.152E-01  jk failed     2
&-----------------------------------------------------------
#beta =   5.00   kappa =   0.2605
#  Re(op_pbp_e)                                                    
#
     -2  0.16579E+01  0.124E-01  0.539E-01  0.958E-03    20
     -1  0.15681E+01  0.124E-02  0.351E-01  0.111E-03   794
      0  0.15010E+01  0.231E-03  0.154E-01  0.381E-04  8348
      1  0.15713E+01  0.171E-02  0.377E-01  0.137E-03   805
      2  0.16557E+01  0.153E-01  0.646E-01  0.131E-02    33
&-----------------------------------------------------------
#beta =   5.00   kappa =   0.2620
#  Re(op_pbp_e)                                                    
#
     -2  0.16371E+01  0.149E-01  0.537E-01  0.978E-03    14
     -1  0.15529E+01  0.192E-02  0.386E-01  0.164E-03   567
      0  0.14805E+01  0.139E-03  0.125E-01  0.235E-04  8896
      1  0.15548E+01  0.159E-02  0.408E-01  0.182E-03   508
      2  0.16934E+01  0.263E-01  0.984E-01  0.501E-02    15
&-----------------------------------------------------------
#beta =   5.00   kappa =   0.2625
#  Re(op_pbp_e)                                                    
#
#    -2  0.16134E+01  jk failed  0.270E-01  jk failed     3
     -1  0.15452E+01  0.167E-02  0.378E-01  0.130E-03   368
      0  0.14737E+01  0.135E-03  0.118E-01  0.204E-04  9205
      1  0.15469E+01  0.172E-02  0.366E-01  0.135E-03   411
      2  0.16142E+01  0.175E-01  0.606E-01  0.144E-02    13
&-----------------------------------------------------------
#beta =   5.00   kappa =   0.2630
#  Re(op_pbp_e)                                                    
#
#    -2  0.16786E+01  jk failed  0.566E-02  jk failed     2
     -1  0.15401E+01  0.222E-02  0.395E-01  0.266E-03   356
      0  0.14670E+01  0.970E-04  0.104E-01  0.878E-05  9306
      1  0.15382E+01  0.188E-02  0.412E-01  0.202E-03   327
#     2  0.15992E+01  jk failed  0.325E-01  jk failed     9
&-----------------------------------------------------------
#beta =   5.00   kappa =   0.2635
#  Re(op_pbp_e)                                                    
#
#    -2  0.16131E+01  jk failed  0.460E-01  jk failed     5
     -1  0.15363E+01  0.246E-02  0.446E-01  0.268E-03   362
      0  0.14604E+01  0.140E-03  0.109E-01  0.168E-04  9302
      1  0.15338E+01  0.179E-02  0.429E-01  0.250E-03   322
#     2  0.15786E+01  jk failed  0.269E-01  jk failed     9
&-----------------------------------------------------------
