# triplet j1 / nf 2 / mode 2 / nplat  4 / jkb  20 / start     1 / nmeas 10000
 0.0010  -100.00000000000000        187.09873898330454        2.1028255797920377E-003   1.4760136810757315E-004  -2.0507684314871037E-005   3.8376368562359309E-005
 0.0020  -100.00000000000000        155.11136381735542        4.2036615948564783E-003   2.9445807419436657E-004  -4.1005665924876668E-005   6.3620660023014735E-005
 0.0030  -100.00000000000000        186.02956471947746        6.3005305113076563E-003   4.3983412399425692E-004  -6.1484293171383162E-005   1.1439909452606132E-004
 0.0040  -100.00000000000000        194.18881734489631        8.3914786867524734E-003   5.8301067805249394E-004  -8.1934015826163315E-005   1.5913215240405875E-004
 0.0050  0.43553675715856527        113.79227409020044        1.0474587894808480E-002   7.2329418332116291E-004   2.3498690405509368E-002   6.1394805347251316     
 0.0060  0.49368530322148074        154.05805690567271        1.2547986355892826E-002   8.6002398613037540E-004   2.4855782687252255E-002   7.7564261722411043     
 0.0070  0.39366421390229595        95.382802485508236        1.4609859128799967E-002   9.9257928007624339E-004   3.6329640059121371E-002   8.8024839287135030     
 0.0080  0.34948596772480389        95.326536836842550        1.6658457733016351E-002   1.1203852633937140E-003   4.6714063199082827E-002   12.741827459279955     
 0.0090  0.31919522099115849        82.540526183287682        1.8692108889894751E-002   1.2429184047861987E-003   5.7465742603693387E-002   14.860036614889868     
 0.0100  0.30898314575390473        47.658046205009576        2.0709222291088448E-002   1.3597107433752323E-003   6.5866123227509732E-002   10.159294635837146     
 0.0200  0.28327205783492976        3.4109607025539251E-002   3.9690401483400847E-002   2.1522540064074225E-003  0.14065947889910116        1.7361266385604094E-002
 0.0400  0.28388967457758219        3.5412332920776797E-003   6.9597421775720883E-002   1.9984803931413601E-003  0.26284031094000126        4.9990536712199961E-003
 0.0600  0.31281089875214557        2.6324122004242369E-003   9.0306556774744126E-002   1.2115811844834868E-003  0.33278856026496695        3.5814209008137297E-003
 0.0800  0.34684656506169476        2.1066263327565934E-003  0.10539895121138329        6.9410529143571690E-004  0.37440422258291772        2.5866834675197193E-003
 0.1000  0.38372178276923946        1.6870472053314167E-003  0.11725726219659428        4.2485282259568637E-004  0.39908777008962010        1.8977256706254654E-003
 0.1200  0.42231414299989584        1.4804137940217039E-003  0.12715305033202659        2.8215246138391803E-004  0.41365034086117314        1.5209388725166829E-003
 0.1400  0.46186100945714864        1.2633309723359088E-003  0.13576132610044495        1.9984286845637904E-004  0.42213926629330906        1.1957503056246209E-003
 0.1600  0.50204650841403431        1.1014117129583970E-003  0.14345705260042030        1.4832538334331956E-004  0.42676813993039875        9.6190615749425343E-004
 0.1800  0.54254710238559167        1.0275497684883374E-003  0.15046137262347059        1.1395310561118977E-004  0.42896939834567960        8.2852119094020259E-004
 0.2000  0.58328645666745471        9.1360433685133539E-004  0.15691301617266468        8.9868238387736255E-005  0.42951426111345520        6.8390141309569925E-004
 0.2200  0.62411872300252558        8.7099186719077361E-004  0.16290419259455485        7.2337564904642712E-005  0.42896835738440986        6.0617770202165550E-004
 0.2400  0.66502782392310889        7.8415141627366590E-004  0.16849947711328328        5.9195892035904160E-005  0.42764173358018154        5.0980787183723460E-004
 0.2600  0.70595316754782700        7.6046278964822739E-004  0.17374625900275037        4.9118431558871212E-005  0.42577828840796234        4.6258623137675919E-004
 0.2800  0.74690337432687448        6.9258858990114568E-004  0.17868079516304164        4.1253896807226394E-005  0.42351474015982565        3.9574834299657382E-004
 0.3000  0.78785754102872618        6.8131469362028233E-004  0.18333185933784629        3.5030159062188532E-005  0.42096588340160823        3.6625305976171736E-004
 0.3200  0.82883383022857338        6.2729245461491927E-004  0.18772301721831539        3.0047374290906292E-005  0.41819735407824110        3.1827205142469044E-004
 0.3400  0.86983430866434686        6.2363078601238584E-004  0.19187408728828395        2.6017149406378997E-005  0.41526572441887377        2.9905443301542943E-004
 0.3600  0.91087339193972505        5.7971720486745914E-004  0.19580210455882974        2.2726417036111897E-005  0.41220846882644374        2.6343480354176443E-004
 0.3800  0.95196929516636797        5.4082695128400133E-004  0.19952197302800753        2.0015007667085378E-005  0.40905265954783826        2.3329242650842207E-004
 0.4000  0.99313378141139574        5.4390090459938644E-004  0.20304691878704434        1.7761100041130140E-005  0.40582186332928954        2.2296051847283782E-004


# triplet j3 / nf 2 / mode 2 / nplat  4 / jkb  20 / start     1 / nmeas 10000
 0.0010  0.25692037040800525        7.0978377735292529E-003   2.1028255797920377E-003   1.4760136810757315E-004   7.9821169034995469E-003   3.5652067789541790E-004
 0.0020  0.25698065718201996        7.0892265688694642E-003   4.2036615948564783E-003   2.9445807419436657E-004   1.5956712997209070E-002   7.1140850221097481E-004
 0.0030  0.25708107709011607        7.0749249525863559E-003   6.3005305113076563E-003   4.3983412399425692E-004   2.3916304485464220E-002   1.0630489783691600E-003
 0.0040  0.25722154334465025        7.0550080621691680E-003   8.3914786867524734E-003   5.8301067805249394E-004   3.1853481151219207E-002   1.4098639740190231E-003
 0.0050  0.25740193480873047        7.0295803306085463E-003   1.0474587894808480E-002   7.2329418332116291E-004   3.9760942062435148E-002   1.7503290362843348E-003
 0.0060  0.25762209670135194        6.9987745875515657E-003   1.2547986355892826E-002   8.6002398613037540E-004   4.7631529942046953E-002   2.0829896805614244E-003
 0.0070  0.25788184093707645        6.9627512229400411E-003   1.4609859128799967E-002   9.9257928007624339E-004   5.5458263921409678E-002   2.4064764038636715E-003
 0.0080  0.25818094704379513        6.9216967918957718E-003   1.6658457733016351E-002   1.1203852633937140E-003   6.3234370198199608E-002   2.7195181024818695E-003
 0.0090  0.25851916286597604        6.8758227797982791E-003   1.8692108889894751E-002   1.2429184047861987E-003   7.0953310410170195E-002   3.0209537670421701E-003
 0.0100  0.25844984048045427        6.6223536200998301E-003   2.0709222291088448E-002   1.3597107433752323E-003   7.8744571540911468E-002   3.2792888322635489E-003
 0.0200  0.26398584883939769        5.9435758395308281E-003   3.9690401483400847E-002   2.1522540064074225E-003  0.15093574226388889        5.3193455626823856E-003
 0.0400  0.28094634430161647        4.4867856161786689E-003   6.9597421775720883E-002   1.9984803931413601E-003  0.26559395362169208        5.7036879629316865E-003
 0.0600  0.31099558742731548        3.1105301580455834E-003   9.0306556774744126E-002   1.2115811844834868E-003  0.33473107928017354        4.0312005937915467E-003
 0.0800  0.34553685611227131        2.2926063747378557E-003  0.10539895121138329        6.9410529143571690E-004  0.37582334923278066        2.7837391868589688E-003
 0.1000  0.38279404824357027        1.7893367093892644E-003  0.11725726219659428        4.2485282259568637E-004  0.40005499386121041        2.0055531415279861E-003
 0.1200  0.42162280380783423        1.4694333815583379E-003  0.12715305033202659        2.8215246138391803E-004  0.41432860752479816        1.5154179623627058E-003
 0.1400  0.46138026427637774        1.2509478824206442E-003  0.13576132610044495        1.9984286845637904E-004  0.42257912346449289        1.1872100516060592E-003
 0.1600  0.50169122027404711        1.0902323714379685E-003  0.14345705260042030        1.4832538334331956E-004  0.42707036897590372        9.5397250591243584E-004
 0.1800  0.54230955486913546        1.0318489638434451E-003  0.15046137262347059        1.1395310561118977E-004  0.42915729954398568        8.3256969450858130E-004
 0.2000  0.58310214584930631        9.2070413450523459E-004  0.15691301617266468        8.9868238387736255E-005  0.42965002484788106        6.8947360648135734E-004
 0.2200  0.62400028200180746        8.2825516825633103E-004  0.16290419259455485        7.2337564904642712E-005  0.42904977952954421        5.7740340538520879E-004
 0.2400  0.66493386893279416        8.0681253063663355E-004  0.16849947711328328        5.9195892035904160E-005  0.42770215925078420        5.2437193078654445E-004
 0.2600  0.70588856755604623        7.3564966217217636E-004  0.17374625900275037        4.9118431558871212E-005  0.42581725386964536        4.4783345392954800E-004
 0.2800  0.74685242226064441        7.2621291541635562E-004  0.17868079516304164        4.1253896807226394E-005  0.42354363335270667        4.1473108610291061E-004
 0.3000  0.78781818595843034        6.6994576348428526E-004  0.18333185933784629        3.5030159062188532E-005  0.42098691254542431        3.6025156246124622E-004
 0.3200  0.82880261086430929        6.2080257025733912E-004  0.18772301721831539        3.0047374290906292E-005  0.41821310675005957        3.1503945021338722E-004
 0.3400  0.86980795694582203        6.2147011454190737E-004  0.19187408728828395        2.6017149406378997E-005  0.41527830531721516        2.9804548644970261E-004
 0.3600  0.91085096940149868        5.8095883979990845E-004  0.19580210455882974        2.2726417036111897E-005  0.41221861621658767        2.6400732325873680E-004
 0.3800  0.95194878132274285        5.4492208404646259E-004  0.19952197302800753        2.0015007667085378E-005  0.40906147435222379        2.3505539277588893E-004
 0.4000  0.99311654330078225        5.1272893620686881E-004  0.20304691878704434        1.7761100041130140E-005  0.40582890741914651        2.1027293601471074E-004


