# triplet j1 / nf 3 / mode 2 / nplat  4 / jkb  20 / start     1 / nmeas 10000
 0.0010                       NaN                       NaN   1.1778991804440332E-003   2.6471000714150064E-005                       NaN                       NaN
 0.0020  -42.529798846850035        122.75814158626606        2.3721895368871240E-003   5.5971418235689269E-005  -7.2428811701310948E-005   2.0906049002784630E-004
 0.0030   2.3097677281127718        67.662666619788254        3.5827180095855142E-003   8.8676697388310270E-005   2.0073062160440550E-003   5.8802321015652310E-002
 0.0040  0.43444907763751189        67.661013641342407        4.8092858014916404E-003   1.2470379511689121E-004   1.4277310589908464E-002   2.2235455422897261     
 0.0050  0.44756859695849199        94.622016945397476        6.0516463574471994E-003   1.6411763693984860E-004   1.7381096199728767E-002   3.6745973549070383     
 0.0060  0.43476793987641532        82.897032091239566        7.3095035976065937E-003   2.0693638665832299E-004   2.1541555180167725E-002   4.1073198646943947     
 0.0070  0.43255428257013412        82.880888882614897        8.5825104454275557E-003   2.5313564368480309E-004   2.5341398129302271E-002   4.8556162621394208     
 0.0080  0.43757269665109111        94.516520915186973        9.8702676896419341E-003   3.0265177614080866E-004   2.8719325876707148E-002   6.2034281217914335     
 0.0090  0.44919110817015645        94.678032992682432        1.1172323217756675E-002   3.5538461746925686E-004   3.1570164696850651E-002   6.6541858217955019     
 0.0100  0.46905858914816989        117.60299463225596        1.2488171655777841E-002   4.1119973840990300E-004   3.3692817899855364E-002   8.4475082278329658     
 0.0200  0.56722645310125197        95.517049107011132        2.6257592992813501E-002   1.0889005172107151E-003   5.7134834725898052E-002   9.6211148576893155     
 0.0400  0.31467638851122992        1.0080804520421047E-002   5.4304753719019994E-002   2.1331158850473688E-003  0.20945935435530708        7.8707950897858973E-003
 0.0600  0.33083775007753691        6.8386899725440481E-003   7.8042357329902043E-002   1.8660413632610299E-003  0.29251002430178585        6.9848831732038531E-003
 0.0800  0.35601059715747324        4.7235381701128355E-003   9.6311623136886459E-002   1.1865905246626876E-003  0.34868753055562074        5.1006997151216565E-003
 0.1000  0.38690887865176404        3.4582691701011002E-003  0.11057298314209535        7.1272862599599846E-004  0.38435347790878510        3.6519332175931202E-003
 0.1200  0.42154141370444481        2.5637395404260938E-003  0.12216162665051486        4.4823788811389323E-004  0.40619331969667183        2.5803458689733680E-003
 0.1400  0.45850654692988224        2.0792692878180406E-003  0.13194481571856387        3.0076969028951852E-004  0.41920807519649705        1.9601786998920769E-003
 0.1600  0.49699213878938875        1.6890224669350313E-003  0.14046511611342855        2.1442178641714336E-004  0.42658905751906390        1.4858709742796080E-003
 0.1800  0.53648396634891726        1.4993831620328088E-003  0.14806193763741557        1.6109537666791275E-004  0.43034446122525127        1.2253141604995144E-003
 0.2000  0.57659104426172036        1.2997625979329058E-003  0.15495104125966333        1.2618109893784842E-004  0.43177684899043756        9.8906939334402443E-004
 0.2200  0.61714626408787454        1.1501323273257625E-003  0.16127378436822987        1.0185646110510487E-004  0.43163844810195207        8.1588101215728849E-004
 0.2400  0.65793626445400888        1.0827866081133358E-003  0.16712636224256314        8.3927843003269199E-005  0.43048623979447365        7.1666323564403324E-004
 0.2600  0.69891951367704452        9.7695131180092773E-004  0.17257693029308738        7.0130810833642451E-005  0.42861352938603675        6.0541358316250446E-004
 0.2800  0.74000016490781995        9.3900538215747887E-004  0.17767572360694522        5.9198150337542868E-005  0.42626163204233158        5.4553584750162312E-004
 0.3000  0.78116169166141880        8.5794240798407620E-004  0.18246116548488356        5.0372670341410640E-005  0.42356484779789888        4.6885701291253003E-004
 0.3200  0.82237286576910495        8.3726164125548150E-004  0.18696364827262441        4.3163825459315430E-005  0.42062957154895014        4.3098873280745267E-004
 0.3400  0.86363304527458362        7.7311710922724425E-004  0.19120793358361432        3.7228513254951300E-005  0.41752084128699796        3.7596478268503973E-004
 0.3600  0.90494072429826489        7.6301187171163578E-004  0.19521471417011180        3.2312202031513194E-005  0.41428803432535954        3.5099071414247560E-004
 0.3800  0.94630219684568118        7.1096546095021499E-004  0.19900165509973916        2.8218628324909270E-005  0.41096543100708927        3.1013387388388288E-004
 0.4000  0.98773391552265233        6.6455509149699211E-004  0.20258410461855900        2.4792975155299526E-005  0.40757516248889170        2.7535157349907360E-004


# triplet j3 / nf 3 / mode 2 / nplat  4 / jkb  20 / start     1 / nmeas 10000
 0.0010  0.31664354758966751        2.3522465687662988E-002   1.1778991804440332E-003   2.6471000714150064E-005   4.8472834358932113E-003   3.6418560988758477E-004
 0.0020  0.31627001995681864        2.1157547022058555E-002   2.3721895368871240E-003   5.5971418235689269E-005   9.7397242798849763E-003   6.6161345418475558E-004
 0.0030  0.31558002536684099        2.0837262960554385E-002   3.5827180095855142E-003   8.8676697388310270E-005   1.4691712863858220E-002   9.8696313559783373E-004
 0.0040  0.31492176785312587        2.0523332983981887E-002   4.8092858014916404E-003   1.2470379511689121E-004   1.9696207280986928E-002   1.3087486328407245E-003
 0.0050  0.31429569305177957        2.0215241576601047E-002   6.0516463574471994E-003   1.6411763693984860E-004   2.4751318620301832E-002   1.6269777884535448E-003
 0.0060  0.31370222533044517        1.9912500691849876E-002   7.3095035976065937E-003   2.0693638665832299E-004   2.9854992445623254E-002   1.9416191548968396E-003
 0.0070  0.31314176658276416        1.9614649619142527E-002   8.5825104454275557E-003   2.5313564368480309E-004   3.5005008775305997E-002   2.2526011749019717E-003
 0.0080  0.31261469512535350        1.9321254928172386E-002   9.8702676896419341E-003   3.0265177614080866E-004   4.0198983175864858E-002   2.5598116386579099E-003
 0.0090  0.31212136459602507        1.9031910429746959E-002   1.1172323217756675E-002   3.5538461746925686E-004   4.5434369043102968E-002   2.8630974848750639E-003
 0.0100  0.31166210302124669        1.8746237160873081E-002   1.2488171655777841E-002   4.1119973840990300E-004   5.0708461103642667E-002   3.1622650111362868E-003
 0.0200  0.30899562721146445        1.6027365766798047E-002   2.6257592992813501E-002   1.0889005172107151E-003  0.10488300414658738        5.8587799562306933E-003
 0.0400  0.31419165465040672        1.1038320479920205E-002   5.4304753719019994E-002   2.1331158850473688E-003  0.20978250756456451        8.4436541160608780E-003
 0.0600  0.32754075737278426        8.8056804379868948E-003   7.8042357329902043E-002   1.8660413632610299E-003  0.29545440112965154        8.6930457023159467E-003
 0.0800  0.35392808799409370        5.9346132547393148E-003   9.6311623136886459E-002   1.1865905246626876E-003  0.35073920433391204        6.2654668920867160E-003
 0.1000  0.38546895577232504        3.8596351996889326E-003  0.11057298314209535        7.1272862599599846E-004  0.38578923391026110        4.0580144968648578E-003
 0.1200  0.42046077763604423        2.7540214290765158E-003  0.12216162665051486        4.4823788811389323E-004  0.40723728663807240        2.7700637612649102E-003
 0.1400  0.45770486731868659        2.0955175321813214E-003  0.13194481571856387        3.0076969028951852E-004  0.41994232687422639        1.9813099973203484E-003
 0.1600  0.49640401425628672        1.6922199203961406E-003  0.14046511611342855        2.1442178641714336E-004  0.42709446739302653        1.4919937352849935E-003
 0.1800  0.53604788355448052        1.4307819945402628E-003  0.14806193763741557        1.6109537666791275E-004  0.43069455273942181        1.1732147018435990E-003
 0.2000  0.57630512403951184        1.2481380592398712E-003  0.15495104125966333        1.2618109893784842E-004  0.43199106491089040        9.5197886562370544E-004
 0.2200  0.61691125019831550        1.1681340356925591E-003  0.16127378436822987        1.0185646110510487E-004  0.43180288185241306        8.2891996884233883E-004
 0.2400  0.65777880339766548        1.0489177065044321E-003  0.16712636224256314        8.3927843003269199E-005  0.43058929087746572        6.9509307731980229E-004
 0.2600  0.69881162407817576        9.5049866008312827E-004  0.17257693029308738        7.0130810833642451E-005  0.42867970307313902        5.8954480069025531E-004
 0.2800  0.73991950115212424        9.2019164046304610E-004  0.17767572360694522        5.9198150337542868E-005  0.42630810177869610        5.3490822993755723E-004
 0.3000  0.78110372888073876        8.4471263451694849E-004  0.18246116548488356        5.0372670341410640E-005  0.42359627895802388        4.6180835084332127E-004
 0.3200  0.82233023862354815        8.3027113439967037E-004  0.18696364827262441        4.3163825459315430E-005  0.42065137573068850        4.2748019079179691E-004
 0.3400  0.86359965831441332        7.7055606992025864E-004  0.19120793358361432        3.7228513254951300E-005  0.41753698273814849        3.7476274133075411E-004
 0.3600  0.90491654028205448        7.6491933239113152E-004  0.19521471417011180        3.2312202031513194E-005  0.41429910622878036        3.5187851448129450E-004
 0.3800  0.94628180184978616        7.1608430220525797E-004  0.19900165509973916        2.8218628324909270E-005  0.41097428845131151        3.1236055521432116E-004
 0.4000  0.98771479953298913        6.7233908222760221E-004  0.20258410461855900        2.4792975155299526E-005  0.40758305059849254        2.7856122113074840E-004


