# triplet j1 / nf 5 / mode 2 / nplat  4 / jkb  20 / start     1 / nmeas 10000
 0.0010                       NaN                       NaN   1.1184570623892533E-003   1.8767983184768590E-005                       NaN                       NaN
 0.0020                       NaN                       NaN   2.2368281479878825E-003   3.7535278728194434E-005                       NaN                       NaN
 0.0030   3.7012390120043768        119.54012826684560        3.3550499257554993E-003   5.6305057609831968E-005   1.2122103498464019E-003   3.9151155904195288E-002
 0.0040  0.68031585257104454        123.53044852740885        4.4730835102873203E-003   7.5084714928170919E-005   8.7930168569906476E-003   1.5966191487505099     
 0.0050  0.52746422061469156        48.217792396500563        5.5909139872255343E-003   9.3885898060917325E-005   1.4175826850772962E-002   1.2958738286095108     
 0.0060  0.49041240350596604        48.133341946087320        6.7085497345989774E-003   1.1272456317333205E-004   1.8295466982493631E-002   1.7956763843297532     
 0.0070  0.48765921149630070        48.197724380539796        7.8260215454912345E-003   1.3162107338729524E-004   2.1464367988130121E-002   2.1214275700128056     
 0.0080  0.49976006485314051        66.668327619215901        8.9433815586094090E-003   1.5060034737344007E-004   2.3935875757913557E-002   3.1930618756598332     
 0.0090  0.51623396999839855        106.34078275386584        1.0060702004335729E-002   1.6969206146699340E-004   2.6067766132183305E-002   5.3697873804639711     
 0.0100  0.47700374682109398        48.070271312213542        1.1178073774716394E-002   1.8893090181787631E-004   3.1345607647960197E-002   3.1588679951123138     
 0.0200  0.35298788995818764        3.4470430007568886E-002   2.2384323239587552E-002   4.0115866435408014E-004   8.4769998167068275E-002   8.3128470108121758E-003
 0.0400  0.34604662390387814        3.1459443571825771E-002   4.5352499740532314E-002   1.1563645503628360E-003  0.17406481454302317        1.5979241894092864E-002
 0.0600  0.35386704729009383        2.1773625026689759E-002   6.8149329856666413E-002   1.9864671737525254E-003  0.25555318355062001        1.6159405437686073E-002
 0.0800  0.37209717899606265        1.4437062435146471E-002   8.7763146001202136E-002   1.8406401037863341E-003  0.31846353037326552        1.2799462801689454E-002
 0.1000  0.39729792511802547        9.6586605299507512E-003  0.10343964583100514        1.2438467090367003E-003  0.36202804354473062        9.0663847947323583E-003
 0.1200  0.42678169454758480        7.0043095264262691E-003  0.11624515147630508        7.8696453522898680E-004  0.39136975577968763        6.5583236591387692E-003
 0.1400  0.45943892046691065        5.0213001547976819E-003  0.12707176404323611        5.2207999516208051E-004  0.41055917530650216        4.5656591454208244E-003
 0.1600  0.49451811802117851        3.7155538507864685E-003  0.13644638573558193        3.6657701611499929E-004  0.42254580997758917        3.2251317838420343E-003
 0.1800  0.53127384582089443        3.0116342491097420E-003  0.14471602047929330        2.6587631931582526E-004  0.42962655755424700        2.4671960447509838E-003
 0.2000  0.56945943088265427        2.4216680557721869E-003  0.15212883082568812        1.9827957457741331E-004  0.43318456101791608        1.8636540165792896E-003
 0.2200  0.60863630567323157        2.1208526573446682E-003  0.15886281920519849        1.5385151849153247E-004  0.43438979714457049        1.5282187022677837E-003
 0.2400  0.64851680455519556        1.8239743000411871E-003  0.16504428943808533        1.2502134334833127E-004  0.43400989957064884        1.2316852872431353E-003
 0.2600  0.68895587072951048        1.6027214988831929E-003  0.17076317988224587        1.0556970016292927E-004  0.43252118417462582        1.0150199501853824E-003
 0.2800  0.72973567105565862        1.4820702707007752E-003  0.17608478283099879        9.1288798296744692E-005  0.43031783919441807        8.8105176773780800E-004
 0.3000  0.77080521115605016        1.3274731997429689E-003  0.18105789901032968        7.9859804539032233E-005  0.42760199359786344        7.4242538003846891E-004
 0.3200  0.81207820979910250        1.2511143869340915E-003  0.18572021710730799        7.0181953222842508E-005  0.42454303564586410        6.5896546656195754E-004
 0.3400  0.85349166064120863        1.1372996045069873E-003  0.19010178798209773        6.1769909486903430E-005  0.42125811017583648        5.6549407426308216E-004
 0.3600  0.89504239687190879        1.0411629812327361E-003  0.19422726721388364        5.4400483616805762E-005  0.41780895140028568        4.8952795421339007E-004
 0.3800  0.93667861059205482        1.0048182609171525E-003  0.19811738069544316        4.7946863089582176E-005  0.41426427432026641        4.4721867942478302E-004
 0.4000  0.97842290456857495        9.3224460029992353E-004  0.20178990210866979        4.2312396094670522E-005  0.41064647338695326        3.9362690614226095E-004


# triplet j3 / nf 5 / mode 2 / nplat  4 / jkb  20 / start     1 / nmeas 10000
 0.0010  0.34640271323523103        3.7968667603985512E-002   1.1184570623892533E-003   1.8767983184768590E-005   4.3176096020928591E-003   4.7463096556933507E-004
 0.0020  0.34641085266799926        3.7962292037231636E-002   2.2368281479878825E-003   3.7535278728194434E-005   8.6348503600594505E-003   9.4904086460342852E-004
 0.0030  0.34642359126940409        3.7950848324737538E-002   3.3550499257554993E-003   5.6305057609831968E-005   1.2951428109056836E-002   1.4229903230386222E-003
 0.0040  0.34644026873459421        3.7933673578312947E-002   4.4730835102873203E-003   7.5084714928170919E-005   1.7267128851923257E-002   1.8962201405338453E-003
 0.0050  0.34646024477930454        3.7910113051848091E-002   5.5909139872255343E-003   9.3885898060917325E-005   2.1581816598250071E-002   2.3684514921778273E-003
 0.0060  0.34648290430965845        3.7879522833562537E-002   6.7085497345989774E-003   1.1272456317333205E-004   2.5895430408104658E-002   2.8393861912427388E-003
 0.0070  0.34650766265425753        3.7841272628468169E-002   7.8260215454912345E-003   1.3162107338729524E-004   3.0207980649484670E-002   3.3087070197627992E-003
 0.0080  0.34653397068547492        3.7794748844310930E-002   8.9433815586094090E-003   1.5060034737344007E-004   3.4519544497843342E-002   3.7760781595656146E-003
 0.0090  0.34656131985739941        3.7739357646034859E-002   1.0060702004335729E-002   1.6969206146699340E-004   3.8830260702331129E-002   4.2411457160560582E-003
 0.0100  0.34658924720472045        3.7674528273308798E-002   1.1178073774716394E-002   1.8893090181787631E-004   4.3140323639726898E-002   4.7035383718626060E-003
 0.0200  0.34683966574927583        3.6404518469771600E-002   2.2384323239587552E-002   4.0115866435408014E-004   8.6272666420983996E-002   9.0881746858330580E-003
 0.0400  0.34818332592247420        2.5984851072531082E-002   4.5352499740532314E-002   1.1563645503628360E-003  0.17299662829482979        1.3097723420473948E-002
 0.0600  0.35623212657204645        1.8871669288877454E-002   6.8149329856666413E-002   1.9864671737525254E-003  0.25385652708768763        1.3947894823441255E-002
 0.0800  0.36757453690987257        1.9002743850605866E-002   8.7763146001202136E-002   1.8406401037863341E-003  0.32238190996911864        1.7005799743294366E-002
 0.1000  0.39478225152234980        1.2695857428083204E-002  0.10343964583100514        1.2438467090367003E-003  0.36433499728068913        1.1919711104742745E-002
 0.1200  0.42514965499075397        7.3564770572508795E-003  0.11624515147630508        7.8696453522898680E-004  0.39287212304091373        6.9268241692176007E-003
 0.1400  0.45807972401774522        5.1120394592765531E-003  0.12707176404323611        5.2207999516208051E-004  0.41177737062052844        4.6725263437475953E-003
 0.1600  0.49338175191779993        3.7379029791116273E-003  0.13644638573558193        3.6657701611499929E-004  0.42351902541110842        3.2586630391356146E-003
 0.1800  0.53047305382831322        2.8874188886132235E-003  0.14471602047929330        2.6587631931582526E-004  0.43027511360173482        2.3751501947489621E-003
 0.2000  0.56883571671266653        2.4609242805762378E-003  0.15212883082568812        1.9827957457741331E-004  0.43365953708040422        1.8972845649595494E-003
 0.2200  0.60814267936273125        2.0672380719343212E-003  0.15886281920519849        1.5385151849153247E-004  0.43474238912694568        1.4927231956562629E-003
 0.2400  0.64816066485908330        1.7903287634293441E-003  0.16504428943808533        1.2502134334833127E-004  0.43424837154545837        1.2106907903414010E-003
 0.2600  0.68869262076996030        1.5803168365488415E-003  0.17076317988224587        1.0556970016292927E-004  0.43268651364209021        1.0018373773479662E-003
 0.2800  0.72953768787958018        1.4709241714375707E-003  0.17608478283099879        9.1288798296744692E-005  0.43043461958005458        8.7500317721133476E-004
 0.3000  0.77065486984680320        1.3205882149112476E-003  0.18105789901032968        7.9859804539032233E-005  0.42768541128075810        7.3892291932551126E-004
 0.3200  0.81197450018450634        1.1946550531528920E-003  0.18572021710730799        7.0181953222842508E-005  0.42459726049479263        6.2983863265723343E-004
 0.3400  0.85341605684927069        1.1410324425891209E-003  0.19010178798209773        6.1769909486903430E-005  0.42129542926569691        5.6742278368463318E-004
 0.3600  0.89497851607254697        1.0466441054196632E-003  0.19422726721388364        5.4400483616805762E-005  0.41783877331144520        4.9213806536790058E-004
 0.3800  0.93664204530516304        1.0150771327631406E-003  0.19811738069544316        4.7946863089582176E-005  0.41428044665858443        4.5176261104752809E-004
 0.4000  0.97838935088153089        9.4432727281543638E-004  0.20178990210866979        4.2312396094670522E-005  0.41066055643399518        3.9869518012696669E-004


