# triplet j1 / nf 0 / mode 2 / nplat  4 / jkb  20 / start     1 / nmeas 10000
 0.0010  0.12174026096231785        4.8362434585182048E-003   3.2110218624211768        2.0714998768456349E-002  0.65826748042464767        2.6236340320051194E-002
 0.0020  0.13309760883151264        3.6375451416557764E-003   1.6497038242453979        1.0630041413869874E-002  0.61032721090367303        1.6795687852955165E-002
 0.0030  0.14142701924035450        3.2002332250359628E-003   1.1261167168131740        7.1870257989758782E-003  0.58121249168496369        1.3281901250183125E-002
 0.0040  0.14787158279950832        2.4853515169545432E-003  0.86304065018822007        5.4088908771333065E-003  0.56192182183425865        9.6072468243458779E-003
 0.0050  0.15409903503714001        2.3845827298664504E-003  0.70458204777239142        4.3143522508084344E-003  0.54471065127495111        8.5924407710883770E-003
 0.0060  0.15928751252850723        2.0925586623676616E-003  0.59863124269409440        3.5744384725676526E-003  0.53209427015481803        7.1683547034320887E-003
 0.0070  0.16398416963193543        1.8843428350788453E-003  0.52279322006763884        3.0436707240946211E-003  0.52170748322101901        6.1843120363795061E-003
 0.0080  0.16831823912026347        1.7481795989058298E-003  0.46583987750054068        2.6464104589524980E-003  0.51291705933492560        5.5228695953423741E-003
 0.0090  0.17237905666530984        1.6661083953436425E-003  0.42151696455525317        2.3391615250746367E-003  0.50531161606362163        5.0812951722348431E-003
 0.0100  0.17622904609233875        1.6214359822120401E-003  0.38606247389911086        2.0951481859694775E-003  0.49861610523376271        4.7829848586284284E-003
 0.0200  0.20893846238545277        1.7305547019281060E-003  0.22813467984925573        1.0261074446139898E-003  0.45720108890651762        3.9239235198643150E-003
 0.0400  0.26227205176526353        1.3292040642478113E-003  0.15679434562191741        4.9984925582723420E-004  0.42702979523449081        2.2687183813685794E-003
 0.0600  0.31033131892686661        1.3037571697896684E-003  0.14034651051658698        3.1783645220988146E-004  0.41818247184199309        1.8195534060247184E-003
 0.0800  0.35528387009518358        1.0860001897281047E-003  0.13715033077343600        2.2348791982668256E-004  0.41694899374620009        1.3189902923845932E-003
 0.1000  0.39854746765500809        9.8303335076853002E-004  0.13878793937724676        1.6581056387335525E-004  0.41803323185038932        1.0609029687997625E-003
 0.1200  0.44078536721802730        9.6133598790126211E-004  0.14249056334020696        1.2732597337832468E-004  0.41953819347812193        9.3399913517919827E-004
 0.1400  0.48176982506569183        5.5562401816680780E-004  0.14711530471306847        1.0021799481099726E-004  0.42127758132931431        5.0660462987871040E-004
 0.1600  0.52272409196654712        5.0629119173464343E-004  0.15212552251004580        8.0409994227524835E-005  0.42208849416299377        4.2376560425764207E-004
 0.1800  0.56335062848506634        4.6357302710719664E-004  0.15724864197175459        6.5551081055284470E-005  0.42234360145441358        3.5851575177322473E-004
 0.2000  0.60374103934937795        4.6848536282219789E-004  0.16233953610421892        5.4183180039821735E-005  0.42207676759454771        3.3500779285050792E-004
 0.2200  0.64396889003072988        4.3144948884547233E-004  0.16731917668408033        4.5350128611218766E-005  0.42134157125804439        2.8800954188088292E-004
 0.2400  0.68409217554730539        3.9921530525531166E-004  0.17214466136317674        3.8397314723202793E-005  0.42019683308556949        2.4965189101529549E-004
 0.2600  0.72415522377030994        3.7127047744196529E-004  0.17679361473341215        3.2861667094072584E-005  0.41870031894952098        2.1816384811563282E-004
 0.2800  0.76418813197371571        3.7747423534601588E-004  0.18125566177332772        2.8407534285789691E-005  0.41690731514859958        2.0850864971883141E-004
 0.3000  0.80422905294876312        3.5293544726925730E-004  0.18552758073684322        2.4787215531631989E-005  0.41485860999159130        1.8415765276280426E-004
 0.3200  0.84430466646238866        3.3159573652934144E-004  0.18961045810719049        2.1815542677400837E-005  0.41259308132904238        1.6377262237985375E-004
 0.3400  0.88443837286832527        3.1305630868174123E-004  0.19350797400072681        1.9352689843387750E-005  0.41014395256764630        1.4661632243903185E-004
 0.3600  0.92465113265401300        2.9695823348157625E-004  0.19722534613995379        1.7292310429945089E-005  0.40753949756270480        1.3209794696984010E-004
 0.3800  0.96495926654778164        3.0359772537628797E-004  0.20076866795480214        1.5552974121603574E-005  0.40480492151254210        1.2832219922547501E-004
 0.4000   1.0053824837945624        2.8927148284121641E-004  0.20414448815993444        1.4071898624534054E-005  0.40195969526190434        1.1647977342631767E-004


# triplet j3 / nf 0 / mode 2 / nplat  4 / jkb  20 / start     1 / nmeas 10000
 0.0010  0.12706623462177546        6.4408606389318897E-003   3.2110218624211768        2.0714998768456349E-002  0.63067623817170071        3.2033010876179761E-002
 0.0020  0.12916130584107852        5.1287369797191019E-003   1.6497038242453979        1.0630041413869874E-002  0.62892746281177492        2.5055519641987323E-002
 0.0030  0.13623854924483067        4.1996274301508802E-003   1.1261167168131740        7.1870257989758782E-003  0.60334722220614545        1.8697895728606088E-002
 0.0040  0.14342820911269025        3.7470201942309549E-003  0.86304065018822007        5.4088908771333065E-003  0.57933003359841362        1.5243317183355762E-002
 0.0050  0.14976352192318340        3.5863713823893520E-003  0.70458204777239142        4.3143522508084344E-003  0.56047951235399085        1.3530995014930760E-002
 0.0060  0.15522306642994568        3.0569309544459422E-003  0.59863124269409440        3.5744384725676526E-003  0.54602691902033795        1.0876203186211861E-002
 0.0070  0.15999327632712315        3.0399068141294745E-003  0.52279322006763884        3.0436707240946211E-003  0.53472102322503889        1.0278361211426695E-002
 0.0080  0.16439457207568065        3.0456694435199902E-003  0.46583987750054068        2.6464104589524980E-003  0.52515904358602539        9.8430903723115640E-003
 0.0090  0.16851916575678558        3.0480761680610280E-003  0.42151696455525317        2.3391615250746367E-003  0.51688565693936783        9.4584924289221137E-003
 0.0100  0.17248604571271092        2.5660284185276840E-003  0.38606247389911086        2.0951481859694775E-003  0.50943622847020720        7.7037825476247140E-003
 0.0200  0.20592234805320778        2.9181432616375348E-003  0.22813467984925573        1.0261074446139898E-003  0.46389764598255023        6.6561998734090029E-003
 0.0400  0.26205704401917856        1.4124814235339784E-003  0.15679434562191741        4.9984925582723420E-004  0.42738015679080055        2.4021872758862271E-003
 0.0600  0.31022571528381016        1.2574197062245633E-003  0.14034651051658698        3.1783645220988146E-004  0.41832482494269740        1.7604931480249796E-003
 0.0800  0.35519178009298108        1.0669917673823608E-003  0.13715033077343600        2.2348791982668256E-004  0.41705709544197234        1.2980977501070017E-003
 0.1000  0.39844604517467241        1.0024462766573038E-003  0.13878793937724676        1.6581056387335525E-004  0.41813964015271898        1.0812391208439099E-003
 0.1200  0.44058076829895942        8.9319888542771812E-004  0.14249056334020696        1.2732597337832468E-004  0.41973302054972728        8.7135317794843426E-004
 0.1400  0.48202272483591874        8.3759973999347054E-004  0.14711530471306847        1.0021799481099726E-004  0.42105655232377065        7.4558360294122068E-004
 0.1600  0.52298139203158844        7.6302733200091504E-004  0.15212552251004580        8.0409994227524835E-005  0.42188083209574612        6.2553920769938703E-004
 0.1800  0.56359759981414748        7.0125561029437690E-004  0.15724864197175459        6.5551081055284470E-005  0.42215852834442424        5.3258917755821518E-004
 0.2000  0.60397447638429125        6.4865114380456806E-004  0.16233953610421892        5.4183180039821735E-005  0.42191363429506973        4.5856085745057127E-004
 0.2200  0.64418728590924035        6.0293543703468207E-004  0.16731917668408033        4.5350128611218766E-005  0.42119872574615569        3.9833738603336491E-004
 0.2400  0.68402354785256470        4.2586231133287560E-004  0.17214466136317674        3.8397314723202793E-005  0.42023899119559738        2.6579885561057971E-004
 0.2600  0.72409356764030841        3.9802056550568770E-004  0.17679361473341215        3.2861667094072584E-005  0.41873597102882470        2.3343799818281377E-004
 0.2800  0.76413714972818048        3.7365821701411834E-004  0.18125566177332772        2.8407534285789691E-005  0.41693513066720628        2.0647997446261664E-004
 0.3000  0.80418595373180513        3.5224694980603028E-004  0.18552758073684322        2.4787215531631989E-005  0.41488084375625228        1.8382602449500986E-004
 0.3200  0.84426725565151095        3.3337502071583227E-004  0.18961045810719049        2.1815542677400837E-005  0.41261136397785025        1.6464742649395498E-004
 0.3400  0.88440499508238679        3.1671080896461139E-004  0.19350797400072681        1.9352689843387750E-005  0.41015943155875206        1.4830565122221886E-004
 0.3600  0.92462053826506163        3.0197891208661549E-004  0.19722534613995379        1.7292310429945089E-005  0.40755298246963201        1.3429961784278103E-004
 0.3800  0.96493324738177588        2.8894496304186014E-004  0.20076866795480214        1.5552974121603574E-005  0.40481583696859186        1.2223020157011360E-004
 0.4000   1.0053609144459048        2.7740588539502660E-004  0.20414448815993444        1.4071898624534054E-005  0.40196831903938446        1.1177567263809189E-004


