# triplet j1 / nf 1 / mode 2 / nplat  4 / jkb  20 / start     1 / nmeas 10000
 0.0010   8.3358205157387830E-002   7.5172268190574704E-003   8.4156410357553113E-002   4.7215782242790534E-003  0.15563606583408671        1.4698616911350545E-002
 0.0020  0.11285553268061040        8.1758005122086266E-003   8.4563525341694173E-002   4.4869186333153614E-003  0.16296662841249321        1.2572839152468297E-002
 0.0030  0.13199638381807507        7.8165162771622106E-003   8.4975981034133785E-002   4.2673504813256560E-003  0.17106520625519137        1.1003097559903141E-002
 0.0040  0.14576861970653623        7.1935099029200398E-003   8.5393281164131113E-002   4.0617087638546790E-003  0.17930516616549941        9.8224335435223888E-003
 0.0050  0.15626898780866805        6.5436217243286373E-003   8.5814968484100806E-002   3.8689271985146785E-003  0.18746004827457691        8.9148893533633304E-003
 0.0060  0.16461174647852173        5.9482666487781907E-003   8.6240621593493064E-002   3.6880296044265685E-003  0.19542752836965221        8.2055043592646360E-003
 0.0070  0.17146363223794323        5.4326289850415961E-003   8.6669852033749911E-002   3.5181220618705909E-003  0.20315430319176708        7.6441078876341145E-003
 0.0080  0.17725210299436411        4.9993024298286134E-003   8.7102301629273238E-002   3.3583857706513194E-003  0.21061214456046934        7.1952612662537383E-003
 0.0090  0.18226360598147262        4.6416122636550100E-003   8.7537640051943214E-002   3.2080705377186018E-003  0.21778788198482363        6.8328103072134560E-003
 0.0100  0.18669612637108363        4.3494874955804091E-003   8.7975562589039338E-002   3.0664888320873899E-003  0.22467808678415246        6.5369155590920096E-003
 0.0200  0.21741250425309619        3.1914848793627715E-003   9.2444555610978169E-002   2.0149630711346241E-003  0.27969592998569598        5.1135886249571924E-003
 0.0400  0.26053727575379299        1.5028480311704501E-003  0.10144963109306881        9.8547136804985418E-004  0.34578039161077734        2.6074417300745276E-003
 0.0600  0.30313784578546543        1.2538508295992638E-003  0.11016007716529715        5.4319766973357538E-004  0.37928230245979189        1.8263588051315653E-003
 0.0800  0.34500677703056820        1.1085617503285938E-003  0.11844246109661578        3.3161697422240882E-004  0.39901211001217535        1.3984867250276822E-003
 0.1000  0.38658812739534976        9.8202884008825116E-004  0.12627375988783024        2.2039670356937922E-004  0.41107687058052378        1.1041407800270891E-003
 0.1200  0.42798986551814594        8.6751166554293344E-004  0.13366440509484476        1.5611532392318902E-004  0.41848511991983189        8.8274960970388737E-004
 0.1400  0.46924132358088450        8.2609131713694685E-004  0.14063709593160845        1.1576946999164845E-004  0.42289515492619867        7.6457593712748800E-004
 0.1600  0.51034327046542216        7.3236906882768039E-004  0.14721844706507969        8.8776792299656131E-005  0.42529836475129457        6.2365107122553482E-004
 0.1800  0.55133153547254221        6.5185472880756865E-004  0.15343515445755421        6.9847719479950644E-005  0.42628578764167874        5.1326425467825205E-004
 0.2000  0.59219493369116860        6.3390195042725206E-004  0.15931234398015517        5.6110040950913379E-005  0.42627515578937925        4.6243040391626350E-004
 0.2200  0.63297338272121551        5.7050678282658689E-004  0.16487302264458592        4.5884101594454376E-005  0.42551579976028431        3.8806639271638004E-004
 0.2400  0.67366739460269243        5.6344743610047443E-004  0.17013804393075990        3.8123041983320128E-005  0.42420502461063314        3.5796900938221509E-004
 0.2600  0.71431233587098353        5.1338119202734068E-004  0.17512627962958296        3.2139078075432145E-005  0.42246348992062016        3.0609205214482806E-004
 0.2800  0.75491822475314607        5.1276863910640141E-004  0.17985485094182044        2.7461212617849427E-005  0.42039271495656916        2.8734435871007903E-004
 0.3000  0.79551284487740392        4.7257899306741506E-004  0.18433935564763862        2.3756780701708685E-005  0.41805888824515264        2.4980705152284556E-004
 0.3200  0.83611837361394770        4.3782681815325531E-004  0.18859406871209211        2.0785741028327420E-005  0.41551454894799655        2.1878247191608826E-004
 0.3400  0.87674767406378817        4.4270473655280180E-004  0.19263211165300850        1.8372415118173918E-005  0.41280426594205655        2.0936879864968375E-004
 0.3600  0.91742574987192849        4.1393084059166817E-004  0.19646559306617212        1.6387059149199364E-005  0.40995725306355235        1.8575599304792388E-004
 0.3800  0.95817223277880936        3.8864020278713473E-004  0.20010572485682668        1.4733201226025601E-005  0.40699865293554738        1.6575955989211658E-004
 0.4000  0.99900497160093471        3.6634921307119727E-004  0.20356291884081171        1.3338853586389508E-005  0.40394913149664163        1.4872388819913508E-004


# triplet j3 / nf 1 / mode 2 / nplat  4 / jkb  20 / start     1 / nmeas 10000
 0.0010  0.18883771887358572        6.0486351951108495E-003   8.4156410357553113E-002   4.7215782242790534E-003   6.8702074898349313E-002   2.9252188585594746E-003
 0.0020  0.18395493564162901        5.6769191376232625E-003   8.4563525341694173E-002   4.4869186333153614E-003   9.9979299791578838E-002   4.0687976319609019E-003
 0.0030  0.18202294895244564        5.4609085734438623E-003   8.4975981034133785E-002   4.2673504813256560E-003  0.12405022967009258        4.8531112076298545E-003
 0.0040  0.18164701959916821        5.3116861666954382E-003   8.5393281164131113E-002   4.0617087638546790E-003  0.14388932246656944        5.4234708307013130E-003
 0.0050  0.18217376618042472        5.1908480688160254E-003   8.5814968484100806E-002   3.8689271985146785E-003  0.16080357019912100        5.8424125215645736E-003
 0.0060  0.18326647188512069        5.0804808503928699E-003   8.6240621593493064E-002   3.6880296044265685E-003  0.17553492695092987        6.1454732383312474E-003
 0.0070  0.18473499600775870        4.9723866325275682E-003   8.6669852033749911E-002   3.5181220618705909E-003  0.18855969622867660        6.3565052486952911E-003
 0.0080  0.18646337083528738        4.8634180251320583E-003   8.7102301629273238E-002   3.3583857706513194E-003  0.20020793023458205        6.4934992793628079E-003
 0.0090  0.18837642814114436        4.7529514100347571E-003   8.7537640051943214E-002   3.2080705377186018E-003  0.21072065704462409        6.5708951004113721E-003
 0.0100  0.19045137619825384        4.3669457948508046E-003   8.7975562589039338E-002   3.0664888320873899E-003  0.22024796733105473        6.3433612408656925E-003
 0.0200  0.21340967238007627        3.3403828069403542E-003   9.2444555610978169E-002   2.0149630711346241E-003  0.28494206419702056        5.4346324221429447E-003
 0.0400  0.25959545344780033        2.2405926733093540E-003  0.10144963109306881        9.8547136804985418E-004  0.34703489619268979        3.4369725612119957E-003
 0.0600  0.30318082062461632        1.7822470649846173E-003  0.11016007716529715        5.4319766973357538E-004  0.37922854049718685        2.4174253784160250E-003
 0.0800  0.34549605478670281        1.6763153103573139E-003  0.11844246109661578        3.3161697422240882E-004  0.39844704494948507        2.0120888882614566E-003
 0.1000  0.38716779701390441        1.4598110933547145E-003  0.12627375988783024        2.2039670356937922E-004  0.41046140417395821        1.5885527706715433E-003
 0.1200  0.42853286993462447        1.2968006558509121E-003  0.13366440509484476        1.5611532392318902E-004  0.41795484725164267        1.2881258234124044E-003
 0.1400  0.46970407160511413        1.1669560327809492E-003  0.14063709593160845        1.1576946999164845E-004  0.42247852260549162        1.0639327053279064E-003
 0.1600  0.51073047343153599        1.0592693000028067E-003  0.14721844706507969        8.8776792299656131E-005  0.42497593091019514        8.9067723630183659E-004
 0.1800  0.55163818668523523        9.6754321669050220E-004  0.15343515445755421        6.9847719479950644E-005  0.42604881881521001        7.5353234149417257E-004
 0.2000  0.59244601639269867        8.8812898431699669E-004  0.15931234398015517        5.6110040950913379E-005  0.42609449744288141        6.4314552538353748E-004
 0.2200  0.63317125124701223        8.1872226525300633E-004  0.16487302264458592        4.5884101594454376E-005  0.42538282438618774        5.5321714274380760E-004
 0.2400  0.67383157598974852        7.5773024215854677E-004  0.17013804393075990        3.8123041983320128E-005  0.42410166559360513        4.7926760344077382E-004
 0.2600  0.71426080082023646        5.4168026049029102E-004  0.17512627962958296        3.2139078075432145E-005  0.42249397133212535        3.2274731086630109E-004
 0.2800  0.75487565003265944        5.0084126678764734E-004  0.17985485094182044        2.7461212617849427E-005  0.42041642495745885        2.8077634223827884E-004
 0.3000  0.79547803788703542        4.6550506109349437E-004  0.18433935564763862        2.3756780701708685E-005  0.41807718085790063        2.4613296452424930E-004
 0.3200  0.83608823076572791        4.3479918640083084E-004  0.18859406871209211        2.0785741028327420E-005  0.41552952917558639        2.1730177116792310E-004
 0.3400  0.87672016734512692        4.4265880790060320E-004  0.19263211165300850        1.8372415118173918E-005  0.41281721749858319        2.0936034809025523E-004
 0.3600  0.91740137741637817        4.1638109431436953E-004  0.19646559306617212        1.6387059149199364E-005  0.40996814433227480        1.8685616970699087E-004
 0.3800  0.95814989251916238        3.9316530671843039E-004  0.20010572485682668        1.4733201226025601E-005  0.40700814253175099        1.6768167816550071E-004
 0.4000  0.99898387407659961        3.7257161427153737E-004  0.20356291884081171        1.3338853586389508E-005  0.40395766249183890        1.5123647221264064E-004


