# pion mass (\sigma_1)
"*"
    7  64  4.00  0.2100  0.9770997975568197E+00  0.6809684775299353E-03  10000
    7  64  4.00  0.2150  0.9066834155478372E+00  0.7787822347361111E-03  10000
    7  64  4.00  0.2200  0.8366525724566195E+00  0.1119924519273975E-02  10000
    7  64  4.00  0.2231  0.7955668304074467E+00  0.1025546272842067E-02  10000
    7  64  4.00  0.2250  0.7718563040586012E+00  0.1250579824245179E-02  10000
    7  64  4.00  0.2262  0.7548716669374154E+00  0.1165427369640854E-02  10000
    7  64  4.00  0.2293  0.7173079474442382E+00  0.1451741418900464E-02  10000
    7  64  4.00  0.2300  0.7080029611282197E+00  0.1642595967388411E-02  10000
    7  64  4.00  0.2324  0.6786110204391884E+00  0.1432296990123514E-02  10000
    7  64  4.00  0.2350  0.6483589484997020E+00  0.1579287131425132E-02  10000
    7  64  4.00  0.2356  0.6410003234210471E+00  0.1607188661473299E-02  10000
    7  64  4.00  0.2387  0.6053100875377088E+00  0.1802256595295310E-02  10000
    7  64  4.00  0.2400  0.5937404303961327E+00  0.1987803924113243E-02  10000
    7  64  4.00  0.2418  0.5721753292544279E+00  0.2948567853758609E-02  10000
    7  64  4.00  0.2449  0.5466932139657690E+00  0.3003578972209454E-02  10000
    7  64  4.00  0.2480  0.5190731449483220E+00  0.4620130809257429E-02  10000
    7  64  4.00  0.2500  0.5059728059219386E+00  0.4438504955143740E-02  10000
    7  64  4.00  0.2515  0.4940878757869967E+00  0.1011905117656474E-01  10000
    7  64  4.00  0.2530  0.4777690697282337E+00  0.9611751432161860E-02  10000
    7  64  4.00  0.2545  0.4792964676667410E+00  0.1292876130322313E-01  10000
    7  64  4.00  0.2560  0.4853347292688113E+00  0.1491253759532564E-01  10000
    7  64  4.00  0.2575  0.4926120575534093E+00  0.2021998255955293E-01  10000
    7  64  4.00  0.2590  0.4709471221185018E+00  0.3992060170142454E-01  10000
    7  64  4.00  0.2605  0.5159030191792012E+00  0.6805644980059133E-01  10000
    7  64  4.00  0.2620  0.8998725427847837E+00  0.4697656186978561E+00  10000
    7  64  4.00  0.2625  0.3549838217360277E+00  0.4333587684513571E+02  10000
    7  64  4.00  0.2630                     NaN                     NaN  10000
    7  64  4.00  0.2635                     NaN                     NaN  10000


# pseudoscalar mass (\sigma_3)
"*"
    7  64  4.00  0.2100  0.9772459531677157E+00  0.7318738506845949E-03  10000
    7  64  4.00  0.2150  0.9067833436814476E+00  0.7613256848350326E-03  10000
    7  64  4.00  0.2200  0.8367584209680790E+00  0.1093843131195882E-02  10000
    7  64  4.00  0.2231  0.7954666262704866E+00  0.1021007417386565E-02  10000
    7  64  4.00  0.2250  0.7718242918804227E+00  0.1259684870916527E-02  10000
    7  64  4.00  0.2262  0.7550205481255952E+00  0.1143042210912876E-02  10000
    7  64  4.00  0.2293  0.7170734853076530E+00  0.1325530590224539E-02  10000
    7  64  4.00  0.2300  0.7080220156532409E+00  0.1635174095730094E-02  10000
    7  64  4.00  0.2324  0.6788570146043712E+00  0.1323157950364209E-02  10000
    7  64  4.00  0.2350  0.6481597574514919E+00  0.1592155464884129E-02  10000
    7  64  4.00  0.2356  0.6411433226016314E+00  0.1541535339056878E-02  10000
    7  64  4.00  0.2387  0.6052877264947402E+00  0.1612750232367932E-02  10000
    7  64  4.00  0.2400  0.5936744446600233E+00  0.1941879541415096E-02  10000
    7  64  4.00  0.2418  0.5727611692822734E+00  0.2978150063964283E-02  10000
    7  64  4.00  0.2449  0.5468748946119206E+00  0.2607369113876296E-02  10000
    7  64  4.00  0.2480  0.5179013640077482E+00  0.3019271563969088E-02  10000
    7  64  4.00  0.2500  0.5039236944222644E+00  0.2982643235710469E-02  10000
    7  64  4.00  0.2515  0.4947481991141887E+00  0.6139292374745404E-02  10000
    7  64  4.00  0.2530  0.4809454148739805E+00  0.7602139121810215E-02  10000
    7  64  4.00  0.2545  0.4811835169961737E+00  0.1155020490298097E-01  10000
    7  64  4.00  0.2560  0.4811078051667001E+00  0.7037377453374630E-02  10000
    7  64  4.00  0.2575  0.4829637696329065E+00  0.9802867687220256E-02  10000
    7  64  4.00  0.2590  0.4730046939553563E+00  0.1433741353052719E-01  10000
    7  64  4.00  0.2605  0.4969527011276671E+00  0.1046957117082434E-01  10000
    7  64  4.00  0.2620  0.4922206598594804E+00  0.1462668939082802E-01  10000
    7  64  4.00  0.2625  0.4957131202282419E+00  0.1382451419468242E-01  10000
    7  64  4.00  0.2630  0.5008226498559163E+00  0.2607696250554709E-01  10000
    7  64  4.00  0.2635  0.5163959923757651E+00  0.1454853754623660E-01  10000


# eta mass (\sigma_1)
"*"
    7  64  4.00  0.2100  0.1062290677394433E+01  0.7984049093650130E+02  10000
    7  64  4.00  0.2150                     NaN                     NaN  10000
    7  64  4.00  0.2200  0.9123113279275837E+00  0.4329850107483622E+02  10000
    7  64  4.00  0.2231  0.8746241084095965E+00  0.4726459648400062E+02  10000
    7  64  4.00  0.2250  0.8376192679266232E+00  0.5890606596307250E+00  10000
    7  64  4.00  0.2262  0.8121536413135060E+00  0.7296812821854343E+02  10000
    7  64  4.00  0.2293                     NaN                     NaN  10000
    7  64  4.00  0.2300  0.7714396152112566E+00  0.3902993867143887E+00  10000
    7  64  4.00  0.2324  0.7252063147133557E+00  0.3515802915322291E+00  10000
    7  64  4.00  0.2350  0.6902742503807321E+00  0.3475649806507554E+00  10000
    7  64  4.00  0.2356  0.6891860299608964E+00  0.7619593825113076E+02  10000
    7  64  4.00  0.2387  0.6364638569011559E+00  0.2974055387187831E+00  10000
    7  64  4.00  0.2400  0.6280093412409631E+00  0.3108331778329566E+00  10000
    7  64  4.00  0.2418  0.6012346922401572E+00  0.3435852318294255E+02  10000
    7  64  4.00  0.2449  0.5544853674721966E+00  0.5842119958228092E+00  10000
    7  64  4.00  0.2480                     NaN                     NaN  10000
    7  64  4.00  0.2500  0.5011452946748061E+00  0.1692587258433309E+00  10000
    7  64  4.00  0.2515  0.5077152285126578E+00  0.1632056748416568E+00  10000
    7  64  4.00  0.2530  0.5017395170428040E+00  0.2674910292782845E+00  10000
    7  64  4.00  0.2545  0.4877315043337231E+00  0.1626814679728118E+00  10000
    7  64  4.00  0.2560  0.4803109179102257E+00  0.3801170198776023E+00  10000
    7  64  4.00  0.2575  0.4660156064647830E+00  0.5829487097576106E+02  10000
    7  64  4.00  0.2590  0.4848943248472399E+00  0.2279856240220532E+00  10000
    7  64  4.00  0.2605  0.4248164101657437E+00  0.1667657108150196E+00  10000
    7  64  4.00  0.2620  0.4662878535805005E+00  0.2688709174768930E+00  10000
    7  64  4.00  0.2625  0.4866860153759384E+00  0.2100424727202075E+00  10000
    7  64  4.00  0.2630  0.4621026393650299E+00  0.4993802985071109E+02  10000
    7  64  4.00  0.2635  0.4803549152429992E+00  0.2503230148077203E+00  10000

