# pion mass (\sigma_1)
"*"
    7  64  4.00  0.2100  0.9770246263877804E+00  0.7020844189184006E-03  10000
    7  64  4.00  0.2150  0.9065001093137660E+00  0.8903955389432099E-03  10000
    7  64  4.00  0.2200  0.8366029573466693E+00  0.1240550043432489E-02  10000
    7  64  4.00  0.2231  0.7958448270309534E+00  0.1782087139633714E-02  10000
    7  64  4.00  0.2250  0.7716787414449882E+00  0.1448763389360629E-02  10000
    7  64  4.00  0.2262  0.7546947070008532E+00  0.1369071237708310E-02  10000
    7  64  4.00  0.2293  0.7168930925241048E+00  0.1455318779160451E-02  10000
    7  64  4.00  0.2300  0.7078272771958454E+00  0.1699431710169934E-02  10000
    7  64  4.00  0.2324  0.6774111569076783E+00  0.2911832190619450E-02  10000
    7  64  4.00  0.2350  0.6479881235338260E+00  0.2170777243998785E-02  10000
    7  64  4.00  0.2356  0.6405918843129972E+00  0.2158754436462817E-02  10000
    7  64  4.00  0.2387  0.6057466291173141E+00  0.3036201417716771E-02  10000
    7  64  4.00  0.2400  0.5935332726863942E+00  0.2100070351735160E-02  10000
    7  64  4.00  0.2418  0.5671042805262623E+00  0.7325565900684286E-02  10000
    7  64  4.00  0.2449  0.5473617110861198E+00  0.3391155883075187E-02  10000
    7  64  4.00  0.2480  0.5249846879415390E+00  0.1167005176377953E-01  10000
    7  64  4.00  0.2500  0.5178954229123858E+00  0.1741173159394618E-01  10000
    7  64  4.00  0.2515  0.4873967918558340E+00  0.4544637153086274E-01  10000
    7  64  4.00  0.2530  0.4763937049113628E+00  0.1053147469684861E-01  10000
    7  64  4.00  0.2545  0.4738832864891298E+00  0.5738975128864604E-01  10000
    7  64  4.00  0.2560  0.5112330739772928E+00  0.2659962957959632E-01  10000
    7  64  4.00  0.2575  0.5379133572883811E+00  0.5218235886300113E-01  10000
    7  64  4.00  0.2590  0.4525846440515087E+00  0.7821905651261256E-01  10000
    7  64  4.00  0.2605  0.5368123150685520E+00  0.3126379180875501E+00  10000
    7  64  4.00  0.2620  0.4939006822245016E+00  0.1110023333057987E+03  10000
    7  64  4.00  0.2625  0.3260973690207106E+00  0.5449123863552563E+02  10000
    7  64  4.00  0.2630                     NaN                     NaN  10000
    7  64  4.00  0.2635                     NaN                     NaN  10000


# pseudoscalar mass (\sigma_3)
"*"
    7  64  4.00  0.2100  0.9771654454471047E+00  0.8074182371724821E-03  10000
    7  64  4.00  0.2150  0.9066283089121081E+00  0.9759836481611149E-03  10000
    7  64  4.00  0.2200  0.8366581659489104E+00  0.1186374737573631E-02  10000
    7  64  4.00  0.2231  0.7953716091752527E+00  0.1135413630317749E-02  10000
    7  64  4.00  0.2250  0.7717075458477297E+00  0.1355991012412441E-02  10000
    7  64  4.00  0.2262  0.7546592093862032E+00  0.1631267222741060E-02  10000
    7  64  4.00  0.2293  0.7168157137815652E+00  0.1458405760082073E-02  10000
    7  64  4.00  0.2300  0.7078791680044280E+00  0.1709304568155921E-02  10000
    7  64  4.00  0.2324  0.6784622997643343E+00  0.1505504317453208E-02  10000
    7  64  4.00  0.2350  0.6476134933520755E+00  0.1756282878936912E-02  10000
    7  64  4.00  0.2356  0.6406896727986511E+00  0.2043396769229763E-02  10000
    7  64  4.00  0.2387  0.6066795373095224E+00  0.4748649495082673E-02  10000
    7  64  4.00  0.2400  0.5942520677569243E+00  0.3646284962334533E-02  10000
    7  64  4.00  0.2418  0.5677874060130682E+00  0.6482035253837632E-02  10000
    7  64  4.00  0.2449  0.5478998335939815E+00  0.4309824394788745E-02  10000
    7  64  4.00  0.2480  0.5242962026986590E+00  0.9934505785738615E-02  10000
    7  64  4.00  0.2500  0.5035502084693774E+00  0.3698305627108619E-02  10000
    7  64  4.00  0.2515  0.4941029843808608E+00  0.6845573459404769E-02  10000
    7  64  4.00  0.2530  0.4774922040038935E+00  0.8227404125224835E-02  10000
    7  64  4.00  0.2545  0.4739603314586482E+00  0.3950133028889708E-01  10000
    7  64  4.00  0.2560  0.5089978188845955E+00  0.1695833435803472E-01  10000
    7  64  4.00  0.2575  0.5236987548031401E+00  0.1448829136027596E-01  10000
    7  64  4.00  0.2590  0.4589508181055861E+00  0.2155737508708266E-01  10000
    7  64  4.00  0.2605  0.4990241687688993E+00  0.1399371258961968E-01  10000
    7  64  4.00  0.2620  0.4919168313206471E+00  0.1483510344329476E-01  10000
    7  64  4.00  0.2625  0.5016248968295124E+00  0.2513907040730266E-01  10000
    7  64  4.00  0.2630  0.4819464415069383E+00  0.3303779737490495E-01  10000
    7  64  4.00  0.2635  0.5063985241220210E+00  0.1734899372324062E-01  10000


# eta mass (\sigma_1)
"*"
    7  64  4.00  0.2100  0.9543606057900702E+00  0.8954196748072314E+02  10000
    7  64  4.00  0.2150                     NaN                     NaN  10000
    7  64  4.00  0.2200  0.8579461568777417E+00  0.5747127908566146E+02  10000
    7  64  4.00  0.2231  0.7777775929758981E+00  0.5805176564756049E+02  10000
    7  64  4.00  0.2250  0.7450765720306820E+00  0.3440169393246311E+02  10000
    7  64  4.00  0.2262  0.8121536413135060E+00  0.7296812821854343E+02  10000
    7  64  4.00  0.2293                     NaN                     NaN  10000
    7  64  4.00  0.2300  0.2305113834662160E+00  0.9682591674257479E+02  10000
    7  64  4.00  0.2324  0.6815676190393765E+00  0.5849149684648290E+02  10000
    7  64  4.00  0.2350  0.6134171276785167E+00  0.5071356056405251E+02  10000
    7  64  4.00  0.2356  0.6226466234622914E+00  0.1024922899093307E+03  10000
    7  64  4.00  0.2387  0.1667175797252311E-02  0.1009621494177175E+03  10000
    7  64  4.00  0.2400  0.5584928534544605E+00  0.9183170389540531E+02  10000
    7  64  4.00  0.2418  0.3033532074169345E+00  0.1306161424623405E+03  10000
    7  64  4.00  0.2449 -0.2433544201320003E-01  0.9474982672353947E+02  10000
    7  64  4.00  0.2480                     NaN                     NaN  10000
    7  64  4.00  0.2500  0.4515373742629398E+00  0.9670872506304727E+02  10000
    7  64  4.00  0.2515  0.1815026898260508E+00  0.1314650557110735E+03  10000
    7  64  4.00  0.2530  0.6904090844681569E-01  0.7147959838634806E+00  10000
    7  64  4.00  0.2545  0.4330349671286047E+00  0.3684998978762511E+00  10000
    7  64  4.00  0.2560  0.4378086058384782E+00  0.4956322628359234E+02  10000
    7  64  4.00  0.2575  0.4224891921680923E+00  0.8517200384982272E+02  10000
    7  64  4.00  0.2590  0.3564946634966004E+00  0.1203056560245124E+03  10000
    7  64  4.00  0.2605  0.2959577443005164E+00  0.1116649355871655E+03  10000
    7  64  4.00  0.2620  0.4187657900520632E+00  0.2968638586428530E+00  10000
    7  64  4.00  0.2625 -0.9394348503525272E-01  0.1097555519097533E+03  10000
    7  64  4.00  0.2630  0.4621026393650299E+00  0.4993802985071109E+02  10000
    7  64  4.00  0.2635  0.3864692793844758E+00  0.1098636113044690E+01  10000

