# fermion mass from PCAC relation
"m"
    7  64  4.00  0.2100  0.4102827842310799E+00  0.2605181182068756E-01  10000
    7  64  4.00  0.2150  0.3685437748216088E+00  0.1687417436276607E-01  10000
    7  64  4.00  0.2200  0.3279959895417870E+00  0.7446473777845903E-02  10000
    7  64  4.00  0.2231  0.3033694721200318E+00  0.5958923684671282E-02  10000
    7  64  4.00  0.2250  0.2887051877326255E+00  0.7377639027192818E-02  10000
    7  64  4.00  0.2262  0.2793478703778968E+00  0.6119170560846602E-02  10000
    7  64  4.00  0.2293  0.2555149549562192E+00  0.7073169044451761E-02  10000
    7  64  4.00  0.2300  0.2502232405249004E+00  0.6557528606524353E-02  10000
    7  64  4.00  0.2324  0.2319784335965513E+00  0.6154302510371278E-02  10000
    7  64  4.00  0.2350  0.2125309461482174E+00  0.7755533944018548E-02  10000
    7  64  4.00  0.2356  0.2080389363989719E+00  0.7704637959285370E-02  10000
    7  64  4.00  0.2387  0.1850464419486414E+00  0.7471662066553184E-02  10000
    7  64  4.00  0.2400  0.1756886438704917E+00  0.7622684378726582E-02  10000
    7  64  4.00  0.2418  0.1622580867405505E+00  0.7998460115685242E-02  10000
    7  64  4.00  0.2449  0.1400172328449567E+00  0.8482801674435363E-02  10000
    7  64  4.00  0.2480  0.1175365555309970E+00  0.8022635602887291E-02  10000
    7  64  4.00  0.2500  0.1031074902983570E+00  0.6331599067021264E-02  10000
    7  64  4.00  0.2515  0.9245959277784913E-01  0.2364892099409718E-01  10000
    7  64  4.00  0.2530  0.8170601998253466E-01  0.8539900674028747E-02  10000
    7  64  4.00  0.2545  0.7105613274889933E-01  0.1170897828294212E-01  10000
    7  64  4.00  0.2560  0.6040117756469187E-01  0.5701269060891402E-02  10000
    7  64  4.00  0.2575  0.5039330851922063E-01  0.5355581806483612E-02  10000
    7  64  4.00  0.2590  0.3971038012153646E-01  0.7664336570070245E-02  10000
    7  64  4.00  0.2605  0.2875331743771393E-01  0.5083384001468889E-02  10000
    7  64  4.00  0.2620  0.1672592069750704E-01  0.6135282845211972E-02  10000
    7  64  4.00  0.2625  0.1297086561299452E-01  0.5472199715663466E-02  10000
    7  64  4.00  0.2630  0.8778363482153301E-02  0.1009116533900634E-01  10000
    7  64  4.00  0.2635  0.4608049702210753E-02  0.6973780744692499E-02  10000

