#  Re(op_pbp_e)                                                    
   7  64  4.00  0.2100    NaN  0.500  0.339
#  Re(op_pbp_e)                                                    
   7  64  4.00  0.2150    NaN  0.500  0.501
#  Re(op_pbp_e)                                                    
   7  64  4.00  0.2200    NaN  0.507  0.521
#  Re(op_pbp_e)                                                    
   7  64  4.00  0.2231    NaN  0.500  0.547
#  Re(op_pbp_e)                                                    
   7  64  4.00  0.2250    NaN  0.500  0.543
#  Re(op_pbp_e)                                                    
   7  64  4.00  0.2262    NaN  0.500  0.540
#  Re(op_pbp_e)                                                    
   7  64  4.00  0.2293  3.422  0.516  0.463
#  Re(op_pbp_e)                                                    
   7  64  4.00  0.2300  2.821  0.534  0.609
#  Re(op_pbp_e)                                                    
   7  64  4.00  0.2324  0.648  0.514  0.514
#  Re(op_pbp_e)                                                    
   7  64  4.00  0.2350    NaN  0.503  0.498
#  Re(op_pbp_e)                                                    
   7  64  4.00  0.2356    NaN  0.505  0.391
#  Re(op_pbp_e)                                                    
   7  64  4.00  0.2387    NaN  0.506  0.555
#  Re(op_pbp_e)                                                    
   7  64  4.00  0.2400    NaN  0.506  0.571
#  Re(op_pbp_e)                                                    
   7  64  4.00  0.2418    NaN  0.507  0.369
#  Re(op_pbp_e)                                                    
   7  64  4.00  0.2449  2.468  0.530  0.631
#  Re(op_pbp_e)                                                    
   7  64  4.00  0.2480    NaN  0.514  0.676
#  Re(op_pbp_e)                                                    
   7  64  4.00  0.2500    NaN  0.512  0.428
#  Re(op_pbp_e)                                                    
   7  64  4.00  0.2515    NaN  0.520  0.383
#  Re(op_pbp_e)                                                    
   7  64  4.00  0.2530    NaN  0.525  0.474
#  Re(op_pbp_e)                                                    
   7  64  4.00  0.2545  0.505  0.552  0.744
#  Re(op_pbp_e)                                                    
   7  64  4.00  0.2560  0.715  0.580  0.558
#  Re(op_pbp_e)                                                    
   7  64  4.00  0.2575  0.901  0.599  0.533
#  Re(op_pbp_e)                                                    
   7  64  4.00  0.2590  0.498  0.618  0.760
#  Re(op_pbp_e)                                                    
   7  64  4.00  0.2605  0.240  0.598  0.538
#  Re(op_pbp_e)                                                    
   7  64  4.00  0.2620  0.555  0.637  0.521
#  Re(op_pbp_e)                                                    
   7  64  4.00  0.2625  0.426  0.591  0.633
#  Re(op_pbp_e)                                                    
   7  64  4.00  0.2630  0.609  0.645  1.032
#  Re(op_pbp_e)                                                    
   7  64  4.00  0.2635  0.234  0.568  0.748
