#-----------------------------------------------------------
#beta =   4.00   kappa =   0.2100
#  Re(op_pbp_e)                                                    
#
#    -7  0.19125E+01  jk failed  0.897E-03  jk failed     2
     -6  0.19117E+01  0.137E-02  0.434E-02  0.712E-05    11
     -5  0.19089E+01  0.515E-03  0.410E-02  0.299E-05    68
     -4  0.19077E+01  0.285E-03  0.417E-02  0.217E-05   198
     -3  0.19072E+01  0.183E-03  0.426E-02  0.108E-05   565
     -2  0.19067E+01  0.153E-03  0.449E-02  0.111E-05  1242
     -1  0.19064E+01  0.101E-03  0.448E-02  0.548E-06  1980
      0  0.19063E+01  0.106E-03  0.460E-02  0.576E-06  2289
      1  0.19065E+01  0.105E-03  0.466E-02  0.595E-06  1853
      2  0.19069E+01  0.125E-03  0.433E-02  0.793E-06  1160
      3  0.19071E+01  0.194E-03  0.430E-02  0.133E-05   451
      4  0.19076E+01  0.345E-03  0.390E-02  0.155E-05   138
      5  0.19082E+01  0.639E-03  0.315E-02  0.199E-05    36
#     6  0.19114E+01  jk failed  0.184E-02  jk failed     7
&-----------------------------------------------------------
#beta =   4.00   kappa =   0.2150
#  Re(op_pbp_e)                                                    
#
#    -7  0.19007E+01  jk failed  0.000E+00  jk failed     1
#    -6  0.18967E+01  jk failed  0.437E-02  jk failed     5
     -5  0.18961E+01  0.719E-03  0.489E-02  0.342E-05    51
     -4  0.18958E+01  0.391E-03  0.506E-02  0.234E-05   187
     -3  0.18945E+01  0.226E-03  0.522E-02  0.148E-05   598
     -2  0.18937E+01  0.141E-03  0.559E-02  0.115E-05  1275
     -1  0.18931E+01  0.129E-03  0.583E-02  0.789E-06  2011
      0  0.18930E+01  0.115E-03  0.602E-02  0.132E-05  2242
      1  0.18932E+01  0.124E-03  0.586E-02  0.108E-05  1793
      2  0.18937E+01  0.224E-03  0.561E-02  0.133E-05  1148
      3  0.18939E+01  0.211E-03  0.539E-02  0.190E-05   483
      4  0.18957E+01  0.252E-03  0.494E-02  0.264E-05   160
      5  0.18977E+01  0.848E-03  0.451E-02  0.521E-05    35
      6  0.18989E+01  0.142E-02  0.425E-02  0.687E-05    10
#     7  0.19012E+01  jk failed  0.000E+00  jk failed     1
&-----------------------------------------------------------
#beta =   4.00   kappa =   0.2200
#  Re(op_pbp_e)                                                    
#
#    -7  0.18859E+01  jk failed  0.844E-03  jk failed     2
#    -6  0.18844E+01  jk failed  0.678E-02  jk failed     5
     -5  0.18824E+01  0.862E-03  0.582E-02  0.704E-05    47
     -4  0.18807E+01  0.407E-03  0.608E-02  0.390E-05   170
     -3  0.18802E+01  0.292E-03  0.683E-02  0.296E-05   601
     -2  0.18787E+01  0.217E-03  0.727E-02  0.148E-05  1311
     -1  0.18781E+01  0.214E-03  0.739E-02  0.133E-05  1971
      0  0.18776E+01  0.169E-03  0.751E-02  0.159E-05  2320
      1  0.18779E+01  0.194E-03  0.744E-02  0.184E-05  1831
      2  0.18785E+01  0.251E-03  0.704E-02  0.221E-05  1067
      3  0.18797E+01  0.333E-03  0.627E-02  0.186E-05   481
      4  0.18812E+01  0.485E-03  0.606E-02  0.341E-05   154
      5  0.18822E+01  0.149E-02  0.685E-02  0.111E-04    32
#     6  0.18843E+01  jk failed  0.468E-02  jk failed     8
&-----------------------------------------------------------
#beta =   4.00   kappa =   0.2231
#  Re(op_pbp_e)                                                    
#
#    -6  0.18711E+01  jk failed  0.255E-02  jk failed     6
     -5  0.18716E+01  0.131E-02  0.675E-02  0.119E-04    38
     -4  0.18714E+01  0.588E-03  0.762E-02  0.507E-05   196
     -3  0.18693E+01  0.370E-03  0.816E-02  0.504E-05   579
     -2  0.18685E+01  0.218E-03  0.807E-02  0.241E-05  1208
     -1  0.18673E+01  0.146E-03  0.849E-02  0.182E-05  2062
      0  0.18670E+01  0.153E-03  0.882E-02  0.180E-05  2277
      1  0.18670E+01  0.226E-03  0.852E-02  0.221E-05  1835
      2  0.18682E+01  0.235E-03  0.792E-02  0.255E-05  1124
      3  0.18695E+01  0.388E-03  0.791E-02  0.350E-05   509
      4  0.18721E+01  0.524E-03  0.759E-02  0.684E-05   133
      5  0.18735E+01  0.165E-02  0.719E-02  0.122E-04    27
#     6  0.18771E+01  jk failed  0.727E-02  jk failed     5
#     7  0.18853E+01  jk failed  0.000E+00  jk failed     1
&-----------------------------------------------------------
#beta =   4.00   kappa =   0.2250
#  Re(op_pbp_e)                                                    
#
#    -7  0.18738E+01  jk failed  0.000E+00  jk failed     1
     -6  0.18728E+01  0.200E-02  0.600E-02  0.140E-04    10
     -5  0.18685E+01  0.115E-02  0.691E-02  0.109E-04    48
     -4  0.18648E+01  0.703E-03  0.842E-02  0.586E-05   183
     -3  0.18631E+01  0.434E-03  0.812E-02  0.363E-05   533
     -2  0.18609E+01  0.278E-03  0.915E-02  0.323E-05  1217
     -1  0.18598E+01  0.194E-03  0.939E-02  0.258E-05  2067
      0  0.18594E+01  0.205E-03  0.972E-02  0.189E-05  2339
      1  0.18598E+01  0.234E-03  0.968E-02  0.303E-05  1873
      2  0.18613E+01  0.199E-03  0.921E-02  0.285E-05  1090
      3  0.18625E+01  0.404E-03  0.882E-02  0.444E-05   474
      4  0.18652E+01  0.753E-03  0.812E-02  0.870E-05   127
      5  0.18662E+01  0.144E-02  0.689E-02  0.137E-04    36
#     6  0.18653E+01  jk failed  0.308E-02  jk failed     2
&-----------------------------------------------------------
#beta =   4.00   kappa =   0.2262
#  Re(op_pbp_e)                                                    
#
#    -7  0.18734E+01  jk failed  0.661E-02  jk failed     3
#    -6  0.18703E+01  jk failed  0.682E-02  jk failed     9
     -5  0.18655E+01  0.104E-02  0.714E-02  0.949E-05    45
     -4  0.18604E+01  0.597E-03  0.895E-02  0.863E-05   179
     -3  0.18587E+01  0.441E-03  0.928E-02  0.442E-05   576
     -2  0.18569E+01  0.245E-03  0.957E-02  0.303E-05  1257
     -1  0.18553E+01  0.181E-03  0.988E-02  0.349E-05  1990
      0  0.18550E+01  0.211E-03  0.105E-01  0.267E-05  2291
      1  0.18551E+01  0.220E-03  0.103E-01  0.443E-05  1946
      2  0.18564E+01  0.260E-03  0.948E-02  0.281E-05  1094
      3  0.18589E+01  0.456E-03  0.891E-02  0.563E-05   435
      4  0.18601E+01  0.608E-03  0.850E-02  0.706E-05   138
      5  0.18657E+01  0.143E-02  0.625E-02  0.122E-04    31
#     6  0.18707E+01  jk failed  0.445E-02  jk failed     6
&-----------------------------------------------------------
#beta =   4.00   kappa =   0.2293
#  Re(op_pbp_e)                                                    
#
     -6  0.18543E+01  0.253E-02  0.838E-02  0.278E-04    12
     -5  0.18525E+01  0.149E-02  0.813E-02  0.135E-04    41
     -4  0.18497E+01  0.712E-03  0.914E-02  0.878E-05   158
     -3  0.18463E+01  0.389E-03  0.103E-01  0.668E-05   479
     -2  0.18434E+01  0.297E-03  0.112E-01  0.554E-05  1222
     -1  0.18421E+01  0.292E-03  0.117E-01  0.352E-05  1986
      0  0.18414E+01  0.261E-03  0.121E-01  0.464E-05  2363
      1  0.18417E+01  0.278E-03  0.116E-01  0.324E-05  1980
      2  0.18432E+01  0.315E-03  0.112E-01  0.523E-05  1146
      3  0.18465E+01  0.502E-03  0.102E-01  0.441E-05   447
      4  0.18507E+01  0.881E-03  0.936E-02  0.879E-05   134
      5  0.18544E+01  0.177E-02  0.789E-02  0.156E-04    28
#     6  0.18574E+01  jk failed  0.227E-02  jk failed     4
&-----------------------------------------------------------
#beta =   4.00   kappa =   0.2300
#  Re(op_pbp_e)                                                    
#
#    -6  0.18539E+01  jk failed  0.958E-02  jk failed     6
     -5  0.18504E+01  0.175E-02  0.104E-01  0.231E-04    41
     -4  0.18464E+01  0.745E-03  0.100E-01  0.126E-04   178
     -3  0.18431E+01  0.452E-03  0.102E-01  0.642E-05   513
     -2  0.18397E+01  0.246E-03  0.114E-01  0.664E-05  1209
     -1  0.18385E+01  0.318E-03  0.124E-01  0.470E-05  2052
      0  0.18385E+01  0.234E-03  0.121E-01  0.427E-05  2373
      1  0.18385E+01  0.279E-03  0.122E-01  0.438E-05  1994
      2  0.18402E+01  0.377E-03  0.113E-01  0.431E-05  1070
      3  0.18431E+01  0.588E-03  0.108E-01  0.837E-05   422
      4  0.18464E+01  0.101E-02  0.104E-01  0.172E-04   116
      5  0.18501E+01  0.207E-02  0.949E-02  0.301E-04    22
#     6  0.18543E+01  jk failed  0.929E-02  jk failed     4
&-----------------------------------------------------------
#beta =   4.00   kappa =   0.2324
#  Re(op_pbp_e)                                                    
#
#    -7  0.18565E+01  jk failed  0.946E-03  jk failed     2
#    -6  0.18464E+01  jk failed  0.786E-02  jk failed     6
     -5  0.18417E+01  0.233E-02  0.918E-02  0.285E-04    25
     -4  0.18361E+01  0.934E-03  0.120E-01  0.158E-04   158
     -3  0.18326E+01  0.568E-03  0.125E-01  0.719E-05   518
     -2  0.18298E+01  0.298E-03  0.133E-01  0.579E-05  1250
     -1  0.18270E+01  0.317E-03  0.135E-01  0.507E-05  2017
      0  0.18262E+01  0.332E-03  0.139E-01  0.440E-05  2384
      1  0.18267E+01  0.244E-03  0.136E-01  0.499E-05  2060
      2  0.18291E+01  0.307E-03  0.126E-01  0.552E-05  1044
      3  0.18320E+01  0.709E-03  0.119E-01  0.850E-05   390
      4  0.18371E+01  0.140E-02  0.115E-01  0.201E-04   126
      5  0.18432E+01  0.213E-02  0.824E-02  0.325E-04    16
#     6  0.18423E+01  jk failed  0.376E-02  jk failed     4
&-----------------------------------------------------------
#beta =   4.00   kappa =   0.2350
#  Re(op_pbp_e)                                                    
#
#    -7  0.18551E+01  jk failed  0.000E+00  jk failed     1
#    -6  0.18348E+01  jk failed  0.796E-02  jk failed     5
     -5  0.18292E+01  0.296E-02  0.127E-01  0.350E-04    29
     -4  0.18267E+01  0.104E-02  0.116E-01  0.138E-04   143
     -3  0.18203E+01  0.559E-03  0.127E-01  0.103E-04   510
     -2  0.18161E+01  0.385E-03  0.148E-01  0.837E-05  1178
     -1  0.18133E+01  0.343E-03  0.153E-01  0.582E-05  2105
      0  0.18121E+01  0.297E-03  0.162E-01  0.603E-05  2485
      1  0.18130E+01  0.315E-03  0.155E-01  0.717E-05  1960
      2  0.18160E+01  0.464E-03  0.142E-01  0.917E-05  1066
      3  0.18203E+01  0.737E-03  0.136E-01  0.148E-04   388
      4  0.18267E+01  0.124E-02  0.116E-01  0.150E-04   111
      5  0.18303E+01  0.250E-02  0.103E-01  0.371E-04    18
#     6  0.18486E+01  jk failed  0.000E+00  jk failed     1
&-----------------------------------------------------------
#beta =   4.00   kappa =   0.2356
#  Re(op_pbp_e)                                                    
#
#    -6  0.18363E+01  jk failed  0.790E-02  jk failed     7
     -5  0.18258E+01  0.211E-02  0.895E-02  0.236E-04    19
     -4  0.18233E+01  0.117E-02  0.118E-01  0.163E-04   127
     -3  0.18166E+01  0.692E-03  0.138E-01  0.108E-04   496
     -2  0.18128E+01  0.413E-03  0.147E-01  0.553E-05  1300
     -1  0.18098E+01  0.266E-03  0.158E-01  0.781E-05  2081
      0  0.18078E+01  0.254E-03  0.165E-01  0.718E-05  2495
      1  0.18093E+01  0.368E-03  0.163E-01  0.758E-05  1907
      2  0.18117E+01  0.416E-03  0.147E-01  0.679E-05  1075
      3  0.18168E+01  0.765E-03  0.135E-01  0.116E-04   376
      4  0.18235E+01  0.164E-02  0.143E-01  0.255E-04    86
      5  0.18261E+01  0.236E-02  0.992E-02  0.275E-04    28
#     6  0.18345E+01  jk failed  0.550E-02  jk failed     3
&-----------------------------------------------------------
#beta =   4.00   kappa =   0.2387
#  Re(op_pbp_e)                                                    
#
#    -6  0.18269E+01  jk failed  0.376E-02  jk failed     3
     -5  0.18170E+01  0.422E-02  0.174E-01  0.835E-04    18
     -4  0.18096E+01  0.133E-02  0.130E-01  0.198E-04   105
     -3  0.18006E+01  0.734E-03  0.158E-01  0.131E-04   447
     -2  0.17961E+01  0.366E-03  0.167E-01  0.131E-04  1151
     -1  0.17907E+01  0.485E-03  0.188E-01  0.107E-04  2154
      0  0.17890E+01  0.354E-03  0.190E-01  0.104E-04  2557
      1  0.17903E+01  0.347E-03  0.184E-01  0.105E-04  2072
      2  0.17956E+01  0.506E-03  0.170E-01  0.851E-05  1035
      3  0.18016E+01  0.861E-03  0.148E-01  0.205E-04   363
      4  0.18070E+01  0.169E-02  0.143E-01  0.296E-04    80
      5  0.18209E+01  0.421E-02  0.140E-01  0.737E-04    12
#     6  0.18206E+01  jk failed  0.665E-02  jk failed     3
&-----------------------------------------------------------
#beta =   4.00   kappa =   0.2400
#  Re(op_pbp_e)                                                    
#
#    -6  0.18199E+01  jk failed  0.000E+00  jk failed     1
     -5  0.18150E+01  0.413E-02  0.137E-01  0.118E-03    12
     -4  0.18025E+01  0.132E-02  0.135E-01  0.243E-04   105
     -3  0.17944E+01  0.758E-03  0.162E-01  0.191E-04   384
     -2  0.17870E+01  0.557E-03  0.175E-01  0.114E-04  1152
     -1  0.17816E+01  0.490E-03  0.194E-01  0.112E-04  2157
      0  0.17793E+01  0.434E-03  0.208E-01  0.808E-05  2665
      1  0.17810E+01  0.339E-03  0.192E-01  0.969E-05  2044
      2  0.17867E+01  0.602E-03  0.181E-01  0.165E-04  1055
      3  0.17931E+01  0.692E-03  0.155E-01  0.205E-04   329
      4  0.18027E+01  0.139E-02  0.152E-01  0.371E-04    84
#     5  0.18077E+01  jk failed  0.116E-01  jk failed     8
#     6  0.18149E+01  jk failed  0.507E-02  jk failed     4
&-----------------------------------------------------------
#beta =   4.00   kappa =   0.2418
#  Re(op_pbp_e)                                                    
#
#    -6  0.18097E+01  jk failed  0.000E+00  jk failed     1
#    -5  0.18022E+01  jk failed  0.138E-01  jk failed     9
     -4  0.17927E+01  0.173E-02  0.147E-01  0.242E-04    87
     -3  0.17823E+01  0.917E-03  0.161E-01  0.216E-04   361
     -2  0.17752E+01  0.607E-03  0.189E-01  0.138E-04  1173
     -1  0.17685E+01  0.538E-03  0.217E-01  0.159E-04  2218
      0  0.17655E+01  0.335E-03  0.226E-01  0.120E-04  2689
      1  0.17680E+01  0.378E-03  0.217E-01  0.122E-04  2084
      2  0.17740E+01  0.556E-03  0.185E-01  0.149E-04   978
      3  0.17836E+01  0.977E-03  0.169E-01  0.235E-04   330
      4  0.17934E+01  0.185E-02  0.162E-01  0.447E-04    66
#     5  0.18009E+01  jk failed  0.153E-01  jk failed     4
&-----------------------------------------------------------
#beta =   4.00   kappa =   0.2449
#  Re(op_pbp_e)                                                    
#
#    -6  0.17891E+01  jk failed  0.000E+00  jk failed     1
#    -5  0.17989E+01  jk failed  0.686E-02  jk failed     7
     -4  0.17821E+01  0.210E-02  0.177E-01  0.892E-04    57
     -3  0.17645E+01  0.137E-02  0.198E-01  0.431E-04   333
     -2  0.17530E+01  0.517E-03  0.204E-01  0.174E-04  1011
     -1  0.17434E+01  0.512E-03  0.236E-01  0.160E-04  2268
      0  0.17395E+01  0.539E-03  0.269E-01  0.184E-04  2849
      1  0.17436E+01  0.505E-03  0.237E-01  0.170E-04  2149
      2  0.17539E+01  0.547E-03  0.205E-01  0.188E-04  1002
      3  0.17643E+01  0.943E-03  0.177E-01  0.279E-04   272
      4  0.17728E+01  0.208E-02  0.119E-01  0.307E-04    45
#     5  0.17860E+01  jk failed  0.898E-02  jk failed     6
&-----------------------------------------------------------
#beta =   4.00   kappa =   0.2480
#  Re(op_pbp_e)                                                    
#
#    -6  0.18077E+01  jk failed  0.153E-01  jk failed     3
     -5  0.17680E+01  0.637E-02  0.191E-01  0.196E-03    10
     -4  0.17634E+01  0.361E-02  0.184E-01  0.941E-04    38
     -3  0.17452E+01  0.129E-02  0.205E-01  0.298E-04   236
     -2  0.17309E+01  0.737E-03  0.236E-01  0.241E-04   936
     -1  0.17149E+01  0.604E-03  0.267E-01  0.221E-04  2270
      0  0.17086E+01  0.630E-03  0.310E-01  0.263E-04  3216
      1  0.17151E+01  0.576E-03  0.261E-01  0.235E-04  2128
      2  0.17319E+01  0.930E-03  0.236E-01  0.288E-04   904
      3  0.17471E+01  0.158E-02  0.199E-01  0.464E-04   219
      4  0.17665E+01  0.340E-02  0.186E-01  0.103E-03    36
#     5  0.17763E+01  jk failed  0.177E-01  jk failed     4
&-----------------------------------------------------------
#beta =   4.00   kappa =   0.2500
#  Re(op_pbp_e)                                                    
#
#    -6  0.17923E+01  jk failed  0.000E+00  jk failed     1
#    -5  0.17733E+01  jk failed  0.131E-01  jk failed     3
     -4  0.17646E+01  0.511E-02  0.217E-01  0.148E-03    28
     -3  0.17322E+01  0.173E-02  0.213E-01  0.462E-04   194
     -2  0.17132E+01  0.911E-03  0.248E-01  0.316E-04   917
     -1  0.16967E+01  0.490E-03  0.275E-01  0.238E-04  2282
      0  0.16847E+01  0.503E-03  0.331E-01  0.276E-04  3420
      1  0.16963E+01  0.502E-03  0.276E-01  0.199E-04  2179
      2  0.17155E+01  0.858E-03  0.244E-01  0.380E-04   770
      3  0.17329E+01  0.154E-02  0.220E-01  0.539E-04   181
      4  0.17547E+01  0.626E-02  0.280E-01  0.279E-03    21
#     5  0.17623E+01  jk failed  0.211E-01  jk failed     4
&-----------------------------------------------------------
#beta =   4.00   kappa =   0.2515
#  Re(op_pbp_e)                                                    
#
     -4  0.17468E+01  0.410E-02  0.164E-01  0.958E-04    17
     -3  0.17277E+01  0.199E-02  0.248E-01  0.713E-04   170
     -2  0.17020E+01  0.739E-03  0.244E-01  0.323E-04   799
     -1  0.16815E+01  0.684E-03  0.294E-01  0.262E-04  2304
      0  0.16651E+01  0.496E-03  0.348E-01  0.285E-04  3623
      1  0.16817E+01  0.589E-03  0.287E-01  0.254E-04  2247
      2  0.17023E+01  0.915E-03  0.250E-01  0.428E-04   678
      3  0.17270E+01  0.168E-02  0.223E-01  0.528E-04   139
      4  0.17610E+01  0.532E-02  0.249E-01  0.234E-03    23
&-----------------------------------------------------------
#beta =   4.00   kappa =   0.2530
#  Re(op_pbp_e)                                                    
#
#    -5  0.17786E+01  jk failed  0.269E-01  jk failed     2
     -4  0.17339E+01  0.106E-01  0.353E-01  0.883E-03    12
     -3  0.17189E+01  0.228E-02  0.246E-01  0.631E-04   124
     -2  0.16895E+01  0.111E-02  0.245E-01  0.608E-04   640
     -1  0.16667E+01  0.440E-03  0.303E-01  0.277E-04  2266
      0  0.16461E+01  0.559E-03  0.367E-01  0.313E-04  4036
      1  0.16656E+01  0.571E-03  0.301E-01  0.288E-04  2206
      2  0.16905E+01  0.112E-02  0.263E-01  0.432E-04   597
      3  0.17197E+01  0.249E-02  0.260E-01  0.102E-03   104
      4  0.17570E+01  0.927E-02  0.321E-01  0.641E-03    13
&-----------------------------------------------------------
#beta =   4.00   kappa =   0.2545
#  Re(op_pbp_e)                                                    
#
#    -4  0.17453E+01  jk failed  0.289E-01  jk failed     8
     -3  0.17117E+01  0.301E-02  0.260E-01  0.101E-03    90
     -2  0.16785E+01  0.111E-02  0.270E-01  0.482E-04   598
     -1  0.16486E+01  0.742E-03  0.295E-01  0.344E-04  2197
      0  0.16239E+01  0.617E-03  0.362E-01  0.368E-04  4394
      1  0.16491E+01  0.631E-03  0.302E-01  0.393E-04  2125
      2  0.16777E+01  0.962E-03  0.285E-01  0.633E-04   506
      3  0.17107E+01  0.412E-02  0.326E-01  0.229E-03    74
#     4  0.17524E+01  jk failed  0.242E-01  jk failed     8
&-----------------------------------------------------------
#beta =   4.00   kappa =   0.2560
#  Re(op_pbp_e)                                                    
#
#    -4  0.17441E+01  jk failed  0.212E-01  jk failed     4
     -3  0.17055E+01  0.485E-02  0.349E-01  0.197E-03    63
     -2  0.16689E+01  0.125E-02  0.313E-01  0.963E-04   428
     -1  0.16321E+01  0.807E-03  0.305E-01  0.484E-04  2025
      0  0.16016E+01  0.433E-03  0.366E-01  0.397E-04  4859
      1  0.16324E+01  0.552E-03  0.314E-01  0.403E-04  2115
      2  0.16678E+01  0.147E-02  0.316E-01  0.847E-04   467
      3  0.17018E+01  0.700E-02  0.319E-01  0.303E-03    32
#     4  0.17364E+01  jk failed  0.356E-01  jk failed     7
&-----------------------------------------------------------
#beta =   4.00   kappa =   0.2575
#  Re(op_pbp_e)                                                    
#
#    -4  0.17433E+01  jk failed  0.223E-01  jk failed     3
     -3  0.16965E+01  0.744E-02  0.391E-01  0.385E-03    39
     -2  0.16556E+01  0.208E-02  0.336E-01  0.114E-03   368
     -1  0.16156E+01  0.668E-03  0.303E-01  0.501E-04  2029
      0  0.15783E+01  0.522E-03  0.341E-01  0.410E-04  5225
      1  0.16142E+01  0.764E-03  0.295E-01  0.420E-04  1956
      2  0.16523E+01  0.116E-02  0.283E-01  0.708E-04   341
      3  0.17109E+01  0.718E-02  0.366E-01  0.290E-03    36
#     4  0.17223E+01  jk failed  0.168E-02  jk failed     3
&-----------------------------------------------------------
#beta =   4.00   kappa =   0.2590
#  Re(op_pbp_e)                                                    
#
#    -4  0.16927E+01  jk failed  0.000E+00  jk failed     1
     -3  0.16722E+01  0.740E-02  0.347E-01  0.459E-03    23
     -2  0.16449E+01  0.223E-02  0.362E-01  0.142E-03   246
     -1  0.15986E+01  0.741E-03  0.313E-01  0.612E-04  1807
      0  0.15553E+01  0.396E-03  0.307E-01  0.305E-04  5985
      1  0.15976E+01  0.652E-03  0.292E-01  0.390E-04  1710
      2  0.16449E+01  0.332E-02  0.397E-01  0.243E-03   212
      3  0.16821E+01  0.897E-02  0.347E-01  0.491E-03    16
&-----------------------------------------------------------
#beta =   4.00   kappa =   0.2605
#  Re(op_pbp_e)                                                    
#
     -3  0.16645E+01  0.123E-01  0.459E-01  0.956E-03    15
     -2  0.16282E+01  0.279E-02  0.391E-01  0.236E-03   180
     -1  0.15788E+01  0.773E-03  0.296E-01  0.538E-04  1460
      0  0.15310E+01  0.278E-03  0.254E-01  0.316E-04  6732
      1  0.15781E+01  0.891E-03  0.293E-01  0.582E-04  1441
      2  0.16291E+01  0.234E-02  0.401E-01  0.192E-03   161
      3  0.17079E+01  0.219E-01  0.691E-01  0.143E-02    11
&-----------------------------------------------------------
#beta =   4.00   kappa =   0.2620
#  Re(op_pbp_e)                                                    
#
#    -3  0.16479E+01  jk failed  0.000E+00  jk failed     1
     -2  0.16110E+01  0.457E-02  0.418E-01  0.355E-03    93
     -1  0.15597E+01  0.737E-03  0.306E-01  0.560E-04  1218
      0  0.15089E+01  0.169E-03  0.210E-01  0.242E-04  7427
      1  0.15605E+01  0.930E-03  0.320E-01  0.962E-04  1175
      2  0.16048E+01  0.459E-02  0.413E-01  0.360E-03    81
#     3  0.16762E+01  jk failed  0.385E-01  jk failed     5
&-----------------------------------------------------------
#beta =   4.00   kappa =   0.2625
#  Re(op_pbp_e)                                                    
#
#    -3  0.16289E+01  jk failed  0.423E-01  jk failed     4
     -2  0.16073E+01  0.675E-02  0.574E-01  0.937E-03    75
     -1  0.15529E+01  0.911E-03  0.289E-01  0.550E-04  1091
      0  0.15016E+01  0.242E-03  0.193E-01  0.306E-04  7691
      1  0.15530E+01  0.948E-03  0.309E-01  0.767E-04  1062
      2  0.16025E+01  0.528E-02  0.398E-01  0.393E-03    71
#     3  0.16942E+01  jk failed  0.459E-01  jk failed     4
#     4  0.16827E+01  jk failed  0.761E-01  jk failed     2
&-----------------------------------------------------------
#beta =   4.00   kappa =   0.2630
#  Re(op_pbp_e)                                                    
#
#    -3  0.16467E+01  jk failed  0.000E+00  jk failed     1
     -2  0.16014E+01  0.445E-02  0.406E-01  0.524E-03    58
     -1  0.15478E+01  0.911E-03  0.333E-01  0.808E-04  1004
      0  0.14941E+01  0.232E-03  0.183E-01  0.278E-04  7933
      1  0.15486E+01  0.111E-02  0.332E-01  0.814E-04   946
      2  0.15964E+01  0.711E-02  0.473E-01  0.614E-03    53
#     3  0.16586E+01  jk failed  0.251E-01  jk failed     5
&-----------------------------------------------------------
#beta =   4.00   kappa =   0.2635
#  Re(op_pbp_e)                                                    
#
#    -3  0.17338E+01  jk failed  0.789E-01  jk failed     2
     -2  0.15869E+01  0.465E-02  0.337E-01  0.155E-03    50
     -1  0.15398E+01  0.820E-03  0.303E-01  0.717E-04   884
      0  0.14872E+01  0.181E-03  0.169E-01  0.137E-04  8192
      1  0.15400E+01  0.938E-03  0.305E-01  0.571E-04   823
      2  0.16038E+01  0.618E-02  0.484E-01  0.463E-03    49
&-----------------------------------------------------------
