 0.0200   0.0000000000000000        5.3047802871491676E-002
 0.1572   0.0000000000000000       0.32382967684750041     
 0.2945   0.0000000000000000       0.54364276187162297     
 0.4317   0.0000000000000000       0.74753687690971948     
 0.5690   0.0000000000000000       0.95103267830943350     
 0.7062   0.0000000000000000        1.1604534912549449     
 0.8434   0.0000000000000000        1.3801686354590867     
 0.9807   0.0000000000000000        1.6146529337653965     
 1.1179   0.0000000000000000        1.8695247533715629     
 1.2552   0.0000000000000000        2.1526115581598555     
 1.3924   0.0000000000000000        2.4755867666382305     
 1.5297   0.0000000000000000        2.8565750119328128     
 1.6669   0.0000000000000000        3.3208656293139227     
 1.8041   0.0000000000000000        3.8544834408622122     
 1.9414   0.0000000000000000        4.2432994850469452     
 2.0786   0.0000000000000000        4.2114964994229318     
 2.2159   0.0000000000000000        3.8891595104116372     
 2.3531   0.0000000000000000        3.5068432784701891     
 2.4903   0.0000000000000000        3.1657783421208761     
 2.6276   0.0000000000000000        2.8925623078454552     
 2.7648   0.0000000000000000        2.6727539231932629     
 2.9021   0.0000000000000000        2.4919604723302751     
 3.0393   0.0000000000000000        2.3400752958478086     
 3.1766   0.0000000000000000        2.2101986728959289     
 3.3138   0.0000000000000000        2.0975207058439813     
 3.5883   0.0000000000000000        1.9108615335604935     

