 0.0200   0.0000000000000000       0.18155333647887456     
 0.1572   0.0000000000000000       0.35232330753769892     
 0.2945   0.0000000000000000       0.53752949138901751     
 0.4317   0.0000000000000000       0.72635327243501302     
 0.5690   0.0000000000000000       0.91971237685197482     
 0.7062   0.0000000000000000        1.1202936071127196     
 0.8434   0.0000000000000000        1.3313533766224248     
 0.9807   0.0000000000000000        1.5568927315942538     
 1.1179   0.0000000000000000        1.8022063794126046     
 1.2552   0.0000000000000000        2.0747826630787549     
 1.3924   0.0000000000000000        2.3858403528813610     
 1.5297   0.0000000000000000        2.7528227539286827     
 1.6669   0.0000000000000000        3.2000737543960445     
 1.8041   0.0000000000000000        3.7141242456335237     
 1.9414   0.0000000000000000        4.0888555229878865     
 2.0786   0.0000000000000000        4.0584145630352557     
 2.2159   0.0000000000000000        3.7477747777777406     
 2.3531   0.0000000000000000        3.3792400157486253     
 2.4903   0.0000000000000000        3.0505049202091574     
 2.6276   0.0000000000000000        2.7871808583941737     
 2.7648   0.0000000000000000        2.5753348036590284     
 2.9021   0.0000000000000000        2.4010916287300610     
 3.0393   0.0000000000000000        2.2547099560339210     
 3.1766   0.0000000000000000        2.1295398980543236     
 3.3138   0.0000000000000000        2.0209458515590710     
 3.5883   0.0000000000000000        1.8410541608259117     

