# pion mass (\sigma_1)
"*"
   10  64  4.00  0.2100  0.9656406823120889E+00  0.7436039665166089E-03  10000
   10  64  4.00  0.2150  0.8907140036280952E+00  0.6312831681600543E-03  10000
   10  64  4.00  0.2200  0.8168940758293647E+00  0.6045041994522783E-03  10000
   10  64  4.00  0.2231  0.7718488976285613E+00  0.8182555136864953E-03  10000
   10  64  4.00  0.2250  0.7440928969619851E+00  0.5847922382706928E-03  10000
   10  64  4.00  0.2262  0.7269763773559501E+00  0.8547885776282026E-03  10000
   10  64  4.00  0.2293  0.6822111078909746E+00  0.7729889902757791E-03  10000
   10  64  4.00  0.2300  0.6712922115778003E+00  0.1365819578124751E-02  10000
   10  64  4.00  0.2324  0.6381562669151279E+00  0.8374230425523868E-03  10000
   10  64  4.00  0.2350  0.6015526061300689E+00  0.1180178680337444E-02  10000
   10  64  4.00  0.2356  0.5930147996745564E+00  0.7923562527439465E-03  10000
   10  64  4.00  0.2387  0.5500510841730101E+00  0.8079034461822515E-03  10000
   10  64  4.00  0.2400  0.5313907538540488E+00  0.1143389947230662E-02  10000
   10  64  4.00  0.2418  0.5074689807504285E+00  0.1805046235241216E-02  10000
   10  64  4.00  0.2449  0.4676891197284785E+00  0.1415853938657628E-02  10000
   10  64  4.00  0.2480  0.4275037833260488E+00  0.2535896562303121E-02  10000
   10  64  4.00  0.2500  0.4056486537742002E+00  0.2197394327529187E-02  10000
   10  64  4.00  0.2515  0.3882208759100030E+00  0.3088902111036727E-02  10000
   10  64  4.00  0.2530  0.3735239389539806E+00  0.1679978028554852E-02  10000
   10  64  4.00  0.2545  0.3596243011920357E+00  0.2828574846387459E-02  10000
   10  64  4.00  0.2560  0.3492697588526875E+00  0.9360384178099215E-02  10000
   10  64  4.00  0.2575  0.3440192520937601E+00  0.5639671303393884E-02  10000
   10  64  4.00  0.2590  0.3348987181088666E+00  0.7080391633106505E-02  10000
   10  64  4.00  0.2605  0.3232842541885021E+00  0.2525924331955523E-01  10000
   10  64  4.00  0.2620  0.2876014804787402E+00  0.1783540160659504E+00  10000
   10  64  4.00  0.2625  0.3108897517729893E+00  0.2295783784736215E+00  10000
   10  64  4.00  0.2630  0.3622183343150371E+00  0.1202553011082308E+03  10000
   10  64  4.00  0.2635  0.7906990139411884E-02  0.7066615950529008E+02  10000
   10  64  4.00  0.2650  0.4275468644083956E+00  0.5001065501022243E+02  10000
   10  64  4.00  0.2700  0.3477147494824149E+00  0.1018866780802766E-01  10000


# pseudoscalar mass (\sigma_3)
"*"
   10  64  4.00  0.2100  0.9659598851025124E+00  0.9766776883038345E-03  10000
   10  64  4.00  0.2150  0.8908481440801572E+00  0.7400129490186864E-03  10000
   10  64  4.00  0.2200  0.8169799873907287E+00  0.6031608488091376E-03  10000
   10  64  4.00  0.2231  0.7719377721605489E+00  0.7821168477801175E-03  10000
   10  64  4.00  0.2250  0.7441435814428259E+00  0.6271970195917449E-03  10000
   10  64  4.00  0.2262  0.7270401692364186E+00  0.8303800595904997E-03  10000
   10  64  4.00  0.2293  0.6822408429872410E+00  0.7578568867996840E-03  10000
   10  64  4.00  0.2300  0.6714947636502501E+00  0.1200568877525161E-02  10000
   10  64  4.00  0.2324  0.6381225385307921E+00  0.8211031026982428E-03  10000
   10  64  4.00  0.2350  0.6017489588490734E+00  0.1282246538675031E-02  10000
   10  64  4.00  0.2356  0.5928992385405822E+00  0.7088829004562779E-03  10000
   10  64  4.00  0.2387  0.5502052911919363E+00  0.8200455657039816E-03  10000
   10  64  4.00  0.2400  0.5313205006874013E+00  0.1078125624777758E-02  10000
   10  64  4.00  0.2418  0.5075836347419279E+00  0.1454836315476985E-02  10000
   10  64  4.00  0.2449  0.4676360294026123E+00  0.1428544277157825E-02  10000
   10  64  4.00  0.2480  0.4275973018514384E+00  0.2404211334093248E-02  10000
   10  64  4.00  0.2500  0.4062069378425891E+00  0.1770783970349615E-02  10000
   10  64  4.00  0.2515  0.3880392090269884E+00  0.1605673951459181E-02  10000
   10  64  4.00  0.2530  0.3729545902615061E+00  0.1378446152640232E-02  10000
   10  64  4.00  0.2545  0.3584067632703870E+00  0.3211389461754083E-02  10000
   10  64  4.00  0.2560  0.3429005922054661E+00  0.7092299590621560E-02  10000
   10  64  4.00  0.2575  0.3466496069254080E+00  0.7254207804907972E-02  10000
   10  64  4.00  0.2590  0.3378893683404286E+00  0.2603777283512585E-02  10000
   10  64  4.00  0.2605  0.3362375535108043E+00  0.8280633100561940E-02  10000
   10  64  4.00  0.2620  0.3416331227591684E+00  0.5828970347488746E-02  10000
   10  64  4.00  0.2625  0.3544005574596392E+00  0.4042302640283473E-02  10000
   10  64  4.00  0.2630  0.3509819152968434E+00  0.5356934471585252E-02  10000
   10  64  4.00  0.2635  0.3497336481483100E+00  0.1164477564996947E-01  10000
   10  64  4.00  0.2650  0.3603959457558305E+00  0.9847970999673574E-02  10000
   10  64  4.00  0.2700  0.3506343315209179E+00  0.5898057283543930E-02  10000


# eta mass (\sigma_1)
"*"
   10  64  4.00  0.2100  0.9940743150029918E+00  0.1087890731012132E+03  10000
   10  64  4.00  0.2150  0.9245953746852753E+00  0.6066637247012881E+02  10000
   10  64  4.00  0.2200                     NaN                     NaN  10000
   10  64  4.00  0.2231                     NaN                     NaN  10000
   10  64  4.00  0.2250  0.7826473421725828E+00  0.6425440001717875E+02  10000
   10  64  4.00  0.2262                     NaN                     NaN  10000
   10  64  4.00  0.2293  0.7158235637569893E+00  0.9272955905603766E+02  10000
   10  64  4.00  0.2300  0.7081557125453986E+00  0.8733695258891014E+00  10000
   10  64  4.00  0.2324  0.6799395463065521E+00  0.6920065413203245E+02  10000
   10  64  4.00  0.2350  0.1405931969106979E+00  0.1047359977844498E+03  10000
   10  64  4.00  0.2356                     NaN                     NaN  10000
   10  64  4.00  0.2387  0.5438635925705954E+00  0.8258454912862690E+02  10000
   10  64  4.00  0.2400  0.5904073697341234E+00  0.5137070185397361E+02  10000
   10  64  4.00  0.2418                     NaN                     NaN  10000
   10  64  4.00  0.2449  0.5190767843908338E+00  0.7979461732105835E+02  10000
   10  64  4.00  0.2480  0.3821523415925119E+00  0.9096901850684188E+00  10000
   10  64  4.00  0.2500  0.2017448606484152E+00  0.8504504574076714E+02  10000
   10  64  4.00  0.2515  0.2821427853387725E+00  0.7333855341610294E+02  10000
   10  64  4.00  0.2530  0.1286081836546344E+00  0.7784265849237244E+02  10000
   10  64  4.00  0.2545  0.9019095954226133E-01  0.6224286452517201E+02  10000
   10  64  4.00  0.2560  0.9474629021402980E-01  0.9934202611181570E+02  10000
   10  64  4.00  0.2575  0.5156929544864177E-01  0.7124150832308891E+02  10000
   10  64  4.00  0.2590  0.3992077792874064E+00  0.3640353935581375E+00  10000
   10  64  4.00  0.2605  0.4586382506605702E+00  0.5706175638943458E+02  10000
   10  64  4.00  0.2620  0.4696877964008972E+00  0.4113478809859893E+02  10000
   10  64  4.00  0.2625  0.3380456973966910E+00  0.5717066811254331E+02  10000
   10  64  4.00  0.2630  0.3805141489825159E+00  0.5788897480446126E+02  10000
   10  64  4.00  0.2635  0.1310046743410750E+00  0.1030558675104617E+03  10000
   10  64  4.00  0.2650  0.4196944478579371E+00  0.5014985452793163E+02  10000
   10  64  4.00  0.2700  0.1540614137008992E+00  0.1230151131356370E+03  10000

