# pion mass (\sigma_1)
"*"
   10  64  4.00  0.2100  0.9656406823120889E+00  0.7436039665166089E-03  10000
   10  64  4.00  0.2150  0.8908195946378067E+00  0.5871898209825652E-03  10000
   10  64  4.00  0.2200  0.8169209559779764E+00  0.5570023815875401E-03  10000
   10  64  4.00  0.2231  0.7720056691723578E+00  0.7485847060506920E-03  10000
   10  64  4.00  0.2250  0.7441488884882140E+00  0.5797402964980751E-03  10000
   10  64  4.00  0.2262  0.7270955017490658E+00  0.8258159497124916E-03  10000
   10  64  4.00  0.2293  0.6822111078909746E+00  0.7729889902757791E-03  10000
   10  64  4.00  0.2300  0.6718975370751252E+00  0.9698609337317807E-03  10000
   10  64  4.00  0.2324  0.6381892717676437E+00  0.7818898401770523E-03  10000
   10  64  4.00  0.2350  0.6013314796817938E+00  0.8236162418996811E-03  10000
   10  64  4.00  0.2356  0.5930089062161779E+00  0.7015122550173403E-03  10000
   10  64  4.00  0.2387  0.5500510841730101E+00  0.8079034461822515E-03  10000
   10  64  4.00  0.2400  0.5316976966015486E+00  0.9605222017239072E-03  10000
   10  64  4.00  0.2418  0.5081147453821004E+00  0.1096103974896712E-02  10000
   10  64  4.00  0.2449  0.4677817433803919E+00  0.1412556215686618E-02  10000
   10  64  4.00  0.2480  0.4275404075834602E+00  0.1550292924388216E-02  10000
   10  64  4.00  0.2500  0.4061271734341198E+00  0.1790323036974235E-02  10000
   10  64  4.00  0.2515  0.3883412181459618E+00  0.1751443803935698E-02  10000
   10  64  4.00  0.2530  0.3736538230591978E+00  0.1483315443176047E-02  10000
   10  64  4.00  0.2545  0.3601095181485169E+00  0.2234683765339823E-02  10000
   10  64  4.00  0.2560  0.3438870116865421E+00  0.3913870297498986E-02  10000
   10  64  4.00  0.2575  0.3440192520937601E+00  0.5639671303393884E-02  10000
   10  64  4.00  0.2590  0.3362827155620266E+00  0.6302494628476883E-02  10000
   10  64  4.00  0.2605  0.3305960143035751E+00  0.2028784607236638E-01  10000
   10  64  4.00  0.2620  0.3353532935546217E+00  0.3663522944540278E-01  10000
   10  64  4.00  0.2625  0.3745306668528218E+00  0.6857105515579440E-01  10000
   10  64  4.00  0.2630  0.3536636422164539E+00  0.1409671762590261E+00  10000
   10  64  4.00  0.2635  0.1453581467647489E+00  0.4988728057880655E+02  10000
   10  64  4.00  0.2650  0.4495940774824909E+00  0.1001936120751665E+00  10000
   10  64  4.00  0.2700  0.3541898568333884E+00  0.5398370043731254E-02  10000


# pseudoscalar mass (\sigma_3)
"*"
   10  64  4.00  0.2100  0.9659598851025124E+00  0.9766776883038345E-03  10000
   10  64  4.00  0.2150  0.8910016533580973E+00  0.6841533953446847E-03  10000
   10  64  4.00  0.2200  0.8169799873907287E+00  0.6031608488091376E-03  10000
   10  64  4.00  0.2231  0.7720276910417694E+00  0.7389754617163167E-03  10000
   10  64  4.00  0.2250  0.7441723537932764E+00  0.5925516060924602E-03  10000
   10  64  4.00  0.2262  0.7271289081318221E+00  0.7993850671472229E-03  10000
   10  64  4.00  0.2293  0.6823155312189231E+00  0.7544000675470401E-03  10000
   10  64  4.00  0.2300  0.6719183295475075E+00  0.9496214170929191E-03  10000
   10  64  4.00  0.2324  0.6381711636888636E+00  0.7660350620634405E-03  10000
   10  64  4.00  0.2350  0.6013673926904403E+00  0.7991366707571139E-03  10000
   10  64  4.00  0.2356  0.5929538426064945E+00  0.7085888721332016E-03  10000
   10  64  4.00  0.2387  0.5502406259300768E+00  0.7945803916318088E-03  10000
   10  64  4.00  0.2400  0.5315287392757673E+00  0.8988899489457705E-03  10000
   10  64  4.00  0.2418  0.5083779234512128E+00  0.1042457385860268E-02  10000
   10  64  4.00  0.2449  0.4677029201349750E+00  0.1401199740736692E-02  10000
   10  64  4.00  0.2480  0.4276202128030828E+00  0.1334227822999088E-02  10000
   10  64  4.00  0.2500  0.4065805090614661E+00  0.1616106983550108E-02  10000
   10  64  4.00  0.2515  0.3883189268787576E+00  0.1424226661758120E-02  10000
   10  64  4.00  0.2530  0.3730399215748993E+00  0.1168375928544957E-02  10000
   10  64  4.00  0.2545  0.3594501990819510E+00  0.2155223347178106E-02  10000
   10  64  4.00  0.2560  0.3430013021539422E+00  0.3674680849650551E-02  10000
   10  64  4.00  0.2575  0.3434127808846191E+00  0.2837695943061209E-02  10000
   10  64  4.00  0.2590  0.3381163975157415E+00  0.2444279718737540E-02  10000
   10  64  4.00  0.2605  0.3378218555440198E+00  0.4407042897628771E-02  10000
   10  64  4.00  0.2620  0.3437625559286583E+00  0.4633331561787774E-02  10000
   10  64  4.00  0.2625  0.3523246026359259E+00  0.2768862078547949E-02  10000
   10  64  4.00  0.2630  0.3503948075594064E+00  0.2936686606651989E-02  10000
   10  64  4.00  0.2635  0.3532647796886945E+00  0.8508695125813519E-02  10000
   10  64  4.00  0.2650  0.3628710742103203E+00  0.7406063467520266E-02  10000
   10  64  4.00  0.2700  0.3601611130485765E+00  0.5208895378524191E-02  10000


# eta mass (\sigma_1)
"*"
   10  64  4.00  0.2100  0.1085680772841733E+01  0.4761576546134307E+02  10000
   10  64  4.00  0.2150  0.1010213919524763E+01  0.8873559691956876E+00  10000
   10  64  4.00  0.2200                     NaN                     NaN  10000
   10  64  4.00  0.2231                     NaN                     NaN  10000
   10  64  4.00  0.2250  0.8576126055072645E+00  0.4855151218025579E+02  10000
   10  64  4.00  0.2262                     NaN                     NaN  10000
   10  64  4.00  0.2293  0.7841971401627135E+00  0.7060135050725174E+02  10000
   10  64  4.00  0.2300  0.7920361464336999E+00  0.6601313920529343E+00  10000
   10  64  4.00  0.2324  0.7555370688169676E+00  0.4960942333468424E+02  10000
   10  64  4.00  0.2350  0.7125581282115878E+00  0.3260297337530245E+00  10000
   10  64  4.00  0.2356                     NaN                     NaN  10000
   10  64  4.00  0.2387  0.6450531689137241E+00  0.3462682864615280E+02  10000
   10  64  4.00  0.2400  0.6437321352611139E+00  0.3489020866806435E+02  10000
   10  64  4.00  0.2418                     NaN                     NaN  10000
   10  64  4.00  0.2449  0.5684852109031171E+00  0.4929311624433956E+02  10000
   10  64  4.00  0.2480  0.5374089871254594E+00  0.1386406530837579E+00  10000
   10  64  4.00  0.2500  0.5095294545540562E+00  0.1621955135355539E+00  10000
   10  64  4.00  0.2515  0.4919750107790228E+00  0.1196639338775006E+00  10000
   10  64  4.00  0.2530  0.4667145585097855E+00  0.1306649397970606E+00  10000
   10  64  4.00  0.2545  0.4722973726277228E+00  0.1131217243288946E+00  10000
   10  64  4.00  0.2560  0.4627619894161106E+00  0.1277669438002473E+00  10000
   10  64  4.00  0.2575  0.4448110690288141E+00  0.1116134997266968E+00  10000
   10  64  4.00  0.2590  0.4431952869257536E+00  0.1824591336841762E+00  10000
   10  64  4.00  0.2605  0.4586382506605702E+00  0.5706175638943458E+02  10000
   10  64  4.00  0.2620  0.4696877964008972E+00  0.4113478809859893E+02  10000
   10  64  4.00  0.2625  0.4195489239474129E+00  0.8302446465641145E-01  10000
   10  64  4.00  0.2630  0.4218745875990599E+00  0.1062611237276675E+00  10000
   10  64  4.00  0.2635  0.4016279430396936E+00  0.1713830471158840E+00  10000
   10  64  4.00  0.2650  0.4905649819154251E+00  0.2124786584019779E+00  10000
   10  64  4.00  0.2700  0.4798559628927586E+00  0.2149747161111983E+00  10000

