#  Re(op_pbp_e)                                                    
  10  64  4.00  0.2100    NaN  0.516  0.680
#  Re(op_pbp_e)                                                    
  10  64  4.00  0.2150  3.423  0.518  0.516
#  Re(op_pbp_e)                                                    
  10  64  4.00  0.2200    NaN  0.502  0.424
#  Re(op_pbp_e)                                                    
  10  64  4.00  0.2231  0.824  0.505  0.596
#  Re(op_pbp_e)                                                    
  10  64  4.00  0.2250    NaN  0.500  0.217
#  Re(op_pbp_e)                                                    
  10  64  4.00  0.2262    NaN  0.500  0.527
#  Re(op_pbp_e)                                                    
  10  64  4.00  0.2293    NaN  0.500  0.421
#  Re(op_pbp_e)                                                    
  10  64  4.00  0.2300    NaN  0.514  0.482
#  Re(op_pbp_e)                                                    
  10  64  4.00  0.2324  2.341  0.504  0.409
#  Re(op_pbp_e)                                                    
  10  64  4.00  0.2350  0.511  0.519  0.733
#  Re(op_pbp_e)                                                    
  10  64  4.00  0.2356    NaN  0.506  0.355
#  Re(op_pbp_e)                                                    
  10  64  4.00  0.2387    NaN  0.501  0.338
#  Re(op_pbp_e)                                                    
  10  64  4.00  0.2400  1.152  0.512  0.375
#  Re(op_pbp_e)                                                    
  10  64  4.00  0.2418    NaN  0.505  0.466
#  Re(op_pbp_e)                                                    
  10  64  4.00  0.2449  0.305  0.521  0.937
#  Re(op_pbp_e)                                                    
  10  64  4.00  0.2480    NaN  0.524  0.353
#  Re(op_pbp_e)                                                    
  10  64  4.00  0.2500    NaN  0.542  0.486
#  Re(op_pbp_e)                                                    
  10  64  4.00  0.2515    NaN  0.534  0.505
#  Re(op_pbp_e)                                                    
  10  64  4.00  0.2530    NaN  0.564  0.726
#  Re(op_pbp_e)                                                    
  10  64  4.00  0.2545  0.385  0.615  0.603
#  Re(op_pbp_e)                                                    
  10  64  4.00  0.2560  0.422  0.675  0.431
#  Re(op_pbp_e)                                                    
  10  64  4.00  0.2575  0.738  0.762  0.553
#  Re(op_pbp_e)                                                    
  10  64  4.00  0.2590  0.948  0.872  1.140
#  Re(op_pbp_e)                                                    
  10  64  4.00  0.2605  0.923  0.906  0.609
#  Re(op_pbp_e)                                                    
  10  64  4.00  0.2620  1.933  0.919  1.446
#  Re(op_pbp_e)                                                    
  10  64  4.00  0.2625  0.713  0.808  0.746
#  Re(op_pbp_e)                                                    
  10  64  4.00  0.2630  0.920  0.816  1.268
#  Re(op_pbp_e)                                                    
  10  64  4.00  0.2635  0.596  0.817  0.912
#  Re(op_pbp_e)                                                    
  10  64  4.00  0.2650  0.804  0.645  0.854
#  Re(op_pbp_e)                                                    
  10  64  4.00  0.2700  3.554  2.362  2.889
