#-----------------------------------------------------------
#beta =   4.00   kappa =   0.2100
#  Re(op_pbp_e)                                                    
#
#   -10  0.19108E+01  jk failed  0.000E+00  jk failed     1
     -7  0.19101E+01  0.308E-03  0.111E-02  0.376E-06    14
     -6  0.19087E+01  0.413E-03  0.193E-02  0.932E-06    33
     -5  0.19090E+01  0.161E-03  0.174E-02  0.339E-06   108
     -4  0.19084E+01  0.141E-03  0.194E-02  0.291E-06   308
     -3  0.19081E+01  0.106E-03  0.196E-02  0.258E-06   624
     -2  0.19077E+01  0.458E-04  0.195E-02  0.127E-06  1150
     -1  0.19077E+01  0.640E-04  0.197E-02  0.173E-06  1638
      0  0.19077E+01  0.500E-04  0.208E-02  0.171E-06  1832
      1  0.19078E+01  0.455E-04  0.194E-02  0.120E-06  1715
      2  0.19080E+01  0.495E-04  0.202E-02  0.147E-06  1262
      3  0.19082E+01  0.790E-04  0.185E-02  0.169E-06   779
      4  0.19085E+01  0.130E-03  0.195E-02  0.249E-06   323
      5  0.19088E+01  0.168E-03  0.184E-02  0.459E-06   154
      6  0.19094E+01  0.303E-03  0.167E-02  0.668E-06    41
      7  0.19094E+01  0.445E-03  0.148E-02  0.111E-05    12
#     8  0.19096E+01  jk failed  0.109E-02  jk failed     4
#     9  0.19124E+01  jk failed  0.000E+00  jk failed     1
#    10  0.19127E+01  jk failed  0.000E+00  jk failed     1
&-----------------------------------------------------------
#beta =   4.00   kappa =   0.2150
#  Re(op_pbp_e)                                                    
#
#    -8  0.18985E+01  jk failed  0.000E+00  jk failed     1
#    -7  0.18986E+01  jk failed  0.136E-02  jk failed     7
     -6  0.18966E+01  0.449E-03  0.228E-02  0.133E-05    31
     -5  0.18966E+01  0.273E-03  0.231E-02  0.913E-06    92
     -4  0.18962E+01  0.174E-03  0.238E-02  0.585E-06   273
     -3  0.18956E+01  0.117E-03  0.246E-02  0.440E-06   661
     -2  0.18953E+01  0.784E-04  0.255E-02  0.193E-06  1168
     -1  0.18953E+01  0.640E-04  0.258E-02  0.232E-06  1638
      0  0.18953E+01  0.663E-04  0.254E-02  0.235E-06  1865
      1  0.18953E+01  0.490E-04  0.246E-02  0.190E-06  1752
      2  0.18954E+01  0.551E-04  0.249E-02  0.261E-06  1239
      3  0.18956E+01  0.112E-03  0.251E-02  0.294E-06   732
      4  0.18961E+01  0.126E-03  0.251E-02  0.440E-06   368
      5  0.18967E+01  0.196E-03  0.217E-02  0.421E-06   131
      6  0.18977E+01  0.431E-03  0.202E-02  0.154E-05    36
#     7  0.18985E+01  jk failed  0.182E-02  jk failed     5
#     9  0.18974E+01  jk failed  0.000E+00  jk failed     1
&-----------------------------------------------------------
#beta =   4.00   kappa =   0.2200
#  Re(op_pbp_e)                                                    
#
#    -8  0.18858E+01  jk failed  0.000E+00  jk failed     1
#    -7  0.18855E+01  jk failed  0.301E-02  jk failed     5
     -6  0.18839E+01  0.487E-03  0.243E-02  0.187E-05    36
     -5  0.18836E+01  0.422E-03  0.313E-02  0.168E-05    86
     -4  0.18825E+01  0.189E-03  0.311E-02  0.667E-06   294
     -3  0.18819E+01  0.989E-04  0.304E-02  0.562E-06   690
     -2  0.18815E+01  0.115E-03  0.325E-02  0.453E-06  1177
     -1  0.18812E+01  0.867E-04  0.325E-02  0.469E-06  1701
      0  0.18812E+01  0.696E-04  0.327E-02  0.272E-06  1905
      1  0.18813E+01  0.932E-04  0.329E-02  0.489E-06  1714
      2  0.18815E+01  0.827E-04  0.332E-02  0.343E-06  1244
      3  0.18816E+01  0.117E-03  0.306E-02  0.400E-06   680
      4  0.18827E+01  0.194E-03  0.307E-02  0.850E-06   315
      5  0.18833E+01  0.329E-03  0.319E-02  0.133E-05   106
      6  0.18840E+01  0.645E-03  0.318E-02  0.244E-05    36
#     7  0.18850E+01  jk failed  0.303E-02  jk failed     7
#     8  0.18891E+01  jk failed  0.268E-02  jk failed     2
#     9  0.18853E+01  jk failed  0.000E+00  jk failed     1
&-----------------------------------------------------------
#beta =   4.00   kappa =   0.2231
#  Re(op_pbp_e)                                                    
#
#    -7  0.18752E+01  jk failed  0.441E-03  jk failed     2
     -6  0.18758E+01  0.807E-03  0.333E-02  0.388E-05    18
     -5  0.18747E+01  0.260E-03  0.324E-02  0.152E-05    85
     -4  0.18732E+01  0.217E-03  0.352E-02  0.119E-05   292
     -3  0.18725E+01  0.147E-03  0.364E-02  0.685E-06   583
     -2  0.18718E+01  0.964E-04  0.372E-02  0.546E-06  1189
     -1  0.18716E+01  0.111E-03  0.381E-02  0.488E-06  1674
      0  0.18714E+01  0.118E-03  0.388E-02  0.438E-06  1919
      1  0.18715E+01  0.803E-04  0.379E-02  0.500E-06  1793
      2  0.18719E+01  0.108E-03  0.381E-02  0.495E-06  1265
      3  0.18723E+01  0.129E-03  0.363E-02  0.697E-06   708
      4  0.18732E+01  0.220E-03  0.360E-02  0.962E-06   311
      5  0.18742E+01  0.333E-03  0.358E-02  0.151E-05   113
      6  0.18757E+01  0.760E-03  0.382E-02  0.412E-05    32
      7  0.18769E+01  0.695E-03  0.231E-02  0.191E-05    12
#     8  0.18762E+01  jk failed  0.276E-02  jk failed     4
&-----------------------------------------------------------
#beta =   4.00   kappa =   0.2250
#  Re(op_pbp_e)                                                    
#
#    -8  0.18690E+01  jk failed  0.000E+00  jk failed     1
     -7  0.18716E+01  0.757E-03  0.273E-02  0.303E-05    14
     -6  0.18691E+01  0.765E-03  0.358E-02  0.277E-05    31
     -5  0.18680E+01  0.397E-03  0.407E-02  0.224E-05   101
     -4  0.18672E+01  0.246E-03  0.396E-02  0.113E-05   275
     -3  0.18663E+01  0.215E-03  0.410E-02  0.746E-06   578
     -2  0.18656E+01  0.941E-04  0.417E-02  0.799E-06  1090
     -1  0.18651E+01  0.119E-03  0.432E-02  0.642E-06  1699
      0  0.18650E+01  0.861E-04  0.420E-02  0.514E-06  1923
      1  0.18653E+01  0.118E-03  0.430E-02  0.616E-06  1754
      2  0.18655E+01  0.116E-03  0.420E-02  0.686E-06  1252
      3  0.18661E+01  0.131E-03  0.420E-02  0.904E-06   771
      4  0.18669E+01  0.257E-03  0.429E-02  0.125E-05   331
      5  0.18674E+01  0.334E-03  0.357E-02  0.160E-05   134
      6  0.18693E+01  0.573E-03  0.290E-02  0.232E-05    34
      7  0.18699E+01  0.112E-02  0.355E-02  0.376E-05    11
#     8  0.18770E+01  jk failed  0.000E+00  jk failed     1
&-----------------------------------------------------------
#beta =   4.00   kappa =   0.2262
#  Re(op_pbp_e)                                                    
#
#    -8  0.18707E+01  jk failed  0.000E+00  jk failed     1
#    -7  0.18644E+01  jk failed  0.252E-02  jk failed     3
     -6  0.18666E+01  0.965E-03  0.409E-02  0.589E-05    19
     -5  0.18648E+01  0.382E-03  0.389E-02  0.281E-05    83
     -4  0.18632E+01  0.243E-03  0.393E-02  0.108E-05   242
     -3  0.18619E+01  0.163E-03  0.424E-02  0.998E-06   604
     -2  0.18614E+01  0.126E-03  0.457E-02  0.687E-06  1147
     -1  0.18610E+01  0.839E-04  0.454E-02  0.731E-06  1617
      0  0.18608E+01  0.115E-03  0.462E-02  0.655E-06  1945
      1  0.18611E+01  0.114E-03  0.449E-02  0.717E-06  1778
      2  0.18613E+01  0.134E-03  0.448E-02  0.727E-06  1313
      3  0.18621E+01  0.143E-03  0.421E-02  0.102E-05   724
      4  0.18635E+01  0.252E-03  0.436E-02  0.123E-05   352
      5  0.18638E+01  0.289E-03  0.355E-02  0.168E-05   119
      6  0.18649E+01  0.660E-03  0.406E-02  0.353E-05    44
#     7  0.18673E+01  jk failed  0.291E-02  jk failed     6
#     8  0.18698E+01  jk failed  0.359E-02  jk failed     3
&-----------------------------------------------------------
#beta =   4.00   kappa =   0.2293
#  Re(op_pbp_e)                                                    
#
#    -7  0.18574E+01  jk failed  0.415E-02  jk failed     8
     -6  0.18550E+01  0.862E-03  0.413E-02  0.577E-05    24
     -5  0.18545E+01  0.509E-03  0.501E-02  0.297E-05   101
     -4  0.18516E+01  0.265E-03  0.492E-02  0.172E-05   278
     -3  0.18508E+01  0.237E-03  0.502E-02  0.155E-05   590
     -2  0.18497E+01  0.149E-03  0.535E-02  0.134E-05  1124
     -1  0.18498E+01  0.129E-03  0.534E-02  0.151E-05  1712
      0  0.18492E+01  0.184E-03  0.557E-02  0.112E-05  1981
      1  0.18494E+01  0.139E-03  0.546E-02  0.124E-05  1764
      2  0.18498E+01  0.156E-03  0.526E-02  0.865E-06  1245
      3  0.18509E+01  0.175E-03  0.509E-02  0.121E-05   715
      4  0.18518E+01  0.190E-03  0.461E-02  0.158E-05   317
      5  0.18531E+01  0.423E-03  0.463E-02  0.338E-05   114
      6  0.18543E+01  0.658E-03  0.301E-02  0.203E-05    22
#     7  0.18564E+01  jk failed  0.221E-02  jk failed     5
&-----------------------------------------------------------
#beta =   4.00   kappa =   0.2300
#  Re(op_pbp_e)                                                    
#
#    -8  0.18611E+01  jk failed  0.000E+00  jk failed     1
#    -7  0.18535E+01  jk failed  0.418E-02  jk failed     3
     -6  0.18524E+01  0.991E-03  0.409E-02  0.431E-05    18
     -5  0.18518E+01  0.440E-03  0.431E-02  0.263E-05    76
     -4  0.18491E+01  0.245E-03  0.510E-02  0.166E-05   275
     -3  0.18479E+01  0.192E-03  0.563E-02  0.178E-05   622
     -2  0.18472E+01  0.177E-03  0.564E-02  0.142E-05  1076
     -1  0.18469E+01  0.167E-03  0.553E-02  0.994E-06  1711
      0  0.18464E+01  0.155E-03  0.576E-02  0.128E-05  1969
      1  0.18468E+01  0.133E-03  0.570E-02  0.127E-05  1752
      2  0.18473E+01  0.140E-03  0.568E-02  0.798E-06  1294
      3  0.18485E+01  0.293E-03  0.559E-02  0.218E-05   769
      4  0.18496E+01  0.319E-03  0.528E-02  0.221E-05   300
      5  0.18516E+01  0.618E-03  0.529E-02  0.473E-05   103
      6  0.18534E+01  0.890E-03  0.438E-02  0.319E-05    29
#     7  0.18515E+01  jk failed  0.181E-02  jk failed     2
&-----------------------------------------------------------
#beta =   4.00   kappa =   0.2324
#  Re(op_pbp_e)                                                    
#
#    -7  0.18478E+01  jk failed  0.596E-02  jk failed     4
     -6  0.18442E+01  0.124E-02  0.525E-02  0.720E-05    19
     -5  0.18412E+01  0.478E-03  0.474E-02  0.326E-05    78
     -4  0.18406E+01  0.441E-03  0.599E-02  0.356E-05   246
     -3  0.18383E+01  0.298E-03  0.618E-02  0.213E-05   585
     -2  0.18377E+01  0.193E-03  0.606E-02  0.102E-05  1231
     -1  0.18366E+01  0.105E-03  0.655E-02  0.160E-05  1667
      0  0.18364E+01  0.189E-03  0.662E-02  0.145E-05  1974
      1  0.18367E+01  0.201E-03  0.676E-02  0.147E-05  1726
      2  0.18375E+01  0.170E-03  0.635E-02  0.129E-05  1277
      3  0.18392E+01  0.230E-03  0.597E-02  0.164E-05   726
      4  0.18401E+01  0.312E-03  0.595E-02  0.226E-05   307
      5  0.18422E+01  0.535E-03  0.575E-02  0.496E-05   113
      6  0.18444E+01  0.707E-03  0.442E-02  0.419E-05    42
#     7  0.18496E+01  jk failed  0.254E-02  jk failed     5
&-----------------------------------------------------------
#beta =   4.00   kappa =   0.2350
#  Re(op_pbp_e)                                                    
#
#    -7  0.18331E+01  jk failed  0.358E-02  jk failed     4
     -6  0.18355E+01  0.152E-02  0.481E-02  0.113E-04    11
     -5  0.18328E+01  0.732E-03  0.639E-02  0.516E-05    95
     -4  0.18302E+01  0.453E-03  0.720E-02  0.620E-05   247
     -3  0.18274E+01  0.312E-03  0.730E-02  0.249E-05   605
     -2  0.18259E+01  0.225E-03  0.761E-02  0.214E-05  1172
     -1  0.18253E+01  0.221E-03  0.786E-02  0.226E-05  1716
      0  0.18248E+01  0.185E-03  0.795E-02  0.246E-05  1942
      1  0.18252E+01  0.194E-03  0.785E-02  0.226E-05  1814
      2  0.18262E+01  0.206E-03  0.742E-02  0.205E-05  1262
      3  0.18277E+01  0.257E-03  0.733E-02  0.244E-05   710
      4  0.18293E+01  0.402E-03  0.650E-02  0.338E-05   291
      5  0.18320E+01  0.560E-03  0.529E-02  0.469E-05    95
      6  0.18331E+01  0.131E-02  0.624E-02  0.736E-05    28
#     7  0.18404E+01  jk failed  0.612E-02  jk failed     6
#     8  0.18441E+01  jk failed  0.382E-02  jk failed     2
&-----------------------------------------------------------
#beta =   4.00   kappa =   0.2356
#  Re(op_pbp_e)                                                    
#
#    -8  0.18364E+01  jk failed  0.000E+00  jk failed     1
#    -7  0.18374E+01  jk failed  0.364E-02  jk failed     7
     -6  0.18303E+01  0.103E-02  0.462E-02  0.552E-05    21
     -5  0.18292E+01  0.573E-03  0.646E-02  0.671E-05    93
     -4  0.18276E+01  0.372E-03  0.666E-02  0.372E-05   240
     -3  0.18247E+01  0.292E-03  0.762E-02  0.272E-05   585
     -2  0.18232E+01  0.165E-03  0.773E-02  0.210E-05  1187
     -1  0.18226E+01  0.185E-03  0.785E-02  0.162E-05  1778
      0  0.18219E+01  0.180E-03  0.818E-02  0.259E-05  2018
      1  0.18223E+01  0.154E-03  0.810E-02  0.202E-05  1816
      2  0.18232E+01  0.217E-03  0.773E-02  0.209E-05  1164
      3  0.18246E+01  0.264E-03  0.769E-02  0.317E-05   666
      4  0.18275E+01  0.420E-03  0.672E-02  0.371E-05   295
      5  0.18299E+01  0.592E-03  0.524E-02  0.329E-05    95
      6  0.18330E+01  0.150E-02  0.642E-02  0.156E-04    28
#     7  0.18334E+01  jk failed  0.440E-02  jk failed     5
#     8  0.18355E+01  jk failed  0.000E+00  jk failed     1
&-----------------------------------------------------------
#beta =   4.00   kappa =   0.2387
#  Re(op_pbp_e)                                                    
#
#    -8  0.18314E+01  jk failed  0.000E+00  jk failed     1
#    -7  0.18257E+01  jk failed  0.000E+00  jk failed     1
     -6  0.18158E+01  0.103E-02  0.398E-02  0.576E-05    16
     -5  0.18173E+01  0.805E-03  0.590E-02  0.596E-05    67
     -4  0.18135E+01  0.681E-03  0.844E-02  0.649E-05   212
     -3  0.18094E+01  0.333E-03  0.883E-02  0.437E-05   581
     -2  0.18081E+01  0.232E-03  0.970E-02  0.336E-05  1135
     -1  0.18066E+01  0.226E-03  0.994E-02  0.372E-05  1752
      0  0.18062E+01  0.156E-03  0.101E-01  0.366E-05  2062
      1  0.18066E+01  0.273E-03  0.100E-01  0.300E-05  1891
      2  0.18082E+01  0.255E-03  0.965E-02  0.356E-05  1275
      3  0.18105E+01  0.492E-03  0.894E-02  0.373E-05   646
      4  0.18139E+01  0.459E-03  0.730E-02  0.564E-05   243
      5  0.18158E+01  0.899E-03  0.722E-02  0.918E-05    89
      6  0.18212E+01  0.110E-02  0.526E-02  0.145E-04    24
#     7  0.18230E+01  jk failed  0.296E-02  jk failed     3
#     8  0.18207E+01  jk failed  0.285E-02  jk failed     2
&-----------------------------------------------------------
#beta =   4.00   kappa =   0.2400
#  Re(op_pbp_e)                                                    
#
#    -8  0.18276E+01  jk failed  0.102E-02  jk failed     2
#    -7  0.18175E+01  jk failed  0.394E-02  jk failed     3
#    -6  0.18131E+01  jk failed  0.619E-02  jk failed     8
     -5  0.18104E+01  0.104E-02  0.777E-02  0.131E-04    61
     -4  0.18074E+01  0.683E-03  0.841E-02  0.814E-05   214
     -3  0.18031E+01  0.410E-03  0.980E-02  0.507E-05   554
     -2  0.18019E+01  0.270E-03  0.104E-01  0.408E-05  1162
     -1  0.17997E+01  0.302E-03  0.109E-01  0.412E-05  1738
      0  0.17990E+01  0.211E-03  0.110E-01  0.402E-05  2069
      1  0.17997E+01  0.236E-03  0.107E-01  0.352E-05  1896
      2  0.18010E+01  0.306E-03  0.104E-01  0.354E-05  1310
      3  0.18041E+01  0.300E-03  0.949E-02  0.349E-05   633
      4  0.18070E+01  0.526E-03  0.896E-02  0.555E-05   247
      5  0.18119E+01  0.116E-02  0.821E-02  0.114E-04    79
      6  0.18189E+01  0.160E-02  0.620E-02  0.142E-04    16
#     7  0.18210E+01  jk failed  0.551E-02  jk failed     6
#     8  0.18231E+01  jk failed  0.106E-02  jk failed     2
&-----------------------------------------------------------
#beta =   4.00   kappa =   0.2418
#  Re(op_pbp_e)                                                    
#
#    -8  0.18243E+01  jk failed  0.000E+00  jk failed     1
#    -6  0.18076E+01  jk failed  0.940E-02  jk failed     9
     -5  0.18013E+01  0.110E-02  0.870E-02  0.134E-04    55
     -4  0.17993E+01  0.761E-03  0.937E-02  0.902E-05   194
     -3  0.17944E+01  0.500E-03  0.104E-01  0.627E-05   512
     -2  0.17913E+01  0.420E-03  0.117E-01  0.677E-05  1114
     -1  0.17887E+01  0.235E-03  0.124E-01  0.428E-05  1796
      0  0.17884E+01  0.221E-03  0.127E-01  0.509E-05  2208
      1  0.17889E+01  0.272E-03  0.128E-01  0.592E-05  1882
      2  0.17912E+01  0.356E-03  0.119E-01  0.626E-05  1280
      3  0.17943E+01  0.430E-03  0.105E-01  0.615E-05   615
      4  0.17981E+01  0.734E-03  0.102E-01  0.110E-04   237
      5  0.18018E+01  0.942E-03  0.842E-02  0.951E-05    74
      6  0.18084E+01  0.186E-02  0.791E-02  0.186E-04    19
#     7  0.18181E+01  jk failed  0.110E-01  jk failed     4
&-----------------------------------------------------------
#beta =   4.00   kappa =   0.2449
#  Re(op_pbp_e)                                                    
#
#    -7  0.17970E+01  jk failed  0.185E-02  jk failed     2
#    -6  0.17934E+01  jk failed  0.110E-01  jk failed     5
     -5  0.17916E+01  0.222E-02  0.116E-01  0.411E-04    30
     -4  0.17811E+01  0.960E-03  0.120E-01  0.158E-04   153
     -3  0.17768E+01  0.518E-03  0.136E-01  0.102E-04   478
     -2  0.17717E+01  0.418E-03  0.142E-01  0.835E-05  1123
     -1  0.17682E+01  0.435E-03  0.155E-01  0.827E-05  1885
      0  0.17675E+01  0.296E-03  0.162E-01  0.833E-05  2239
      1  0.17690E+01  0.498E-03  0.155E-01  0.703E-05  1943
      2  0.17724E+01  0.398E-03  0.148E-01  0.749E-05  1283
      3  0.17777E+01  0.530E-03  0.134E-01  0.149E-04   567
      4  0.17821E+01  0.737E-03  0.110E-01  0.109E-04   218
      5  0.17876E+01  0.131E-02  0.988E-02  0.155E-04    65
#     6  0.17988E+01  jk failed  0.947E-02  jk failed     8
#     7  0.17945E+01  jk failed  0.000E+00  jk failed     1
&-----------------------------------------------------------
#beta =   4.00   kappa =   0.2480
#  Re(op_pbp_e)                                                    
#
#    -7  0.18034E+01  jk failed  0.000E+00  jk failed     1
#    -6  0.17914E+01  jk failed  0.103E-01  jk failed     7
     -5  0.17784E+01  0.232E-02  0.117E-01  0.278E-04    35
     -4  0.17653E+01  0.123E-02  0.149E-01  0.234E-04   123
     -3  0.17553E+01  0.755E-03  0.156E-01  0.203E-04   475
     -2  0.17496E+01  0.537E-03  0.180E-01  0.121E-04  1090
     -1  0.17449E+01  0.530E-03  0.196E-01  0.881E-05  1895
      0  0.17418E+01  0.398E-03  0.207E-01  0.119E-04  2436
      1  0.17449E+01  0.415E-03  0.200E-01  0.934E-05  2073
      2  0.17496E+01  0.416E-03  0.179E-01  0.935E-05  1164
      3  0.17565E+01  0.732E-03  0.155E-01  0.150E-04   510
      4  0.17658E+01  0.157E-02  0.144E-01  0.265E-04   156
      5  0.17747E+01  0.264E-02  0.122E-01  0.513E-04    28
#     6  0.17849E+01  jk failed  0.915E-02  jk failed     7
&-----------------------------------------------------------
#beta =   4.00   kappa =   0.2500
#  Re(op_pbp_e)                                                    
#
#    -7  0.17814E+01  jk failed  0.000E+00  jk failed     1
#    -6  0.17822E+01  jk failed  0.104E-01  jk failed     3
     -5  0.17651E+01  0.399E-02  0.174E-01  0.992E-04    20
     -4  0.17530E+01  0.143E-02  0.162E-01  0.319E-04   140
     -3  0.17420E+01  0.127E-02  0.169E-01  0.177E-04   376
     -2  0.17339E+01  0.665E-03  0.197E-01  0.148E-04  1053
     -1  0.17253E+01  0.401E-03  0.228E-01  0.110E-04  2054
      0  0.17233E+01  0.489E-03  0.246E-01  0.183E-04  2421
      1  0.17272E+01  0.544E-03  0.230E-01  0.136E-04  2098
      2  0.17346E+01  0.584E-03  0.208E-01  0.127E-04  1198
      3  0.17445E+01  0.772E-03  0.175E-01  0.197E-04   457
      4  0.17576E+01  0.120E-02  0.166E-01  0.333E-04   152
      5  0.17682E+01  0.177E-02  0.850E-02  0.247E-04    24
#     6  0.17787E+01  jk failed  0.257E-01  jk failed     2
#     7  0.18060E+01  jk failed  0.000E+00  jk failed     1
&-----------------------------------------------------------
#beta =   4.00   kappa =   0.2515
#  Re(op_pbp_e)                                                    
#
#    -6  0.17823E+01  jk failed  0.120E-02  jk failed     3
     -5  0.17588E+01  0.335E-02  0.106E-01  0.400E-04    11
     -4  0.17509E+01  0.207E-02  0.172E-01  0.682E-04    76
     -3  0.17301E+01  0.116E-02  0.191E-01  0.282E-04   355
     -2  0.17209E+01  0.730E-03  0.223E-01  0.156E-04  1016
     -1  0.17115E+01  0.621E-03  0.259E-01  0.186E-04  2057
      0  0.17067E+01  0.429E-03  0.277E-01  0.163E-04  2695
      1  0.17126E+01  0.698E-03  0.256E-01  0.187E-04  2112
      2  0.17214E+01  0.614E-03  0.217E-01  0.221E-04  1109
      3  0.17321E+01  0.882E-03  0.204E-01  0.194E-04   440
      4  0.17451E+01  0.122E-02  0.156E-01  0.438E-04   109
      5  0.17683E+01  0.381E-02  0.148E-01  0.956E-04    16
#     6  0.17739E+01  jk failed  0.000E+00  jk failed     1
&-----------------------------------------------------------
#beta =   4.00   kappa =   0.2530
#  Re(op_pbp_e)                                                    
#
     -5  0.17604E+01  0.334E-02  0.106E-01  0.418E-04    11
     -4  0.17421E+01  0.290E-02  0.202E-01  0.834E-04    67
     -3  0.17243E+01  0.137E-02  0.215E-01  0.397E-04   293
     -2  0.17078E+01  0.907E-03  0.255E-01  0.315E-04   980
     -1  0.16950E+01  0.735E-03  0.278E-01  0.244E-04  2105
      0  0.16874E+01  0.562E-03  0.318E-01  0.250E-04  2792
      1  0.16950E+01  0.532E-03  0.284E-01  0.234E-04  2180
      2  0.17098E+01  0.684E-03  0.245E-01  0.220E-04  1127
      3  0.17248E+01  0.136E-02  0.217E-01  0.388E-04   346
      4  0.17370E+01  0.160E-02  0.168E-01  0.445E-04    80
      5  0.17631E+01  0.425E-02  0.165E-01  0.700E-04    16
#     6  0.17719E+01  jk failed  0.208E-01  jk failed     3
&-----------------------------------------------------------
#beta =   4.00   kappa =   0.2545
#  Re(op_pbp_e)                                                    
#
#    -6  0.17848E+01  jk failed  0.000E+00  jk failed     1
#    -5  0.17586E+01  jk failed  0.157E-01  jk failed     7
     -4  0.17320E+01  0.439E-02  0.217E-01  0.838E-04    42
     -3  0.17132E+01  0.160E-02  0.226E-01  0.467E-04   285
     -2  0.16948E+01  0.113E-02  0.269E-01  0.287E-04   888
     -1  0.16767E+01  0.516E-03  0.305E-01  0.197E-04  2105
      0  0.16681E+01  0.567E-03  0.352E-01  0.272E-04  3074
      1  0.16768E+01  0.788E-03  0.300E-01  0.207E-04  2230
      2  0.16954E+01  0.885E-03  0.261E-01  0.312E-04  1001
      3  0.17126E+01  0.153E-02  0.241E-01  0.575E-04   298
      4  0.17357E+01  0.285E-02  0.242E-01  0.102E-03    61
#     5  0.17614E+01  jk failed  0.244E-01  jk failed     7
#     6  0.18044E+01  jk failed  0.000E+00  jk failed     1
&-----------------------------------------------------------
#beta =   4.00   kappa =   0.2560
#  Re(op_pbp_e)                                                    
#
#    -5  0.17228E+01  jk failed  0.126E-01  jk failed     4
     -4  0.17319E+01  0.699E-02  0.297E-01  0.229E-03    26
     -3  0.17044E+01  0.232E-02  0.276E-01  0.772E-04   211
     -2  0.16787E+01  0.116E-02  0.290E-01  0.503E-04   772
     -1  0.16571E+01  0.606E-03  0.321E-01  0.208E-04  2233
      0  0.16423E+01  0.747E-03  0.394E-01  0.312E-04  3427
      1  0.16565E+01  0.747E-03  0.328E-01  0.405E-04  2278
      2  0.16804E+01  0.132E-02  0.280E-01  0.450E-04   807
      3  0.17078E+01  0.177E-02  0.276E-01  0.107E-03   205
      4  0.17331E+01  0.496E-02  0.236E-01  0.229E-03    32
#     5  0.17754E+01  jk failed  0.256E-01  jk failed     4
#     6  0.17538E+01  jk failed  0.000E+00  jk failed     1
&-----------------------------------------------------------
#beta =   4.00   kappa =   0.2575
#  Re(op_pbp_e)                                                    
#
#    -5  0.17754E+01  jk failed  0.126E-01  jk failed     3
     -4  0.17218E+01  0.602E-02  0.269E-01  0.258E-03    21
     -3  0.16979E+01  0.290E-02  0.299E-01  0.130E-03   128
     -2  0.16672E+01  0.121E-02  0.318E-01  0.741E-04   669
     -1  0.16367E+01  0.666E-03  0.342E-01  0.356E-04  2273
      0  0.16125E+01  0.772E-03  0.415E-01  0.476E-04  3714
      1  0.16354E+01  0.597E-03  0.338E-01  0.342E-04  2313
      2  0.16651E+01  0.118E-02  0.315E-01  0.518E-04   738
      3  0.16928E+01  0.311E-02  0.305E-01  0.120E-03   118
      4  0.17246E+01  0.607E-02  0.285E-01  0.248E-03    23
&-----------------------------------------------------------
#beta =   4.00   kappa =   0.2590
#  Re(op_pbp_e)                                                    
#
#    -4  0.17020E+01  jk failed  0.229E-01  jk failed     6
     -3  0.16855E+01  0.313E-02  0.341E-01  0.170E-03   103
     -2  0.16499E+01  0.155E-02  0.329E-01  0.706E-04   526
     -1  0.16135E+01  0.880E-03  0.358E-01  0.653E-04  2136
      0  0.15817E+01  0.808E-03  0.417E-01  0.676E-04  4538
      1  0.16135E+01  0.725E-03  0.349E-01  0.557E-04  2137
      2  0.16482E+01  0.198E-02  0.342E-01  0.897E-04   479
      3  0.16917E+01  0.476E-02  0.401E-01  0.338E-03    67
#     4  0.17318E+01  jk failed  0.340E-01  jk failed     8
&-----------------------------------------------------------
#beta =   4.00   kappa =   0.2605
#  Re(op_pbp_e)                                                    
#
#    -4  0.17366E+01  jk failed  0.603E-01  jk failed     2
     -3  0.16674E+01  0.710E-02  0.387E-01  0.597E-03    38
     -2  0.16327E+01  0.183E-02  0.397E-01  0.140E-03   330
     -1  0.15883E+01  0.785E-03  0.344E-01  0.775E-04  1948
      0  0.15484E+01  0.589E-03  0.356E-01  0.643E-04  5435
      1  0.15890E+01  0.897E-03  0.352E-01  0.106E-03  1867
      2  0.16344E+01  0.236E-02  0.410E-01  0.130E-03   328
      3  0.16757E+01  0.848E-02  0.502E-01  0.642E-03    45
#     4  0.17466E+01  jk failed  0.293E-01  jk failed     6
#     5  0.17304E+01  jk failed  0.000E+00  jk failed     1
&-----------------------------------------------------------
#beta =   4.00   kappa =   0.2620
#  Re(op_pbp_e)                                                    
#
#    -4  0.17928E+01  jk failed  0.120E+00  jk failed     5
     -3  0.16632E+01  0.105E-01  0.604E-01  0.107E-02    52
     -2  0.16124E+01  0.195E-02  0.411E-01  0.122E-03   676
     -1  0.15622E+01  0.444E-03  0.333E-01  0.320E-04  6155
      0  0.15161E+01  0.197E-03  0.281E-01  0.207E-04 26227
      1  0.15618E+01  0.466E-03  0.322E-01  0.384E-04  6121
      2  0.16090E+01  0.195E-02  0.421E-01  0.999E-04   703
      3  0.16611E+01  0.719E-02  0.549E-01  0.666E-03    58
#     4  0.17394E+01  jk failed  0.655E-01  jk failed     3
&-----------------------------------------------------------
#beta =   4.00   kappa =   0.2625
#  Re(op_pbp_e)                                                    
#
#    -4  0.16477E+01  jk failed  0.311E-01  jk failed     3
     -3  0.16567E+01  0.104E-01  0.502E-01  0.807E-03    37
     -2  0.16025E+01  0.174E-02  0.419E-01  0.127E-03   564
     -1  0.15517E+01  0.433E-03  0.308E-01  0.304E-04  5636
      0  0.15062E+01  0.164E-03  0.259E-01  0.177E-04 27592
      1  0.15522E+01  0.554E-03  0.331E-01  0.493E-04  5569
      2  0.16012E+01  0.182E-02  0.425E-01  0.138E-03   564
      3  0.16478E+01  0.122E-01  0.505E-01  0.100E-02    29
#     4  0.17076E+01  jk failed  0.387E-01  jk failed     6
&-----------------------------------------------------------
#beta =   4.00   kappa =   0.2630
#  Re(op_pbp_e)                                                    
#
     -3  0.16545E+01  0.123E-01  0.538E-01  0.864E-03    29
     -2  0.15980E+01  0.253E-02  0.458E-01  0.193E-03   429
     -1  0.15440E+01  0.404E-03  0.335E-01  0.503E-04  5071
      0  0.14962E+01  0.150E-03  0.240E-01  0.166E-04 29086
      1  0.15434E+01  0.433E-03  0.319E-01  0.424E-04  4979
      2  0.15887E+01  0.163E-02  0.415E-01  0.158E-03   389
      3  0.16772E+01  0.940E-02  0.376E-01  0.429E-03    17
&-----------------------------------------------------------
#beta =   4.00   kappa =   0.2635
#  Re(op_pbp_e)                                                    
#
     -2  0.15837E+01  0.481E-02  0.445E-01  0.266E-03    84
     -1  0.15338E+01  0.109E-02  0.316E-01  0.628E-04  1117
      0  0.14864E+01  0.330E-03  0.223E-01  0.368E-04  7594
      1  0.15340E+01  0.116E-02  0.305E-01  0.662E-04  1113
      2  0.15853E+01  0.626E-02  0.485E-01  0.545E-03    88
#     3  0.16280E+01  jk failed  0.390E-01  jk failed     4
&-----------------------------------------------------------
#beta =   4.00   kappa =   0.2650
#  Re(op_pbp_e)                                                    
#
#    -4  0.16659E+01  jk failed  0.000E+00  jk failed     1
     -2  0.15633E+01  0.906E-02  0.465E-01  0.833E-03    39
     -1  0.15038E+01  0.918E-03  0.274E-01  0.494E-04   738
      0  0.14578E+01  0.203E-03  0.181E-01  0.211E-04  8474
      1  0.15036E+01  0.133E-02  0.304E-01  0.922E-04   710
      2  0.15467E+01  0.832E-02  0.418E-01  0.405E-03    37
#     3  0.16085E+01  jk failed  0.000E+00  jk failed     1
&-----------------------------------------------------------
#beta =   4.00   kappa =   0.2700
#  Re(op_pbp_e)                                                    
#
#    -2  0.14216E+01  jk failed  0.000E+00  jk failed     1
     -1  0.14046E+01  0.282E-02  0.346E-01  0.247E-03   178
      0  0.13619E+01  0.753E-03  0.342E-01  0.771E-04  9663
      1  0.14043E+01  0.370E-02  0.348E-01  0.269E-03   157
#     2  0.13803E+01  jk failed  0.000E+00  jk failed     1
&-----------------------------------------------------------
