# triplet j1 / nf 5 / mode 2 / nplat  5 / jkb  20 / start     1 / nmeas 10000
 0.0010   4.4455358567064188E-002  0.17540493207671484        4.7248095846734483E-004   2.3400073595836851E-006   2.1866689372939771E-002   8.6278146059638058E-002
 0.0020   8.3539054243043684E-002  0.34266436238626413        9.4495921751648669E-004   4.6799374281017250E-006   2.3272710879886960E-002   9.5461100919824807E-002
 0.0030  0.12409039847315555       0.45173151047292098        1.4174320841203452E-003   7.0197134338492596E-006   2.3501120836188147E-002   8.5552141017878613E-002
 0.0040  0.17316452974128957       0.51646353020419977        1.8898968722795562E-003   9.3592591786120332E-006   2.2454588922195411E-002   6.6970876068285709E-002
 0.0050  0.23581130323482158       0.55351954629757161        2.3623509030819929E-003   1.1698499038803813E-005   2.0611404459210801E-002   4.8381148128008172E-002
 0.0060  0.31603121555050834       0.57165501003279506        2.8347915047616727E-003   1.4037357963687995E-005   1.8455303972759882E-002   3.3383021491256611E-002
 0.0070   1.2706212116106719       0.50746597288195028        3.3072160127562171E-003   1.6375761495511923E-005   5.3552431915392870E-003   2.1388403448084413E-003
 0.0080   1.2730891659566006       0.45553802783374209        3.7796217697636096E-003   1.8713635744378303E-005   6.1083700615967235E-003   2.1857553427780409E-003
 0.0090   1.2746218521089658       0.40896625873787007        4.2520061257975894E-003   2.1050907402474022E-005   6.8635979138947662E-003   2.2022715943280343E-003
 0.0100   1.2756079507280738       0.36747114072096676        4.7243664382423814E-003   2.3387503772590336E-005   7.6202561156851305E-003   2.1952885825157207E-003
 0.0200   1.2778321143720921       0.14384196289302575        9.4460711633734436E-003   4.6700752456414895E-005   1.5211841919937749E-002   1.7127670418662299E-003
 0.0400   1.2753763900673185       0.12559887833922026        1.8871203205138722E-002   9.2835075596165939E-005   3.0465367129788423E-002   3.0011605286879039E-003
 0.0600   1.2764290403577534        6.1932273765986492E-002   2.8255624565834116E-002   1.3792350448733093E-004   4.5619067369214054E-002   2.2162334070220252E-003
 0.0800   1.2769670894151575        3.6369130881300213E-002   3.7580922088679664E-002   1.8157780087961397E-004   6.0724507703985992E-002   1.7356972600972693E-003
 0.1000   1.2770540582882330        2.4134665935020547E-002   4.6830075881852673E-002   2.2349068293685436E-004   7.5782363695125809E-002   1.4435593128221456E-003
 0.1200   1.2748896898008031        4.3136425821143673E-002   5.5987435466918159E-002   2.6342040891404813E-004   9.0923951020986174E-002   3.0838768585612483E-003
 0.1400   1.2738317715339524        3.1400999799232762E-002   6.5038644170138118E-002   3.0117158747328587E-004  0.10593822170224232        2.6229579556640943E-003
 0.1600   1.2699039614163399        4.0469236311492338E-002   7.3970519079331734E-002   3.3657314667531453E-004  0.12115279683553004        3.8707173489194056E-003
 0.1800   1.2678424552477583        3.0494531666076619E-002   8.2770893235265694E-002   3.6945434398820849E-004  0.13615223686306271        3.2888422982659490E-003
 0.2000   1.2656840090875714        2.3413440368296335E-002   9.1428425566522059E-002   3.9962023929865473E-004  0.15109334049746068        2.8144597096341484E-003
 0.2200   1.2637792732052773        1.8303840048180534E-002   9.9932383236640235E-002   4.2682912632682556E-004  0.16592362687709933        2.4291245132456608E-003
 0.2400   1.2624993676387388        1.4565292873820657E-002  0.10827240157209186        4.5077573825038367E-004  0.18057113770964220        2.1168665678695498E-003
 0.2600   1.2622089349721948        1.1799628892033997E-002  0.11643822953474312        4.7108506748345848E-004  0.19494774604606810        1.8646282485637591E-003
 0.2800   1.2632433243061203        9.7382918159903461E-003  0.12441947429221989        4.8732173350668858E-004  0.20895423738994995        1.6619852673574579E-003
 0.3000   1.2658873214608657        8.1915144568441029E-003  0.13220536642309941        4.9901841480620864E-004  0.22248724438077094        1.4996903221937944E-003
 0.3200   1.2703599744097482        7.0159509656569979E-003  0.13978457603771829        5.0572371265802441E-004  0.23544681067079126        1.3683013701991859E-003
 0.3400   1.2768108996094840        6.1006426220451245E-003  0.14714511674034486        5.0706527735832740E-004  0.24774266319196608        1.2583364453733750E-003
 0.3600   1.2853268995651395        5.3636910750457858E-003  0.15427437536383906        5.0281914652402268E-004  0.25929822862217505        1.1616373430743041E-003
 0.3800   1.2959437001540028        4.7500927489423110E-003  0.16115929766778433        4.9297258570425706E-004  0.27005258844714553        1.0725563425571353E-003
 0.4000   1.3086586087505205        4.2266006654231901E-003  0.16778674246335690        4.7776678983788695E-004  0.27996094337343125        9.8815123814671941E-004


# triplet j3 / nf 5 / mode 2 / nplat  5 / jkb  20 / start     1 / nmeas 10000
 0.0010   1.2761582139503365        7.4931761317255227E-003   4.7248095846734483E-004   2.3400073595836851E-006   7.6173275862053867E-004   4.8541282418713929E-006
 0.0020   1.2761597128049098        7.4930867022095868E-003   9.4495921751648669E-004   4.6799374281017250E-006   1.5234615519278364E-003   9.7081031417096041E-006
 0.0030   1.2761621750911722        7.4929379082289528E-003   1.4174320841203452E-003   7.0197134338492596E-006   2.2851824838955289E-003   1.4561772722400631E-005
 0.0040   1.2761655713762057        7.4927298469604064E-003   1.8898968722795562E-003   9.3592591786120332E-006   3.0468917344735986E-003   1.9414986258893392E-005
 0.0050   1.2761698723510857        7.4924626337418872E-003   2.3623509030819929E-003   1.1698499038803813E-005   3.8085855592815410E-003   2.4267594326848522E-005
 0.0060   1.2761750486316592        7.4921364407094194E-003   2.8347915047616727E-003   1.4037357963687995E-005   4.5702602900120201E-003   2.9119448986119775E-005
 0.0070   1.2761810707269343        7.4917517148934678E-003   3.3072160127562171E-003   1.6375761495511923E-005   5.3319123348440677E-003   3.3970404789435561E-005
 0.0080   1.2761879091032466        7.4913084255217553E-003   3.7796217697636096E-003   1.8713635744378303E-005   6.0935381785091848E-003   3.8820316221175910E-005
 0.0090   1.2761955343521978        7.4908070274042659E-003   4.2520061257975894E-003   2.1050907402474022E-005   6.8551343815668126E-003   4.3669041149294277E-005
 0.0100   1.2762039168936863        7.4902477066232064E-003   4.7243664382423814E-003   2.3387503772590336E-005   7.6166975818504241E-003   4.8516438039512162E-005
 0.0200   1.2763228982870594        7.4815510295571166E-003   9.4460711633734436E-003   4.6700752456414895E-005   1.5229829497015115E-002   9.6887733991011317E-005
 0.0400   1.2766618991613352        7.4490676041768242E-003   1.8871203205138722E-002   9.2835075596165939E-005   3.0434690639385108E-002   1.9271440358686087E-004
 0.0600   1.2769485659783544        7.4033434899113812E-003   2.8255624565834116E-002   1.3792350448733093E-004   4.5600507283931321E-002   2.8684802107797137E-004
 0.0800   1.2769845665902928        7.3584080066973201E-003   3.7580922088679664E-002   1.8157780087961397E-004   6.0723676611047273E-002   3.7941690313241650E-004
 0.1000   1.2766207469872122        7.3347968618878538E-003   4.6830075881852673E-002   2.2349068293685436E-004   7.5808085785797341E-002   4.7162386033895736E-004
 0.1200   1.2757768770201756        7.3557898338254962E-003   5.5987435466918159E-002   2.6342040891404813E-004   9.0860721651702503E-002   5.6580717426189993E-004
 0.1400   1.2744557767265114        7.4389705481902680E-003   6.5038644170138118E-002   3.0117158747328587E-004  0.10588635171848935        6.6490438874863280E-004
 0.1600   1.2727483690409893        7.5861054862248235E-003   7.3970519079331734E-002   3.3657314667531453E-004  0.12088203794284630        7.7120815238486374E-004
 0.1800   1.2708281556032033        7.7776510359718080E-003   8.2770893235265694E-002   3.6945434398820849E-004  0.13583235901002308        8.8486251280692240E-004
 0.2000   1.2689362767172745        7.9763786206979697E-003   9.1428425566522059E-002   3.9962023929865473E-004  0.15070609017655817        1.0029414089309818E-003
 0.2200   1.2673603368083561        8.1383129053985512E-003   9.9932383236640235E-002   4.2682912632682556E-004  0.16545479173697117        1.1196777573044300E-003
 0.2400   1.2664107687042370        8.2248310753955979E-003  0.10827240157209186        4.5077573825038367E-004  0.18001343071765383        1.2277020721246463E-003
 0.2600   1.2663980043981427        8.2107579560484339E-003  0.11643822953474312        4.7108506748345848E-004  0.19430288586800176        1.3196665940351773E-003
 0.2800   1.2676128243050520        8.0868790472538050E-003  0.12441947429221989        4.8732173350668858E-004  0.20823396577187703        1.3896356101697396E-003
 0.3000   1.2703114169838612        7.8580619972705799E-003  0.13220536642309941        4.9901841480620864E-004  0.22171239121592604        1.4339088160774734E-003
 0.3200   1.2747058207232154        7.5391290467429865E-003  0.13978457603771829        5.0572371265802441E-004  0.23464410338136293        1.4512405425636823E-003
 0.3400   1.2809596022512055        7.1503520846158400E-003  0.14714511674034486        5.0706527735832740E-004  0.24694028766080545        1.4426005733216864E-003
 0.3600   1.2891879724738067        6.7136871480280554E-003  0.15427437536383906        5.0281914652402268E-004  0.25852163949229251        1.4106775968114021E-003
 0.3800   1.2994611780537106        6.2501471546100125E-003  0.16115929766778433        4.9297258570425706E-004  0.26932159007053802        1.3592980339478537E-003
 0.4000   1.3118099535110379        5.7782413126848996E-003  0.16778674246335690        4.7776678983788695E-004  0.27928839667587951        1.2928714432293186E-003


