# triplet j1 / nf 1 / mode 2 / nplat  5 / jkb  20 / start     1 / nmeas 10000
 0.0010  0.16142399508040400        3.0707612386837575E-002   3.8407864605160144E-002   1.3813927119551766E-003   5.4294643686335124E-002   1.0374493664764244E-002
 0.0020  0.22503557296568028        3.7431414807140330E-002   3.8963916160575214E-002   1.3748857167246082E-003   5.5476636233836613E-002   9.2795004167552063E-003
 0.0030  0.26963485010952709        3.9149024613105300E-002   3.9519618640965447E-002   1.3684038620689666E-003   5.7109186518415726E-002   8.3505803038899252E-003
 0.0040  0.30328170457130732        3.8744323192310498E-002   4.0074965779998549E-002   1.3619471584271989E-003   5.9038506317618547E-002   7.6086135381325491E-003
 0.0050  0.32959227590626516        3.7434797636150714E-002   4.0629951318551648E-002   1.3555156142579274E-003   6.1156993284700166E-002   7.0206731455915283E-003
 0.0060  0.35069415449685293        3.5760849272164094E-002   4.1184569005194509E-002   1.3491092360439251E-003   6.3391256302025453E-002   6.5469622757884233E-003
 0.0070  0.36797136146462717        3.3966970266363958E-002   4.1738812596674522E-002   1.3427280283479044E-003   6.5693143385583075E-002   6.1554250224127643E-003
 0.0080  0.38236916878723370        3.2166624947791649E-002   4.2292675858397362E-002   1.3363719938180466E-003   6.8031446681974903E-002   5.8231688420668070E-003
 0.0090  0.39455430792759377        3.0413679629126913E-002   4.2846152564908965E-002   1.3300411332453420E-003   7.0385852961520903E-002   5.5344910962481716E-003
 0.0100  0.40500912416965129        2.8733727954088222E-002   4.3399236500376137E-002   1.3237354455406408E-003   7.2743004582714973E-002   5.2787071646773140E-003
 0.0200  0.46344380030533883        1.6495087010200370E-002   4.8907113799501765E-002   1.2620615791328726E-003   9.5437473972456610E-002   3.6131605787327169E-003
 0.0400  0.51271569090041735        6.9340421287165180E-003   5.9778810561780041E-002   1.1461972845934988E-003  0.13487828017798700        2.2359420074385119E-003
 0.0600  0.54559910557216662        4.4211188368156800E-003   7.0419568128305604E-002   1.0400711894524447E-003  0.16848593485657148        1.8471927265737900E-003
 0.0800  0.57464137539111448        3.7790733672939929E-003   8.0786186912637947E-002   9.4326353789076520E-004  0.19784799498865874        1.7398435141818124E-003
 0.1000  0.60243529540948781        3.1905169645946412E-003   9.0840402070990534E-002   8.5526357924872905E-004  0.22374024710688079        1.5853789237383134E-003
 0.1200  0.62986798165761959        3.0967393402672773E-003  0.10054973016086342        7.7551874325657163E-004  0.24663036368356214        1.5410676850001156E-003
 0.1400  0.65759294241910327        2.6157832620197045E-003  0.10988798852937748        7.0346530080066683E-004  0.26674542780460442        1.3619259891819633E-003
 0.1600  0.68577375705824373        2.5107691193744079E-003  0.11883548856737237        6.3854400030898114E-004  0.28435914877284096        1.2913395124369272E-003
 0.1800  0.71458931817547944        2.4091147789002316E-003  0.12737893182027496        5.8020572178490147E-004  0.29967018206826884        1.2192106999807176E-003
 0.2000  0.74406011782306603        2.3082973121200715E-003  0.13551105784241801        5.2791215957599007E-004  0.31290271883388610        1.1461984308377849E-003
 0.2200  0.77418979014790690        2.2096010302201001E-003  0.14323010371117459        4.8113544415986838E-004  0.32426199609085576        1.0738313250000236E-003
 0.2400  0.80497192021400332        2.1149865399964214E-003  0.15053913789974785        4.3935904417846677E-004  0.33393704503125354        1.0036330772865973E-003
 0.2600  0.83639412262005808        2.0261558561995604E-003  0.15744532739675476        4.0208080176912448E-004  0.34210197988715835        9.3681635733640150E-004
 0.2800  0.86844060253439370        1.9443258761559492E-003  0.16395918868574877        3.6881783362264033E-004  0.34891671405893682        8.7421188509891035E-004
 0.3000  0.90109381831380031        1.8702337389686174E-003  0.17009386258090278        3.3911239887927084E-004  0.35452750683239648        8.1629529711769490E-004
 0.3200  0.93433558540958483        1.8042142509934929E-003  0.17586444174362661        3.1253766509345361E-004  0.35906751495939182        7.6325102315575894E-004
 0.3400  0.96814781877633771        1.7462918573990043E-003  0.18128736927590733        2.8870244253033692E-004  0.36265741234854704        7.1504422503046471E-004
 0.3600   1.0025130345470519        1.6962673275360528E-003  0.18637991788586120        2.6725427861434413E-004  0.36540608754051701        6.7148761804173207E-004
 0.3800   1.0372818495875429        1.8953484568072540E-003  0.19115975209824823        2.4788069721002779E-004  0.36745845679353889        7.1244556156820407E-004
 0.4000   1.0726654440562944        1.8286038794647498E-003  0.19564457086045733        2.3030866535645722E-004  0.36882011916034180        6.6515954232915274E-004


# triplet j3 / nf 1 / mode 2 / nplat  5 / jkb  20 / start     1 / nmeas 10000
 0.0010  0.57690585520261639        1.3975468700670337E-002   3.8407864605160144E-002   1.3813927119551766E-003   1.5192181213409706E-002   4.5835085081188449E-004
 0.0020  0.57174591966718002        1.6315795545615221E-002   3.8963916160575214E-002   1.3748857167246082E-003   2.1835252673700321E-002   7.3258047633235511E-004
 0.0030  0.56819367302103185        1.7308228891953586E-002   3.9519618640965447E-002   1.3684038620689666E-003   2.7101017976664560E-002   9.4956608276847458E-004
 0.0040  0.56528505331561762        1.6626496337587414E-002   4.0074965779998549E-002   1.3619471584271989E-003   3.1674813841847893E-002   1.0759394603702768E-003
 0.0050  0.56276074000302223        1.6143377144500117E-002   4.0629951318551648E-002   1.3555156142579274E-003   3.5817837264518940E-002   1.1885654439152790E-003
 0.0060  0.56055596021279297        1.5802905477289138E-002   4.1184569005194509E-002   1.3491092360439251E-003   3.9658739910450720E-002   1.2930364688073361E-003
 0.0070  0.55862489564950502        1.5564175156009347E-002   4.1738812596674522E-002   1.3427280283479044E-003   4.3272678319103822E-002   1.3921375931295425E-003
 0.0080  0.55693294109928493        1.5397006777431985E-002   4.2292675858397362E-002   1.3363719938180466E-003   4.6707827459145333E-002   1.4872732754540700E-003
 0.0090  0.55545251308991272        1.5279156405515679E-002   4.2846152564908965E-002   1.3300411332453420E-003   4.9997147998556049E-002   1.5791285011197099E-003
 0.0100  0.55416075207241200        1.5194342454369703E-002   4.3399236500376137E-002   1.3237354455406408E-003   5.3164321842237912E-002   1.6680095464785892E-003
 0.0200  0.51249842227047182        1.6290670353361150E-002   4.8907113799501765E-002   1.2620615791328726E-003   8.6302520568531146E-002   2.9606631892321491E-003
 0.0400  0.52845599929205112        9.1263187041991899E-003   5.9778810561780041E-002   1.1461972845934988E-003  0.13086086770054550        2.5848105515090276E-003
 0.0600  0.55155345730678185        5.9291002552013363E-003   7.0419568128305604E-002   1.0400711894524447E-003  0.16666702772222008        2.1736737840138227E-003
 0.0800  0.57653650785954114        4.4240839084173965E-003   8.0786186912637947E-002   9.4326353789076520E-004  0.19719764907993537        1.9013572180698790E-003
 0.1000  0.60249725125481235        3.6782586945032394E-003   9.0840402070990534E-002   8.5526357924872905E-004  0.22371723950624237        1.7246829949367104E-003
 0.1200  0.62923298531414995        3.2705311245558658E-003  0.10054973016086342        7.7551874325657163E-004  0.24687925301832811        1.5978125912565317E-003
 0.1400  0.65669047335933528        3.0117270068719419E-003  0.10988798852937748        7.0346530080066683E-004  0.26711200765492071        1.4938875134742052E-003
 0.1600  0.68485129967122371        2.8198802222291833E-003  0.11883548856737237        6.3854400030898114E-004  0.28474216505313149        1.3999377917043197E-003
 0.1800  0.71370381916227477        2.6606558788060406E-003  0.12737893182027496        5.8020572178490147E-004  0.30004198566996426        1.3107598275971827E-003
 0.2000  0.74323598130197721        2.5201513570334783E-003  0.13551105784241801        5.2791215957599007E-004  0.31324968072032122        1.2249443874752558E-003
 0.2200  0.77343384821164385        2.3929581767388529E-003  0.14323010371117459        4.8113544415986838E-004  0.32457892460613635        1.1426601015908598E-003
 0.2400  0.80428171199294374        2.2770216802393182E-003  0.15053913789974785        4.3935904417846677E-004  0.33422361886522245        1.0645312986829354E-003
 0.2600  0.83576259865866520        2.1714715415564979E-003  0.15744532739675476        4.0208080176912448E-004  0.34236048104273220        9.9113503340415355E-004
 0.2800  0.86785880406970850        2.0757504498942199E-003  0.16395918868574877        3.6881783362264033E-004  0.34915062216425369        9.2282459315105913E-004
 0.3000  0.90055236792026960        1.9893029192858806E-003  0.17009386258090278        3.3911239887927084E-004  0.35474066385127723        8.5970902949062940E-004
 0.3200  0.93382547074332878        1.9114966941659918E-003  0.17586444174362661        3.1253766509345361E-004  0.35926366039694463        8.0169605787551142E-004
 0.3400  0.96766076166870918        1.8416312057390951E-003  0.18128736927590733        2.8870244253033692E-004  0.36283995035909311        7.4855146237067828E-004
 0.3600   1.0020416229975382        1.7789719828276021E-003  0.18637991788586120        2.6725427861434413E-004  0.36557799322384971        6.9995456077282241E-004
 0.3800   1.0369523780537759        1.7227864057773382E-003  0.19115975209824823        2.4788069721002779E-004  0.36757520960101364        6.5554239470365697E-004
 0.4000   1.0723784497736522        1.6723714791485990E-003  0.19564457086045733        2.3030866535645722E-004  0.36891882430081224        6.1494130492094096E-004


