# triplet j1 / nf 3 / mode 2 / nplat  5 / jkb  20 / start     1 / nmeas 10000
 0.0010   7.1165702146327489E-002   9.8554551696904760E-002   4.9446783313924375E-004   2.0914551889106801E-006   1.3973760048257563E-002   1.9351727326582871E-002
 0.0020  0.13677964641179005       0.20570793768190226        9.8915390833094301E-004   4.1944123366288194E-006   1.4542546281617511E-002   2.1871091609397833E-002
 0.0030  0.20853076511993018       0.28237215908536845        1.4840553251286156E-003   6.3088390933068723E-006   1.4309700175858640E-002   1.9376833486542500E-002
 0.0040  0.29216851726128013       0.32024105067865549        1.9791691733514354E-003   8.4347010893522386E-006   1.3619245105232132E-002   1.4927856172553960E-002
 0.0050  0.39102863667170445       0.33196092072017397        2.4744925331196821E-003   1.0571961923886332E-005   1.2721388331869541E-002   1.0799764408205455E-002
 0.0060   1.0549443993040977       0.29207190241063591        2.9700224748905922E-003   1.2720583155249342E-005   5.6590159771927771E-003   1.5668020103487210E-003
 0.0070   1.0584504273133459       0.24918645856494936        3.4657560594940290E-003   1.4880524305746187E-005   6.5810090930410537E-003   1.5494032468124802E-003
 0.0080   1.0601725089503025       0.21364068984515044        3.9616903381685933E-003   1.7051742841190232E-005   7.5097195052382087E-003   1.5134076112048595E-003
 0.0090   1.0345210041190327       0.29583759621477063        4.4578223525975460E-003   1.9234194154675890E-005   8.6588121654997425E-003   2.4761943552613396E-003
 0.0100   1.0383030565334399       0.26744498157394481        4.9541491349452370E-003   2.1427831598573881E-005   9.5868383247809542E-003   2.4694545104060935E-003
 0.0200   1.0014365296695491       0.23459958526789276        9.9274695369229674E-003   4.3967690840606680E-005   1.9898752392900218E-002   4.6617508776514377E-003
 0.0400   1.0172627397444243        8.3576727963266081E-002   1.9919419883352524E-002   9.2121297754748830E-005   3.9241915579275935E-002   3.2253315823789993E-003
 0.0600   1.0120311782611116        3.7103573434081209E-002   2.9950556486422336E-002   1.4372480465133647E-004   5.9237835143033692E-002   2.1764519549113308E-003
 0.0800   1.0063629633500923        1.9584554650193358E-002   3.9994247200067487E-002   1.9770955421485813E-004   7.9488464804902001E-002   1.5593305242952824E-003
 0.1000   1.0023372034717639        1.1780952794302238E-002   5.0022631060783980E-002   2.5270256194702320E-004   9.9789400367554515E-002   1.1996513577430051E-003
 0.1200   1.0002954255398000        7.9125360689163149E-003   6.0006720513132987E-002   3.0708397719246962E-004  0.11997127774546634        9.9741118215986545E-004
 0.1400   1.0003398720916596        5.8580461575863671E-003   6.9916506336331993E-002   3.5907464041766895E-004  0.13986894387384624        8.9436764350449554E-004
 0.1600   1.0024830407403873        4.6935375810318730E-003   7.9721085263006627E-002   4.0685056033252159E-004  0.15932523069503934        8.4954176068618634E-004
 0.1800   1.0067122349917250        3.9806108029918795E-003   8.9388839718435698E-002   4.4867622911619760E-004  0.17819173384254350        8.3452357150570441E-004
 0.2000   1.0130048651525030        3.5054818657490280E-003   9.8887704078785568E-002   4.8304382604431786E-004  0.19633133126275151        8.3157760400065647E-004
 0.2200   1.0213329496341688        3.1627788711331766E-003  0.10818554928556733        5.0880174464062046E-004  0.21362084192558670        8.3063403629385433E-004
 0.2400   1.0316640036418736        2.8991814717732609E-003  0.11725070567912944        5.2525477329014737E-004  0.22995352624839541        8.2637113046933922E-004
 0.2600   1.0439595808547142        2.6864380913710008E-003  0.12605262291821634        5.3222064333957977E-004  0.24524148145623395        8.1627920728964828E-004
 0.2800   1.0581738742108424        2.5087726277610613E-003  0.13456263908981356        5.3003359846668871E-004  0.25941747431182521        7.9956735006046927E-004
 0.3000   1.0742533342437730        2.3569227194628469E-003  0.14275480432775553        5.1949417123491981E-004  0.27243586589933727        7.7653212065897860E-004
 0.3200   1.0921372090031167        2.2251882004063845E-003  0.15060668422688681        5.0177345843536493E-004  0.28427253794612850        7.4814336609354496E-004
 0.3400   1.1117586585462444        2.1098858093069298E-003  0.15810006074190996        4.7828754739485713E-004  0.29492389048620338        7.1573606462746952E-004
 0.3600   1.1330461622343424        2.0084972076814347E-003  0.16522145570694630        4.5056151102205099E-004  0.30440505927420392        6.8076915669782443E-004
 0.3800   1.1559250304504312        1.9191838943531016E-003  0.17196242319516308        4.2010183332716013E-004  0.31274754281811884        6.4464286645861749E-004
 0.4000   1.1803188990481768        1.8405045322179309E-003  0.17831958673167189        3.8829192216389242E-004  0.31999644750721329        6.0857294273207354E-004


# triplet j3 / nf 3 / mode 2 / nplat  5 / jkb  20 / start     1 / nmeas 10000
 0.0010   1.0458289242551337        1.0109389467533151E-002   4.9446783313924375E-004   2.0914551889106801E-006   9.5087487293088891E-004   9.4089388796797447E-006
 0.0020   1.0452096603548766        1.0068961271717310E-002   9.8915390833094301E-004   4.1944123366288194E-006   1.9030864464564692E-003   1.8772031842256851E-005
 0.0030   1.0445944914708665        1.0028882984105323E-002   1.4840553251286156E-003   6.3088390933068723E-006   2.8566230730423347E-003   2.8089798434853038E-005
 0.0040   1.0439834299318971        9.9891480425174130E-003   1.9791691733514354E-003   8.4347010893522386E-006   3.8114729932765233E-003   3.7362739226681244E-005
 0.0050   1.0433764882960521        9.9497500292399111E-003   2.4744925331196821E-003   1.0571961923886332E-005   4.7676243348228576E-003   4.6591336268778788E-005
 0.0060   1.0427736795631901        9.9106825097315925E-003   2.9700224748905922E-003   1.2720583155249342E-005   5.7250651102094281E-003   5.5776052674151237E-005
 0.0070   1.0421750161566372        9.8719391432285294E-003   3.4657560594940290E-003   1.4880524305746187E-005   6.6837832213350523E-003   6.4917333165537871E-005
 0.0080   1.0415805109102843        9.8335139149464280E-003   3.9616903381685933E-003   1.7051742841190232E-005   7.6437664549074708E-003   7.4015605913900951E-005
 0.0090   1.0409901763137175        9.7954005285002445E-003   4.4578223525975460E-003   1.9234194154675890E-005   8.6050024868163117E-003   8.3071279042422583E-005
 0.0100   1.0404040249343314        9.7575932799551131E-003   4.9541491349452370E-003   2.1427831598573881E-005   9.5674788798902136E-003   9.2084747007284393E-005
 0.0200   1.0347752751504207        9.3951229839387886E-003   9.9274695369229674E-003   4.3967690840606680E-005   1.9257647548838932E-002   1.7997299495720701E-004
 0.0400   1.0248240986156059        8.7404164802184527E-003   1.9919419883352524E-002   9.2121297754748830E-005   3.8952380812394140E-002   3.4420697887519510E-004
 0.0600   1.0166885620617487        8.1546002496112879E-003   2.9950556486422336E-002   1.4372480465133647E-004   5.8966470495023390E-002   4.9366356188207080E-004
 0.0800   1.0104476452853581        7.6173914945821854E-003   3.9994247200067487E-002   1.9770955421485813E-004   7.9167136829360135E-002   6.2807224281461122E-004
 0.1000   1.0061672987843451        7.1162667552533265E-003   5.0022631060783980E-002   2.5270256194702320E-004   9.9409540164331026E-002   7.4658104151389504E-004
 0.1200   1.0038991488899323        6.6438958468647905E-003   6.0006720513132987E-002   3.0708397719246962E-004  0.11954061367384659        8.4820203414240282E-004
 0.1400   1.0036801378627824        6.1963013338688123E-003   6.9916506336331993E-002   3.5907464041766895E-004  0.13940345748227556        9.3209875843979254E-004
 0.1600   1.0055327375853187        5.7715841767799151E-003   7.9721085263006627E-002   4.0685056033252159E-004  0.15884201057180850        9.9776116243687017E-004
 0.1800   1.0094654749184824        5.3690609990364622E-003   8.9388839718435698E-002   4.4867622911619760E-004  0.17770572950814759        1.0451043522378223E-003
 0.2000   1.0154736301929423        4.9886919942621916E-003   9.8887704078785568E-002   4.8304382604431786E-004  0.19585402105739216        1.0745163532869027E-003
 0.2200   1.0235400633837020        4.6307070775198850E-003  0.10818554928556733        5.0880174464062046E-004  0.21316019996904018        1.0868685521597363E-003
 0.2400   1.0336361451394431        4.2953700305988921E-003  0.11725070567912944        5.2525477329014737E-004  0.22951478298872957        1.0834945880143791E-003
 0.2600   1.0457227870319299        3.9828380759191657E-003  0.12605262291821634        5.3222064333957977E-004  0.24482797674889131        1.0661383905148712E-003
 0.2800   1.0597515697218269        3.6930909203891056E-003  0.13456263908981356        5.3003359846668871E-004  0.25903126890634498        1.0368723176480956E-003
 0.3000   1.0756659595596576        3.4259056751746839E-003  0.14275480432775553        5.1949417123491981E-004  0.27207808772693709        9.9798858900274523E-004
 0.3200   1.0934026010081361        3.1808637750609511E-003  0.15060668422688681        5.0177345843536493E-004  0.28394355007246513        9.5187322194876709E-004
 0.3400   1.1128926561729742        2.9573701022205709E-003  0.15810006074190996        4.7828754739485713E-004  0.29462337363938784        9.0087412779691082E-004
 0.3600   1.1340631631216704        2.7546771254328881E-003  0.16522145570694630        4.5056151102205099E-004  0.30413207605293707        8.4717878505241140E-004
 0.3800   1.1568383788129264        2.5719053366908820E-003  0.17196242319516308        4.2010183332716013E-004  0.31250062201972656        7.9271431123096583E-004
 0.4000   1.1811410832566123        2.4080594331391983E-003  0.17831958673167189        3.8829192216389242E-004  0.31977370017446410        7.3907942666675923E-004


