# triplet j1 / nf 6 / mode 2 / nplat  5 / jkb  20 / start     1 / nmeas 10000
 0.0010  0.10637772096781895        155.86806629731208        4.6656298544760195E-004   2.3424990919653120E-006   9.0807026891681162E-003   13.305338335004311     
 0.0020  0.21908167650155475        156.05327604839360        9.3312333698844865E-004   4.6849329499477517E-006   8.8184745429818866E-003   6.2814556843162741     
 0.0030  0.35923419363289050        151.53567581383879        1.3996784208316726E-003   7.0272363458468316E-006   8.0670006236081837E-003   3.4029009848656231     
 0.0040  0.92527931048532874        139.69417480284505        1.8662256034187156E-003   9.3693440669780670E-006   4.1759396516533502E-003  0.63046307977949678     
 0.0050   1.0368160914019773        134.57058214227663        2.3327622515392473E-003   1.1711190916720392E-005   4.6583649631394301E-003  0.60461917039735669     
 0.0060   1.1108834912172727        128.40312262983946        2.7992857324471493E-003   1.4052711726059951E-005   5.2172989876831388E-003  0.60304927309334522     
 0.0070   1.1616200871671902        128.44686355789688        3.2657934139765045E-003   1.6393841348098802E-005   5.8209552274696118E-003  0.64365574453467533     
 0.0080   1.1786306633825980        121.12653223853771        3.7322826646574055E-003   1.8734514700057640E-005   6.5564615640727386E-003  0.67380009524698958     
 0.0090   1.2032906489076018        121.17522527434043        4.1987508538316133E-003   2.1074666714004590E-005   7.2247989048438164E-003  0.72756040772269148     
 0.0100   1.2243226981331863        115.15262938291833        4.6651953517684204E-003   2.3414232388708699E-005   7.8895823542723172E-003  0.74204795397175072     
 0.0200   1.3029212976240074        91.613776369035676        9.3277596660491912E-003   4.6763388773436485E-005   1.4825197455502818E-002   1.0424208489454281     
 0.0400   1.3339669679096260       0.17463832170740451        1.8634540184078507E-002   9.3009954885368737E-005   2.8944047238673113E-002   3.7899425484139116E-003
 0.0600   1.3357142562378646        8.3137782149956194E-002   2.7899726721496477E-002   1.3824261961012683E-004   4.3318861738908053E-002   2.6983959562922998E-003
 0.0800   1.3377292866364709        4.8339317868522122E-002   3.7103411959778752E-002   1.8200174560931774E-004   5.7596843118999937E-002   2.0860706775919129E-003
 0.1000   1.3399764017122282        3.1821956354286203E-002   4.6226699074038764E-002   2.2387911745994852E-004   7.1757002574156917E-002   1.7129319516842041E-003
 0.1200   1.3423389170610316        2.2895630880262426E-002   5.5251949095892830E-002   2.6352714907246764E-004   8.5786162522449846E-002   1.4774460494657202E-003
 0.1400   1.3446827036717446        1.7665538142064306E-002   6.4162962068028906E-002   3.0066290743198078E-004   9.9678478303440038E-002   1.3301713710048176E-003
 0.1600   1.3468743422932343        1.4446835420626490E-002   7.2945086562004421E-002   3.3506702094672584E-004  0.11343470119647626        1.2443021551748769E-003
 0.1800   1.3488053971511582        1.2422701699701827E-002   8.1585256891085728E-002   3.6657777533283112E-004  0.12705969192162989        1.2045504540160589E-003
 0.2000   1.3491290240587599        2.1599187789042129E-002   9.0071961083595872E-002   3.9508073032801591E-004  0.14069262072870356        2.2734866591281383E-003
 0.2200   1.3501789409223770        1.7717317643412736E-002   9.8395145046020871E-002   4.2049420699341654E-004  0.15410681454067290        2.0488550547938769E-003
 0.2400   1.3492220696244568        2.4691261847306568E-002  0.10654605939099478        4.4275122589445913E-004  0.16761229715723519        3.0870733311738540E-003
 0.2600   1.3496446802927915        2.0055416382405534E-002  0.11451705563547188        4.6177912088560323E-004  0.18080786217101946        2.7113824714426892E-003
 0.2800   1.3502183372282954        1.6502108224202606E-002  0.12230133879537286        4.7747916805808205E-004  0.19382313654241903        2.3988940099100740E-003
 0.3000   1.3512519797445581        1.3746590197007826E-002  0.12989268494008782        4.8970996819573762E-004  0.20660062400985188        2.1375721636220399E-003
 0.3200   1.3530824892298756        1.1584340409921214E-002  0.13728513602303721        4.9827950758139100E-004  0.21906725805975047        1.9172038485744671E-003
 0.3400   1.3560456898256921        9.8709346917060497E-003  0.14447269068059104        5.0295109525818585E-004  0.23113888520435294        1.7299424438498401E-003
 0.3600   1.3604479230206190        8.5028140445143272E-003  0.15144901803434530        5.0346700445227867E-004  0.24272670318536088        1.5697763123337077E-003
 0.3800   1.3665439171156490        7.4008780340352682E-003  0.15820722984328964        4.9959029547398497E-004  0.25374434130907925        1.4314295955443928E-003
 0.4000   1.3745252151222420        6.5009494795242794E-003  0.16473975144906758        4.9116042185086894E-004  0.26411403821692664        1.3097318114675815E-003


# triplet j3 / nf 6 / mode 2 / nplat  5 / jkb  20 / start     1 / nmeas 10000
 0.0010   1.3349349035145777        1.1820479192959690E-002   4.6656298544760195E-004   2.3424990919653120E-006   7.2361914750811694E-004   6.6599747156110060E-006
 0.0020   1.3349371267398198        1.1820315639159617E-002   9.3312333698844865E-004   4.6849329499477517E-006   1.4472338422267096E-003   1.3319706326285079E-005
 0.0030   1.3349408317661962        1.1820043068821603E-002   1.3996784208316726E-003   7.0272363458468316E-006   2.1708396320635290E-003   1.9978951775818743E-005
 0.0040   1.3349460180125050        1.1819661522266389E-002   1.8662256034187156E-003   9.3693440669780670E-006   2.8944320664462710E-003   2.6637468132090373E-005
 0.0050   1.3349526847230848        1.1819171050601743E-002   2.3327622515392473E-003   1.1711190916720392E-005   3.6180066969250086E-003   3.3295012630876602E-005
 0.0060   1.3349608308815102        1.1818571716669352E-002   2.7992857324471493E-003   1.4052711726059951E-005   4.3415590780552411E-003   3.9951342729893501E-005
 0.0070   1.3349704552708821        1.1817863612517061E-002   3.2657934139765045E-003   1.6393841348098802E-005   5.0650847680052376E-003   4.6606216217612778E-005
 0.0080   1.3349815564558216        1.1817046818482878E-002   3.7322826646574055E-003   1.8734514700057640E-005   5.7885793293064782E-003   5.3259391145718733E-005
 0.0090   1.3349941327652244        1.1816121456031304E-002   4.1987508538316133E-003   2.1074666714004590E-005   6.5120383296585725E-003   5.9910626055176817E-005
 0.0100   1.3350081823203670        1.1815087651063073E-002   4.6651953517684204E-003   2.3414232388708699E-005   7.2354573425443304E-003   6.6559679918749094E-005
 0.0200   1.3354998167836578        1.0571200398406588E-002   9.3277596660491912E-003   4.6763388773436485E-005   1.4463547851901308E-002   1.2009029770315665E-004
 0.0400   1.3363201816085950        1.0493092318192643E-002   1.8634540184078507E-002   9.3009954885368737E-005   2.8893077770874114E-002   2.3805807585920081E-004
 0.0600   1.3376246321022054        1.0364610250194129E-002   2.7899726721496477E-002   1.3824261961012683E-004   4.3256994376457740E-002   3.5189374970261145E-004
 0.0800   1.3393231651765238        1.0189129082561005E-002   3.7103411959778752E-002   1.8200174560931774E-004   5.7528299264455268E-002   4.5983803090425134E-004
 0.1000   1.3412968468917144        8.9922182973603444E-003   4.6226699074038764E-002   2.2387911745994852E-004   7.1686361098809381E-002   5.1098392381322580E-004
 0.1200   1.3432567236390733        8.7598795814746808E-003   5.5251949095892830E-002   2.6352714907246764E-004   8.5727547439508167E-002   5.9526952745120180E-004
 0.1400   1.3451743648372894        8.5104550883106506E-003   6.4162962068028906E-002   3.0066290743198078E-004   9.9642045824422099E-002   6.7224087030335754E-004
 0.1600   1.3469209170725289        8.2653732926541140E-003   7.2945086562004421E-002   3.3506702094672584E-004  0.11343077877155465        7.4322208936362304E-004
 0.1800   1.3484020801876673        8.0528046498453982E-003   8.1585256891085728E-002   3.6657777533283112E-004  0.12709769640848206        8.1097166053510032E-004
 0.2000   1.3495766684275037        7.9029132542958250E-003   9.0071961083595872E-002   3.9508073032801591E-004  0.14064595405102132        8.7946797626849355E-004
 0.2200   1.3504705984251333        7.8382872815051432E-003   9.8395145046020871E-002   4.2049420699341654E-004  0.15407353250644049        9.5293592199810039E-004
 0.2400   1.3511832136718478        7.8628123424776420E-003  0.10654605939099478        4.4275122589445913E-004  0.16736902011270607        1.0341750016645264E-003
 0.2600   1.3518844203523204        7.9557917849657749E-003  0.11451705563547188        4.6177912088560323E-004  0.18050830800360279        1.1228992090781971E-003
 0.2800   1.3528032023394971        8.0762245320130949E-003  0.12230133879537286        4.7747916805808205E-004  0.19345278950115999        1.2150828975030000E-003
 0.3000   1.3542097859832203        8.1751796099901672E-003  0.12989268494008782        4.8970996819573762E-004  0.20614937589384144        1.3037567948884954E-003
 0.3200   1.3563945463996747        8.2093490525529077E-003  0.13728513602303721        4.9827950758139100E-004  0.21853233753485532        1.3808074607744715E-003
 0.3400   1.3596467584520748        8.1500672661934011E-003  0.14447269068059104        5.0295109525818585E-004  0.23052670635519798        1.4389172786385266E-003
 0.3600   1.3642357970375034        7.9861484978097294E-003  0.15144901803434530        5.0346700445227867E-004  0.24205275944763138        1.4729732785410050E-003
 0.3800   1.3703966100761296        7.7218723810776012E-003  0.15820722984328964        4.9959029547398497E-004  0.25303097188716500        1.4806877633103666E-003
 0.4000   1.3783203523150354        7.3724366854710632E-003  0.16473975144906758        4.9116042185086894E-004  0.26338681322319257        1.4625083087765061E-003


