# triplet j1 / nf 0 / mode 2 / nplat  5 / jkb  20 / start     1 / nmeas 10000
 0.0010  0.15635886704211116        2.8136353671421695E-002   6.3291194879358450        7.7923816378385025E-002  0.71955522365855784       0.12955775448506840     
 0.0020  0.17533129956038657        1.6882321313207663E-002   3.2219783208940025        3.9455668113917278E-002  0.64748818909742589        6.2471343622930491E-002
 0.0030  0.18406787629041524        1.2606282099365809E-002   2.1832828808953195        2.6549767548403307E-002  0.62180273552666232        4.2752984928627100E-002
 0.0040  0.18875347006074142        1.0361873068506625E-002   1.6627459442175019        2.0008101436886833E-002  0.61103065295405701        3.3744200301117105E-002
 0.0050  0.19243482789210764        9.0505663709066209E-003   1.3498527011141983        1.6028791065218487E-002  0.60375329534242272        2.8621000582998789E-002
 0.0060  0.19607551606867485        8.2555593124332537E-003   1.1409114570484127        1.3344783236692455E-002  0.59675109825900741        2.5366818840775504E-002
 0.0070  0.19987772708725102        7.7476333853234722E-003  0.99142828343874823        1.1409691438640061E-002  0.58942732842642598        2.3097675384290070E-002
 0.0080  0.20382414737972654        7.4033968254679314E-003  0.87913959341581105        9.9477205828503654E-003  0.58187979457758277        2.1390164840564597E-002
 0.0090  0.20785422364732470        7.1557433517823749E-003  0.79167063458063969        8.8041099239855782E-003  0.57431434841100182        2.0028007080237165E-002
 0.0100  0.21191323853697092        6.9667816667873250E-003  0.72159358603121404        7.8851602132782566E-003  0.56689580257065331        1.8892684782660832E-002
 0.0200  0.24989983348758812        6.0012274601629412E-003  0.40487390095142056        3.7294495204509971E-003  0.50924165391034426        1.2452079295240958E-002
 0.0400  0.31113368723344048        5.0981040405885447E-003  0.24795471305394831        1.7334614480897365E-003  0.45267253099455407        7.5841995939895917E-003
 0.0600  0.36185604190860488        4.5578037902121692E-003  0.19975183462540477        1.1206166118786841E-003  0.42785851843639439        5.5211651763312853E-003
 0.0800  0.40710686256056222        3.8797264958819484E-003  0.17938153487524022        8.3306522746477252E-004  0.41614093238130201        4.0818466219233844E-003
 0.1000  0.44944814450665077        3.3142770121471457E-003  0.17017482695692271        6.6833328563743841E-004  0.41047155331804652        3.1323413517027935E-003
 0.1200  0.48995138149087358        3.1840868659047533E-003  0.16644757762348414        5.6243282352591410E-004  0.40793538072591035        2.7392073767910584E-003
 0.1400  0.52950019018004357        3.0772480457197738E-003  0.16572601567035944        4.8933099444310778E-004  0.40682556841157885        2.4394047711788838E-003
 0.1600  0.56845757570967348        2.9736795111643863E-003  0.16676358534414332        4.3629024576283390E-004  0.40637552390431142        2.1912628623230999E-003
 0.1800  0.60710488211871316        2.5032194463598268E-003  0.16886769917851543        3.9615892051863351E-004  0.40612602283956423        1.7409849556724259E-003
 0.2000  0.64544753454426484        2.3880037510000699E-003  0.17162609880204585        3.6456104060708687E-004  0.40593894135588948        1.5625363581809098E-003
 0.2200  0.68371039933220523        2.2802894344233693E-003  0.17478075833872928        3.3870053216093592E-004  0.40560281669423814        1.4086845750206430E-003
 0.2400  0.72196121004999236        2.1796051215383812E-003  0.17816409744924158        3.1675992518528343E-004  0.40505766102381746        1.2747827010491581E-003
 0.2600  0.76024985148052404        2.0866048203068200E-003  0.18166429497642544        2.9755254342113678E-004  0.40427800760358873        1.1579368779307934E-003
 0.2800  0.79861419762534791        2.0023197854474586E-003  0.18520530564745102        2.8030376527017029E-004  0.40325865635013330        1.0561158155659269E-003
 0.3000  0.83708386120576184        1.9278263827252735E-003  0.18873479148145281        2.6450846528120478E-004  0.40200609632646950        9.6773894576215197E-004
 0.3200  0.87553309683412062        2.1196831472465958E-003  0.19221654217340789        2.4983719791645453E-004  0.40060171045772741        1.0041997489805561E-003
 0.3400  0.91422737778637786        2.0289313477562538E-003  0.19562555554510533        2.3607455090215128E-004  0.39894500125606425        9.1751270496023363E-004
 0.3600  0.95308344205363171        1.9445596432399032E-003  0.19894475417745028        2.2307877783509761E-004  0.39710153847800678        8.4023228283672832E-004
 0.3800  0.99211684765591024        1.8668516220262999E-003  0.20216274125262396        2.1075548705141208E-004  0.39508862890259966        7.7142944399291179E-004
 0.4000   1.0313414033933270        1.7959787018554103E-003  0.20527223508430639        1.9904054695709964E-004  0.39292317629336410        7.1025990663201640E-004


# triplet j3 / nf 0 / mode 2 / nplat  5 / jkb  20 / start     1 / nmeas 10000
 0.0010  0.30033331428345517        6.0824408867190163E-002   6.3291194879358450        7.7923816378385025E-002  0.37461325199274742        7.5902846606357141E-002
 0.0020  0.27709227451428681        6.0076051785660625E-002   3.2219783208940025        3.9455668113917278E-002  0.40970086893779384        8.8862180939930355E-002
 0.0030  0.26219859119555056        5.5096963559643337E-002   2.1832828808953195        2.6549767548403307E-002  0.43651610970938626        9.1765474443162576E-002
 0.0040  0.25270431623303746        5.0086051598624677E-002   1.6627459442175019        2.0008101436886833E-002  0.45639962853741156        9.0500176545707245E-002
 0.0050  0.24689307156245516        4.5606398092840263E-002   1.3498527011141983        1.6028791065218487E-002  0.47058089051770635        8.6971182224760246E-002
 0.0060  0.24351599705037438        4.1607231129448717E-002   1.1409114570484127        1.3344783236692455E-002  0.48049524866113302        8.2145669952328110E-002
 0.0070  0.24175731248165741        3.8022836161762046E-002  0.99142828343874823        1.1409691438640061E-002  0.48732091484481310        7.6695592791835118E-002
 0.0080  0.24111766449545499        3.4820216285646251E-002  0.87913959341581105        9.9477205828503654E-003  0.49188081369086856        7.1087845547218226E-002
 0.0090  0.24128406000051730        3.1974652464450394E-002  0.79167063458063969        8.8041099239855782E-003  0.49474326243611777        6.5620429497629390E-002
 0.0100  0.24204708102520756        2.9456962186223037E-002  0.72159358603121404        7.8851602132782566E-003  0.49631966197209143        6.0462600821068864E-002
 0.0200  0.26295788844467166        1.5485419865676680E-002  0.40487390095142056        3.7294495204509971E-003  0.48395355343718988        2.8586740596169783E-002
 0.0400  0.31495519914159875        7.1367429482535969E-003  0.24795471305394831        1.7334614480897365E-003  0.44718002452885164        1.0252755046761255E-002
 0.0600  0.36250393611069148        4.5698314863935269E-003  0.19975183462540477        1.1206166118786841E-003  0.42709381762684606        5.5157445668355190E-003
 0.0800  0.40636528815667294        3.6403080038172721E-003  0.17938153487524022        8.3306522746477252E-004  0.41690034631959494        3.8581090133460198E-003
 0.1000  0.44808373692593589        3.2661233896055884E-003  0.17017482695692271        6.6833328563743841E-004  0.41172143242068288        3.1080698732342555E-003
 0.1200  0.48851163637673944        3.0840519034089891E-003  0.16644757762348414        5.6243282352591410E-004  0.40913765090239723        2.6738470952104906E-003
 0.1400  0.52812150051466811        2.9677343591284484E-003  0.16572601567035944        4.8933099444310778E-004  0.40788760850317318        2.3698716292603187E-003
 0.1600  0.56719992891300797        2.8720347005087403E-003  0.16676358534414332        4.3629024576283390E-004  0.40727657633720044        2.1299631633937412E-003
 0.1800  0.60593534310326380        2.7811157869116008E-003  0.16886769917851543        3.9615892051863351E-004  0.40690990223248352        1.9276566159016149E-003
 0.2000  0.64445881153910600        2.6902617288765119E-003  0.17162609880204585        3.6456104060708687E-004  0.40656172928713036        1.7512409223974963E-003
 0.2200  0.68286507751009295        2.5989501448300655E-003  0.17478075833872928        3.3870053216093592E-004  0.40610491428767787        1.5949161315110300E-003
 0.2400  0.72122461325290754        2.5080555135264426E-003  0.17816409744924158        3.1675992518528343E-004  0.40547135208519031        1.4553664593742939E-003
 0.2600  0.75959111883178321        2.4187212944172015E-003  0.18166429497642544        2.9755254342113678E-004  0.40462860559792274        1.3303663982201634E-003
 0.2800  0.79811472744039058        2.0387336809704827E-003  0.18520530564745102        2.8030376527017029E-004  0.40351102066411959        1.0750218210767359E-003
 0.3000  0.83660381717983079        1.9659826932626346E-003  0.18873479148145281        2.6450846528120478E-004  0.40223676778763962        9.8636906188176053E-004
 0.3200  0.87521126709948938        1.8993149952104820E-003  0.19221654217340789        2.4983719791645453E-004  0.40074901836727561        9.0783395085141598E-004
 0.3400  0.91384941036281808        2.0930963683096181E-003  0.19562555554510533        2.3607455090215128E-004  0.39911000460624091        9.4531651425158096E-004
 0.3600  0.95273926033004808        2.0215971221594505E-003  0.19894475417745028        2.2307877783509761E-004  0.39724499335348207        8.7183314917527242E-004
 0.3800  0.99179700120202563        1.9542591070465989E-003  0.20216274125262396        2.1075548705141208E-004  0.39521604176709862        8.0553022940863949E-004
 0.4000   1.0310375113318206        1.8910068603717987E-003  0.20527223508430639        1.9904054695709964E-004  0.39303898801965442        7.4562576833309526E-004


