# triplet j1 / nf 2 / mode 2 / nplat  5 / jkb  20 / start     1 / nmeas 10000
 0.0010  0.12298829174243084       0.11025664019814277        5.8884780061912512E-004   5.3653850996370888E-006   8.8237411048340229E-003   7.9104164874731573E-003
 0.0020  0.24486599308255891       0.18791012878349597        1.1776901964703976E-003   1.0730271634358179E-005   8.8637408683655758E-003   6.8021533567803345E-003
 0.0030  0.36950034735081644       0.21209379846934442        1.7665217827887553E-003   1.6094161128519014E-005   8.8109000103419044E-003   5.0576301523512605E-003
 0.0040  0.48347251390617302       0.21222063227260810        2.3553371548151992E-003   2.1456555281701651E-005   8.9784164607993096E-003   3.9412949951303415E-003
 0.0050  0.57117705694831511       0.20510943483013747        2.9441309077996277E-003   2.6816956055832631E-005   9.4996543581197228E-003   3.4115961239485769E-003
 0.0060  0.63128832254131306       0.19325949159038180        3.5328976370043890E-003   3.2174865767110896E-005   1.0314030094300939E-002   3.1578355514486466E-003
 0.0070  0.67092981678846320       0.17802078904478247        4.1216319377075155E-003   3.7529787173612351E-005   1.1321957709961550E-002   3.0045475405422106E-003
 0.0080  0.69729677317881777       0.16145323911971829        4.7103284052066215E-003   4.2881223548302833E-005   1.2449959237723244E-002   2.8832409712063129E-003
 0.0090  0.71533188204717713       0.14514153912962260        5.2989816348229368E-003   4.8228678794321526E-005   1.3652899014506469E-002   2.7708832371954048E-003
 0.0100  0.72807924895122134       0.12995012817899015        5.8875862219060666E-003   5.3571657511861010E-005   1.4904073533698284E-002   2.6609951736884774E-003
 0.0200  0.76732942491620126        4.7461866268608183E-002   1.1769767762039644E-002   1.0664692304933714E-004   2.8276919140482012E-002   1.7537066294198286E-003
 0.0400  0.77893956748925952        1.3162978229078276E-002   2.3496301486401545E-002   2.0937485849873349E-004   5.5659715411079058E-002   9.7271400362725449E-004
 0.0600  0.78546813991680586        6.3258571707899697E-003   3.5136399877164548E-002   3.0453724764020160E-004   8.2668618416029169E-002   7.5605033170739828E-004
 0.0800  0.79302400454308775        4.2662435038614442E-003   4.6646994576704848E-002   3.8900569696174162E-004  0.10893952862432203        7.4148964533775916E-004
 0.1000  0.80214325547175869        3.4963319495687488E-003   5.7985375185058904E-002   4.6036523218613698E-004  0.13425247392186290        7.9148463054900045E-004
 0.1200  0.81292032973483308        3.1416745806450755E-003   6.9109577126257593E-002   5.1704092822337758E-004  0.15842610830095533        8.5210290802160689E-004
 0.1400  0.82538157733478013        2.9377036039167220E-003   7.9978943736134275E-002   5.5834573680564202E-004  0.18130595830193438        9.0384426000972794E-004
 0.1600  0.83952329196531061        2.7940871611031189E-003   9.0554843370816651E-002   5.8444876919643018E-004  0.20276737608180651        9.3998829920945875E-004
 0.1800  0.85532034290595760        2.6770312731296711E-003  0.10080149257388431        5.9627291254504236E-004  0.22271831404590911        9.5907996552531947E-004
 0.2000  0.87276529835484440        2.3846546765545298E-003  0.11068681278923009        5.9533887898559779E-004  0.24109070483085268        9.2428517055282312E-004
 0.2200  0.89173431921340196        2.2936069302082916E-003  0.12018323555419352        5.8357813391096301E-004  0.25787711504876448        9.1210193916335452E-004
 0.2400  0.91221774280176071        2.2066995936319582E-003  0.12926837233137631        5.6313867523871458E-004  0.27306638681677486        8.8888255864031350E-004
 0.2600  0.93415230903431357        2.1239070418007009E-003  0.13792547995434495        5.3620527840321606E-004  0.28668583297265848        8.5755931524922574E-004
 0.2800  0.95747285463854992        2.0454845461721949E-003  0.14614367787535373        5.0485042487121985E-004  0.29878415314467804        8.2082991180638780E-004
 0.3000  0.98211351487814624        1.9717297297351900E-003  0.15391790371042660        4.7092513946635900E-004  0.30942721444854643        7.8101311351480866E-004
 0.3200   1.0079590168024257        2.0727791645419507E-003  0.16124862308572491        4.3599198493118901E-004  0.31870958159919521        7.8434494348806098E-004
 0.3400   1.0350335298607305        2.0063122678539514E-003  0.16814133354813554        4.0129677337193636E-004  0.32669108340423308        7.4364014796704275E-004
 0.3600   1.0632351335154568        1.9445051827337383E-003  0.17460591734011544        3.6777183492276897E-004  0.33347740098657574        7.0377478295668690E-004
 0.3800   1.0925042301870991        1.8871729741120542E-003  0.18065590345041224        3.3606203951769243E-004  0.33916399946581050        6.6539860053219265E-004
 0.4000   1.1227841604230562        1.8340741699702104E-003  0.18630769673378075        3.0656481573866417E-004  0.34384610938594690        6.2889426258121389E-004


# triplet j3 / nf 2 / mode 2 / nplat  5 / jkb  20 / start     1 / nmeas 10000
 0.0010  0.77889629857799136        3.7722773765163625E-003   5.8884780061912512E-004   5.3653850996370888E-006   1.3932751346260794E-003   9.2641057947217072E-006
 0.0020  0.77890357655781683        3.7721723075873621E-003   1.1776901964703976E-003   1.0730271634358179E-005   2.7865178379980027E-003   1.8527266102063521E-005
 0.0030  0.77891570635433316        3.7719971813446091E-003   1.7665217827887553E-003   1.6094161128519014E-005   4.1796956817476746E-003   2.7788535553582502E-005
 0.0040  0.77893268803200666        3.7717522044557069E-003   2.3553371548151992E-003   2.1456555281701651E-005   5.5727762409950900E-003   3.7046970158545036E-005
 0.0050  0.77895452124805864        3.7714372225221885E-003   2.9441309077996277E-003   2.6816956055832631E-005   6.9657270999639656E-003   4.6301625141102163E-005
 0.0060  0.77898120585909647        3.7710521177967134E-003   3.5328976370043890E-003   3.2174865767110896E-005   8.3585158510866616E-003   5.5551555824264643E-005
 0.0070  0.77901274148720856        3.7705974232368753E-003   4.1216319377075155E-003   3.7529787173612351E-005   9.7511101006246669E-003   6.4795823657133416E-005
 0.0080  0.77904912796511239        3.7700727163418974E-003   4.7103284052066215E-003   4.2881223548302833E-005   1.1143477466367180E-002   7.4033483812026751E-005
 0.0090  0.77909036472454396        3.7694784356746293E-003   5.2989816348229368E-003   4.8228678794321526E-005   1.2535585587558851E-002   8.3263600512238452E-005
 0.0100  0.77913645154221589        3.7688140905097851E-003   5.8875862219060666E-003   5.3571657511861010E-005   1.3927402117112813E-002   9.2485229357413263E-005
 0.0200  0.77986393869931947        3.7583582543379837E-003   1.1769767762039644E-002   1.0664692304933714E-004   2.7822432895994759E-002   1.8403018856020679E-004
 0.0400  0.78277014633101605        3.7171108975288967E-003   2.3496301486401545E-002   2.0937485849873349E-004   5.5387337971557107E-002   3.6066107183629095E-004
 0.0600  0.78760057423644148        3.6503569375584540E-003   3.5136399877164548E-002   3.0453724764020160E-004   8.2444792526569777E-002   5.2312938005572116E-004
 0.0800  0.79433552918385653        3.5608902341889566E-003   4.6646994576704848E-002   3.8900569696174162E-004  0.10875965894596164        6.6585588499805772E-004
 0.1000  0.80294781357862377        3.4522685305600118E-003   5.7985375185058904E-002   4.6036523218613698E-004  0.13411795220770675        7.8483522859524972E-004
 0.1200  0.81340311001631715        3.3285261669872856E-003   6.9109577126257593E-002   5.1704092822337758E-004  0.15833207743210553        8.7782761443662340E-004
 0.1400  0.82566047894793015        3.1938804111033008E-003   7.9978943736134275E-002   5.5834573680564202E-004  0.18124471457581035        9.4434730795920675E-004
 0.1600  0.83967296464937913        3.0524689599044233E-003   9.0554843370816651E-002   5.8444876919643018E-004  0.20273123256081990        9.8547533088676632E-004
 0.1800  0.85538828832669811        2.9081359750126714E-003  0.10080149257388431        5.9627291254504236E-004  0.22270062302796909        1.0035445401470155E-003
 0.2000  0.87274961117821648        2.7642784286835862E-003  0.11068681278923009        5.9533887898559779E-004  0.24109503829880455        1.0017558091206310E-003
 0.2200  0.89169634546804810        2.6237550279817655E-003  0.12018323555419352        5.8357813391096301E-004  0.25788809699340204        9.8378292638061186E-004
 0.2400  0.91216500318251659        2.4888474975276070E-003  0.12926837233137631        5.6313867523871458E-004  0.27308217498801451        9.5341262978207279E-004
 0.2600  0.93409006924667992        2.3612674894250649E-003  0.13792547995434495        5.3620527840321606E-004  0.28670493526905289        9.1425264579961523E-004
 0.2800  0.95740488910047172        2.2421963689990918E-003  0.14614367787535373        5.0485042487121985E-004  0.29880536363354110        8.6952349002438378E-004
 0.3000  0.98204255009238850        2.1323447983940254E-003  0.15391790371042660        4.7092513946635900E-004  0.30944957441245924        8.2193496858392874E-004
 0.3200   1.0079367297187443        2.0320259546621946E-003  0.16124862308572491        4.3599198493118901E-004  0.31871662877478252        7.7363880093275544E-004
 0.3400   1.0350224776481176        1.9412280834726742E-003  0.16814133354813554        4.0129677337193636E-004  0.32669457188819401        7.2623977201560286E-004
 0.3600   1.0632369068555831        1.8596866861422291E-003  0.17460591734011544        3.6777183492276897E-004  0.33347684478987810        6.8084857697465573E-004
 0.3800   1.0925197711173280        1.7869484671434867E-003  0.18065590345041224        3.3606203951769243E-004  0.33915917490868008        6.3815781039238025E-004
 0.4000   1.1228139210826147        1.7224283925276807E-003  0.18630769673378075        3.0656481573866417E-004  0.34383699559887154        5.9852734917521951E-004


