# triplet j1 / nf 4 / mode 2 / nplat  5 / jkb  20 / start     1 / nmeas 10000
 0.0010   4.7938973393199948E-002   7.9990609987372743E-002   4.8091428711921830E-004   2.2485777818487589E-006   2.0457855564036034E-002   3.4135857235378819E-002
 0.0020   8.7982800188667207E-002  0.17355364774688212        9.6182684816438848E-004   4.4971437714470625E-006   2.2293623559764813E-002   4.3976122597391316E-002
 0.0030  0.12939028182600926       0.26116392984498998        1.4427359570406422E-003   6.7456861715207410E-006   2.2738792273898877E-002   4.5896463395084686E-002
 0.0040  0.17499210510299965       0.32452416648496851        1.9236398876119260E-003   8.9941931769846851E-006   2.2417564334539560E-002   4.1573573599233256E-002
 0.0050  0.22768838517277226       0.36502637759313733        2.4045369136802002E-003   1.1242652964997956E-005   2.1536486209910596E-002   3.4526986958959754E-002
 0.0060  0.29059850614191080       0.38688355876493424        2.8854253089649028E-003   1.3491053695232417E-005   2.0248933961537308E-002   2.6958127948122218E-002
 0.0070   1.1875649034759803       0.39077502578696655        3.3663033470821475E-003   1.5739383503494623E-005   5.7807380228046433E-003   1.9022329242639612E-003
 0.0080   1.1911161840443389       0.34784025547766872        3.8471693015242098E-003   1.7987630494292279E-005   6.5868309134165777E-003   1.9236061027955119E-003
 0.0090   1.1932547478928148       0.31007256985579607        4.3280214456388353E-003   2.0235782736694218E-005   7.3968665504432346E-003   1.9221865558607756E-003
 0.0100   1.1945767414817006       0.27696897149315652        4.8088580526085972E-003   2.2483828265472373E-005   8.2095985762317206E-003   1.9035358490475311E-003
 0.0200   1.1883364905015685       0.23167264553341207        9.6159895200998470E-003   4.4955743133490561E-005   1.6503936843703385E-002   3.2177632965071038E-003
 0.0400   1.1830282090090243       0.16984108011927831        1.9218153977277781E-002   8.9813190840131040E-005   3.3144061598660547E-002   4.7589472115801383E-003
 0.0600   1.1742231711369218       0.14010333653354845        2.8792602310585617E-002   1.3445763671966635E-004   5.0058800193691230E-002   5.9739476283402508E-003
 0.0800   1.1721912086687807        8.3854992433510550E-002   3.8325311464418629E-002   1.7873950830580657E-004   6.6804293889923830E-002   4.7815141920339813E-003
 0.1000   1.1678667980827668        5.3049276759701058E-002   4.7802059617875571E-002   2.2245281188306736E-004   8.3723040257882880E-002   3.8080283813218068E-003
 0.1200   1.1628830061829158        3.5182506431780114E-002   5.7208356648652460E-002   2.6531117832996419E-004  0.10076259256508524        3.0574680325838989E-003
 0.1400   1.1580222363110131        2.4291415504058268E-002   6.6529368827549770E-002   3.0692433013970987E-004  0.11786064637006873        2.4872232763832160E-003
 0.1600   1.1538661749200760        1.7396227401240333E-002   7.5749834793691531E-002   3.4677974483717585E-004  0.13493058142670195        2.0575889154805993E-003
 0.1800   1.1508736639232195        1.2916230509920979E-002   8.4853971894104430E-002   3.8423551805260458E-004  0.15186569651458784        1.7387222330635123E-003
 0.2000   1.1493854910907324        9.9525772543412709E-003   9.3825376669514501E-002   4.1853045985001963E-004  0.16854832591840874        1.5071043850994473E-003
 0.2200   1.1496528714958041        7.9617819899350760E-003  0.10264693071902764        4.4881596904094019E-004  0.18485559242978852        1.3424691193238238E-003
 0.2400   1.1518511042575159        6.5943058195912438E-003  0.11130073249689719        4.7421117295342029E-004  0.20066576586365256        1.2257615489349991E-003
 0.2600   1.1560850827091034        5.6180483404072879E-003  0.11976808472099844        4.9387847569323513E-004  0.21586509665527845        1.1395193624085011E-003
 0.2800   1.1624024978034944        4.8843134016787930E-003  0.12802957292222192        5.0711172415996168E-004  0.23035233949776354        1.0700415399838693E-003
 0.3000   1.1708114580073405        4.3048702533855857E-003  0.13606526982202377        5.1342479224331008E-004  0.24404072405433883        1.0085301090347967E-003
 0.3200   1.1812952265482319        3.8305818980192414E-003  0.14385509011822231        5.1262585158433739E-004  0.25685862575415791        9.5036621870589596E-004
 0.3400   1.1938216012749239        3.4342501832404708E-003  0.15137930048273934        5.0486314291216217E-004  0.26874987475468726        8.9360950525021663E-004
 0.3600   1.2083476975813037        3.0997036914543032E-003  0.15861916280050201        4.9063212145124464E-004  0.27967403997845386        8.3773234783104348E-004
 0.3800   1.2248219513728753        2.8160875162291971E-003  0.16555766053304655        4.7074086777912968E-004  0.28960661355184092        7.8287128511253978E-004
 0.4000   1.2431850533454105        2.5752722162644950E-003  0.17218023575747390        4.4623878641268313E-004  0.29853885481370307        7.2946073214124750E-004


# triplet j3 / nf 4 / mode 2 / nplat  5 / jkb  20 / start     1 / nmeas 10000
 0.0010   1.1893544457321010        7.9973667229414278E-003   4.8091428711921830E-004   2.2485777818487589E-006   8.2458900043255691E-004   5.8701948550949700E-006
 0.0020   1.1893484995706129        7.9975641859560739E-003   9.6182684816438848E-004   4.4971437714470625E-006   1.6491847661541507E-003   1.1740747813739637E-005
 0.0030   1.1893385909121865        7.9978932743724057E-003   1.4427359570406422E-003   6.7456861715207410E-006   2.4737940593067748E-003   1.7612016924118533E-005
 0.0040   1.1893247219673724        7.9983539121035903E-003   1.9236398876119260E-003   8.9941931769846851E-006   3.2984236363083207E-003   2.3484359997911605E-005
 0.0050   1.1893068961283491        7.9989460911386034E-003   2.4045369136802002E-003   1.1242652964997956E-005   4.1230802439583504E-003   2.9358134798939737E-005
 0.0060   1.1892851179136545        7.9996697736318644E-003   2.8854253089649028E-003   1.3491053695232417E-005   4.9477706157726956E-003   3.5233698852987862E-005
 0.0070   1.1892593921067862        8.0005247019479496E-003   3.3663033470821475E-003   1.5739383503494623E-005   5.7725014724588370E-003   4.1111408504640169E-005
 0.0080   1.1892297251640296        8.0015107897410225E-003   3.8471693015242098E-003   1.7987630494292279E-005   6.5972795133857690E-003   4.6991620150210235E-005
 0.0090   1.1891961239129507        8.0026279174910397E-003   4.3280214456388353E-003   2.0235782736694218E-005   7.4221114191018222E-003   5.2874689646785435E-005
 0.0100   1.1891585964760121        8.0038760444149891E-003   4.8088580526085972E-003   2.2483828265472373E-005   8.2470038438354990E-003   5.8760972856332961E-005
 0.0200   1.1885698157406976        8.0234976424668585E-003   9.6159895200998470E-003   4.4955743133490561E-005   1.6500696996149096E-002   1.1787787305184376E-004
 0.0400   1.1862842699011145        8.0999389498408996E-003   1.9218153977277781E-002   8.9813190840131040E-005   3.3053089236036684E-002   2.3853597705981004E-004
 0.0600   1.1827138700615696        8.2171947772648572E-003   2.8792602310585617E-002   1.3445763671966635E-004   4.9699428234223464E-002   3.6427708058907570E-004
 0.0800   1.1781876235300737        8.3540808856112803E-003   3.8325311464418629E-002   1.7873950830580657E-004   6.6464291794604322E-002   4.9610385024480297E-004
 0.1000   1.1731130313158031        8.4789224287970585E-003   4.7802059617875571E-002   2.2245281188306736E-004   8.3348625700677692E-002   6.3286730678049224E-004
 0.1200   1.1679349185874546        8.5573889528647896E-003   5.7208356648652460E-002   2.6531117832996419E-004  0.10032674311560676        7.7102228550754209E-004
 0.1400   1.1630969147865939        8.5615794712012652E-003   6.6529368827549770E-002   3.0692433013970987E-004  0.11734641159079243        9.0520720462588763E-004
 0.1600   1.1590111641917260        8.4754562319456824E-003   7.5749834793691531E-002   3.4677974483717585E-004  0.13433160842686720        1.0293206939285459E-003
 0.1800   1.1560386509526779        8.2955755755493975E-003   8.4853971894104430E-002   3.8423551805260458E-004  0.15118718602354925        1.1376186241403780E-003
 0.2000   1.1544796101040278        8.0287061618694432E-003   9.3825376669514501E-002   4.1853045985001963E-004  0.16780460968106203        1.2255268639897756E-003
 0.2200   1.1545717903634900        7.6883361190012885E-003  0.10264693071902764        4.4881596904094019E-004  0.18406803667189678        1.2900831720545594E-003
 0.2400   1.1564938837691954        7.2913891557378771E-003  0.11130073249689719        4.7421117295342029E-004  0.19986018710571668        1.3300532913736601E-003
 0.2600   1.1603717390069521        6.8557001394214520E-003  0.11976808472099844        4.9387847569323513E-004  0.21506764576522577        1.3458116609002097E-003
 0.2800   1.1662856621538094        6.3983105217984421E-003  0.12802957292222192        5.0711172415996168E-004  0.22958537817621436        1.3390753443296576E-003
 0.3000   1.1742777554409098        5.9344303938164431E-003  0.13606526982202377        5.1342479224331008E-004  0.24332035127067972        1.3125620707989901E-003
 0.3200   1.1843587670264193        5.4768740496453239E-003  0.14385509011822231        5.1262585158433739E-004  0.25619421829665662        1.2696253399229463E-003
 0.3400   1.1965141988790282        5.0358153561885959E-003  0.15137930048273934        5.0486314291216217E-004  0.26814508856030211        1.2139062029553457E-003
 0.3600   1.2107096044247885        4.6187770013541053E-003  0.15861916280050201        4.9063212145124464E-004  0.27912843926086151        1.1490333968152868E-003
 0.3800   1.2268950654544641        4.2307993866370908E-003  0.16555766053304655        4.7074086777912968E-004  0.28911725829597540        1.0783918755189698E-003
 0.4000   1.2450089172567751        3.8747515793269116E-003  0.17218023575747390        4.4623878641268313E-004  0.29810151317229977        1.0049684533919095E-003


