# triplet j1 / nf 3 / mode 2 / nplat  5 / jkb  20 / start     1 / nmeas 10000
 0.0010  -100.00000000000000        163.50181882902950        8.2473723075931842E-004   1.4105703779858142E-005  -1.2843186759985378E-005   2.0999131168775918E-005
 0.0020  -100.00000000000000        178.60787460788637        1.6530406387092499E-003   2.8621160756001954E-005  -2.5714125602160771E-005   4.5927992705309423E-005
 0.0030  -100.00000000000000        168.27748844165140        2.4848908380959807E-003   4.3550550744597573E-005  -3.8612621030662865E-005   6.4977229906284804E-005
 0.0040  -99.999999999999986        179.03427955137869        3.3202664140805503E-003   5.8897075573638353E-005  -5.1538462639706682E-005   9.2272647533765879E-005
 0.0050  -100.00000000000000        183.35665354248215        4.1591438786103699E-003   7.4662958003556541E-005  -6.4491424845558882E-005   1.1825073524039656E-004
 0.0060  -100.00000000000001        191.58841404725405        5.0014976278078844E-003   9.0849441221495196E-005  -7.7471266630728703E-005   1.4842763880104263E-004
 0.0070  0.56863421270322223        133.64507709831659        5.8472999010278871E-003   1.0745678890808692E-004   1.5911411814499836E-002   3.7396305266402736     
 0.0080  0.55671999523515181        95.317186252324248        6.6965207417396229E-003   1.2448428593481772E-004   1.8592927709560982E-002   3.1833337606837038     
 0.0090  0.56869416359791547        131.23694281684661        7.5491279603891745E-003   1.4193023973249860E-004   2.0497735030139467E-002   4.7302403549179690     
 0.0100  0.55919277311241844        103.56268519973524        8.4050870994011265E-003   1.5979198238844723E-004   2.3185931951531111E-002   4.2940422165274112     
 0.0300  0.52974253160132290       0.14842894001732018        2.6154018415920004E-002   5.9187591601443516E-004   7.4779058882606025E-002   2.0969476428651417E-002
 0.0500  0.51129786354797613        3.3946275201133053E-002   4.4703651022902649E-002   1.0769878720298580E-003  0.13076680686777151        8.8236583838718317E-003
 0.0700  0.50905480997125219        1.4212189569190476E-002   6.3249138230637492E-002   1.4410422406338167E-003  0.18485311730523390        5.5739614482647644E-003
 0.0900  0.51482677253275488        8.0123269190090305E-003   8.0918650216041166E-002   1.5655710950123647E-003  0.23442258142587380        4.2957118847549366E-003
 0.1100  0.52684829121676524        5.4737318559729070E-003   9.7066764107200276E-002   1.4623415955719958E-003  0.27737099251887948        3.5594847134517802E-003
 0.1300  0.54414612544835372        4.2121926872160020E-003  0.11140550281924029        1.2279360520996393E-003  0.31276954217113534        2.9720383364277526E-003
 0.1500  0.56585629645312019        3.4823295463521997E-003  0.12394562178878550        9.6040877895003473E-004  0.34077683876163428        2.4781557547019664E-003
 0.1700  0.59118018132481542        3.0112081431852415E-003  0.13486563669867566        7.1871305398280309E-004  0.36221818130602174        2.0821758614497062E-003
 0.1900  0.61942064033373567        2.6827382160973432E-003  0.14440346304247859        5.2481096155610103E-004  0.37817684097212328        1.7762256978411804E-003
 0.2100  0.64941644030382761        1.9889288287229237E-003  0.15279449167471884        3.7933164433490320E-004  0.39008137552299121        1.2890771788246912E-003
 0.2300  0.68210821834244395        1.7988660371767962E-003  0.16024486996943568        2.7432010628582410E-004  0.39803173642048312        1.1035990292001909E-003
 0.2500  0.71621620500035366        1.6408234375691465E-003  0.16692442904010807        2.0012993852039796E-004  0.40336741209998778        9.5521100520209979E-004
 0.2700  0.75149753409506659        1.5856274257516209E-003  0.17296865028314956        1.4824221546289349E-004  0.40668019048801257        8.7559581357647069E-004
 0.2900  0.78774351648246010        1.5867542836305072E-003  0.17848390269806039        1.1201455362528509E-004  0.40844039372890817        8.3264602886926726E-004
 0.3100  0.82480080122187338        1.5026463563369721E-003  0.18355320999407149        8.6585843023082466E-005  0.40900419510723479        7.5135445405470006E-004
 0.3300  0.86253267914870846        1.5490100482797333E-003  0.18824142695113488        6.8527841528761730E-005  0.40865236115129561        7.3765281960408815E-004
 0.3500  0.90086019391077798        1.4777064789267078E-003  0.19259949065424387        5.5481319975087665E-005  0.40758593586950592        6.7114719958425296E-004
 0.3700  0.93968545136848491        1.5296952418097135E-003  0.19666775480228335        4.5851320567903913E-005  0.40597560418230255        6.6257187345411181E-004
 0.3900  0.97896453832121966        1.4642959686759272E-003  0.20047853959278422        3.8572894585491435E-005  0.40393760484542668        6.0544206783001069E-004
 0.4100   1.0186448936099242        1.4040520474650983E-003  0.20405805524056697        3.2939490797900149E-005  0.40156974554065950        5.5445290944936758E-004


# triplet j3 / nf 3 / mode 2 / nplat  5 / jkb  20 / start     1 / nmeas 10000
 0.0010  0.51548663339557810        1.1519109755046303E-002   8.2473723075931842E-004   1.4105703779858142E-005   2.4914684354443144E-003   5.9612156876737015E-005
 0.0020  0.51471728230365454        1.1464555009718632E-002   1.6530406387092499E-003   2.8621160756001954E-005   4.9957766110116479E-003   1.1938281763152416E-004
 0.0030  0.51396202191976226        1.1411464408532229E-002   2.4848908380959807E-003   4.3550550744597573E-005   7.5127381759524086E-003   1.7932666149587378E-004
 0.0040  0.51322092575025591        1.1359738010034936E-002   3.3202664140805503E-003   5.8897075573638353E-005   1.0042159244454965E-002   2.3945614805524328E-004
 0.0050  0.51249406647257900        1.1309279108402293E-002   4.1591438786103699E-003   7.4662958003556541E-005   1.2583838343620998E-002   2.9978152759697533E-004
 0.0060  0.51178151582221532        1.1259994204536434E-002   5.0014976278078844E-003   9.0849441221495196E-005   1.5137566370732505E-002   3.6031085437820422E-004
 0.0070  0.51108334455100801        1.1211792935742301E-002   5.8472999010278871E-003   1.0745678890808692E-004   1.7703126557730865E-002   4.2105000144371181E-004
 0.0080  0.51039962244286841        1.1164587961781847E-002   6.6965207417396229E-003   1.2448428593481772E-004   2.0280294441308990E-002   4.8200267556979909E-004
 0.0090  0.50973041814679554        1.1118294963128916E-002   7.5491279603891745E-003   1.4193023973249860E-004   2.2868837847655806E-002   5.4317043777234696E-004
 0.0100  0.50907579928935009        1.1072832681042265E-002   8.4050870994011265E-003   1.5979198238844723E-004   2.5468516875623844E-002   6.0455272911027526E-004
 0.0300  0.49913872214678429        1.0236991762195649E-002   2.6154018415920004E-002   5.9187591601443516E-004   7.9364004845904793E-002   1.8589917180949866E-003
 0.0500  0.49509731070216162        9.9897924867759398E-003   4.4703651022902649E-002   1.0769878720298580E-003  0.13504575268174743        3.1735221075584741E-003
 0.0700  0.49774220728341406        8.7516659571260196E-003   6.3249138230637492E-002   1.4410422406338167E-003  0.18905442842790454        3.9607931057606032E-003
 0.0900  0.50655384321349450        7.4042517330753684E-003   8.0918650216041166E-002   1.5655710950123647E-003  0.23825112102330698        4.1760955773395246E-003
 0.1100  0.52099905721108830        5.7185247230326494E-003   9.7066764107200276E-002   1.4623415955719958E-003  0.28048502472138392        3.7338780067297768E-003
 0.1300  0.53999143708139830        4.6184253769237333E-003  0.11140550281924029        1.2279360520996393E-003  0.31517598769816046        3.2067867633241518E-003
 0.1500  0.56298943312597649        3.7114873259744153E-003  0.12394562178878550        9.6040877895003473E-004  0.34251214774667360        2.6190623814597966E-003
 0.1700  0.58927378510909034        3.0060323723316855E-003  0.13486563669867566        7.1871305398280309E-004  0.36339001583787822        2.0913902317242468E-003
 0.1900  0.61822187930113293        2.4440516518227989E-003  0.14440346304247859        5.2481096155610103E-004  0.37891014348950208        1.6486350528512898E-003
 0.2100  0.64923055885590142        2.0774307300628443E-003  0.15279449167471884        3.7933164433490320E-004  0.39019305986979558        1.3392096113168548E-003
 0.2300  0.68200376496631010        1.8133666146241405E-003  0.16024486996943568        2.7432010628582410E-004  0.39809269760693577        1.1119748981299358E-003
 0.2500  0.71615981969359854        1.6525939259084180E-003  0.16692442904010807        2.0012993852039796E-004  0.40339917036768286        9.6177224553172186E-004
 0.2700  0.75145850890681187        1.5641645780316064E-003  0.17296865028314956        1.4824221546289349E-004  0.40670131044447738        8.6430439515236849E-004
 0.2900  0.78769559758404684        1.5221051859640958E-003  0.17848390269806039        1.1201455362528509E-004  0.40846524090819292        7.9963801541254502E-004
 0.3100  0.82475618660178318        1.4515726138182815E-003  0.18355320999407149        8.6585843023082466E-005  0.40902631990857174        7.2632265981127642E-004
 0.3300  0.86250855674174798        1.3918937561811099E-003  0.18824142695113488        6.8527841528761730E-005  0.40866379023044386        6.6367273124474089E-004
 0.3500  0.90084964676043244        1.3397242329913021E-003  0.19259949065424387        5.5481319975087665E-005  0.40759070788685620        6.0899635878998947E-004
 0.3700  0.93969927625743055        1.2929469728819663E-003  0.19666775480228335        4.5851320567903913E-005  0.40596963145487336        5.6058109757036877E-004
 0.3900  0.97899518729822310        1.2502208428213401E-003  0.20047853959278422        3.8572894585491435E-005  0.40392495894632280        5.1729188770267007E-004
 0.4100   1.0186892632364801        1.2106906104986082E-003  0.20405805524056697        3.2939490797900149E-005  0.40155225492768370        4.7833557503943467E-004


