# triplet j1 / nf 6 / mode 2 / nplat  5 / jkb  20 / start     1 / nmeas 10000
 0.0010   1.8179931157110394E-002   95.017069618137711        7.5027925979956063E-004   1.9761034866856150E-005   6.7380500743142752E-002   352.16292485972815     
 0.0020   2.8633082516509503E-002   95.026924819231098        1.5005420407677072E-003   3.9519935066509986E-005   8.5562994338074613E-002   283.96482375407544     
 0.0030   4.3682870057196337E-002   95.041090302289035        2.2507718785425290E-003   5.9274573464111533E-005   8.4125992443066344E-002   183.03344158084712     
 0.0040   5.8502941853377920E-002   95.055036066026005        3.0009523376773300E-003   7.9022837963941241E-005   8.3752318244159171E-002   136.07998810599219     
 0.0050   7.3218220779446036E-002   95.068881644183435        3.7510670260366549E-003   9.8762638951954498E-005   8.3648516078421872E-002   108.61191094952429     
 0.0060   8.7848981386051975E-002   95.082645933028317        4.5010996091197535E-003   1.1849191665816765E-004   8.3659103209158397E-002   90.547764636486235     
 0.0070  0.10239349197351923        95.096326688133686        5.2510338242861710E-003   1.3820864839966164E-004   8.3736358697504468E-002   77.768810982942625     
 0.0080  0.11684197410297546        95.109913953507501        6.0008534948600692E-003   1.5791085567764827E-004   8.3862463786783456E-002   68.264438160746082     
 0.0090  0.13118061422966854        95.123393950295380        6.7505425440893456E-003   1.7759661111540529E-004   8.4030303438875867E-002   60.933147066225935     
 0.0100  0.14539314777190762        95.136750691155257        7.5000850089361332E-003   1.9726404517710888E-004   8.4237244401908024E-002   55.119913448501620     
 0.0300  0.46717470691947366        73.831833182480935        2.2437117101956911E-002   5.8463360820365312E-004   7.8537998746662549E-002   12.412068452696122     
 0.0500  0.56393067419587262       0.54505839005116108        3.7204850727951787E-002   9.5917930072484260E-004  0.10816183962000689       0.10455143476143335     
 0.0700  0.61292350980839605       0.21586308777215324        5.1744662581024163E-002   1.3285158677149799E-003  0.13886427071094576        4.8938531782108358E-002
 0.0900  0.64521808117455814        3.7458619016042395E-002   6.6041923185230070E-002   1.6941127286738554E-003  0.16898166273409787        1.0046918846932110E-002
 0.1100  0.64952641276524392        2.2911584843428926E-002   8.0089566060106684E-002   2.0232166607923306E-003  0.20436310592581827        7.6569839313264335E-003
 0.1300  0.65659622240621685        3.7567246540386817E-002   9.3833276237861071E-002   2.2437661802393667E-003  0.23788482260975327        1.3904610356222509E-002
 0.1500  0.66283683926240533        2.3045192648704138E-002  0.10712857022288162        2.2822954815346734E-003  0.27046224212025000        9.8347462298182947E-003
 0.1700  0.66686917534921097        1.1065160977835711E-002  0.11974765509223533        2.1196754905262690E-003  0.30257449972123363        5.6900961134378411E-003
 0.1900  0.67947786374058217        8.9581232424370792E-003  0.13144837362876310        1.8089366195426172E-003  0.32892288751323356        4.8915457230389314E-003
 0.2100  0.69646706714310569        7.1578465218986040E-003  0.14206269778811612        1.4390178849141154E-003  0.35072287187932399        4.0184287920510290E-003
 0.2300  0.71757764744468377        5.4569586749764250E-003  0.15154254745809709        1.0861219297071244E-003  0.36794025554425158        3.0931772068293062E-003
 0.2500  0.74217524463484474        4.4731362509079272E-003  0.15994543243290096        7.9134108958610382E-004  0.38103463977682123        2.4824366457651863E-003
 0.2700  0.76986722033924626        3.7490527150760337E-003  0.16738986185366264        5.6494043750008683E-004  0.39052210977149326        2.0126864841094761E-003
 0.2900  0.80006197297300385        3.2827070000596196E-003  0.17401375649379131        3.9996933723049924E-004  0.39708379068128447        1.6919645212475098E-003
 0.3100  0.83235666033103906        2.9048211427146241E-003  0.17994884546023412        2.8346893386322182E-004  0.40129238451694027        1.4356850795983203E-003
 0.3300  0.86633264881175553        2.7561767244710677E-003  0.18530936499642339        2.0255016221208899E-004  0.40367882593605536        1.3030875149487272E-003
 0.3500  0.90173743842874554        2.5194518745234266E-003  0.19018942689242574        1.4669207206615301E-004  0.40463374985087830        1.1412640334048459E-003
 0.3700  0.93828576343145320        2.4946451764141578E-003  0.19466450617036449        1.0808812132401687E-004  0.40450520957158692        1.0813161133646943E-003
 0.3900  0.97581398634351046        2.3169917068138210E-003  0.19879439102602628        8.1238377939934201E-005  0.40353603838095226        9.6170499211151032E-004
 0.4100   1.0141648441653885        2.1623403083017704E-003  0.20262630265250420        6.2376449257651521E-005  0.40192616975327861        8.5919252590362712E-004


# triplet j3 / nf 6 / mode 2 / nplat  5 / jkb  20 / start     1 / nmeas 10000
 0.0010  0.66914781429012837        3.8974930984433484E-002   7.5027925979956063E-004   1.9761034866856150E-005   1.8306461422749841E-003   1.0931852167568331E-004
 0.0020  0.66915293018208333        3.8973193919387784E-002   1.5005420407677072E-003   3.9519935066509986E-005   3.6612441890900402E-003   2.1862285322238526E-004
 0.0030  0.66916145121085135        3.8970299695386790E-002   2.2507718785425290E-003   5.9274573464111533E-005   5.4917461095128238E-003   3.2789882142589423E-004
 0.0040  0.66917336919418902        3.8966249632769574E-002   3.0009523376773300E-003   7.9022837963941241E-005   7.3221040015741786E-003   4.3713228681215228E-004
 0.0050  0.66918867268975646        3.8961045570528298E-002   3.7510670260366549E-003   9.8762638951954498E-005   9.1522701564650758E-003   5.4630916032508299E-004
 0.0060  0.66920734700306583        3.8954689866891733E-002   4.5010996091197535E-003   1.1849191665816765E-004   1.0982197122473444E-002   6.5541541994769154E-004
 0.0070  0.66922937420447215        3.8947185382252052E-002   5.2510338242861710E-003   1.3820864839966164E-004   1.2811837768443480E-002   7.6443712689636318E-004
 0.0080  0.66925473314550576        3.8938535476142677E-002   6.0008534948600692E-003   1.5791085567764827E-004   1.4641145346754984E-002   8.7336044172355595E-004
 0.0090  0.66928339947993898        3.8928743987071551E-002   6.7505425440893456E-003   1.7759661111540529E-004   1.6470073555660589E-002   9.8217163981574422E-004
 0.0100  0.66931534568748707        3.8917815224909690E-002   7.5000850089361332E-003   1.9726404517710888E-004   1.8298576600906821E-002   1.0908571267301006E-003
 0.0300  0.67057412573661690        3.8470312676683147E-002   2.2437117101956911E-002   5.8463360820365312E-004   5.4715750486509632E-002   3.2189248038444504E-003
 0.0500  0.67262648561188920        3.7628690297671949E-002   3.7204850727951787E-002   9.5917930072484260E-004   9.0682987429031123E-002   5.2060057823512060E-003
 0.0700  0.66912621166123953        3.7887344501437527E-002   5.1744662581024163E-002   1.3285158677149799E-003  0.12720048132597536        7.3851451689156316E-003
 0.0900  0.66946268423890787        3.5533598486849449E-002   6.6041923185230070E-002   1.6941127286738554E-003  0.16286198880066624        8.8931577440804419E-003
 0.1100  0.64830317320500597        2.1024858253709703E-002   8.0089566060106684E-002   2.0232166607923306E-003  0.20474870489579666        7.1259749687869250E-003
 0.1300  0.65116363538109900        1.7959072105031382E-002   9.3833276237861071E-002   2.2437661802393667E-003  0.23986946967934258        7.2104767796422305E-003
 0.1500  0.65639059129993471        1.4951370141108658E-002  0.10712857022288162        2.2822954815346734E-003  0.27311838421049550        6.8677871155774827E-003
 0.1700  0.66520352219942736        1.2139183871071770E-002  0.11974765509223533        2.1196754905262690E-003  0.30333213877707998        6.1521312194138663E-003
 0.1900  0.67824922457268377        9.6582937202172141E-003  0.13144837362876310        1.8089366195426172E-003  0.32951872681267635        5.2114391932073503E-003
 0.2100  0.69561012898814001        7.6023085643143412E-003  0.14206269778811612        1.4390178849141154E-003  0.35115493547099386        4.2298365579131079E-003
 0.2300  0.71703189552293989        5.5925285810922085E-003  0.15154254745809709        1.0861219297071244E-003  0.36822030459479455        3.1605851741083740E-003
 0.2500  0.74180912458298298        4.5436167523375797E-003  0.15994543243290096        7.9134108958610382E-004  0.38122269950465842        2.5182587987254332E-003
 0.2700  0.76962212733463453        3.7774166570188243E-003  0.16738986185366264        5.6494043750008683E-004  0.39064647500717414        2.0275092392770051E-003
 0.2900  0.79990000723619903        3.2659177708690167E-003  0.17401375649379131        3.9996933723049924E-004  0.39716419319178470        1.6845990251764201E-003
 0.3100  0.83221156543413666        2.9901526329181530E-003  0.17994884546023412        2.8346893386322182E-004  0.40136234927058895        1.4763460400170690E-003
 0.3300  0.86620157054209834        2.7088353259367417E-003  0.18530936499642339        2.0255016221208899E-004  0.40373991278212035        1.2817341597440737E-003
 0.3500  0.90161779511413731        2.4869046618859175E-003  0.19018942689242574        1.4669207206615301E-004  0.40468744413608082        1.1270943620830644E-003
 0.3700  0.93820605328373463        2.3054639007739405E-003  0.19466450617036449        1.0808812132401687E-004  0.40453957640379296        1.0004038073381225E-003
 0.3900  0.97576588916236684        2.1524681187224180E-003  0.19879439102602628        8.1238377939934201E-005  0.40355592936725498        8.9402556850718957E-004
 0.4100   1.0141400442572315        2.0202166108872588E-003  0.20262630265250420        6.2376449257651521E-005  0.40193599850637068        8.0306273001500982E-004


