# triplet j1 / nf 0 / mode 2 / nplat  5 / jkb  20 / start     1 / nmeas 10000
 0.0010  0.14142840936988627        4.9460382164389378E-003   4.2672358176911329        3.1658578443249291E-002  0.65320825226736423        2.2972165566624569E-002
 0.0020  0.14985408867612529        5.6364530900508587E-003   2.1722978179331580        1.6436228882307394E-002  0.62204396611212298        2.3514953166796238E-002
 0.0030  0.15768535755218765        5.4032384926834343E-003   1.4730983377625544        1.1245993192194374E-002  0.59621119669636713        2.0556111117975208E-002
 0.0040  0.16440431461029326        5.0411767165528792E-003   1.1229338498952315        8.5831406104819093E-003  0.57651268737251937        1.7814549330654447E-002
 0.0050  0.17020356286278943        4.7685403591904169E-003  0.91246541363387168        6.9467456303112223E-003  0.56122829578734046        1.5868227027044757E-002
 0.0060  0.17532065079158016        4.3821720761884975E-003  0.77191600788175752        5.8318877324429665E-003  0.54896236613993010        1.3877233076858899E-002
 0.0070  0.17995311981642384        4.2605656821623943E-003  0.67137746870453596        5.0201972156391165E-003  0.53875091238512463        1.2913511205498471E-002
 0.0080  0.18427025170236838        4.1759590791627717E-003  0.59588965116639270        4.4015107152579223E-003  0.52989239161843926        1.2166919150351181E-002
 0.0090  0.18834547915967528        4.1092540711784942E-003  0.53713538187983756        3.9139494340241793E-003  0.52206302162488871        1.1547905381252147E-002
 0.0100  0.19223771018794264        3.7973999082808046E-003  0.49011933234756133        3.5198633502627739E-003  0.51502383649361605        1.0340332109519802E-002
 0.0300  0.25362037550084832        3.4080561944872562E-003  0.21243307848698043        1.1170086086549930E-003  0.44514608211947487        6.0951198690868628E-003
 0.0500  0.30293935631061686        3.1070208430315628E-003  0.16459816155003215        6.5154335888258346E-004  0.42350329318563812        4.4236902567813784E-003
 0.0700  0.34817498585611328        2.2103888476054513E-003  0.14972804381692767        4.5311007053368241E-004  0.41583211439315271        2.7138566388237059E-003
 0.0900  0.39054067503986761        1.8211370429256927E-003  0.14554057326940331        3.3985395001690384E-004  0.41444033928839324        1.9922408260568732E-003
 0.1100  0.43167516314368864        2.0636918105460121E-003  0.14592134428980602        2.6594003478048518E-004  0.41506268346812236        2.0199983254546557E-003
 0.1300  0.47208351523557740        1.9268377036883134E-003  0.14852093001065972        2.1418974343547507E-004  0.41625711367967916        1.7252886441041680E-003
 0.1500  0.51205728186509658        1.9760562877273913E-003  0.15225523777209943        1.7628089378369152E-004  0.41737670074115507        1.6287007884562136E-003
 0.1700  0.55174378448298200        1.8623188285540034E-003  0.15656465688033180        1.4753033007816493E-004  0.41816615002405466        1.4251340064455383E-003
 0.1900  0.59125734563586552        1.7612698711890556E-003  0.16113871908346639        1.2508618050605856E-004  0.41851902267545371        1.2572455812700869E-003
 0.2100  0.63069871556445667        1.7952065573902905E-003  0.16579704286924229        1.0713498000090291E-004  0.41839943442098254        1.1985702908979476E-003
 0.2300  0.67009418893171124        1.7045647941540570E-003  0.17043195344825221        9.2488838304242795E-005  0.41784823784775227        1.0689390989475239E-003
 0.2500  0.70949221915230531        1.6214412885434573E-003  0.17497849258934106        8.0348456747183881E-005  0.41689789335566435        9.5755551847674062E-004
 0.2700  0.74892601207777054        1.5449709231130820E-003  0.17939773977418996        7.0160613621951393E-005  0.41559130097651192        8.6117269627568706E-004
 0.2900  0.78842201939850165        1.4745017721557166E-003  0.18366707744759053        6.1530726146644457E-005  0.41397194472382720        7.7730684377079397E-004
 0.3100  0.82800198372940903        1.4095141404442840E-003  0.18777428983023092        5.4168578820360844E-005  0.41208094379755456        7.0400217814978324E-004
 0.3300  0.86768432274136464        1.3495716143259956E-003  0.19171387713269392        4.7854231435343166E-005  0.40995575944979440        6.3968307943817180E-004
 0.3500  0.90737503027992528        1.0047413686167623E-003  0.19548469854134035        4.2416448083060946E-005  0.40767922483797009        4.5358700298110726E-004
 0.3700  0.94734801528153612        9.7298098408880309E-004  0.19908843676614055        3.7718670143608751E-005  0.40516258052919812        4.1789152863197390E-004
 0.3900  0.98745482268593732        9.9336444912160172E-004  0.20252858336533661        3.3649871939528462E-005  0.40250680629988628        4.0629400298061469E-004
 0.4100   1.0277146027401887        1.0181109179676314E-003  0.20580976102483886        3.0118307746859228E-005  0.39973058848735266        3.9707390674778597E-004


# triplet j3 / nf 0 / mode 2 / nplat  5 / jkb  20 / start     1 / nmeas 10000
 0.0010  0.19166220211605248        2.4450719437919030E-002   4.2672358176911329        3.1658578443249291E-002  0.48200533587482630        6.1516346909058016E-002
 0.0020  0.18210964784870659        2.1247633725638863E-002   2.1722978179331580        1.6436228882307394E-002  0.51186651975548703        5.9753386004822093E-002
 0.0030  0.17768548334842171        1.8275982290705189E-002   1.4730983377625544        1.1245993192194374E-002  0.52910217512442281        5.4458689846945012E-002
 0.0040  0.17643999754435752        1.6052573555355526E-002   1.1229338498952315        8.5831406104819093E-003  0.53718643476963923        4.8916512640288318E-002
 0.0050  0.17715905469177257        1.4360344547873853E-002  0.91246541363387168        6.9467456303112223E-003  0.53919375269082959        4.3754699369655391E-002
 0.0060  0.17906535738207319        1.2985339928306205E-002  0.77191600788175752        5.8318877324429665E-003  0.53748218359389710        3.9029614320970386E-002
 0.0070  0.18168286669000960        1.1810498118013350E-002  0.67137746870453596        5.0201972156391165E-003  0.53362163011807584        3.4745995651575441E-002
 0.0080  0.18472454073973263        1.0780439013965203E-002  0.59588965116639270        4.4015107152579223E-003  0.52858923880760533        3.0909934025262258E-002
 0.0090  0.18801450513022405        9.8676036993409037E-003  0.53713538187983756        3.9139494340241793E-003  0.52298204274921634        2.7513830166499241E-002
 0.0100  0.19144194262687700        9.0552260524772565E-003  0.49011933234756133        3.5198633502627739E-003  0.51716463832958559        2.4532335526515736E-002
 0.0300  0.25437571437062384        2.8468479960396323E-003  0.21243307848698043        1.1170086086549930E-003  0.44382427300186694        5.1022796841282145E-003
 0.0500  0.30434096814679407        2.0776356713699483E-003  0.16459816155003215        6.5154335888258346E-004  0.42155289120064238        2.9963084534499525E-003
 0.0700  0.34895889400774893        1.9282808999795706E-003  0.14972804381692767        4.5311007053368241E-004  0.41489798091845914        2.3770464497743283E-003
 0.0900  0.39114804439617196        1.8568371085314972E-003  0.14554057326940331        3.3985395001690384E-004  0.41379680197379737        2.0228947140703548E-003
 0.1100  0.43109013974909216        1.4919943077456972E-003  0.14592134428980602        2.6594003478048518E-004  0.41562595633767624        1.4874966906813880E-003
 0.1300  0.47137547586484796        1.3195108021257632E-003  0.14852093001065972        2.1418974343547507E-004  0.41688236136421486        1.2050644657361650E-003
 0.1500  0.51124893110763614        1.2499470360281021E-003  0.15225523777209943        1.7628089378369152E-004  0.41803662734767044        1.0503130130855569E-003
 0.1700  0.55093176689852330        1.2044789876791357E-003  0.15656465688033180        1.4753033007816493E-004  0.41878248454576228        9.3658572781379098E-004
 0.1900  0.59049525687562321        1.1652374550835509E-003  0.16113871908346639        1.2508618050605856E-004  0.41905916019462047        8.4278280672143372E-004
 0.2100  0.62999401195602700        1.1275309056272076E-003  0.16579704286924229        1.0713498000090291E-004  0.41886745091892658        7.6178479213191675E-004
 0.2300  0.66947063287575692        1.0907387606110869E-003  0.17043195344825221        9.2488838304242795E-005  0.41823742862981927        6.9080078114593395E-004
 0.2500  0.70895903703542418        1.0553357673673673E-003  0.17497849258934106        8.0348456747183881E-005  0.41721142698693331        6.2839259884678702E-004
 0.2700  0.74848684257865827        1.0219548791573321E-003  0.17939773977418996        7.0160613621951393E-005  0.41583514630965962        5.7355847152948326E-004
 0.2900  0.78807707864539034        9.9111965945904460E-004  0.18366707744759053        6.1530726146644457E-005  0.41415313993715003        5.2545643413987248E-004
 0.3100  0.82773800206956272        1.0112255522064897E-003  0.18777428983023092        5.4168578820360844E-005  0.41221236438143827        5.0708669023888039E-004
 0.3300  0.86748378342371057        9.8187053183629194E-004  0.19171387713269392        4.7854231435343166E-005  0.41005053038366007        4.6693298002269899E-004
 0.3500  0.90734450710478209        9.5482372939559627E-004  0.19548469854134035        4.2416448083060946E-005  0.40769293921468647        4.3130053589665710E-004
 0.3700  0.94732778687800834        9.7713505064593218E-004  0.19908843676614055        3.7718670143608751E-005  0.40517123201423516        4.1967851346904413E-004
 0.3900  0.98744375157739217        9.5117622797136355E-004  0.20252858336533661        3.3649871939528462E-005  0.40251131916103461        3.8916682632604956E-004
 0.4100   1.0277050374064856        9.7639491971780886E-004  0.20580976102483886        3.0118307746859228E-005  0.39973430896777362        3.8090145115361919E-004


