# triplet j1 / nf 5 / mode 2 / nplat  5 / jkb  20 / start     1 / nmeas 10000
 0.0010   2.7915510240809419E-002   95.030359465152713        7.6395470527193619E-004   1.8800366269056537E-005   4.4279553461442973E-002   150.73705786231227     
 0.0020   4.5518336277736444E-002   95.049248880950302        1.5278933004722990E-003   3.7598131354207339E-005   5.4311291343690248E-002   113.41028407900632     
 0.0030   6.8938233338523919E-002   95.074009493080212        2.2918002837970944E-003   5.6390929926550742E-005   5.3790286811441684E-002   74.183192569458740     
 0.0040   9.1986626495593124E-002   95.097709643750875        3.0556608176858392E-003   7.5176653309470622E-005   5.3749307628869224E-002   55.567164984026981     
 0.0050  0.11472053233124345        95.120424591356823        3.8194607287862399E-003   9.3953448114082380E-005   5.3871599573262041E-002   44.667587582248693     
 0.0060  0.13709980300807545        95.142219997447384        4.5831865070654881E-003   1.1271971417757973E-004   5.4092562754506517E-002   37.538248733441662     
 0.0070  0.15905956447742636        95.163154094449723        5.3468253040710491E-003   1.3147410178927156E-004   5.4394153964575136E-002   32.543275682083618     
 0.0080  0.18052710869740002        95.183267460715172        6.1103649303453781E-003   1.5021550824663541E-004   5.4771059108036459E-002   28.878146928847727     
 0.0090  0.20143006426567159        95.202584658010679        6.8737938519992789E-003   1.6894307372640133E-004   5.5221756030370814E-002   26.099648651695492     
 0.0100  0.22170213678788708        95.221119742531982        7.6371011864503338E-003   1.8765617650660444E-004   5.5745445595480406E-002   23.942681966111433     
 0.0300  0.54145879886769133        73.915754370463247        2.2866399160776540E-002   5.5972343033059866E-004   6.8408347546154963E-002   9.3385769055871375     
 0.0500  0.59169629660592216       0.33551260896189306        3.8014231562488295E-002   9.3702967053497122E-004  0.10420156864971601        5.9099909224996174E-002
 0.0700  0.61320320242426885        4.3209129747602201E-002   5.3096469854954878E-002   1.3272583774158314E-003  0.14060230078721150        1.0062132079513177E-002
 0.0900  0.61738993623553606        6.2419944185707801E-002   6.8108673392265617E-002   1.6996279763868661E-003  0.17934031044122647        1.8269391547064157E-002
 0.1100  0.62021562524943730        3.3499380566414438E-002   8.2949262622690076E-002   1.9756414346328069E-003  0.21780853901883684        1.2046929722260669E-002
 0.1300  0.62421441023489843        1.9729535291286470E-002   9.7382315843638045E-002   2.0709744113081518E-003  0.25491355686107936        8.5007719079466249E-003
 0.1500  0.62683989279742114        9.0190732680732136E-003  0.11107962061592118        1.9588112510294329E-003  0.29121999735076892        4.9143001489169646E-003
 0.1700  0.63968028479630112        7.3373635456109856E-003  0.12373050489037467        1.6900273754505790E-003  0.32063792200355490        4.2803760395076478E-003
 0.1900  0.65711208121340425        5.8998296400747463E-003  0.13514545617636736        1.3539847665234410E-003  0.34486813677857381        3.5457033741119518E-003
 0.2100  0.67868998920283508        4.7513396542973622E-003  0.14528834436104757        1.0274954146622796E-003  0.36397251472321407        2.8546725745154655E-003
 0.2300  0.70383677724814719        3.8767997842057231E-003  0.15424125837443400        7.5228478154856185E-004  0.37844889336848281        2.2797010305112496E-003
 0.2500  0.73187140436004960        3.1839072112872201E-003  0.16214711328494863        5.3962096338457393E-004  0.38904947541733703        1.8120902973587736E-003
 0.2700  0.76236427625798397        2.7413609015912799E-003  0.16916375225005392        3.8384960413089312E-004  0.39644961217914526        1.4948551737726432E-003
 0.2900  0.79480383441401814        2.4861222557970180E-003  0.17543810992158440        2.7330441292470380E-004  0.40134329609751579        1.2937274824642068E-003
 0.3100  0.82887981871027550        2.3689288884275791E-003  0.18109581352606358        1.9616926961993562E-004  0.40425787089258414        1.1759281899519597E-003
 0.3300  0.86427876691418926        2.1722771959524572E-003  0.18623950566169808        1.4270883108134306E-004  0.40565238081184929        1.0313438718588740E-003
 0.3500  0.90078190706355266        2.1663814933022369E-003  0.19095109093905671        1.0564258378040516E-004  0.40587325788390910        9.8256124725206221E-004
 0.3700  0.93820124376731895        2.0211430257290491E-003  0.19529524616163149        7.9800213589191067E-005  0.40519650569425747        8.7682125706429364E-004
 0.3900  0.97640346827768554        1.8953041347859808E-003  0.19932294536008568        6.1612217264539034E-005  0.40382819329007541        7.8635473792140753E-004
 0.4100   1.0152506212736874        1.9263605154037113E-003  0.20307451694411574        4.8650212607125749E-005  0.40194013745102292        7.6416892945491144E-004


# triplet j3 / nf 5 / mode 2 / nplat  5 / jkb  20 / start     1 / nmeas 10000
 0.0010  0.61327924836356251        2.0534442140637970E-002   7.6395470527193619E-004   1.8800366269056537E-005   2.0155358776767318E-003   7.1898906415288606E-005
 0.0020  0.61328445632141859        2.0532639126981837E-002   1.5278933004722990E-003   3.7598131354207339E-005   4.0310162724303024E-003   1.4378263105191072E-004
 0.0030  0.61329287280503164        2.0529617037450432E-002   2.2918002837970944E-003   5.6390929926550742E-005   6.0463891037783948E-003   2.1563613956893988E-004
 0.0040  0.61330428204739740        2.0525362403633913E-002   3.0556608176858392E-003   7.5176653309470622E-005   8.0616060086001941E-003   2.8744456613873006E-004
 0.0050  0.61331846816854108        2.0519862225443480E-002   3.8194607287862399E-003   9.3953448114082380E-005   1.0076622344399849E-002   3.5919322181926879E-004
 0.0060  0.61333521544340153        2.0513103966909807E-002   4.5831865070654881E-003   1.1271971417757973E-004   1.2091397185605035E-002   4.3086760198411987E-004
 0.0070  0.61335430864521556        2.0505075608078061E-002   5.3468253040710491E-003   1.3147410178927156E-004   1.4105893311214916E-002   5.0245339390254267E-004
 0.0080  0.61337553333403483        2.0495765614476368E-002   6.1103649303453781E-003   1.5021550824663541E-004   1.6120077185542959E-002   5.7393648240143741E-004
 0.0090  0.61339867579154572        2.0485163027370891E-002   6.8737938519992789E-003   1.6894307372640133E-004   1.8133918942206721E-002   6.4530295814457848E-004
 0.0100  0.61342352373958875        2.0473257401703995E-002   7.6371011864503338E-003   1.8765617650660444E-004   2.0147392342191171E-002   7.1653912077984758E-004
 0.0300  0.61397401987187050        1.9951626847650467E-002   2.2866399160776540E-002   5.5972343033059866E-004   6.0328776944983009E-002   2.0948730335703845E-003
 0.0500  0.61382694310255637        1.8906790717637793E-002   3.8014231562488295E-002   9.3702967053497122E-004  0.10044473114674518        3.3323304989948946E-003
 0.0700  0.61272066367014877        1.7467341314748554E-002   5.3096469854954878E-002   1.3272583774158314E-003  0.14071302997111382        4.3800210111391057E-003
 0.0900  0.61167102363734938        1.5782285457855091E-002   6.8108673392265617E-002   1.6996279763868661E-003  0.18101708034058520        5.1880347130874634E-003
 0.1100  0.61241364086194761        1.3905475582859646E-002   8.2949262622690076E-002   1.9756414346328069E-003  0.22058336098148149        5.6556353590809100E-003
 0.1300  0.61657053503574122        1.1879449907679630E-002   9.7382315843638045E-002   2.0709744113081518E-003  0.25807382369917342        5.6792759118239220E-003
 0.1500  0.62513870658345483        9.8316357423421635E-003  0.11107962061592118        1.9588112510294329E-003  0.29201249258343820        5.2650155694611359E-003
 0.1700  0.63842695634146929        7.9324943270964142E-003  0.12373050489037467        1.6900273754505790E-003  0.32126738262916521        4.5550210118705317E-003
 0.1900  0.65624090757277698        6.3108582264407168E-003  0.13514545617636736        1.3539847665234410E-003  0.34532595650115855        3.7444261328827676E-003
 0.2100  0.67810963125024770        5.0171777434882174E-003  0.14528834436104757        1.0274954146622796E-003  0.36428401943234701        2.9872511426302008E-003
 0.2300  0.70345920772931669        4.0357930151626838E-003  0.15424125837443400        7.5228478154856185E-004  0.37865201924273545        2.3604639587364242E-003
 0.2500  0.73163721049469732        3.2310019665482844E-003  0.16214711328494863        5.3962096338457393E-004  0.38917400844976668        1.8365968662500958E-003
 0.2700  0.76221048824636872        2.7591167251944924E-003  0.16916375225005392        3.8384960413089312E-004  0.39652960215370325        1.5042430251246029E-003
 0.2900  0.79469618335332615        2.4682362355929466E-003  0.17543810992158440        2.7330441292470380E-004  0.40139766282587253        1.2853031203472001E-003
 0.3100  0.82876716433017517        2.3085454546160904E-003  0.18109581352606358        1.9616926961993562E-004  0.40431282169397464        1.1473125034496638E-003
 0.3300  0.86417877104580643        2.1258131071663299E-003  0.18623950566169808        1.4270883108134306E-004  0.40569931966691020        1.0100211084391123E-003
 0.3500  0.90070466219372858        1.9788654858277910E-003  0.19095109093905671        1.0564258378040516E-004  0.40590806577187316        8.9882870936167320E-004
 0.3700  0.93815448071186947        1.8567388576645988E-003  0.19529524616163149        7.9800213589191067E-005  0.40521670303601015        8.0624230037177485E-004
 0.3900  0.97637929280754543        1.7523515491798165E-003  0.19932294536008568        6.1612217264539034E-005  0.40383819220801698        7.2746889563076865E-004
 0.4100   1.0152628156722856        1.6610958817813912E-003  0.20307451694411574        4.8650212607125749E-005  0.40193530971757990        6.5937607696527013E-004


