# triplet j1 / nf 2 / mode 2 / nplat  5 / jkb  20 / start     1 / nmeas 10000
 0.0010  -100.00000000000000        155.83891769107879        1.3003061644928039E-003   4.6737321906553086E-005  -1.6126414136396249E-005   2.5132900319542137E-005
 0.0020  -100.00000000000000        151.78706048108540        2.6003512021214367E-003   9.3417572223169500E-005  -3.2251208982743186E-005   4.8956589756034234E-005
 0.0030  -100.00000000000001        170.41603146326500        3.8998743535933991E-003   1.3998384184921937E-004  -4.8372767257580363E-005   8.2439521604275547E-005
 0.0040  0.49163714747449017        119.36394694780832        5.1986155934838456E-003   1.8637954582530170E-004   1.3117291079692072E-002   3.1847301385708287     
 0.0050  0.48686007185910268        121.08872834069824        6.4963159939864824E-003   2.3254858331268999E-004   1.6555008649940174E-002   4.1174560539059524     
 0.0060  0.48808621572962724        107.99233945560147        7.7927180848680654E-003   2.7843549509385312E-004   1.9812467305461826E-002   4.3836409075405385     
 0.0070  0.53134858240752891        130.14437471978664        9.0875662083969282E-003   3.2398561779270268E-004   2.1227961219888125E-002   5.1994111555489031     
 0.0080  0.49691225864203642        72.916740078933728        1.0380606868048821E-002   3.6914523401904159E-004   2.5935322486469438E-002   3.8057406505934477     
 0.0090  0.47705293839917928        1.2082172644412792        1.1671589069830282E-002   4.1386171775952680E-004   3.0383281099232697E-002   7.6952684433084062E-002
 0.0100  0.46415475857836869       0.31452141523782318        1.2960264655106737E-002   4.5808367424584852E-004   3.4686391822622537E-002   2.3512249935774363E-002
 0.0300  0.41122621739444010        1.6595298791079030E-002   3.7904376648042179E-002   1.1750531179570570E-003  0.11596835844372236        5.0133151225115156E-003
 0.0500  0.41912278037032824        6.3887111203861551E-003   6.0370790179719122E-002   1.4701588228174496E-003  0.18538396373677662        3.6166864898749089E-003
 0.0700  0.43523493419781323        4.0134926314088449E-003   7.9777672907009017E-002   1.4109150087571571E-003  0.24281804211237784        3.1022791491517195E-003
 0.0900  0.45634947974836931        3.1616756119425883E-003   9.6255236216598400E-002   1.1789647053627209E-003  0.28843693690270078        2.6671470339747765E-003
 0.1100  0.48123961346901289        2.7428672744284326E-003  0.11023799080159039        9.1347235704815268E-004  0.32360529243037289        2.2802410925136158E-003
 0.1300  0.50907713320492021        2.4829082384891996E-003  0.12220090343158348        6.8035086525172522E-004  0.35013884316948890        1.9663030817389611E-003
 0.1500  0.53923505310784525        2.2963550395496348E-003  0.13255689833937068        4.9792033337313249E-004  0.36981428111577336        1.7212295111131738E-003
 0.1700  0.57123291791368647        2.1502459719925809E-003  0.14163635910131936        3.6329267789958009E-004  0.38416129744704897        1.5276927229397187E-003
 0.1900  0.60470297456481603        2.0291458190765882E-003  0.14969508540601117        2.6699797088897267E-004  0.39441503753811230        1.3694451093008199E-003
 0.2100  0.63936354573754117        1.9247448505081356E-003  0.15692866166333760        1.9917390459988792E-004  0.40153916355982316        1.2353625647573356E-003
 0.2300  0.67499810429751639        1.8321835920785093E-003  0.16348617632549553        1.5160886339140713E-004  0.40627198961036337        1.1187398635544622E-003
 0.2500  0.71143933713446661        1.7484843664048347E-003  0.16948154089653300        1.1808797038412063E-004  0.40917428240853254        1.0156690758387308E-003
 0.2700  0.74855726270642353        1.6717718317474837E-003  0.17500230852785473        9.4152735876800727E-005  0.41067072071935273        9.2379052256467552E-004
 0.2900  0.78624127513500897        1.3592123130666070E-003  0.18011635300554968        7.6718164914541529E-005  0.41108793419734102        7.1603942631705275E-004
 0.3100  0.82443670105523037        1.4169148626685289E-003  0.18487685046500629        6.3705352173014913E-005  0.41065753402410021        7.0931249440885308E-004
 0.3300  0.86306233637521257        1.4733660619052754E-003  0.18932596576146743        5.3738177758318325E-005  0.40957637091488319        7.0161515248865229E-004
 0.3500  0.90207034789555973        1.4158910668529007E-003  0.19349757165652240        4.5913084798892991E-005  0.40798704435719985        6.4220383121497970E-004
 0.3700  0.94142586607922352        1.3621622890393366E-003  0.19741925469925375        3.9635181181529919E-005  0.40599855447843963        5.8885706143828949E-004
 0.3900  0.98109993726748590        1.3119378754529649E-003  0.20111379830004569        3.4507605636759188E-005  0.40369650316993372        5.4093735744469549E-004
 0.4100   1.0210707044792984        1.2650079138474437E-003  0.20460028343970474        3.0259656219082718E-005  0.40114762533792409        4.9786765256961568E-004


# triplet j3 / nf 2 / mode 2 / nplat  5 / jkb  20 / start     1 / nmeas 10000
 0.0010  0.39111180003268725        6.5206966089847978E-003   1.3003061644928039E-003   4.6737321906553086E-005   4.1232236243060119E-003   1.0107727983026945E-004
 0.0020  0.39113791834348255        6.5188867353988510E-003   2.6003512021214367E-003   9.3417572223169500E-005   8.2454825958401170E-003   2.0204329502364611E-004
 0.0030  0.39118144192214138        6.5158723014880106E-003   3.8998743535933991E-003   1.3998384184921937E-004   1.2365813424044849E-002   3.0278707904269866E-004
 0.0040  0.39124236039152616        6.5116564081135805E-003   5.1986155934838456E-003   1.8637954582530170E-004   1.6483254938342465E-002   4.0319826213475245E-004
 0.0050  0.39132065926798282        6.5062433275237374E-003   6.4963159939864824E-003   2.3254858331268999E-004   2.0596849438041905E-002   5.0316736390137637E-004
 0.0060  0.39141631991117698        6.4996385529447476E-003   7.7927180848680654E-003   2.7843549509385312E-004   2.4705643836169775E-002   6.0258608423635228E-004
 0.0070  0.39152931962234006        6.4918487380794280E-003   9.0875662083969282E-003   3.2398561779270268E-004   2.8808690783283977E-002   7.0134758546696902E-004
 0.0080  0.39165963164195461        6.4828817822537065E-003   1.0380606868048821E-002   3.6914523401904159E-004   3.2905049778381615E-002   7.9934677395749178E-004
 0.0090  0.39180722511424593        6.4727466915961204E-003   1.1671589069830282E-002   4.1386171775952680E-004   3.6993788265060237E-002   8.9648056360333843E-004
 0.0100  0.39197206529182921        6.4614536312442208E-003   1.2960264655106737E-002   4.5808367424584852E-004   4.1073982683938144E-002   9.9264813759888026E-004
 0.0300  0.39880404359206895        6.0170240824343876E-003   3.7904376648042179E-002   1.1750531179570570E-003  0.11958060643195274        2.5866336649677888E-003
 0.0500  0.41188680765727909        5.2828276441824317E-003   6.0370790179719122E-002   1.4701588228174496E-003  0.18864076458132414        3.3361219675124487E-003
 0.0700  0.43028320627223737        4.4663015479731614E-003   7.9777672907009017E-002   1.4109150087571571E-003  0.24561240838657722        3.3491443664209349E-003
 0.0900  0.45284322006079403        3.5660224695114495E-003   9.6255236216598400E-002   1.1789647053627209E-003  0.29067023699303640        2.8996719430514498E-003
 0.1100  0.47874644272463202        2.8963950132745654E-003  0.11023799080159039        9.1347235704815268E-004  0.32529053366834965        2.3852456276381904E-003
 0.1300  0.50736090495822350        2.3833969897393489E-003  0.12220090343158348        6.8035086525172522E-004  0.35132324300605622        1.9183983052918619E-003
 0.1500  0.53807687139433924        2.0289989012953792E-003  0.13255689833937068        4.9792033337313249E-004  0.37061028659482653        1.5612591954489771E-003
 0.1700  0.57043016762454757        1.7471992689722911E-003  0.14163635910131936        3.6329267789958009E-004  0.38470191680784782        1.2774437975069705E-003
 0.1900  0.60418030666409261        1.5461611770612560E-003  0.14969508540601117        2.6699797088897267E-004  0.39475624044957763        1.0698068395451187E-003
 0.2100  0.63904611674547918        1.4455631364004471E-003  0.15692866166333760        1.9917390459988792E-004  0.40173861735294114        9.4384214047099917E-004
 0.2300  0.67480967237747336        1.3408634511846045E-003  0.16348617632549553        1.5160886339140713E-004  0.40638543583704873        8.2919174860805484E-004
 0.2500  0.71135036694097953        1.3070053271107829E-003  0.16948154089653300        1.1808797038412063E-004  0.40922545875814542        7.6529026160946495E-004
 0.2700  0.74851733927336317        1.2962365178116324E-003  0.17500230852785473        9.4152735876800727E-005  0.41069262453395833        7.1974190764045800E-004
 0.2900  0.78622521052822225        1.3017795216357319E-003  0.18011635300554968        7.6718164914541529E-005  0.41109633378301852        6.8627350880429519E-004
 0.3100  0.82442694387316973        1.2629828124964331E-003  0.18487685046500629        6.3705352173014913E-005  0.41066239420043704        6.3308138365711678E-004
 0.3300  0.86306205827181082        1.2268930947818071E-003  0.18932596576146743        5.3738177758318325E-005  0.40957650289216219        5.8513123481325046E-004
 0.3500  0.90208160131569881        1.1928839989421014E-003  0.19349757165652240        4.5913084798892991E-005  0.40798195474045701        5.4166930348149974E-004
 0.3700  0.94144767478407587        1.1605912923580710E-003  0.19741925469925375        3.9635181181529919E-005  0.40598914949196796        5.0214902456794123E-004
 0.3900  0.98113124917149697        1.1298067922512396E-003  0.20111379830004569        3.4507605636759188E-005  0.40368361956626952        4.6614404719668898E-004
 0.4100   1.0211104712313008        1.1004103110617640E-003  0.20460028343970474        3.0259656219082718E-005  0.40113200279895050        4.3330060243749812E-004


