# triplet j1 / nf 1 / mode 2 / nplat  5 / jkb  20 / start     1 / nmeas 10000
 0.0010   8.9177149120071658E-002   9.3671551936335192E-003   7.4610536702704289E-002   4.2067545620344936E-003  0.13698136685609374        1.4897709832838352E-002
 0.0020  0.12472151454237052        1.1538255800545776E-002   7.5153473738497803E-002   4.0946877439500687E-003  0.13901547542463843        1.3406624158106426E-002
 0.0030  0.14976080679225418        1.2241307704426050E-002   7.5696136417734483E-002   3.9860299484812374E-003  0.14230308354406487        1.2220262898829673E-002
 0.0040  0.16882515461399361        1.2259121006790490E-002   7.6238473117197975E-002   3.8806700857496597E-003  0.14628336172410789        1.1255821309562968E-002
 0.0050  0.18395320581695321        1.1939019354629191E-002   7.6780433842910417E-002   3.7785008332220475E-003  0.15063223502290365        1.0455419656229287E-002
 0.0060  0.19631851082693427        1.1458188527552931E-002   7.7321970189054637E-002   3.6794184998213187E-003  0.15516037755184603        9.7795449444401158E-003
 0.0070  0.20666698963219990        1.0911407710592220E-002   7.7863035297929553E-002   3.5833228960304203E-003  0.15975651172814709        9.2009325261175542E-003
 0.0080  0.21549952562571315        1.0350211837416997E-002   7.8403583820943229E-002   3.4901172089940933E-003  0.16435451161403947        8.7001915914323973E-003
 0.0090  0.22316562628442771        9.8024340691573279E-003   7.8943571880582958E-002   3.3997078827863623E-003  0.16891465747371542        8.2630338144898934E-003
 0.0100  0.22991659482821433        9.2825299612690586E-003   7.9482957033328652E-002   3.3120045036458675E-003  0.17341301421163322        7.8785653636454216E-003
 0.0300  0.29861143131529078        4.4609656426550211E-003   9.0089957269891399E-002   2.0106037388905305E-003  0.24621096281887578        4.5909926798458362E-003
 0.0500  0.33912052395897924        3.3032941299694796E-003  0.10021976099040168        1.2771507012812240E-003  0.29520425076052481        3.4360780365826809E-003
 0.0700  0.37578911965303929        2.8126628340162719E-003  0.10976903249928517        8.4701165349082368E-004  0.32988284725268208        2.7777986354777400E-003
 0.0900  0.41227893143287847        1.5201978090438838E-003  0.11871109938244673        5.8425937206040121E-004  0.35456084546385647        1.5717875769059805E-003
 0.1100  0.44802872361611645        1.6961441026536923E-003  0.12706025797390416        4.1776647725372842E-004  0.37317311589964453        1.5402092454496197E-003
 0.1300  0.48419439585510082        1.6165966760276786E-003  0.13485059560963475        3.0891868013598490E-004  0.38671707653557047        1.3650135628946408E-003
 0.1500  0.52077814102608810        1.6994088977851144E-003  0.14212399374231346        2.3573154637360896E-004  0.39649853022326609        1.3349883020646641E-003
 0.1700  0.55773369825984853        1.6230955605739433E-003  0.14892367170122919        1.8512447513317824E-004  0.40345438568850445        1.2005976997295016E-003
 0.1900  0.59506680506194176        1.7046233391998988E-003  0.15529093981651043        1.4907289520500728E-004  0.40822456319211792        1.1856984105720193E-003
 0.2100  0.63273718068231100        1.6296354554426065E-003  0.16126374981950164        1.2257336590882812E-004  0.41131037762976524        1.0708140345942131E-003
 0.2300  0.67072317128982883        1.5604225561153329E-003  0.16687621943833994        1.0248190350289210E-004  0.41307872887362229        9.6935280725753083E-004
 0.2500  0.70900938991812312        1.6193043883819752E-003  0.17215866277209638        8.6809533516330766E-005  0.41380664044304244        9.5083277223222855E-004
 0.2700  0.74756663617482233        1.5517603842265947E-003  0.17713786411886437        7.4283450593678438E-005  0.41371633732660307        8.6314124307890119E-004
 0.2900  0.78637971122421335        1.4886116975693958E-003  0.18183745073970065        6.4073585088293225E-005  0.41297462149688036        7.8513689325849167E-004
 0.3100  0.82543541979385160        1.4294993105169068E-003  0.18627828701623039        5.5624080060034070E-005  0.41171231895352889        7.1565334728936980E-004
 0.3300  0.86472332977586630        1.3741591545801581E-003  0.19047885044935450        4.8550590902777976E-005  0.41003239725166402        6.5368745955368289E-004
 0.3500  0.90423562698993321        1.3223804872836782E-003  0.19445557135999131        4.2577973847072864E-005  0.40801638250241989        5.9836471390006894E-004
 0.3700  0.94396691628684259        1.2739792262204965E-003  0.19822313001960254        3.7502390305075831E-005  0.40572918726529733        5.4891618313830702E-004
 0.3900  0.98391400442512678        1.2287831185312250E-003  0.20179471127979154        3.3168030907115658E-005  0.40322277040850146        5.0466296874170568E-004
 0.4100   1.0240756812682004        1.1866239975844176E-003  0.20518221992123814        2.9452515694426915E-005  0.40053893178915900        4.6500467148459940E-004


# triplet j3 / nf 1 / mode 2 / nplat  5 / jkb  20 / start     1 / nmeas 10000
 0.0010  0.32979781269478614        6.6404111775437060E-003   7.4610536702704289E-002   4.2067545620344936E-003   3.7039687070642091E-002   1.2831813241208714E-003
 0.0020  0.32656571354024116        6.6269835488961624E-003   7.5153473738497803E-002   4.0946877439500687E-003   5.3092593376775570E-002   1.8035390607112273E-003
 0.0030  0.32391200886232480        6.8537418473288078E-003   7.5696136417734483E-002   3.9860299484812374E-003   6.5793869994004717E-002   2.2223713345994800E-003
 0.0040  0.32172999998288998        7.1444974570212061E-003   7.6238473117197975E-002   3.8806700857496597E-003   7.6760983314706904E-002   2.5927437367577592E-003
 0.0050  0.31993282363142889        7.4191134673146000E-003   7.6780433842910417E-002   3.7785008332220475E-003   8.6609689550821753E-002   2.9283899620203791E-003
 0.0060  0.31845459088156891        7.6481654439281479E-003   7.7321970189054637E-002   3.6794184998213187E-003   9.5652112208523557E-002   3.2336803493588145E-003
 0.0070  0.31724582352757907        7.8246493494368956E-003   7.7863035297929553E-002   3.5833228960304203E-003  0.10407196850024786        3.5104938947863921E-003
 0.0080  0.27278111969450314        6.7991311673607606E-003   7.8403583820943229E-002   3.4901172089940933E-003  0.12984153495277623        4.3388409942497859E-003
 0.0090  0.27348072868307138        6.4562025929509178E-003   7.8943571880582958E-002   3.3997078827863623E-003  0.13783766594912797        4.4042628733885376E-003
 0.0100  0.27442577315478067        6.1302161861765490E-003   7.9482957033328652E-002   3.3120045036458675E-003  0.14528711814523271        4.4380053467907906E-003
 0.0300  0.32619597872466022        3.4935105232163357E-003   9.0089957269891399E-002   2.0106037388905305E-003  0.22539029543009556        3.4860617847369039E-003
 0.0500  0.34237051647079497        1.9343500944530171E-003  0.10021976099040168        1.2771507012812240E-003  0.29240198958944724        2.4900614098334810E-003
 0.0700  0.37745202957999568        1.7236163425260957E-003  0.10976903249928517        8.4701165349082368E-004  0.32842950903102908        1.9633885836044499E-003
 0.0900  0.41282257530870964        1.6217183820313580E-003  0.11871109938244673        5.8425937206040121E-004  0.35409392615329838        1.6414010304290328E-003
 0.1100  0.44762759470117403        1.5398925924167018E-003  0.12706025797390416        4.1776647725372842E-004  0.37350752452154024        1.4240907803671949E-003
 0.1300  0.48367259256749912        1.4304658070689103E-003  0.13485059560963475        3.0891868013598490E-004  0.38713428074562672        1.2278214200508416E-003
 0.1500  0.52023590943149844        1.3414282422255198E-003  0.14212399374231346        2.3573154637360896E-004  0.39691179279587541        1.0750689552334336E-003
 0.1700  0.55724633620064423        1.2676548499823345E-003  0.14892367170122919        1.8512447513317824E-004  0.40380724284956676        9.5227311633231055E-004
 0.1900  0.59465072645288608        1.2061296257550073E-003  0.15529093981651043        1.4907289520500728E-004  0.40851019894581236        8.5146482190710370E-004
 0.2100  0.63240777902230816        1.1544017402443365E-003  0.16126374981950164        1.2257336590882812E-004  0.41152461648902960        7.6730770903081654E-004
 0.2300  0.67048439887868294        1.1105300425830451E-003  0.16687621943833994        1.0248190350289210E-004  0.41322583416682701        6.9609220428012346E-004
 0.2500  0.70883914826023509        1.1253262523729173E-003  0.17215866277209638        8.6809533516330766E-005  0.41390602424356615        6.6533622067172209E-004
 0.2700  0.74744986151988968        1.0889889036718803E-003  0.17713786411886437        7.4283450593678438E-005  0.41378097254164353        6.0906477052517392E-004
 0.2900  0.78631531666364596        1.0564006726294659E-003  0.18183745073970065        6.4073585088293225E-005  0.41300844166890704        5.5962038104504115E-004
 0.3100  0.82540631217080185        1.0776121168510908E-003  0.18627828701623039        5.5624080060034070E-005  0.41172683782357911        5.4103500781528871E-004
 0.3300  0.86471277226124632        1.1040082199110324E-003  0.19047885044935450        4.8550590902777976E-005  0.41003740344929113        5.2611036664893906E-004
 0.3500  0.90423046640048022        1.1301688421343501E-003  0.19445557135999131        4.2577973847072864E-005  0.40801871111787624        5.1192223365700720E-004
 0.3700  0.94396912280333878        1.1003374217994145E-003  0.19822313001960254        3.7502390305075831E-005  0.40572823887819121        4.7449183649996853E-004
 0.3900  0.98392380072165053        1.0717988837458824E-003  0.20179471127979154        3.3168030907115658E-005  0.40321875577868849        4.4047882189403038E-004
 0.4100   1.0240929519587922        1.0445652188806702E-003  0.20518221992123814        2.9452515694426915E-005  0.40053217694923188        4.0954920528921905E-004


